9.4290077686309814E-04	3.5906250000000000E+01
6.0019299387931824E-02	3.6210937500000000E+01
1.1775499582290649E-01	3.6210937500000000E+01
1.7539202421903610E-01	3.6210937500000000E+01
2.3296854645013809E-01	3.6210937500000000E+01
2.9054938256740570E-01	3.6210937500000000E+01
3.4812881052494049E-01	3.6210937500000000E+01
4.0567310899496078E-01	3.6210937500000000E+01
4.6327115595340729E-01	3.6210937500000000E+01
5.2082812786102295E-01	3.6210937500000000E+01
5.7838801294565201E-01	3.6210937500000000E+01
6.3596902787685394E-01	3.6210937500000000E+01
6.9350691139698029E-01	3.6210937500000000E+01
7.5104948878288269E-01	3.6210937500000000E+01
8.0856539309024811E-01	3.6210937500000000E+01
8.6607506871223450E-01	3.6210937500000000E+01
9.2361941933631897E-01	3.6210937500000000E+01
9.8117478936910629E-01	3.6210937500000000E+01
1.0387075543403625E+00	3.6210937500000000E+01
1.0962356775999069E+00	3.6210937500000000E+01
1.1537824794650078E+00	3.6210937500000000E+01
1.2113320901989937E+00	3.6210937500000000E+01
1.2688857913017273E+00	3.6210937500000000E+01
1.3264441117644310E+00	3.6210937500000000E+01
1.3839922398328781E+00	3.6210937500000000E+01
1.4415209293365479E+00	3.6210937500000000E+01
1.4990850761532784E+00	3.6210937500000000E+01
1.5566253885626793E+00	3.6210937500000000E+01
1.6141774505376816E+00	3.6210937500000000E+01
1.6717388108372688E+00	3.6210937500000000E+01
1.7292884290218353E+00	3.6210937500000000E+01
1.7868256717920303E+00	3.6210937500000000E+01
1.8444356173276901E+00	3.6210937500000000E+01
1.9019994586706161E+00	3.6210937500000000E+01
1.9595453962683678E+00	3.6210937500000000E+01
2.0171245411038399E+00	3.6210937500000000E+01
2.0753122046589851E+00	3.6230468750000000E+01
2.1330030634999275E+00	3.6230468750000000E+01
2.1905768960714340E+00	3.6230468750000000E+01
2.2481529042124748E+00	3.6230468750000000E+01
2.3057231530547142E+00	3.6230468750000000E+01
2.3632897734642029E+00	3.6230468750000000E+01
2.4208359196782112E+00	3.6230468750000000E+01
2.4784150794148445E+00	3.6230468750000000E+01
2.5359731540083885E+00	3.6230468750000000E+01
2.5935353338718414E+00	3.6230468750000000E+01
2.6510849371552467E+00	3.6230468750000000E+01
2.7086327224969864E+00	3.6230468750000000E+01
2.7661818191409111E+00	3.6230468750000000E+01
2.8237284719944000E+00	3.6230468750000000E+01
2.8812580630183220E+00	3.6230468750000000E+01
2.9388283863663673E+00	3.6230468750000000E+01
2.9963706582784653E+00	3.6230468750000000E+01
3.0539325401186943E+00	3.6230468750000000E+01
3.1113569289445877E+00	3.6230468750000000E+01
3.1687458828091621E+00	3.6230468750000000E+01
3.2261739969253540E+00	3.6230468750000000E+01
3.2835595831274986E+00	3.6230468750000000E+01
3.3409326076507568E+00	3.6230468750000000E+01
3.3983267992734909E+00	3.6230468750000000E+01
3.4556965380907059E+00	3.6230468750000000E+01
3.5130665078759193E+00	3.6230468750000000E+01
3.5704298838973045E+00	3.6230468750000000E+01
3.6278046444058418E+00	3.6230468750000000E+01
3.6851875334978104E+00	3.6230468750000000E+01
3.7425723895430565E+00	3.6230468750000000E+01
3.7999774217605591E+00	3.6230468750000000E+01
3.8573835939168930E+00	3.6230468750000000E+01
3.9147639051079750E+00	3.6230468750000000E+01
3.9721476286649704E+00	3.6230468750000000E+01
4.0295332893729210E+00	3.6230468750000000E+01
4.0869311690330505E+00	3.6230468750000000E+01
4.1443186923861504E+00	3.6230468750000000E+01
4.2017063051462173E+00	3.6230468750000000E+01
4.2590841948986053E+00	3.6230468750000000E+01
4.3164850473403931E+00	3.6230468750000000E+01
4.3738759830594063E+00	3.6230468750000000E+01
4.4312611222267151E+00	3.6230468750000000E+01
4.4886326640844345E+00	3.6230468750000000E+01
4.5460175201296806E+00	3.6230468750000000E+01
4.6034015417098999E+00	3.6230468750000000E+01
4.6607568636536598E+00	3.6230468750000000E+01
4.7181491851806641E+00	3.6230468750000000E+01
4.7755454406142235E+00	3.6230468750000000E+01
4.8329214528203011E+00	3.6230468750000000E+01
4.8902865648269653E+00	3.6230468750000000E+01
4.9476589336991310E+00	3.6230468750000000E+01
5.0050485283136368E+00	3.6230468750000000E+01
5.0623960867524147E+00	3.6230468750000000E+01
5.1197729781270027E+00	3.6230468750000000E+01
5.1771570816636086E+00	3.6230468750000000E+01
5.2345497310161591E+00	3.6230468750000000E+01
5.2919540181756020E+00	3.6230468750000000E+01
5.3493815511465073E+00	3.6230468750000000E+01
5.4067623540759087E+00	3.6230468750000000E+01
5.4647528156638145E+00	3.6230468750000000E+01
5.5223066732287407E+00	3.6230468750000000E+01
5.5797246322035789E+00	3.6230468750000000E+01
5.6371465325355530E+00	3.6230468750000000E+01
5.6945455074310303E+00	3.6230468750000000E+01
5.7519426420331001E+00	3.6230468750000000E+01
5.8093146458268166E+00	3.6230468750000000E+01
5.8667519539594650E+00	3.6230468750000000E+01
5.9241439551115036E+00	3.6230468750000000E+01
5.9815498590469360E+00	3.6230468750000000E+01
6.0389629006385803E+00	3.6230468750000000E+01
6.0963633656501770E+00	3.6230468750000000E+01
6.1537912115454674E+00	3.6230468750000000E+01
6.2112004533410072E+00	3.6230468750000000E+01
6.2686062976717949E+00	3.6230468750000000E+01
6.3260151371359825E+00	3.6230468750000000E+01
6.3834384307265282E+00	3.6230468750000000E+01
6.4408555626869202E+00	3.6230468750000000E+01
6.4982805028557777E+00	3.6230468750000000E+01
6.5557026043534279E+00	3.6230468750000000E+01
6.6130938977003098E+00	3.6230468750000000E+01
6.6705190092325211E+00	3.6230468750000000E+01
6.7279459908604622E+00	3.6230468750000000E+01
6.7853496596217155E+00	3.6230468750000000E+01
6.8427555933594704E+00	3.6230468750000000E+01
6.9001825153827667E+00	3.6230468750000000E+01
6.9576241597533226E+00	3.6230468750000000E+01
7.0150274038314819E+00	3.6230468750000000E+01
7.0724257454276085E+00	3.6230468750000000E+01
7.1298623010516167E+00	3.6230468750000000E+01
7.1872748732566833E+00	3.6230468750000000E+01
7.2446953281760216E+00	3.6230468750000000E+01
7.3020869493484497E+00	3.6230468750000000E+01
7.3595055714249611E+00	3.6230468750000000E+01
7.4169549643993378E+00	3.6230468750000000E+01
7.4743671640753746E+00	3.6230468750000000E+01
7.5317970365285873E+00	3.6230468750000000E+01
7.5892255529761314E+00	3.6230468750000000E+01
7.6466679275035858E+00	3.6230468750000000E+01
7.7040775045752525E+00	3.6230468750000000E+01
7.7614737302064896E+00	3.6230468750000000E+01
7.8188885524868965E+00	3.6230468750000000E+01
7.8762753829360008E+00	3.6230468750000000E+01
7.9336841776967049E+00	3.6230468750000000E+01
7.9910788163542747E+00	3.6230468750000000E+01
8.0484840571880341E+00	3.6230468750000000E+01
8.1058526486158371E+00	3.6230468750000000E+01
8.1632512286305428E+00	3.6230468750000000E+01
8.2206296324729919E+00	3.6230468750000000E+01
8.2780394330620766E+00	3.6230468750000000E+01
8.3354087322950363E+00	3.6230468750000000E+01
8.3928136453032494E+00	3.6230468750000000E+01
8.4501916393637657E+00	3.6230468750000000E+01
8.5075546205043793E+00	3.6230468750000000E+01
8.5649637058377266E+00	3.6230468750000000E+01
8.6223556250333786E+00	3.6230468750000000E+01
8.6797299683094025E+00	3.6230468750000000E+01
8.7371118590235710E+00	3.6230468750000000E+01
8.7944800034165382E+00	3.6230468750000000E+01
8.8519867211580276E+00	3.6230468750000000E+01
8.9095383137464523E+00	3.6230468750000000E+01
8.9671024754643440E+00	3.6230468750000000E+01
9.0246652439236641E+00	3.6230468750000000E+01
9.0822155624628067E+00	3.6230468750000000E+01
9.1397701799869537E+00	3.6230468750000000E+01
9.1973365768790245E+00	3.6230468750000000E+01
9.2548841759562492E+00	3.6230468750000000E+01
9.3124425634741783E+00	3.6230468750000000E+01
9.3699750825762749E+00	3.6230468750000000E+01
9.4275453314185143E+00	3.6230468750000000E+01
9.4850671067833900E+00	3.6230468750000000E+01
9.5425922349095345E+00	3.6230468750000000E+01
9.6001356765627861E+00	3.6230468750000000E+01
9.6576739251613617E+00	3.6230468750000000E+01
9.7151894271373749E+00	3.6230468750000000E+01
9.7727206423878670E+00	3.6230468750000000E+01
9.8302614241838455E+00	3.6230468750000000E+01
9.8878276273608208E+00	3.6230468750000000E+01
9.9454213157296181E+00	3.6230468750000000E+01
1.0002941213548183E+01	3.6230468750000000E+01
1.0060487315058708E+01	3.6230468750000000E+01
1.0118069782853127E+01	3.6230468750000000E+01
1.0175659120082855E+01	3.6230468750000000E+01
1.0233298487961292E+01	3.6230468750000000E+01
1.0290984846651554E+01	3.6230468750000000E+01
1.0348666198551655E+01	3.6230468750000000E+01
1.0406354360282421E+01	3.6230468750000000E+01
1.0463970981538296E+01	3.6230468750000000E+01
1.0521568529307842E+01	3.6230468750000000E+01
1.0579176329076290E+01	3.6230468750000000E+01
1.0636775337159634E+01	3.6230468750000000E+01
1.0694407410919666E+01	3.6230468750000000E+01
1.0752072699368000E+01	3.6230468750000000E+01
1.0809755608439445E+01	3.6230468750000000E+01
1.0867391727864742E+01	3.6230468750000000E+01
1.0925035931169987E+01	3.6230468750000000E+01
1.0982646688818932E+01	3.6230468750000000E+01
1.1040255315601826E+01	3.6230468750000000E+01
1.1097888961434364E+01	3.6230468750000000E+01
1.1155510343611240E+01	3.6230468750000000E+01
1.1213676057755947E+01	3.6230468750000000E+01
1.1271396167576313E+01	3.6230468750000000E+01
1.1328970871865749E+01	3.6230468750000000E+01
1.1386535644531250E+01	3.6230468750000000E+01
1.1444108121097088E+01	3.6230468750000000E+01
1.1501655481755733E+01	3.6230468750000000E+01
1.1559205681085587E+01	3.6230468750000000E+01
1.1616804629564285E+01	3.6230468750000000E+01
1.1674368284642696E+01	3.6230468750000000E+01
1.1731779776513577E+01	3.6230468750000000E+01
1.1789197072386742E+01	3.6230468750000000E+01
1.1846617102622986E+01	3.6230468750000000E+01
1.1904045701026917E+01	3.6230468750000000E+01
1.1961444847285748E+01	3.6230468750000000E+01
1.2018854312598705E+01	3.6230468750000000E+01
1.2076266013085842E+01	3.6230468750000000E+01
1.2133665978908539E+01	3.6230468750000000E+01
1.2191055499017239E+01	3.6230468750000000E+01
1.2248443908989429E+01	3.6230468750000000E+01
1.2305860027670860E+01	3.6230468750000000E+01
1.2363242156803608E+01	3.6230468750000000E+01
1.2420654281973839E+01	3.6230468750000000E+01
1.2478064343333244E+01	3.6230468750000000E+01
1.2535476699471474E+01	3.6230468750000000E+01
1.2592883594334126E+01	3.6230468750000000E+01
1.2650323584675789E+01	3.6230468750000000E+01
1.2707746066153049E+01	3.6230468750000000E+01
1.2765132017433643E+01	3.6230468750000000E+01
1.2822531387209892E+01	3.6230468750000000E+01
1.2879948034882545E+01	3.6230468750000000E+01
1.2937354169785976E+01	3.6230468750000000E+01
1.2994763202965260E+01	3.6230468750000000E+01
1.3052171982824802E+01	3.6230468750000000E+01
1.3109598115086555E+01	3.6230468750000000E+01
1.3167017094790936E+01	3.6230468750000000E+01
1.3224433287978172E+01	3.6230468750000000E+01
1.3281852982938290E+01	3.6230468750000000E+01
1.3339254818856716E+01	3.6230468750000000E+01
1.3396682240068913E+01	3.6230468750000000E+01
1.3454063571989536E+01	3.6230468750000000E+01
1.3511486388742924E+01	3.6230468750000000E+01
1.3568899534642696E+01	3.6230468750000000E+01
1.3626327440142632E+01	3.6230468750000000E+01
1.3683723412454128E+01	3.6230468750000000E+01
1.3741142019629478E+01	3.6230468750000000E+01
1.3798588857054710E+01	3.6230468750000000E+01
1.3856063410639763E+01	3.6230468750000000E+01
1.3913500070571899E+01	3.6230468750000000E+01
1.3970927901566029E+01	3.6230468750000000E+01
1.4028334379196167E+01	3.6230468750000000E+01
1.4085768908262253E+01	3.6230468750000000E+01
1.4143212005496025E+01	3.6230468750000000E+01
1.4200638934969902E+01	3.6230468750000000E+01
1.4258073128759861E+01	3.6230468750000000E+01
1.4315512076020241E+01	3.6230468750000000E+01
1.4372988395392895E+01	3.6230468750000000E+01
1.4430439092218876E+01	3.6230468750000000E+01
1.4487879119813442E+01	3.6230468750000000E+01
1.4545326992869377E+01	3.6230468750000000E+01
1.4602762021124363E+01	3.6230468750000000E+01
1.4660212285816669E+01	3.6230468750000000E+01
1.4717649944126606E+01	3.6230468750000000E+01
1.4775096766650677E+01	3.6230468750000000E+01
1.4832551859319210E+01	3.6230468750000000E+01
1.4889992803335190E+01	3.6230468750000000E+01
1.4947464294731617E+01	3.6230468750000000E+01
1.5004920162260532E+01	3.6230468750000000E+01
1.5062405325472355E+01	3.6230468750000000E+01
1.5119882307946682E+01	3.6230468750000000E+01
1.5177311912178993E+01	3.6230468750000000E+01
1.5234776154160500E+01	3.6230468750000000E+01
1.5292252406477928E+01	3.6230468750000000E+01
1.5349719546735287E+01	3.6230468750000000E+01
1.5407219976186752E+01	3.6230468750000000E+01
1.5464666187763214E+01	3.6230468750000000E+01
1.5522177331149578E+01	3.6230468750000000E+01
1.5579641707241535E+01	3.6230468750000000E+01
1.5637091077864170E+01	3.6230468750000000E+01
1.5694544471800327E+01	3.6230468750000000E+01
1.5751980371773243E+01	3.6230468750000000E+01
1.5809423469007015E+01	3.6230468750000000E+01
1.5866882301867008E+01	3.6230468750000000E+01
1.5924350738525391E+01	3.6230468750000000E+01
1.5981813587248325E+01	3.6230468750000000E+01
1.6039294093847275E+01	3.6230468750000000E+01
1.6096719048917294E+01	3.6230468750000000E+01
1.6154174722731113E+01	3.6230468750000000E+01
1.6211602851748466E+01	3.6230468750000000E+01
1.6269027546048164E+01	3.6230468750000000E+01
1.6326562561094761E+01	3.6230468750000000E+01
1.6384084135293961E+01	3.6230468750000000E+01
1.6441546238958836E+01	3.6230468750000000E+01
1.6499031960964203E+01	3.6230468750000000E+01
1.6556517489254475E+01	3.6230468750000000E+01
1.6614001214504242E+01	3.6230468750000000E+01
1.6671445392072201E+01	3.6230468750000000E+01
1.6728924408555031E+01	3.6230468750000000E+01
1.6786409795284271E+01	3.6230468750000000E+01
1.6843892328441143E+01	3.6230468750000000E+01
1.6901390247046947E+01	3.6230468750000000E+01
1.6958855569362640E+01	3.6230468750000000E+01
1.7016284026205540E+01	3.6230468750000000E+01
1.7073753856122494E+01	3.6230468750000000E+01
1.7131217844784260E+01	3.6230468750000000E+01
1.7188692763447762E+01	3.6230468750000000E+01
1.7246175780892372E+01	3.6230468750000000E+01
1.7303658351302147E+01	3.6230468750000000E+01
1.7361141316592693E+01	3.6230468750000000E+01
1.7418584257364273E+01	3.6230468750000000E+01
1.7476031094789505E+01	3.6230468750000000E+01
1.7533515512943268E+01	3.6230468750000000E+01
1.7590976074337959E+01	3.6230468750000000E+01
1.7648483507335186E+01	3.6230468750000000E+01
1.7705968104302883E+01	3.6230468750000000E+01
1.7763460159301758E+01	3.6230468750000000E+01
1.7820920005440712E+01	3.6230468750000000E+01
1.7878384910523891E+01	3.6230468750000000E+01
1.7935873880982399E+01	3.6230468750000000E+01
1.7993361860513687E+01	3.6230468750000000E+01
1.8050873361527920E+01	3.6230468750000000E+01
1.8108376912772655E+01	3.6230468750000000E+01
1.8165847919881344E+01	3.6230468750000000E+01
1.8223320171236992E+01	3.6230468750000000E+01
1.8280903115868568E+01	3.6230468750000000E+01
1.8338506050407887E+01	3.6230468750000000E+01
1.8396129190921783E+01	3.6230468750000000E+01
1.8453768588602543E+01	3.6230468750000000E+01
1.8511445589363575E+01	3.6230468750000000E+01
1.8569033153355122E+01	3.6230468750000000E+01
1.8626618579030037E+01	3.6230468750000000E+01
1.8684215113520622E+01	3.6230468750000000E+01
1.8741824842989445E+01	3.6230468750000000E+01
1.8799416482448578E+01	3.6230468750000000E+01
1.8856985233724117E+01	3.6230468750000000E+01
1.8914555750787258E+01	3.6230468750000000E+01
1.8972134903073311E+01	3.6230468750000000E+01
1.9029734343290329E+01	3.6230468750000000E+01
1.9087337806820869E+01	3.6230468750000000E+01
1.9144917286932468E+01	3.6230468750000000E+01
1.9202495954930782E+01	3.6230468750000000E+01
1.9260074935853481E+01	3.6230468750000000E+01
1.9317671693861485E+01	3.6230468750000000E+01
1.9375261619687080E+01	3.6230468750000000E+01
1.9432849779725075E+01	3.6230468750000000E+01
1.9490454576909542E+01	3.6230468750000000E+01
1.9548097975552082E+01	3.6230468750000000E+01
1.9605680964887142E+01	3.6230468750000000E+01
1.9663287185132504E+01	3.6230468750000000E+01
1.9720900937914848E+01	3.6230468750000000E+01
1.9778521083295345E+01	3.6230468750000000E+01
1.9836117118597031E+01	3.6230468750000000E+01
1.9893593534827232E+01	3.6230468750000000E+01
1.9951073817908764E+01	3.6230468750000000E+01
2.0008538708090782E+01	3.6230468750000000E+01
2.0066028147935867E+01	3.6230468750000000E+01
2.0123513720929623E+01	3.6230468750000000E+01
2.0180946558713913E+01	3.6230468750000000E+01
2.0238418899476528E+01	3.6230468750000000E+01
2.0295902870595455E+01	3.6230468750000000E+01
2.0353357553482056E+01	3.6230468750000000E+01
2.0410844177007675E+01	3.6230468750000000E+01
2.0468357756733894E+01	3.6230468750000000E+01
2.0525852553546429E+01	3.6230468750000000E+01
2.0583330243825912E+01	3.6230468750000000E+01
2.0640798375010490E+01	3.6230468750000000E+01
2.0698284938931465E+01	3.6230468750000000E+01
2.0755772911012173E+01	3.6230468750000000E+01
2.0813256777822971E+01	3.6230468750000000E+01
2.0870727360248566E+01	3.6230468750000000E+01
2.0928226865828037E+01	3.6230468750000000E+01
2.0985702663660049E+01	3.6230468750000000E+01
2.1043755859136581E+01	3.6230468750000000E+01
2.1101403370499611E+01	3.6230468750000000E+01
2.1158882364630699E+01	3.6230468750000000E+01
2.1216363653540611E+01	3.6230468750000000E+01
2.1273842051625252E+01	3.6230468750000000E+01
2.1331324145197868E+01	3.6230468750000000E+01
2.1388798624277115E+01	3.6230468750000000E+01
2.1446295410394669E+01	3.6230468750000000E+01
2.1503787919878960E+01	3.6230468750000000E+01
2.1561292976140976E+01	3.6230468750000000E+01
2.1618770472705364E+01	3.6230468750000000E+01
2.1676260821521282E+01	3.6230468750000000E+01
2.1733712539076805E+01	3.6230468750000000E+01
2.1791176408529282E+01	3.6230468750000000E+01
2.1848661385476589E+01	3.6230468750000000E+01
2.1906115032732487E+01	3.6230468750000000E+01
2.1963575944304466E+01	3.6230468750000000E+01
2.2021047793328762E+01	3.6230468750000000E+01
2.2078503675758839E+01	3.6230468750000000E+01
2.2135973691940308E+01	3.6230468750000000E+01
2.2193428784608841E+01	3.6230468750000000E+01
2.2250911802053452E+01	3.6230468750000000E+01
2.2308384180068970E+01	3.6230468750000000E+01
2.2365830533206463E+01	3.6230468750000000E+01
2.2423333570361137E+01	3.6230468750000000E+01
2.2480811208486557E+01	3.6230468750000000E+01
2.2538293838500977E+01	3.6230468750000000E+01
2.2595770627260208E+01	3.6230468750000000E+01
2.2653248466551304E+01	3.6230468750000000E+01
2.2710677742958069E+01	3.6230468750000000E+01
2.2768172211945057E+01	3.6230468750000000E+01
2.2825638219714165E+01	3.6230468750000000E+01
2.2883108623325825E+01	3.6230468750000000E+01
2.2940607726573944E+01	3.6230468750000000E+01
2.2998098418116570E+01	3.6230468750000000E+01
2.3055579714477062E+01	3.6230468750000000E+01
2.3113035753369331E+01	3.6230468750000000E+01
2.3170502811670303E+01	3.6230468750000000E+01
2.3227950543165207E+01	3.6230468750000000E+01
2.3285395912826061E+01	3.6230468750000000E+01
2.3342889599502087E+01	3.6230468750000000E+01
2.3400341615080833E+01	3.6230468750000000E+01
2.3457798913121223E+01	3.6230468750000000E+01
2.3515250928699970E+01	3.6230468750000000E+01
2.3572673857212067E+01	3.6230468750000000E+01
2.3630118623375893E+01	3.6230468750000000E+01
2.3687587194144726E+01	3.6230468750000000E+01
2.3745062351226807E+01	3.6230468750000000E+01
2.3802499487996101E+01	3.6230468750000000E+01
2.3859954163432121E+01	3.6230468750000000E+01
2.3917401462793350E+01	3.6230468750000000E+01
2.3974864743649960E+01	3.6230468750000000E+01
2.4032324396073818E+01	3.6230468750000000E+01
2.4089769907295704E+01	3.6230468750000000E+01
2.4147226065397263E+01	3.6230468750000000E+01
2.4204698808491230E+01	3.6230468750000000E+01
2.4262137599289417E+01	3.6230468750000000E+01
2.4319589905440807E+01	3.6230468750000000E+01
2.4377059742808342E+01	3.6230468750000000E+01
2.4434506818652153E+01	3.6230468750000000E+01
2.4491958335042000E+01	3.6230468750000000E+01
2.4549402832984924E+01	3.6230468750000000E+01
2.4606877654790878E+01	3.6230468750000000E+01
2.4664332225918770E+01	3.6230468750000000E+01
2.4721750944852829E+01	3.6230468750000000E+01
2.4779182136058807E+01	3.6230468750000000E+01
2.4836634010076523E+01	3.6230468750000000E+01
2.4894076950848103E+01	3.6230468750000000E+01
2.4951510399580002E+01	3.6230468750000000E+01
2.5008963793516159E+01	3.6230468750000000E+01
2.5066400356590748E+01	3.6230468750000000E+01
2.5123845532536507E+01	3.6230468750000000E+01
2.5181321524083614E+01	3.6230468750000000E+01
2.5238779105246067E+01	3.6230468750000000E+01
2.5296223759651184E+01	3.6230468750000000E+01
2.5353671424090862E+01	3.6230468750000000E+01
2.5411118522286415E+01	3.6230468750000000E+01
2.5468560136854649E+01	3.6230468750000000E+01
2.5526017978787422E+01	3.6230468750000000E+01
2.5583503380417824E+01	3.6230468750000000E+01
2.5640982449054718E+01	3.6230468750000000E+01
2.5698423199355602E+01	3.6230468750000000E+01
2.5755842991173267E+01	3.6230468750000000E+01
2.5813310235738754E+01	3.6230468750000000E+01
2.5870752051472664E+01	3.6230468750000000E+01
2.5928187496960163E+01	3.6230468750000000E+01
2.5985631532967091E+01	3.6230468750000000E+01
2.6043101385235786E+01	3.6230468750000000E+01
2.6100533142685890E+01	3.6230468750000000E+01
2.6157990433275700E+01	3.6230468750000000E+01
2.6215442456305027E+01	3.6230468750000000E+01
2.6272907212376595E+01	3.6230468750000000E+01
2.6330356761813164E+01	3.6230468750000000E+01
2.6387828968465328E+01	3.6230468750000000E+01
2.6445295676589012E+01	3.6230468750000000E+01
2.6502744019031525E+01	3.6230468750000000E+01
2.6560187824070454E+01	3.6230468750000000E+01
2.6617638148367405E+01	3.6230468750000000E+01
2.6675103299319744E+01	3.6230468750000000E+01
2.6732562355697155E+01	3.6230468750000000E+01
2.6790022596716881E+01	3.6230468750000000E+01
2.6847508832812309E+01	3.6230468750000000E+01
2.6905005447566509E+01	3.6230468750000000E+01
2.6962465375661850E+01	3.6230468750000000E+01
2.7019922085106373E+01	3.6230468750000000E+01
2.7077410571277142E+01	3.6230468750000000E+01
2.7134861178696156E+01	3.6230468750000000E+01
2.7192352816462517E+01	3.6230468750000000E+01
2.7249809429049492E+01	3.6230468750000000E+01
2.7307293951511383E+01	3.6230468750000000E+01
2.7364783972501755E+01	3.6230468750000000E+01
2.7422282859683037E+01	3.6230468750000000E+01
2.7479756303131580E+01	3.6230468750000000E+01
2.7537262596189976E+01	3.6230468750000000E+01
2.7594736859202385E+01	3.6230468750000000E+01
2.7652219735085964E+01	3.6230468750000000E+01
2.7709684364497662E+01	3.6230468750000000E+01
2.7767153345048428E+01	3.6230468750000000E+01
2.7824599422514439E+01	3.6230468750000000E+01
2.7882061026990414E+01	3.6230468750000000E+01
2.7939561553299427E+01	3.6230468750000000E+01
2.7997011713683605E+01	3.6230468750000000E+01
2.8054457403719425E+01	3.6230468750000000E+01
2.8111911669373512E+01	3.6230468750000000E+01
2.8169356033205986E+01	3.6230468750000000E+01
2.8226800344884396E+01	3.6230468750000000E+01
2.8284252889454365E+01	3.6230468750000000E+01
2.8341727852821350E+01	3.6230468750000000E+01
2.8399229265749454E+01	3.6230468750000000E+01
2.8456708587706089E+01	3.6230468750000000E+01
2.8514182098209858E+01	3.6230468750000000E+01
2.8571650907397270E+01	3.6230468750000000E+01
2.8629091590642929E+01	3.6230468750000000E+01
2.8686545997858047E+01	3.6230468750000000E+01
2.8744005858898163E+01	3.6230468750000000E+01
2.8801457352936268E+01	3.6230468750000000E+01
2.8858908616006374E+01	3.6230468750000000E+01
2.8916323058307171E+01	3.6230468750000000E+01
2.8973769515752792E+01	3.6230468750000000E+01
2.9031276382505894E+01	3.6230468750000000E+01
2.9088723875582218E+01	3.6230468750000000E+01
2.9146221488714218E+01	3.6230468750000000E+01
2.9203701227903366E+01	3.6230468750000000E+01
2.9261170014739037E+01	3.6230468750000000E+01
2.9318616442382336E+01	3.6230468750000000E+01
2.9376121789216995E+01	3.6230468750000000E+01
2.9433631122112274E+01	3.6230468750000000E+01
2.9491112418472767E+01	3.6230468750000000E+01
2.9548575155436993E+01	3.6230468750000000E+01
2.9606053516268730E+01	3.6230468750000000E+01
2.9663515470921993E+01	3.6230468750000000E+01
2.9720993302762508E+01	3.6230468750000000E+01
2.9778485715389252E+01	3.6230468750000000E+01
2.9835980810225010E+01	3.6230468750000000E+01
2.9893461681902409E+01	3.6230468750000000E+01
2.9950952246785164E+01	3.6230468750000000E+01
3.0008446753025055E+01	3.6230468750000000E+01
3.0065959393978119E+01	3.6230468750000000E+01
3.0123490199446678E+01	3.6230468750000000E+01
3.0180995889008045E+01	3.6230468750000000E+01
3.0238479785621166E+01	3.6230468750000000E+01
3.0295977726578712E+01	3.6230468750000000E+01
3.0353446654975414E+01	3.6230468750000000E+01
3.0410948172211647E+01	3.6230468750000000E+01
3.0468398146331310E+01	3.6230468750000000E+01
3.0525863043963909E+01	3.6230468750000000E+01
3.0583328314125538E+01	3.6230468750000000E+01
3.0640825092792511E+01	3.6230468750000000E+01
3.0698309458792210E+01	3.6230468750000000E+01
3.0755821883678436E+01	3.6230468750000000E+01
3.0813322387635708E+01	3.6230468750000000E+01
3.0870807483792305E+01	3.6230468750000000E+01
3.0928289666771889E+01	3.6230468750000000E+01
3.0985767550766468E+01	3.6230468750000000E+01
3.1043275840580463E+01	3.6230468750000000E+01
3.1100738801062107E+01	3.6230468750000000E+01
3.1158238269388676E+01	3.6230468750000000E+01
3.1215713120996952E+01	3.6230468750000000E+01
3.1273212857544422E+01	3.6230468750000000E+01
3.1330713957548141E+01	3.6230468750000000E+01
3.1388209693133831E+01	3.6230468750000000E+01
3.1445681564509869E+01	3.6230468750000000E+01
3.1503194317221642E+01	3.6230468750000000E+01
3.1560679301619530E+01	3.6230468750000000E+01
3.1618157953023911E+01	3.6230468750000000E+01
3.1675651505589485E+01	3.6230468750000000E+01
3.1733166657388210E+01	3.6230468750000000E+01
3.1790628612041473E+01	3.6230468750000000E+01
3.1848117358982563E+01	3.6230468750000000E+01
3.1905593909323215E+01	3.6230468750000000E+01
3.1963077485561371E+01	3.6230468750000000E+01
3.2020563125610352E+01	3.6230468750000000E+01
3.2078032895922661E+01	3.6230468750000000E+01
3.2135509863495827E+01	3.6230468750000000E+01
3.2192972406744957E+01	3.6230468750000000E+01
3.2250462867319584E+01	3.6230468750000000E+01
3.2307929508388042E+01	3.6230468750000000E+01
3.2365409933030605E+01	3.6230468750000000E+01
3.2422899149358273E+01	3.6230468750000000E+01
3.2480372875928879E+01	3.6230468750000000E+01
3.2537839710712433E+01	3.6230468750000000E+01
3.2595322266221046E+01	3.6230468750000000E+01
3.2652801297605038E+01	3.6230468750000000E+01
3.2710301898419857E+01	3.6230468750000000E+01
3.2767772912979126E+01	3.6230468750000000E+01
3.2825237244367599E+01	3.6230468750000000E+01
3.2882707335054874E+01	3.6230468750000000E+01
3.2940173961222172E+01	3.6230468750000000E+01
3.2997638933360577E+01	3.6230468750000000E+01
3.3055114507675171E+01	3.6230468750000000E+01
3.3112560205161572E+01	3.6230468750000000E+01
3.3170071557164192E+01	3.6230468750000000E+01
3.3227529309689999E+01	3.6230468750000000E+01
3.3284976892173290E+01	3.6230468750000000E+01
3.3342447876930237E+01	3.6230468750000000E+01
3.3399928979575634E+01	3.6230468750000000E+01
3.3457391962409019E+01	3.6230468750000000E+01
3.3514853551983833E+01	3.6230468750000000E+01
3.3572322234511375E+01	3.6230468750000000E+01
3.3629782088100910E+01	3.6230468750000000E+01
3.3687254294753075E+01	3.6230468750000000E+01
3.3744730271399021E+01	3.6230468750000000E+01
3.3802210927009583E+01	3.6230468750000000E+01
3.3859645940363407E+01	3.6230468750000000E+01
3.3917114153504372E+01	3.6230468750000000E+01
3.3974582992494106E+01	3.6230468750000000E+01
3.4032063581049442E+01	3.6230468750000000E+01
3.4089535690844059E+01	3.6230468750000000E+01
3.4147005796432495E+01	3.6230468750000000E+01
3.4204466946423054E+01	3.6230468750000000E+01
3.4261934302747250E+01	3.6230468750000000E+01
3.4319413430988789E+01	3.6230468750000000E+01
3.4376901030540466E+01	3.6230468750000000E+01
3.4434335984289646E+01	3.6230468750000000E+01
3.4491816766560078E+01	3.6230468750000000E+01
3.4549283199012280E+01	3.6230468750000000E+01
3.4606781892478466E+01	3.6230468750000000E+01
3.4664262041449547E+01	3.6230468750000000E+01
3.4721712052822113E+01	3.6230468750000000E+01
3.4779195569455624E+01	3.6230468750000000E+01
3.4836637452244759E+01	3.6230468750000000E+01
3.4894103966653347E+01	3.6230468750000000E+01
3.4951535813510418E+01	3.6230468750000000E+01
3.5009004861116409E+01	3.6230468750000000E+01
3.5066461950540543E+01	3.6230468750000000E+01
3.5123922355473042E+01	3.6230468750000000E+01
3.5181426472961903E+01	3.6230468750000000E+01
3.5238899931311607E+01	3.6230468750000000E+01
3.5296355113387108E+01	3.6230468750000000E+01
3.5353824332356453E+01	3.6230468750000000E+01
3.5411272160708904E+01	3.6230468750000000E+01
3.5468688584864140E+01	3.6230468750000000E+01
3.5526132561266422E+01	3.6230468750000000E+01
3.5583576522767544E+01	3.6230468750000000E+01
3.5641013763844967E+01	3.6230468750000000E+01
3.5698445327579975E+01	3.6230468750000000E+01
3.5755855783820152E+01	3.6230468750000000E+01
3.5813261412084103E+01	3.6230468750000000E+01
3.5870685115456581E+01	3.6230468750000000E+01
3.5928085394203663E+01	3.6230468750000000E+01
3.5985509231686592E+01	3.6230468750000000E+01
3.6042914897203445E+01	3.6230468750000000E+01
3.6100314177572727E+01	3.6230468750000000E+01
3.6157698012888432E+01	3.6230468750000000E+01
3.6215126782655716E+01	3.6230468750000000E+01
3.6272573858499527E+01	3.6230468750000000E+01
3.6329981289803982E+01	3.6230468750000000E+01
3.6387341357767582E+01	3.6230468750000000E+01
3.6444726482033730E+01	3.6230468750000000E+01
3.6502095900475979E+01	3.6230468750000000E+01
3.6559505634009838E+01	3.6230468750000000E+01
3.6616917617619038E+01	3.6230468750000000E+01
3.6674306698143482E+01	3.6230468750000000E+01
3.6731692731380463E+01	3.6230468750000000E+01
3.6789159931242466E+01	3.6230468750000000E+01
3.6846750177443027E+01	3.6230468750000000E+01
3.6904333680868149E+01	3.6230468750000000E+01
3.6961925700306892E+01	3.6230468750000000E+01
3.7019506812095642E+01	3.6230468750000000E+01
3.7077048435807228E+01	3.6230468750000000E+01
3.7134609781205654E+01	3.6230468750000000E+01
3.7192200571298599E+01	3.6230468750000000E+01
3.7249747745692730E+01	3.6230468750000000E+01
3.7307331211864948E+01	3.6230468750000000E+01
3.7364911541342735E+01	3.6230468750000000E+01
3.7422478817403316E+01	3.6230468750000000E+01
3.7480007901787758E+01	3.6230468750000000E+01
3.7537566885352135E+01	3.6230468750000000E+01
3.7595035985112190E+01	3.6230468750000000E+01
3.7652422383427620E+01	3.6230468750000000E+01
3.7709801495075226E+01	3.6230468750000000E+01
3.7767725177109241E+01	3.6230468750000000E+01
3.7825231753289700E+01	3.6230468750000000E+01
3.7882601745426655E+01	3.6230468750000000E+01
3.7939992375671864E+01	3.6230468750000000E+01
3.7997399121522903E+01	3.6230468750000000E+01
3.8054779246449471E+01	3.6230468750000000E+01
3.8112155370414257E+01	3.6230468750000000E+01
3.8169648431241512E+01	3.6230468750000000E+01
3.8227180838584900E+01	3.6230468750000000E+01
3.8284717246890068E+01	3.6230468750000000E+01
3.8342232063412666E+01	3.6230468750000000E+01
3.8399762876331806E+01	3.6230468750000000E+01
3.8457292243838310E+01	3.6230468750000000E+01
3.8514849118888378E+01	3.6230468750000000E+01
3.8572403103113174E+01	3.6230468750000000E+01
3.8629981860518456E+01	3.6230468750000000E+01
3.8687481507658958E+01	3.6230468750000000E+01
3.8744920477271080E+01	3.6230468750000000E+01
3.8802373953163624E+01	3.6230468750000000E+01
3.8859806001186371E+01	3.6230468750000000E+01
3.8917293183505535E+01	3.6230468750000000E+01
3.8974767364561558E+01	3.6230468750000000E+01
3.9032218880951405E+01	3.6230468750000000E+01
3.9089623332023621E+01	3.6230468750000000E+01
3.9147016964852810E+01	3.6230468750000000E+01
3.9204409413039684E+01	3.6230468750000000E+01
3.9261794403195381E+01	3.6230468750000000E+01
3.9319180689752102E+01	3.6230468750000000E+01
3.9376559443771839E+01	3.6230468750000000E+01
3.9433969132602215E+01	3.6230468750000000E+01
3.9491353586316109E+01	3.6230468750000000E+01
3.9548733092844486E+01	3.6230468750000000E+01
3.9606129765510559E+01	3.6230468750000000E+01
3.9663531057536602E+01	3.6230468750000000E+01
3.9720907181501389E+01	3.6230468750000000E+01
3.9778316855430603E+01	3.6230468750000000E+01
3.9835713312029839E+01	3.6230468750000000E+01
3.9893104888498783E+01	3.6230468750000000E+01
3.9950448065996170E+01	3.6230468750000000E+01
4.0007803596556187E+01	3.6230468750000000E+01
4.0065145969390869E+01	3.6230468750000000E+01
4.0122487388551235E+01	3.6230468750000000E+01
4.0179829835891724E+01	3.6230468750000000E+01
4.0237201765179634E+01	3.6230468750000000E+01
4.0294569835066795E+01	3.6230468750000000E+01
4.0351895615458488E+01	3.6230468750000000E+01
4.0409245617687702E+01	3.6230468750000000E+01
4.0466580532491207E+01	3.6230468750000000E+01
4.0523924238979816E+01	3.6230468750000000E+01
4.0581276267766953E+01	3.6230468750000000E+01
4.0638634204864502E+01	3.6230468750000000E+01
4.0696001194417477E+01	3.6230468750000000E+01
4.0753308914601803E+01	3.6230468750000000E+01
4.0810626558959484E+01	3.6230468750000000E+01
4.0867953613400459E+01	3.6230468750000000E+01
4.0925301998853683E+01	3.6230468750000000E+01
4.0982638992369175E+01	3.6230468750000000E+01
4.1039997696876526E+01	3.6230468750000000E+01
4.1097320735454559E+01	3.6230468750000000E+01
4.1154658146202564E+01	3.6230468750000000E+01
4.1211991026997566E+01	3.6230468750000000E+01
4.1269303277134895E+01	3.6230468750000000E+01
4.1326666593551636E+01	3.6230468750000000E+01
4.1383985042572021E+01	3.6230468750000000E+01
4.1441312596201897E+01	3.6230468750000000E+01
4.1498705245554447E+01	3.6230468750000000E+01
4.1556066401302814E+01	3.6230468750000000E+01
4.1613443136215210E+01	3.6230468750000000E+01
4.1670797854661942E+01	3.6230468750000000E+01
4.1728196762502193E+01	3.6230468750000000E+01
4.1785581864416599E+01	3.6230468750000000E+01
4.1842948302626610E+01	3.6230468750000000E+01
4.1900312520563602E+01	3.6230468750000000E+01
4.1957674935460091E+01	3.6230468750000000E+01
4.2015066303312778E+01	3.6230468750000000E+01
4.2072459921240807E+01	3.6230468750000000E+01
4.2129842445254326E+01	3.6230468750000000E+01
4.2187236122786999E+01	3.6230468750000000E+01
4.2244640856981277E+01	3.6230468750000000E+01
4.2302063442766666E+01	3.6230468750000000E+01
4.2359462559223175E+01	3.6230468750000000E+01
4.2416860908269882E+01	3.6230468750000000E+01
4.2474297739565372E+01	3.6230468750000000E+01
4.2531721964478493E+01	3.6230468750000000E+01
4.2589145734906197E+01	3.6230468750000000E+01
4.2646569892764091E+01	3.6230468750000000E+01
4.2703998811542988E+01	3.6230468750000000E+01
4.2761428050696850E+01	3.6230468750000000E+01
4.2818854615092278E+01	3.6230468750000000E+01
4.2876290097832680E+01	3.6230468750000000E+01
4.2933705970644951E+01	3.6230468750000000E+01
4.2991129279136658E+01	3.6230468750000000E+01
4.3048534050583839E+01	3.6230468750000000E+01
4.3105954036116600E+01	3.6230468750000000E+01
4.3163381554186344E+01	3.6230468750000000E+01
4.3220801211893559E+01	3.6230468750000000E+01
4.3278223998844624E+01	3.6230468750000000E+01
4.3335643932223320E+01	3.6230468750000000E+01
4.3393031060695648E+01	3.6230468750000000E+01
4.3450424201786518E+01	3.6230468750000000E+01
4.3507802449166775E+01	3.6230468750000000E+01
4.3565207928419113E+01	3.6230468750000000E+01
4.3622627675533295E+01	3.6230468750000000E+01
4.3680035889148712E+01	3.6230468750000000E+01
4.3737472653388977E+01	3.6230468750000000E+01
4.3794914573431015E+01	3.6230468750000000E+01
4.3852323062717915E+01	3.6230468750000000E+01
4.3909722968935966E+01	3.6230468750000000E+01
4.3967127107083797E+01	3.6230468750000000E+01
4.4024549603462219E+01	3.6230468750000000E+01
4.4081972092390060E+01	3.6230468750000000E+01
4.4139370143413544E+01	3.6230468750000000E+01
4.4196773700416088E+01	3.6230468750000000E+01
4.4254158399999142E+01	3.6230468750000000E+01
4.4311546131968498E+01	3.6230468750000000E+01
4.4368933647871017E+01	3.6230468750000000E+01
4.4426332980394363E+01	3.6230468750000000E+01
4.4483698084950447E+01	3.6230468750000000E+01
4.4541090667247772E+01	3.6230468750000000E+01
4.4598499789834023E+01	3.6230468750000000E+01
4.4655864879488945E+01	3.6230468750000000E+01
4.4713268205523491E+01	3.6230468750000000E+01
4.4770647175610065E+01	3.6230468750000000E+01
4.4828047715127468E+01	3.6230468750000000E+01
4.4885419607162476E+01	3.6230468750000000E+01
4.4942804753780365E+01	3.6230468750000000E+01
4.5000194244086742E+01	3.6230468750000000E+01
4.5057604089379311E+01	3.6230468750000000E+01
4.5114986188709736E+01	3.6230468750000000E+01
4.5172384120523930E+01	3.6230468750000000E+01
4.5229772515594959E+01	3.6230468750000000E+01
4.5287163756787777E+01	3.6230468750000000E+01
4.5344548650085926E+01	3.6230468750000000E+01
4.5401938483119011E+01	3.6230468750000000E+01
4.5459317989647388E+01	3.6230468750000000E+01
4.5516668625175953E+01	3.6230468750000000E+01
4.5574072487652302E+01	3.6230468750000000E+01
4.5631474599242210E+01	3.6230468750000000E+01
4.5688865289092064E+01	3.6230468750000000E+01
4.5746252126991749E+01	3.6230468750000000E+01
4.5803636245429516E+01	3.6230468750000000E+01
4.5861040025949478E+01	3.6230468750000000E+01
4.5918431326746941E+01	3.6230468750000000E+01
4.5975814156234264E+01	3.6230468750000000E+01
4.6033219836652279E+01	3.6230468750000000E+01
4.6090615622699261E+01	3.6230468750000000E+01
4.6148029908537865E+01	3.6230468750000000E+01
4.6205403409898281E+01	3.6230468750000000E+01
4.6262773118913174E+01	3.6230468750000000E+01
4.6320187523961067E+01	3.6230468750000000E+01
4.6377568818628788E+01	3.6230468750000000E+01
4.6434987559914589E+01	3.6230468750000000E+01
4.6492387831211090E+01	3.6230468750000000E+01
4.6549799427390099E+01	3.6230468750000000E+01
4.6607234597206116E+01	3.6230468750000000E+01
4.6664623804390430E+01	3.6230468750000000E+01
4.6721999250352383E+01	3.6230468750000000E+01
4.6779406286776066E+01	3.6230468750000000E+01
4.6836800150573254E+01	3.6230468750000000E+01
4.6894204549491405E+01	3.6230468750000000E+01
4.6951601058244705E+01	3.6230468750000000E+01
4.7008996635675430E+01	3.6230468750000000E+01
4.7066367097198963E+01	3.6230468750000000E+01
4.7123741202056408E+01	3.6230468750000000E+01
4.7181120678782463E+01	3.6230468750000000E+01
4.7238529331982136E+01	3.6230468750000000E+01
4.7295934893190861E+01	3.6230468750000000E+01
4.7353320583701134E+01	3.6230468750000000E+01
4.7410698644816875E+01	3.6230468750000000E+01
4.7468078963458538E+01	3.6230468750000000E+01
4.7525484427809715E+01	3.6230468750000000E+01
4.7582875527441502E+01	3.6230468750000000E+01
4.7640252791345119E+01	3.6230468750000000E+01
4.7697616375982761E+01	3.6230468750000000E+01
4.7755080789327621E+01	3.6230468750000000E+01
4.7812628723680973E+01	3.6230468750000000E+01
4.7870156303048134E+01	3.6230468750000000E+01
4.7927679456770420E+01	3.6230468750000000E+01
4.7985204212367535E+01	3.6230468750000000E+01
4.8042726621031761E+01	3.6230468750000000E+01
4.8100252225995064E+01	3.6230468750000000E+01
4.8157778441905975E+01	3.6230468750000000E+01
4.8215320736169815E+01	3.6230468750000000E+01
4.8272889412939548E+01	3.6230468750000000E+01
4.8330413758754730E+01	3.6230468750000000E+01
4.8387988746166229E+01	3.6230468750000000E+01
4.8445529967546463E+01	3.6230468750000000E+01
4.8503075346350670E+01	3.6230468750000000E+01
4.8560623526573181E+01	3.6230468750000000E+01
4.8618185028433800E+01	3.6230468750000000E+01
4.8675741001963615E+01	3.6230468750000000E+01
4.8733265794813633E+01	3.6230468750000000E+01
4.8790804684162140E+01	3.6230468750000000E+01
4.8848319195210934E+01	3.6230468750000000E+01
4.8905841320753098E+01	3.6230468750000000E+01
4.8963369026780128E+01	3.6230468750000000E+01
4.9020893812179565E+01	3.6230468750000000E+01
4.9078414291143417E+01	3.6230468750000000E+01
4.9135930359363556E+01	3.6230468750000000E+01
4.9193463608622551E+01	3.6230468750000000E+01
4.9251012720167637E+01	3.6230468750000000E+01
4.9308562554419041E+01	3.6230468750000000E+01
4.9366131603717804E+01	3.6230468750000000E+01
4.9423701681196690E+01	3.6230468750000000E+01
4.9481228932738304E+01	3.6230468750000000E+01
4.9538798063993454E+01	3.6230468750000000E+01
4.9596359774470329E+01	3.6230468750000000E+01
4.9653924129903316E+01	3.6230468750000000E+01
4.9711444266140461E+01	3.6230468750000000E+01
4.9769016057252884E+01	3.6230468750000000E+01
4.9826560206711292E+01	3.6230468750000000E+01
4.9884111881256104E+01	3.6230468750000000E+01
4.9941663004457951E+01	3.6230468750000000E+01
4.9999230153858662E+01	3.6230468750000000E+01
5.0056777700781822E+01	3.6230468750000000E+01
5.0114364117383957E+01	3.6230468750000000E+01
5.0171906962990761E+01	3.6230468750000000E+01
5.0229480795562267E+01	3.6230468750000000E+01
5.0287043347954750E+01	3.6230468750000000E+01
5.0344583936035633E+01	3.6230468750000000E+01
5.0402140773832798E+01	3.6230468750000000E+01
5.0459645874798298E+01	3.6230468750000000E+01
5.0517201140522957E+01	3.6230468750000000E+01
5.0574617408216000E+01	3.6230468750000000E+01
5.0632012307643890E+01	3.6230468750000000E+01
5.0689425244927406E+01	3.6230468750000000E+01
5.0746824368834496E+01	3.6230468750000000E+01
5.0804247967898846E+01	3.6230468750000000E+01
5.0861667923629284E+01	3.6230468750000000E+01
5.0919052883982658E+01	3.6230468750000000E+01
5.0976473771035671E+01	3.6230468750000000E+01
5.1033892817795277E+01	3.6230468750000000E+01
5.1091279454529285E+01	3.6230468750000000E+01
5.1148685842752457E+01	3.6230468750000000E+01
5.1206099860370159E+01	3.6230468750000000E+01
5.1263509713113308E+01	3.6230468750000000E+01
5.1320938795804977E+01	3.6230468750000000E+01
5.1378330722451210E+01	3.6230468750000000E+01
5.1435740023851395E+01	3.6230468750000000E+01
5.1493144854903221E+01	3.6230468750000000E+01
5.1550556443631649E+01	3.6230468750000000E+01
5.1607975609600544E+01	3.6230468750000000E+01
5.1665373258292675E+01	3.6230468750000000E+01
5.1722803451120853E+01	3.6230468750000000E+01
5.1780201219022274E+01	3.6230468750000000E+01
5.1837619066238403E+01	3.6230468750000000E+01
5.1895044423639774E+01	3.6230468750000000E+01
5.1952428765594959E+01	3.6230468750000000E+01
5.2009821832180023E+01	3.6230468750000000E+01
5.2067219533026218E+01	3.6230468750000000E+01
5.2124623492360115E+01	3.6230468750000000E+01
5.2182052209973335E+01	3.6230468750000000E+01
5.2239473514258862E+01	3.6230468750000000E+01
5.2296879462897778E+01	3.6230468750000000E+01
5.2354277946054935E+01	3.6230468750000000E+01
5.2411696501076221E+01	3.6230468750000000E+01
5.2469092808663845E+01	3.6230468750000000E+01
5.2526491485536098E+01	3.6230468750000000E+01
5.2583888307213783E+01	3.6230468750000000E+01
5.2641275264322758E+01	3.6230468750000000E+01
5.2698693245649338E+01	3.6230468750000000E+01
5.2756107151508331E+01	3.6230468750000000E+01
5.2813506141304970E+01	3.6230468750000000E+01
5.2870913326740265E+01	3.6230468750000000E+01
5.2928318373858929E+01	3.6230468750000000E+01
5.2985711418092251E+01	3.6230468750000000E+01
5.3043132640421391E+01	3.6230468750000000E+01
5.3100569076836109E+01	3.6230468750000000E+01
5.3157973475754261E+01	3.6230468750000000E+01
5.3215365670621395E+01	3.6230468750000000E+01
5.3272784061729908E+01	3.6230468750000000E+01
5.3330186516046524E+01	3.6230468750000000E+01
5.3387565948069096E+01	3.6230468750000000E+01
5.3444985605776310E+01	3.6230468750000000E+01
5.3502415537834167E+01	3.6230468750000000E+01
5.3559819094836712E+01	3.6230468750000000E+01
5.3617224164307117E+01	3.6230468750000000E+01
5.3674636892974377E+01	3.6230468750000000E+01
5.3732034549117088E+01	3.6230468750000000E+01
5.3789441503584385E+01	3.6230468750000000E+01
5.3846818603575230E+01	3.6230468750000000E+01
5.3904254242777824E+01	3.6230468750000000E+01
5.3961698755621910E+01	3.6230468750000000E+01
5.4019126139581203E+01	3.6230468750000000E+01
5.4076528817415237E+01	3.6230468750000000E+01
5.4133937887847424E+01	3.6230468750000000E+01
5.4191330648958683E+01	3.6230468750000000E+01
5.4248786829411983E+01	3.6230468750000000E+01
5.4306201636791229E+01	3.6230468750000000E+01
5.4363601364195347E+01	3.6230468750000000E+01
5.4420998960733414E+01	3.6230468750000000E+01
5.4478423021733761E+01	3.6230468750000000E+01
5.4535817988216877E+01	3.6230468750000000E+01
5.4593231506645679E+01	3.6230468750000000E+01
5.4650597251951694E+01	3.6230468750000000E+01
5.4707974202930927E+01	3.6230468750000000E+01
5.4765356406569481E+01	3.6230468750000000E+01
5.4822738409042358E+01	3.6230468750000000E+01
5.4880080536007881E+01	3.6230468750000000E+01
5.4937466442584991E+01	3.6230468750000000E+01
5.4994861058890820E+01	3.6230468750000000E+01
5.5052234768867493E+01	3.6230468750000000E+01
5.5109714098274708E+01	3.6230468750000000E+01
5.5167181715369225E+01	3.6230468750000000E+01
5.5224604927003384E+01	3.6230468750000000E+01
5.5282017789781094E+01	3.6230468750000000E+01
5.5339458823204041E+01	3.6230468750000000E+01
5.5396856077015400E+01	3.6230468750000000E+01
5.5454315595328808E+01	3.6230468750000000E+01
5.5511717706918716E+01	3.6230468750000000E+01
5.5569153204560280E+01	3.6230468750000000E+01
5.5626596331596375E+01	3.6230468750000000E+01
5.5684021554887295E+01	3.6230468750000000E+01
5.5741462334990501E+01	3.6230468750000000E+01
5.5798943959176540E+01	3.6230468750000000E+01
5.5856399588286877E+01	3.6230468750000000E+01
5.5913842879235744E+01	3.6230468750000000E+01
5.5971313394606113E+01	3.6230468750000000E+01
5.6028757534921169E+01	3.6230468750000000E+01
5.6086200512945652E+01	3.6230468750000000E+01
5.6143636420369148E+01	3.6230468750000000E+01
5.6201078131794930E+01	3.6230468750000000E+01
5.6258526369929314E+01	3.6230468750000000E+01
5.6315957978367805E+01	3.6230468750000000E+01
5.6373403944075108E+01	3.6230468750000000E+01
5.6430855557322502E+01	3.6230468750000000E+01
5.6488319903612137E+01	3.6230468750000000E+01
5.6545791365206242E+01	3.6230468750000000E+01
5.6603239901363850E+01	3.6230468750000000E+01
5.6660691529512405E+01	3.6230468750000000E+01
5.6718141272664070E+01	3.6230468750000000E+01
5.6775592379271984E+01	3.6230468750000000E+01
5.6833047620952129E+01	3.6230468750000000E+01
5.6890498533844948E+01	3.6230468750000000E+01
5.6947955019772053E+01	3.6230468750000000E+01
5.7005417034029961E+01	3.6230468750000000E+01
5.7062899902462959E+01	3.6230468750000000E+01
5.7120307534933090E+01	3.6230468750000000E+01
5.7177874490618706E+01	3.6230468750000000E+01
5.7235483087599277E+01	3.6230468750000000E+01
5.7293223284184933E+01	3.6230468750000000E+01
5.7348250970244408E+01	3.6230468750000000E+01
5.7403821304440498E+01	3.6230468750000000E+01
