1.1090710759162903E-03	3.6144531250000000E+01
6.0066781938076019E-02	3.6144531250000000E+01
1.1812248826026917E-01	3.6144531250000000E+01
1.7620079964399338E-01	3.6144531250000000E+01
2.3423184454441071E-01	3.6144531250000000E+01
2.9232020676136017E-01	3.6144531250000000E+01
3.5031145811080933E-01	3.6144531250000000E+01
4.0832984447479248E-01	3.6144531250000000E+01
4.6636082231998444E-01	3.6144531250000000E+01
5.2433413267135620E-01	3.6144531250000000E+01
5.8236510306596756E-01	3.6144531250000000E+01
6.4038823544979095E-01	3.6144531250000000E+01
6.9833142310380936E-01	3.6144531250000000E+01
7.5631568580865860E-01	3.6144531250000000E+01
8.1429351866245270E-01	3.6144531250000000E+01
8.7227356433868408E-01	3.6144531250000000E+01
9.3029726296663284E-01	3.6144531250000000E+01
9.8910430818796158E-01	3.6222656250000000E+01
1.0472675412893295E+00	3.6222656250000000E+01
1.1052272841334343E+00	3.6222656250000000E+01
1.1632674634456635E+00	3.6222656250000000E+01
1.2212431654334068E+00	3.6222656250000000E+01
1.2792350798845291E+00	3.6222656250000000E+01
1.3372753337025642E+00	3.6222656250000000E+01
1.3952958658337593E+00	3.6222656250000000E+01
1.4533083289861679E+00	3.6222656250000000E+01
1.5112939476966858E+00	3.6222656250000000E+01
1.5691758841276169E+00	3.6222656250000000E+01
1.6271217241883278E+00	3.6222656250000000E+01
1.6850393563508987E+00	3.6222656250000000E+01
1.7429372891783714E+00	3.6222656250000000E+01
1.8008038401603699E+00	3.6222656250000000E+01
1.8587584793567657E+00	3.6222656250000000E+01
1.9166702926158905E+00	3.6222656250000000E+01
1.9746039584279060E+00	3.6222656250000000E+01
2.0326620787382126E+00	3.6222656250000000E+01
2.0906528830528259E+00	3.6222656250000000E+01
2.1486531496047974E+00	3.6222656250000000E+01
2.2066524028778076E+00	3.6222656250000000E+01
2.2646348848938942E+00	3.6222656250000000E+01
2.3226957619190216E+00	3.6222656250000000E+01
2.3809206262230873E+00	3.6222656250000000E+01
2.4389301463961601E+00	3.6222656250000000E+01
2.4969920068979263E+00	3.6222656250000000E+01
2.5550127103924751E+00	3.6222656250000000E+01
2.6130077987909317E+00	3.6222656250000000E+01
2.6710500270128250E+00	3.6222656250000000E+01
2.7290806025266647E+00	3.6222656250000000E+01
2.7871228158473969E+00	3.6222656250000000E+01
2.8451800197362900E+00	3.6222656250000000E+01
2.9032723233103752E+00	3.6222656250000000E+01
2.9619854614138603E+00	3.6234375000000000E+01
3.0201579630374908E+00	3.6234375000000000E+01
3.0781681537628174E+00	3.6234375000000000E+01
3.1361386626958847E+00	3.6234375000000000E+01
3.1941381394863129E+00	3.6234375000000000E+01
3.2521874234080315E+00	3.6234375000000000E+01
3.3101867139339447E+00	3.6234375000000000E+01
3.3682148233056068E+00	3.6234375000000000E+01
3.4262397214770317E+00	3.6234375000000000E+01
3.4841581359505653E+00	3.6234375000000000E+01
3.5420642942190170E+00	3.6234375000000000E+01
3.6001006290316582E+00	3.6234375000000000E+01
3.6583971306681633E+00	3.6234375000000000E+01
3.7167254090309143E+00	3.6234375000000000E+01
3.7750351727008820E+00	3.6234375000000000E+01
3.8333940431475639E+00	3.6234375000000000E+01
3.8920184448361397E+00	3.6234375000000000E+01
3.9504511132836342E+00	3.6234375000000000E+01
4.0088812038302422E+00	3.6234375000000000E+01
4.0672997906804085E+00	3.6234375000000000E+01
4.1258227378129959E+00	3.6234375000000000E+01
4.1843036264181137E+00	3.6234375000000000E+01
4.2428104504942894E+00	3.6234375000000000E+01
4.3012558743357658E+00	3.6234375000000000E+01
4.3597514480352402E+00	3.6234375000000000E+01
4.4181741178035736E+00	3.6234375000000000E+01
4.4765368103981018E+00	3.6234375000000000E+01
4.5348130539059639E+00	3.6234375000000000E+01
4.5929899737238884E+00	3.6234375000000000E+01
4.6511093601584435E+00	3.6234375000000000E+01
4.7091314494609833E+00	3.6234375000000000E+01
4.7671197354793549E+00	3.6234375000000000E+01
4.8249887600541115E+00	3.6234375000000000E+01
4.8829048126935959E+00	3.6234375000000000E+01
4.9407785385847092E+00	3.6234375000000000E+01
4.9987016469240189E+00	3.6234375000000000E+01
5.0566824078559875E+00	3.6234375000000000E+01
5.1146148815751076E+00	3.6234375000000000E+01
5.1725139617919922E+00	3.6234375000000000E+01
5.2304201349616051E+00	3.6234375000000000E+01
5.2883531004190445E+00	3.6234375000000000E+01
5.3463324829936028E+00	3.6234375000000000E+01
5.4042986631393433E+00	3.6234375000000000E+01
5.4622590318322182E+00	3.6234375000000000E+01
5.5202517434954643E+00	3.6234375000000000E+01
5.5782078579068184E+00	3.6234375000000000E+01
5.6361893117427826E+00	3.6234375000000000E+01
5.6941666230559349E+00	3.6234375000000000E+01
5.7521683573722839E+00	3.6234375000000000E+01
5.8101491108536720E+00	3.6234375000000000E+01
5.8680729120969772E+00	3.6234375000000000E+01
5.9260643199086189E+00	3.6234375000000000E+01
5.9839926809072495E+00	3.6234375000000000E+01
6.0419625118374825E+00	3.6234375000000000E+01
6.0999468341469765E+00	3.6234375000000000E+01
6.1579311639070511E+00	3.6234375000000000E+01
6.2159364894032478E+00	3.6234375000000000E+01
6.2738888636231422E+00	3.6234375000000000E+01
6.3318755328655243E+00	3.6234375000000000E+01
6.3903890624642372E+00	3.6234375000000000E+01
6.4483638256788254E+00	3.6234375000000000E+01
6.5062229484319687E+00	3.6234375000000000E+01
6.5641677826642990E+00	3.6234375000000000E+01
6.6221474185585976E+00	3.6234375000000000E+01
6.6801140829920769E+00	3.6234375000000000E+01
6.7380486205220222E+00	3.6234375000000000E+01
6.7960119992494583E+00	3.6234375000000000E+01
6.8539940193295479E+00	3.6234375000000000E+01
6.9119971171021461E+00	3.6234375000000000E+01
6.9699507281184196E+00	3.6234375000000000E+01
7.0279219299554825E+00	3.6234375000000000E+01
7.0858981609344482E+00	3.6234375000000000E+01
7.1438958123326302E+00	3.6234375000000000E+01
7.2018887996673584E+00	3.6234375000000000E+01
7.2598935589194298E+00	3.6234375000000000E+01
7.3178843259811401E+00	3.6234375000000000E+01
7.3758468478918076E+00	3.6234375000000000E+01
7.4338492304086685E+00	3.6234375000000000E+01
7.4918430671095848E+00	3.6234375000000000E+01
7.5498044118285179E+00	3.6234375000000000E+01
7.6077750250697136E+00	3.6234375000000000E+01
7.6657761111855507E+00	3.6234375000000000E+01
7.7237790524959564E+00	3.6234375000000000E+01
7.7817026749253273E+00	3.6234375000000000E+01
7.8396174460649490E+00	3.6234375000000000E+01
7.8975461944937706E+00	3.6234375000000000E+01
7.9554642662405968E+00	3.6234375000000000E+01
8.0133857727050781E+00	3.6234375000000000E+01
8.0713237822055817E+00	3.6234375000000000E+01
8.1292381435632706E+00	3.6234375000000000E+01
8.1871566027402878E+00	3.6234375000000000E+01
8.2450784146785736E+00	3.6234375000000000E+01
8.3030303716659546E+00	3.6234375000000000E+01
8.3609940707683563E+00	3.6234375000000000E+01
8.4189646467566490E+00	3.6234375000000000E+01
8.4769476205110550E+00	3.6234375000000000E+01
8.5349683985114098E+00	3.6234375000000000E+01
8.5928683802485466E+00	3.6234375000000000E+01
8.6508031859993935E+00	3.6234375000000000E+01
8.7087057828903198E+00	3.6234375000000000E+01
8.7665920630097389E+00	3.6234375000000000E+01
8.8244838863611221E+00	3.6234375000000000E+01
8.8824383020401001E+00	3.6234375000000000E+01
8.9403284192085266E+00	3.6234375000000000E+01
8.9982100054621696E+00	3.6234375000000000E+01
9.0562546700239182E+00	3.6234375000000000E+01
9.1142548546195030E+00	3.6234375000000000E+01
9.1721911132335663E+00	3.6234375000000000E+01
9.2302577197551727E+00	3.6234375000000000E+01
9.2881993129849434E+00	3.6234375000000000E+01
9.3463872894644737E+00	3.6234375000000000E+01
9.4043411612510681E+00	3.6234375000000000E+01
9.4622598737478256E+00	3.6234375000000000E+01
9.5202352330088615E+00	3.6234375000000000E+01
9.5782272070646286E+00	3.6234375000000000E+01
9.6362074315547943E+00	3.6234375000000000E+01
9.6942429691553116E+00	3.6234375000000000E+01
9.7522330060601234E+00	3.6234375000000000E+01
9.8102382719516754E+00	3.6234375000000000E+01
9.8682503402233124E+00	3.6234375000000000E+01
9.9261920601129532E+00	3.6234375000000000E+01
9.9842072203755379E+00	3.6234375000000000E+01
1.0042216427624226E+01	3.6234375000000000E+01
1.0100172512233257E+01	3.6234375000000000E+01
1.0158117242157459E+01	3.6234375000000000E+01
1.0216111741960049E+01	3.6234375000000000E+01
1.0274070918560028E+01	3.6234375000000000E+01
1.0332101732492447E+01	3.6234375000000000E+01
1.0390073679387569E+01	3.6234375000000000E+01
1.0448088765144348E+01	3.6234375000000000E+01
1.0505997560918331E+01	3.6234375000000000E+01
1.0564027056097984E+01	3.6234375000000000E+01
1.0622399069368839E+01	3.6234375000000000E+01
1.0680849336087704E+01	3.6234375000000000E+01
1.0739238530397415E+01	3.6234375000000000E+01
1.0797715358436108E+01	3.6234375000000000E+01
1.0856235697865486E+01	3.6234375000000000E+01
1.0914683274924755E+01	3.6234375000000000E+01
1.0973118431866169E+01	3.6234375000000000E+01
1.1031620435416698E+01	3.6234375000000000E+01
1.1090100444853306E+01	3.6234375000000000E+01
1.1148682415485382E+01	3.6234375000000000E+01
1.1207278750836849E+01	3.6234375000000000E+01
1.1265830658376217E+01	3.6234375000000000E+01
1.1324284911155701E+01	3.6234375000000000E+01
1.1382737614214420E+01	3.6234375000000000E+01
1.1441531397402287E+01	3.6234375000000000E+01
1.1499916084110737E+01	3.6234375000000000E+01
1.1558204345405102E+01	3.6234375000000000E+01
1.1616356357932091E+01	3.6234375000000000E+01
1.1674413591623306E+01	3.6234375000000000E+01
1.1732364341616631E+01	3.6234375000000000E+01
1.1790201067924500E+01	3.6234375000000000E+01
1.1848089039325714E+01	3.6234375000000000E+01
1.1906005643308163E+01	3.6234375000000000E+01
1.1963932491838932E+01	3.6234375000000000E+01
1.2021869517862797E+01	3.6234375000000000E+01
1.2079812943935394E+01	3.6234375000000000E+01
1.2138393566012383E+01	3.6234375000000000E+01
1.2196439646184444E+01	3.6234375000000000E+01
1.2254292212426662E+01	3.6234375000000000E+01
1.2312175936996937E+01	3.6234375000000000E+01
1.2370128631591797E+01	3.6234375000000000E+01
1.2428071752190590E+01	3.6234375000000000E+01
1.2486035659909248E+01	3.6234375000000000E+01
1.2543967433273792E+01	3.6234375000000000E+01
1.2601901933550835E+01	3.6234375000000000E+01
1.2659838356077671E+01	3.6234375000000000E+01
1.2717788308858871E+01	3.6234375000000000E+01
1.2775741688907146E+01	3.6234375000000000E+01
1.2833709053695202E+01	3.6234375000000000E+01
1.2891666673123837E+01	3.6234375000000000E+01
1.2949627943336964E+01	3.6234375000000000E+01
1.3007547132670879E+01	3.6234375000000000E+01
1.3065511249005795E+01	3.6234375000000000E+01
1.3123430542647839E+01	3.6234375000000000E+01
1.3181333705782890E+01	3.6234375000000000E+01
1.3239259161055088E+01	3.6234375000000000E+01
1.3297194585204124E+01	3.6234375000000000E+01
1.3355080015957355E+01	3.6234375000000000E+01
1.3412985324859619E+01	3.6234375000000000E+01
1.3470851562917233E+01	3.6234375000000000E+01
1.3528739698231220E+01	3.6234375000000000E+01
1.3586654558777809E+01	3.6234375000000000E+01
1.3644548915326595E+01	3.6234375000000000E+01
1.3702461749315262E+01	3.6234375000000000E+01
1.3760418400168419E+01	3.6234375000000000E+01
1.3818362981081009E+01	3.6234375000000000E+01
1.3876380503177643E+01	3.6234375000000000E+01
1.3934362404048443E+01	3.6234375000000000E+01
1.3992373682558537E+01	3.6234375000000000E+01
1.4050368450582027E+01	3.6234375000000000E+01
1.4108337149024010E+01	3.6234375000000000E+01
1.4166292354464531E+01	3.6234375000000000E+01
1.4224285431206226E+01	3.6234375000000000E+01
1.4282272629439831E+01	3.6234375000000000E+01
1.4340298861265182E+01	3.6234375000000000E+01
1.4398279227316380E+01	3.6234375000000000E+01
1.4456267490983009E+01	3.6234375000000000E+01
1.4514241911470890E+01	3.6234375000000000E+01
1.4572222284972668E+01	3.6234375000000000E+01
1.4630207337439060E+01	3.6234375000000000E+01
1.4688190065324306E+01	3.6234375000000000E+01
1.4746173582971096E+01	3.6234375000000000E+01
1.4804218314588070E+01	3.6234375000000000E+01
1.4862246170639992E+01	3.6234375000000000E+01
1.4920265033841133E+01	3.6234375000000000E+01
1.4978277601301670E+01	3.6234375000000000E+01
1.5036279946565628E+01	3.6234375000000000E+01
1.5094294965267181E+01	3.6234375000000000E+01
1.5152320407330990E+01	3.6234375000000000E+01
1.5210321806371212E+01	3.6234375000000000E+01
1.5268308140337467E+01	3.6234375000000000E+01
1.5326313525438309E+01	3.6234375000000000E+01
1.5384317956864834E+01	3.6234375000000000E+01
1.5442347817122936E+01	3.6234375000000000E+01
1.5500364579260349E+01	3.6234375000000000E+01
1.5558380015194416E+01	3.6234375000000000E+01
1.5616404332220554E+01	3.6234375000000000E+01
1.5674437724053860E+01	3.6234375000000000E+01
1.5732469663023949E+01	3.6234375000000000E+01
1.5790475226938725E+01	3.6234375000000000E+01
1.5848502524197102E+01	3.6234375000000000E+01
1.5906528666615486E+01	3.6234375000000000E+01
1.5964531630277634E+01	3.6234375000000000E+01
1.6022559612989426E+01	3.6234375000000000E+01
1.6080578751862049E+01	3.6234375000000000E+01
1.6138576924800873E+01	3.6234375000000000E+01
1.6196549810469151E+01	3.6234375000000000E+01
1.6254511713981628E+01	3.6234375000000000E+01
1.6312501311302185E+01	3.6234375000000000E+01
1.6370411358773708E+01	3.6234375000000000E+01
1.6428407981991768E+01	3.6234375000000000E+01
1.6486399225890636E+01	3.6234375000000000E+01
1.6544388830661774E+01	3.6234375000000000E+01
1.6602437347173691E+01	3.6234375000000000E+01
1.6660489141941071E+01	3.6234375000000000E+01
1.6718484543263912E+01	3.6234375000000000E+01
1.6776499487459660E+01	3.6234375000000000E+01
1.6834453366696835E+01	3.6234375000000000E+01
1.6892659783363342E+01	3.6234375000000000E+01
1.6950650431215763E+01	3.6234375000000000E+01
1.7008655764162540E+01	3.6234375000000000E+01
1.7066691964864731E+01	3.6234375000000000E+01
1.7124726526439190E+01	3.6234375000000000E+01
1.7182800918817520E+01	3.6234375000000000E+01
1.7240845151245594E+01	3.6234375000000000E+01
1.7298892974853516E+01	3.6234375000000000E+01
1.7357014179229736E+01	3.6234375000000000E+01
1.7415116980671883E+01	3.6234375000000000E+01
1.7473424173891544E+01	3.6234375000000000E+01
1.7531557582318783E+01	3.6234375000000000E+01
1.7589652702212334E+01	3.6234375000000000E+01
1.7647728428244591E+01	3.6234375000000000E+01
1.7705812789499760E+01	3.6234375000000000E+01
1.7763893917202950E+01	3.6234375000000000E+01
1.7821960449218750E+01	3.6234375000000000E+01
1.7880047969520092E+01	3.6234375000000000E+01
1.7938167117536068E+01	3.6234375000000000E+01
1.7996242985129356E+01	3.6234375000000000E+01
1.8054280780255795E+01	3.6234375000000000E+01
1.8112398289144039E+01	3.6234375000000000E+01
1.8170680060982704E+01	3.6234375000000000E+01
1.8229138061404228E+01	3.6234375000000000E+01
1.8287633955478668E+01	3.6234375000000000E+01
1.8346127927303314E+01	3.6234375000000000E+01
1.8404633156955242E+01	3.6234375000000000E+01
1.8463082373142242E+01	3.6234375000000000E+01
1.8521649517118931E+01	3.6234375000000000E+01
1.8580142393708229E+01	3.6234375000000000E+01
1.8638594515621662E+01	3.6234375000000000E+01
1.8697183355689049E+01	3.6234375000000000E+01
1.8756010979413986E+01	3.6234375000000000E+01
1.8814936041831970E+01	3.6234375000000000E+01
1.8873914204537868E+01	3.6234375000000000E+01
1.8932839199900627E+01	3.6234375000000000E+01
1.8991785354912281E+01	3.6234375000000000E+01
1.9050753697752953E+01	3.6234375000000000E+01
1.9109712436795235E+01	3.6234375000000000E+01
1.9168557114899158E+01	3.6234375000000000E+01
1.9227340519428253E+01	3.6234375000000000E+01
1.9286105535924435E+01	3.6234375000000000E+01
1.9344627305865288E+01	3.6234375000000000E+01
1.9403032533824444E+01	3.6234375000000000E+01
1.9461400926113129E+01	3.6234375000000000E+01
1.9519856907427311E+01	3.6234375000000000E+01
1.9578231930732727E+01	3.6234375000000000E+01
1.9636577010154724E+01	3.6234375000000000E+01
1.9694888964295387E+01	3.6234375000000000E+01
1.9753189526498318E+01	3.6234375000000000E+01
1.9811380207538605E+01	3.6234375000000000E+01
1.9869424223899841E+01	3.6234375000000000E+01
1.9927424006164074E+01	3.6234375000000000E+01
1.9985351040959358E+01	3.6234375000000000E+01
2.0043280974030495E+01	3.6234375000000000E+01
2.0101234816014767E+01	3.6234375000000000E+01
2.0159246906638145E+01	3.6234375000000000E+01
2.0217283323407173E+01	3.6234375000000000E+01
2.0275308743119240E+01	3.6234375000000000E+01
2.0333345741033554E+01	3.6234375000000000E+01
2.0391364321112633E+01	3.6234375000000000E+01
2.0449331201612949E+01	3.6234375000000000E+01
2.0507353492081165E+01	3.6234375000000000E+01
2.0565381839871407E+01	3.6234375000000000E+01
2.0623404800891876E+01	3.6234375000000000E+01
2.0681394971907139E+01	3.6234375000000000E+01
2.0739371798932552E+01	3.6234375000000000E+01
2.0797356247901917E+01	3.6234375000000000E+01
2.0855306021869183E+01	3.6234375000000000E+01
2.0913247473537922E+01	3.6234375000000000E+01
2.0971221372485161E+01	3.6234375000000000E+01
2.1029156424105167E+01	3.6234375000000000E+01
2.1087165452539921E+01	3.6234375000000000E+01
2.1145194835960865E+01	3.6234375000000000E+01
2.1203227892518044E+01	3.6234375000000000E+01
2.1261292554438114E+01	3.6234375000000000E+01
2.1319325983524323E+01	3.6234375000000000E+01
2.1377360746264458E+01	3.6234375000000000E+01
2.1435352407395840E+01	3.6234375000000000E+01
2.1493308581411839E+01	3.6234375000000000E+01
2.1551547966897488E+01	3.6234375000000000E+01
2.1609662622213364E+01	3.6234375000000000E+01
2.1667699068784714E+01	3.6234375000000000E+01
2.1725744165480137E+01	3.6234375000000000E+01
2.1783790141344070E+01	3.6234375000000000E+01
2.1841874323785305E+01	3.6234375000000000E+01
2.1899940960109234E+01	3.6234375000000000E+01
2.1958561770617962E+01	3.6234375000000000E+01
2.2016694784164429E+01	3.6234375000000000E+01
2.2074691019952297E+01	3.6234375000000000E+01
2.2132677935063839E+01	3.6234375000000000E+01
2.2190746925771236E+01	3.6234375000000000E+01
2.2248807199299335E+01	3.6234375000000000E+01
2.2306874424219131E+01	3.6234375000000000E+01
2.2364941820502281E+01	3.6234375000000000E+01
2.2423009552061558E+01	3.6234375000000000E+01
2.2481062337756157E+01	3.6234375000000000E+01
2.2539146631956100E+01	3.6234375000000000E+01
2.2597212284803391E+01	3.6234375000000000E+01
2.2655248872935772E+01	3.6234375000000000E+01
2.2713304519653320E+01	3.6234375000000000E+01
2.2771355740725994E+01	3.6234375000000000E+01
2.2829445630311966E+01	3.6234375000000000E+01
2.2887491509318352E+01	3.6234375000000000E+01
2.2945633359253407E+01	3.6234375000000000E+01
2.3003676593303680E+01	3.6234375000000000E+01
2.3061734989285469E+01	3.6234375000000000E+01
2.3119790770113468E+01	3.6234375000000000E+01
2.3177894391119480E+01	3.6234375000000000E+01
2.3236002095043659E+01	3.6234375000000000E+01
2.3294107154011726E+01	3.6234375000000000E+01
2.3352234408259392E+01	3.6234375000000000E+01
2.3410333685576916E+01	3.6234375000000000E+01
2.3468311630189419E+01	3.6234375000000000E+01
2.3526402220129967E+01	3.6234375000000000E+01
2.3584486983716488E+01	3.6234375000000000E+01
2.3642556332051754E+01	3.6234375000000000E+01
2.3700661331415176E+01	3.6234375000000000E+01
2.3758721381425858E+01	3.6234375000000000E+01
2.3816705361008644E+01	3.6234375000000000E+01
2.3874692313373089E+01	3.6234375000000000E+01
2.3932746991515160E+01	3.6234375000000000E+01
2.3990781038999557E+01	3.6234375000000000E+01
2.4048812203109264E+01	3.6234375000000000E+01
2.4106780461966991E+01	3.6234375000000000E+01
2.4164770148694515E+01	3.6234375000000000E+01
2.4222736090421677E+01	3.6234375000000000E+01
2.4280699267983437E+01	3.6234375000000000E+01
2.4338668741285801E+01	3.6234375000000000E+01
2.4396740406751633E+01	3.6234375000000000E+01
2.4454770833253860E+01	3.6234375000000000E+01
2.4512697249650955E+01	3.6234375000000000E+01
2.4570644125342369E+01	3.6234375000000000E+01
2.4628609597682953E+01	3.6234375000000000E+01
2.4686675086617470E+01	3.6234375000000000E+01
2.4744756631553173E+01	3.6234375000000000E+01
2.4802849113941193E+01	3.6234375000000000E+01
2.4861127741634846E+01	3.6234375000000000E+01
2.4919209934771061E+01	3.6234375000000000E+01
2.4977332867681980E+01	3.6234375000000000E+01
2.5035411678254604E+01	3.6234375000000000E+01
2.5093556635081768E+01	3.6234375000000000E+01
2.5151647247374058E+01	3.6234375000000000E+01
2.5209702812135220E+01	3.6234375000000000E+01
2.5267823502421379E+01	3.6234375000000000E+01
2.5325874604284763E+01	3.6234375000000000E+01
2.5383973553776741E+01	3.6234375000000000E+01
2.5442030794918537E+01	3.6234375000000000E+01
2.5500102832913399E+01	3.6234375000000000E+01
2.5558214604854584E+01	3.6234375000000000E+01
2.5616288594901562E+01	3.6234375000000000E+01
2.5674365811049938E+01	3.6234375000000000E+01
2.5732430070638657E+01	3.6234375000000000E+01
2.5790538810193539E+01	3.6234375000000000E+01
2.5848691076040268E+01	3.6234375000000000E+01
2.5906785473227501E+01	3.6234375000000000E+01
2.5964787237346172E+01	3.6234375000000000E+01
2.6022665292024612E+01	3.6234375000000000E+01
2.6080669961869717E+01	3.6234375000000000E+01
2.6138807311654091E+01	3.6234375000000000E+01
2.6197303906083107E+01	3.6234375000000000E+01
2.6255856677889824E+01	3.6234375000000000E+01
2.6314303249120712E+01	3.6234375000000000E+01
2.6372689634561539E+01	3.6234375000000000E+01
2.6431275703012943E+01	3.6234375000000000E+01
2.6489844419062138E+01	3.6234375000000000E+01
2.6548413999378681E+01	3.6234375000000000E+01
2.6606940716505051E+01	3.6234375000000000E+01
2.6665498010814190E+01	3.6234375000000000E+01
2.6724084034562111E+01	3.6234375000000000E+01
2.6782905101776123E+01	3.6234375000000000E+01
2.6841454066336155E+01	3.6234375000000000E+01
2.6899939224123955E+01	3.6234375000000000E+01
2.6958409979939461E+01	3.6234375000000000E+01
2.7016907565295696E+01	3.6234375000000000E+01
2.7075315892696381E+01	3.6234375000000000E+01
2.7133637443184853E+01	3.6234375000000000E+01
2.7191889405250549E+01	3.6234375000000000E+01
2.7250025391578674E+01	3.6234375000000000E+01
2.7308031886816025E+01	3.6234375000000000E+01
2.7366058826446533E+01	3.6234375000000000E+01
2.7424120046198368E+01	3.6234375000000000E+01
2.7482193917036057E+01	3.6234375000000000E+01
2.7540254950523376E+01	3.6234375000000000E+01
2.7598323941230774E+01	3.6234375000000000E+01
2.7656420893967152E+01	3.6234375000000000E+01
2.7714593507349491E+01	3.6234375000000000E+01
2.7772714555263519E+01	3.6234375000000000E+01
2.7830800205469131E+01	3.6234375000000000E+01
2.7888864301145077E+01	3.6234375000000000E+01
2.7946892939507961E+01	3.6234375000000000E+01
2.8005020819604397E+01	3.6234375000000000E+01
2.8063439033925533E+01	3.6234375000000000E+01
2.8121878601610661E+01	3.6234375000000000E+01
2.8180286541581154E+01	3.6234375000000000E+01
2.8238764747977257E+01	3.6234375000000000E+01
2.8297154799103737E+01	3.6234375000000000E+01
2.8355609953403473E+01	3.6234375000000000E+01
2.8413972198963165E+01	3.6234375000000000E+01
2.8472324766218662E+01	3.6234375000000000E+01
2.8530950941145420E+01	3.6234375000000000E+01
2.8589360140264034E+01	3.6234375000000000E+01
2.8647790156304836E+01	3.6234375000000000E+01
2.8706305094063282E+01	3.6234375000000000E+01
2.8764717653393745E+01	3.6234375000000000E+01
2.8823056779801846E+01	3.6234375000000000E+01
2.8881291210651398E+01	3.6234375000000000E+01
2.8939544573426247E+01	3.6234375000000000E+01
2.8997760146856308E+01	3.6234375000000000E+01
2.9055858239531517E+01	3.6234375000000000E+01
2.9113872162997723E+01	3.6234375000000000E+01
2.9171781852841377E+01	3.6234375000000000E+01
2.9229672290384769E+01	3.6234375000000000E+01
2.9287597835063934E+01	3.6234375000000000E+01
2.9345669761300087E+01	3.6234375000000000E+01
2.9403677843511105E+01	3.6234375000000000E+01
2.9461793482303619E+01	3.6234375000000000E+01
2.9519860953092575E+01	3.6234375000000000E+01
2.9577941924333572E+01	3.6234375000000000E+01
2.9635946750640869E+01	3.6234375000000000E+01
2.9693956904113293E+01	3.6234375000000000E+01
2.9752190329134464E+01	3.6234375000000000E+01
2.9810265675187111E+01	3.6234375000000000E+01
2.9868301779031754E+01	3.6234375000000000E+01
2.9926300361752510E+01	3.6234375000000000E+01
2.9984316945075989E+01	3.6234375000000000E+01
3.0042494975030422E+01	3.6234375000000000E+01
3.0100766316056252E+01	3.6234375000000000E+01
3.0158840700984001E+01	3.6234375000000000E+01
3.0216918051242828E+01	3.6234375000000000E+01
3.0275015443563461E+01	3.6234375000000000E+01
3.0333078414201736E+01	3.6234375000000000E+01
3.0391143336892128E+01	3.6234375000000000E+01
3.0449234433472157E+01	3.6234375000000000E+01
3.0507369287312031E+01	3.6234375000000000E+01
3.0565429121255875E+01	3.6234375000000000E+01
3.0623508065938950E+01	3.6234375000000000E+01
3.0681549921631813E+01	3.6234375000000000E+01
3.0739660985767841E+01	3.6234375000000000E+01
3.0797723814845085E+01	3.6234375000000000E+01
3.0855741821229458E+01	3.6234375000000000E+01
3.0913820110261440E+01	3.6234375000000000E+01
3.0971930831670761E+01	3.6234375000000000E+01
3.1030018918216228E+01	3.6234375000000000E+01
3.1088131785392761E+01	3.6234375000000000E+01
3.1146220430731773E+01	3.6234375000000000E+01
3.1204256251454353E+01	3.6234375000000000E+01
3.1262282125651836E+01	3.6234375000000000E+01
3.1320366300642490E+01	3.6234375000000000E+01
3.1378461740911007E+01	3.6234375000000000E+01
3.1436508603394032E+01	3.6234375000000000E+01
3.1494591116905212E+01	3.6234375000000000E+01
3.1552676133811474E+01	3.6234375000000000E+01
3.1610729902982712E+01	3.6234375000000000E+01
3.1668801836669445E+01	3.6234375000000000E+01
3.1726868614554405E+01	3.6234375000000000E+01
3.1784954816102982E+01	3.6234375000000000E+01
3.1843059875071049E+01	3.6234375000000000E+01
3.1901162318885326E+01	3.6234375000000000E+01
3.1959249474108219E+01	3.6234375000000000E+01
3.2017307564616203E+01	3.6234375000000000E+01
3.2075407825410366E+01	3.6234375000000000E+01
3.2133446462452412E+01	3.6234375000000000E+01
3.2191491961479187E+01	3.6234375000000000E+01
3.2249546393752098E+01	3.6234375000000000E+01
3.2307626783847809E+01	3.6234375000000000E+01
3.2365731909871101E+01	3.6234375000000000E+01
3.2423779271543026E+01	3.6234375000000000E+01
3.2481856942176819E+01	3.6234375000000000E+01
3.2539888881146908E+01	3.6234375000000000E+01
3.2597962446510792E+01	3.6234375000000000E+01
3.2656053438782692E+01	3.6234375000000000E+01
3.2714105993509293E+01	3.6234375000000000E+01
3.2772192783653736E+01	3.6234375000000000E+01
3.2830235451459885E+01	3.6234375000000000E+01
3.2888312622904778E+01	3.6234375000000000E+01
3.2946347333490849E+01	3.6234375000000000E+01
3.3004454433917999E+01	3.6234375000000000E+01
3.3062599994242191E+01	3.6234375000000000E+01
3.3120637603104115E+01	3.6234375000000000E+01
3.3178665310144424E+01	3.6234375000000000E+01
3.3236661136150360E+01	3.6234375000000000E+01
3.3294692091643810E+01	3.6234375000000000E+01
3.3352685369551182E+01	3.6234375000000000E+01
3.3410671450197697E+01	3.6234375000000000E+01
3.3468654789030552E+01	3.6234375000000000E+01
3.3526736162602901E+01	3.6234375000000000E+01
3.3584729418158531E+01	3.6234375000000000E+01
3.3642707295715809E+01	3.6234375000000000E+01
3.3700830459594727E+01	3.6234375000000000E+01
3.3758896499872208E+01	3.6234375000000000E+01
3.3816926091909409E+01	3.6234375000000000E+01
3.3874992124736309E+01	3.6234375000000000E+01
3.3933087237179279E+01	3.6234375000000000E+01
3.3991345837712288E+01	3.6234375000000000E+01
3.4049418956041336E+01	3.6234375000000000E+01
3.4107513092458248E+01	3.6234375000000000E+01
3.4165622740983963E+01	3.6234375000000000E+01
3.4223705962300301E+01	3.6234375000000000E+01
3.4281812302768230E+01	3.6234375000000000E+01
3.4339901186525822E+01	3.6234375000000000E+01
3.4398027434945107E+01	3.6234375000000000E+01
3.4456130146980286E+01	3.6234375000000000E+01
3.4514245525002480E+01	3.6234375000000000E+01
3.4572351321578026E+01	3.6234375000000000E+01
3.4630458615720272E+01	3.6234375000000000E+01
3.4688572041690350E+01	3.6234375000000000E+01
3.4746716499328613E+01	3.6234375000000000E+01
3.4804707393050194E+01	3.6234375000000000E+01
3.4862748190760612E+01	3.6234375000000000E+01
3.4920772962272167E+01	3.6234375000000000E+01
3.4978789962828159E+01	3.6234375000000000E+01
3.5036833994090557E+01	3.6234375000000000E+01
3.5094734981656075E+01	3.6234375000000000E+01
3.5152665421366692E+01	3.6234375000000000E+01
3.5210723057389259E+01	3.6234375000000000E+01
3.5269158869981766E+01	3.6234375000000000E+01
3.5327658839523792E+01	3.6234375000000000E+01
3.5386112809181213E+01	3.6234375000000000E+01
3.5444546490907669E+01	3.6234375000000000E+01
3.5503016009926796E+01	3.6234375000000000E+01
3.5561422765254974E+01	3.6234375000000000E+01
3.5620003826916218E+01	3.6234375000000000E+01
3.5678445488214493E+01	3.6234375000000000E+01
3.5736847005784512E+01	3.6234375000000000E+01
3.5795180395245552E+01	3.6234375000000000E+01
3.5853554256260395E+01	3.6234375000000000E+01
3.5911908648908138E+01	3.6234375000000000E+01
3.5970185853540897E+01	3.6234375000000000E+01
3.6028414979577065E+01	3.6234375000000000E+01
3.6086922630667686E+01	3.6234375000000000E+01
3.6145208135247231E+01	3.6234375000000000E+01
3.6203395090997219E+01	3.6234375000000000E+01
3.6261549003422260E+01	3.6234375000000000E+01
3.6319615319371223E+01	3.6234375000000000E+01
3.6377578422427177E+01	3.6234375000000000E+01
3.6435545191168785E+01	3.6234375000000000E+01
3.6493503876030445E+01	3.6234375000000000E+01
3.6551478631794453E+01	3.6234375000000000E+01
3.6609473466873169E+01	3.6234375000000000E+01
3.6667533271014690E+01	3.6234375000000000E+01
3.6725472718477249E+01	3.6234375000000000E+01
3.6783367849886417E+01	3.6234375000000000E+01
3.6841416426002979E+01	3.6234375000000000E+01
3.6899816825985909E+01	3.6234375000000000E+01
3.6958276674151421E+01	3.6234375000000000E+01
3.7016775093972683E+01	3.6234375000000000E+01
3.7075230032205582E+01	3.6234375000000000E+01
3.7133765973150730E+01	3.6234375000000000E+01
3.7192276351153851E+01	3.6234375000000000E+01
3.7250765651464462E+01	3.6234375000000000E+01
3.7309246860444546E+01	3.6234375000000000E+01
3.7367710046470165E+01	3.6234375000000000E+01
3.7426253594458103E+01	3.6234375000000000E+01
3.7484829708933830E+01	3.6234375000000000E+01
3.7543351687490940E+01	3.6234375000000000E+01
3.7601870089769363E+01	3.6234375000000000E+01
3.7660335719585419E+01	3.6234375000000000E+01
3.7718778692185879E+01	3.6234375000000000E+01
3.7777105771005154E+01	3.6234375000000000E+01
3.7835359230637550E+01	3.6234375000000000E+01
3.7893502578139305E+01	3.6234375000000000E+01
3.7951645463705063E+01	3.6234375000000000E+01
3.8009625449776649E+01	3.6234375000000000E+01
3.8067453302443027E+01	3.6234375000000000E+01
3.8125323466956615E+01	3.6234375000000000E+01
3.8183182805776596E+01	3.6234375000000000E+01
3.8241123877465725E+01	3.6234375000000000E+01
3.8299097262322903E+01	3.6234375000000000E+01
3.8357090406119823E+01	3.6234375000000000E+01
3.8415042005479336E+01	3.6234375000000000E+01
3.8472928099334240E+01	3.6234375000000000E+01
3.8530893266201019E+01	3.6234375000000000E+01
3.8588894739747047E+01	3.6234375000000000E+01
3.8646879129111767E+01	3.6234375000000000E+01
3.8705519340932369E+01	3.6234375000000000E+01
3.8763660825788975E+01	3.6234375000000000E+01
3.8821680113673210E+01	3.6234375000000000E+01
3.8879701435565948E+01	3.6234375000000000E+01
3.8937698274850845E+01	3.6234375000000000E+01
3.8995718188583851E+01	3.6234375000000000E+01
3.9053713113069534E+01	3.6234375000000000E+01
3.9111699171364307E+01	3.6234375000000000E+01
3.9169655747711658E+01	3.6234375000000000E+01
3.9227659709751606E+01	3.6234375000000000E+01
3.9285632371902466E+01	3.6234375000000000E+01
3.9343648381531239E+01	3.6234375000000000E+01
3.9401682794094086E+01	3.6234375000000000E+01
3.9459747418761253E+01	3.6234375000000000E+01
3.9517759785056114E+01	3.6234375000000000E+01
3.9575733929872513E+01	3.6234375000000000E+01
3.9633720852434635E+01	3.6234375000000000E+01
3.9691712938249111E+01	3.6234375000000000E+01
3.9749710299074650E+01	3.6234375000000000E+01
3.9807724446058273E+01	3.6234375000000000E+01
3.9865719385445118E+01	3.6234375000000000E+01
3.9923735082149506E+01	3.6234375000000000E+01
3.9981768183410168E+01	3.6234375000000000E+01
4.0039761103689671E+01	3.6234375000000000E+01
4.0097770005464554E+01	3.6234375000000000E+01
4.0155749931931496E+01	3.6234375000000000E+01
4.0213790245354176E+01	3.6234375000000000E+01
4.0271800614893436E+01	3.6234375000000000E+01
4.0329815156757832E+01	3.6234375000000000E+01
4.0387814871966839E+01	3.6234375000000000E+01
4.0445865482091904E+01	3.6234375000000000E+01
4.0503892160952091E+01	3.6234375000000000E+01
4.0561932198703289E+01	3.6234375000000000E+01
4.0619954138994217E+01	3.6234375000000000E+01
4.0677975341677666E+01	3.6234375000000000E+01
4.0735992737114429E+01	3.6234375000000000E+01
4.0794009648263454E+01	3.6234375000000000E+01
4.0852003708481789E+01	3.6234375000000000E+01
4.0909969590604305E+01	3.6234375000000000E+01
4.0967936642467976E+01	3.6234375000000000E+01
4.1025941140949726E+01	3.6234375000000000E+01
4.1083981774747372E+01	3.6234375000000000E+01
4.1141992457211018E+01	3.6234375000000000E+01
4.1199979610741138E+01	3.6234375000000000E+01
4.1257932558655739E+01	3.6234375000000000E+01
4.1315918877720833E+01	3.6234375000000000E+01
4.1373962670564651E+01	3.6234375000000000E+01
4.1431934453547001E+01	3.6234375000000000E+01
4.1489936962723732E+01	3.6234375000000000E+01
4.1547913447022438E+01	3.6234375000000000E+01
4.1605910837650299E+01	3.6234375000000000E+01
4.1663928605616093E+01	3.6234375000000000E+01
4.1721898846328259E+01	3.6234375000000000E+01
4.1779942229390144E+01	3.6234375000000000E+01
4.1837905779480934E+01	3.6234375000000000E+01
4.1895884171128273E+01	3.6234375000000000E+01
4.1953945979475975E+01	3.6234375000000000E+01
4.2011978924274445E+01	3.6234375000000000E+01
4.2070057854056358E+01	3.6234375000000000E+01
4.2128066778182983E+01	3.6234375000000000E+01
4.2186107493937016E+01	3.6234375000000000E+01
4.2244175761938095E+01	3.6234375000000000E+01
4.2302170485258102E+01	3.6234375000000000E+01
4.2360192477703094E+01	3.6234375000000000E+01
4.2418199129402637E+01	3.6234375000000000E+01
4.2476231977343559E+01	3.6234375000000000E+01
4.2534265115857124E+01	3.6234375000000000E+01
4.2592297598719597E+01	3.6234375000000000E+01
4.2650352671742439E+01	3.6234375000000000E+01
4.2708350718021393E+01	3.6234375000000000E+01
4.2766387157142162E+01	3.6234375000000000E+01
4.2824425742030144E+01	3.6234375000000000E+01
4.2882491432130337E+01	3.6234375000000000E+01
4.2940602585673332E+01	3.6234375000000000E+01
4.2998691171407700E+01	3.6234375000000000E+01
4.3056752756237984E+01	3.6234375000000000E+01
4.3114810094237328E+01	3.6234375000000000E+01
4.3172882482409477E+01	3.6234375000000000E+01
4.3230910025537014E+01	3.6234375000000000E+01
4.3288993842899799E+01	3.6234375000000000E+01
4.3347049862146378E+01	3.6234375000000000E+01
4.3405109696090221E+01	3.6234375000000000E+01
4.3463160932064056E+01	3.6234375000000000E+01
4.3521168529987335E+01	3.6234375000000000E+01
4.3579205453395844E+01	3.6234375000000000E+01
4.3637267723679543E+01	3.6234375000000000E+01
4.3695312313735485E+01	3.6234375000000000E+01
4.3753326795995235E+01	3.6234375000000000E+01
4.3811355590820312E+01	3.6234375000000000E+01
4.3869365565478802E+01	3.6234375000000000E+01
4.3927421174943447E+01	3.6234375000000000E+01
4.3985451109707355E+01	3.6234375000000000E+01
4.4043446645140648E+01	3.6234375000000000E+01
4.4101486638188362E+01	3.6234375000000000E+01
4.4159542813897133E+01	3.6234375000000000E+01
4.4217599801719189E+01	3.6234375000000000E+01
4.4275664098560810E+01	3.6234375000000000E+01
4.4333723902702332E+01	3.6234375000000000E+01
4.4391715995967388E+01	3.6234375000000000E+01
4.4449756816029549E+01	3.6234375000000000E+01
4.4507800891995430E+01	3.6234375000000000E+01
4.4565832659602165E+01	3.6234375000000000E+01
4.4623909398913383E+01	3.6234375000000000E+01
4.4681941762566566E+01	3.6234375000000000E+01
4.4739952556788921E+01	3.6234375000000000E+01
4.4797978147864342E+01	3.6234375000000000E+01
4.4855976812541485E+01	3.6234375000000000E+01
4.4913965687155724E+01	3.6234375000000000E+01
4.4971931837499142E+01	3.6234375000000000E+01
4.5029950544238091E+01	3.6234375000000000E+01
4.5087990373373032E+01	3.6234375000000000E+01
4.5146071992814541E+01	3.6234375000000000E+01
4.5204098604619503E+01	3.6234375000000000E+01
4.5261996269226074E+01	3.6234375000000000E+01
4.5319943085312843E+01	3.6234375000000000E+01
4.5377892047166824E+01	3.6234375000000000E+01
4.5435887731611729E+01	3.6234375000000000E+01
4.5493830174207687E+01	3.6234375000000000E+01
4.5551816470921040E+01	3.6234375000000000E+01
4.5609789051115513E+01	3.6234375000000000E+01
4.5667760029435158E+01	3.6234375000000000E+01
4.5725723288953304E+01	3.6234375000000000E+01
4.5783717066049576E+01	3.6234375000000000E+01
4.5841707542538643E+01	3.6234375000000000E+01
4.5899675145745277E+01	3.6234375000000000E+01
4.5957679949700832E+01	3.6234375000000000E+01
4.6015663594007492E+01	3.6234375000000000E+01
4.6073703601956367E+01	3.6234375000000000E+01
4.6131732225418091E+01	3.6234375000000000E+01
4.6189780697226524E+01	3.6234375000000000E+01
4.6247781515121460E+01	3.6234375000000000E+01
4.6305844366550446E+01	3.6234375000000000E+01
4.6363921105861664E+01	3.6234375000000000E+01
4.6421985812485218E+01	3.6234375000000000E+01
4.6480023130774498E+01	3.6234375000000000E+01
4.6538051478564739E+01	3.6234375000000000E+01
4.6596050202846527E+01	3.6234375000000000E+01
4.6654070764780045E+01	3.6234375000000000E+01
4.6712081119418144E+01	3.6234375000000000E+01
4.6770129010081291E+01	3.6234375000000000E+01
4.6828174337744713E+01	3.6234375000000000E+01
4.6886127784848213E+01	3.6234375000000000E+01
4.6944144181907177E+01	3.6234375000000000E+01
4.7002142705023289E+01	3.6234375000000000E+01
4.7060162894427776E+01	3.6234375000000000E+01
4.7118176557123661E+01	3.6234375000000000E+01
4.7176149971783161E+01	3.6234375000000000E+01
4.7234071686863899E+01	3.6234375000000000E+01
4.7292051419615746E+01	3.6234375000000000E+01
4.7350097700953484E+01	3.6234375000000000E+01
4.7408079095184803E+01	3.6234375000000000E+01
4.7466078318655491E+01	3.6234375000000000E+01
4.7524082012474537E+01	3.6234375000000000E+01
4.7582086428999901E+01	3.6234375000000000E+01
4.7640086166560650E+01	3.6234375000000000E+01
4.7698022596538067E+01	3.6234375000000000E+01
4.7755990505218506E+01	3.6234375000000000E+01
4.7813957683742046E+01	3.6234375000000000E+01
4.7871922060847282E+01	3.6234375000000000E+01
4.7929872795939445E+01	3.6234375000000000E+01
4.7987825870513916E+01	3.6234375000000000E+01
4.8045846089720726E+01	3.6234375000000000E+01
4.8103824108839035E+01	3.6234375000000000E+01
4.8161873184144497E+01	3.6234375000000000E+01
4.8219860121607780E+01	3.6234375000000000E+01
4.8277860403060913E+01	3.6234375000000000E+01
4.8335906490683556E+01	3.6234375000000000E+01
4.8393914222717285E+01	3.6234375000000000E+01
4.8452111020684242E+01	3.6234375000000000E+01
4.8510186187922955E+01	3.6234375000000000E+01
4.8568198211491108E+01	3.6234375000000000E+01
4.8626211121678352E+01	3.6234375000000000E+01
4.8684285335242748E+01	3.6234375000000000E+01
4.8742334537208080E+01	3.6234375000000000E+01
4.8800437219440937E+01	3.6234375000000000E+01
4.8858508303761482E+01	3.6234375000000000E+01
4.8916608683764935E+01	3.6234375000000000E+01
4.8974701151251793E+01	3.6234375000000000E+01
4.9032781131565571E+01	3.6234375000000000E+01
4.9090845003724098E+01	3.6234375000000000E+01
4.9148906365036964E+01	3.6234375000000000E+01
4.9206986278295517E+01	3.6234375000000000E+01
4.9265038155019283E+01	3.6234375000000000E+01
4.9323083288967609E+01	3.6234375000000000E+01
4.9381151087582111E+01	3.6234375000000000E+01
4.9439185947179794E+01	3.6234375000000000E+01
4.9497208803892136E+01	3.6234375000000000E+01
4.9555178269743919E+01	3.6234375000000000E+01
4.9613137409090996E+01	3.6234375000000000E+01
4.9671213343739510E+01	3.6234375000000000E+01
4.9729546308517456E+01	3.6234375000000000E+01
4.9788054041564465E+01	3.6234375000000000E+01
4.9846554666757584E+01	3.6234375000000000E+01
4.9905095338821411E+01	3.6234375000000000E+01
4.9963609732687473E+01	3.6234375000000000E+01
5.0022056140005589E+01	3.6234375000000000E+01
5.0080593831837177E+01	3.6234375000000000E+01
5.0139062225818634E+01	3.6234375000000000E+01
5.0197683885693550E+01	3.6234375000000000E+01
5.0256155006587505E+01	3.6234375000000000E+01
5.0314624384045601E+01	3.6234375000000000E+01
5.0373071096837521E+01	3.6234375000000000E+01
5.0431475214660168E+01	3.6234375000000000E+01
5.0490118183195591E+01	3.6234375000000000E+01
5.0548682413995266E+01	3.6234375000000000E+01
5.0607021652162075E+01	3.6234375000000000E+01
5.0665216706693172E+01	3.6234375000000000E+01
5.0723246812820435E+01	3.6234375000000000E+01
5.0781336709856987E+01	3.6234375000000000E+01
5.0839362815022469E+01	3.6234375000000000E+01
5.0897262983024120E+01	3.6234375000000000E+01
5.0955288529396057E+01	3.6234375000000000E+01
5.1013263687491417E+01	3.6234375000000000E+01
5.1071447595953941E+01	3.6234375000000000E+01
5.1129554219543934E+01	3.6234375000000000E+01
5.1187623821198940E+01	3.6234375000000000E+01
5.1245563022792339E+01	3.6234375000000000E+01
5.1303547777235508E+01	3.6234375000000000E+01
5.1361613564193249E+01	3.6234375000000000E+01
5.1419634275138378E+01	3.6234375000000000E+01
5.1477666698396206E+01	3.6234375000000000E+01
5.1535692013800144E+01	3.6234375000000000E+01
5.1593717463314533E+01	3.6234375000000000E+01
5.1651715151965618E+01	3.6234375000000000E+01
5.1709739685058594E+01	3.6234375000000000E+01
5.1767764016985893E+01	3.6234375000000000E+01
5.1825775407254696E+01	3.6234375000000000E+01
5.1883827611804008E+01	3.6234375000000000E+01
5.1941833212971687E+01	3.6234375000000000E+01
5.1999858684837818E+01	3.6234375000000000E+01
5.2057837441563606E+01	3.6234375000000000E+01
5.2115867197513580E+01	3.6234375000000000E+01
5.2173895388841629E+01	3.6234375000000000E+01
5.2231831431388855E+01	3.6234375000000000E+01
5.2289815932512283E+01	3.6234375000000000E+01
5.2347891256213188E+01	3.6234375000000000E+01
5.2406310588121414E+01	3.6234375000000000E+01
5.2464758843183517E+01	3.6234375000000000E+01
5.2523196339607239E+01	3.6234375000000000E+01
5.2581612825393677E+01	3.6234375000000000E+01
5.2640050165355206E+01	3.6234375000000000E+01
5.2698392741382122E+01	3.6234375000000000E+01
5.2756883606314659E+01	3.6234375000000000E+01
5.2815329670906067E+01	3.6234375000000000E+01
5.2873844049870968E+01	3.6234375000000000E+01
5.2932349860668182E+01	3.6234375000000000E+01
5.2990825943648815E+01	3.6234375000000000E+01
5.3049288436770439E+01	3.6234375000000000E+01
5.3107754036784172E+01	3.6234375000000000E+01
5.3166073404252529E+01	3.6234375000000000E+01
5.3224426850676537E+01	3.6234375000000000E+01
5.3282789081335068E+01	3.6234375000000000E+01
5.3341033190488815E+01	3.6234375000000000E+01
5.3399197697639465E+01	3.6234375000000000E+01
5.3457281015813351E+01	3.6234375000000000E+01
5.3515207327902317E+01	3.6234375000000000E+01
5.3573129810392857E+01	3.6234375000000000E+01
5.3631063185632229E+01	3.6234375000000000E+01
5.3689052537083626E+01	3.6234375000000000E+01
5.3747019954025745E+01	3.6234375000000000E+01
5.3805027738213539E+01	3.6234375000000000E+01
5.3863056801259518E+01	3.6234375000000000E+01
5.3921038605272770E+01	3.6234375000000000E+01
5.3979053705930710E+01	3.6234375000000000E+01
5.4037024877965450E+01	3.6234375000000000E+01
5.4095087572932243E+01	3.6234375000000000E+01
5.4153122536838055E+01	3.6234375000000000E+01
5.4211161054670811E+01	3.6234375000000000E+01
5.4269185103476048E+01	3.6234375000000000E+01
5.4327231556177139E+01	3.6234375000000000E+01
5.4385274566709995E+01	3.6234375000000000E+01
5.4443323165178299E+01	3.6234375000000000E+01
5.4501411162316799E+01	3.6234375000000000E+01
5.4559564568102360E+01	3.6234375000000000E+01
5.4617629073560238E+01	3.6234375000000000E+01
5.4675661616027355E+01	3.6234375000000000E+01
5.4733735956251621E+01	3.6234375000000000E+01
5.4791726380586624E+01	3.6234375000000000E+01
5.4849730126559734E+01	3.6234375000000000E+01
5.4907773822546005E+01	3.6234375000000000E+01
5.4965785078704357E+01	3.6234375000000000E+01
5.5023808389902115E+01	3.6234375000000000E+01
5.5081798143684864E+01	3.6234375000000000E+01
5.5139767028391361E+01	3.6234375000000000E+01
5.5197708301246166E+01	3.6234375000000000E+01
5.5255593366920948E+01	3.6234375000000000E+01
5.5313447646796703E+01	3.6234375000000000E+01
5.5371316306293011E+01	3.6234375000000000E+01
5.5429243117570877E+01	3.6234375000000000E+01
5.5487221516668797E+01	3.6234375000000000E+01
5.5545145757496357E+01	3.6234375000000000E+01
5.5603048190474510E+01	3.6234375000000000E+01
5.5661054067313671E+01	3.6234375000000000E+01
5.5719053626060486E+01	3.6234375000000000E+01
5.5777093343436718E+01	3.6234375000000000E+01
5.5835126757621765E+01	3.6234375000000000E+01
5.5893120594322681E+01	3.6234375000000000E+01
5.5951284654438496E+01	3.6234375000000000E+01
5.6009217388927937E+01	3.6234375000000000E+01
5.6067198395729065E+01	3.6234375000000000E+01
5.6125131160020828E+01	3.6234375000000000E+01
5.6183092236518860E+01	3.6234375000000000E+01
5.6241086170077324E+01	3.6234375000000000E+01
5.6299061119556427E+01	3.6234375000000000E+01
5.6356992460787296E+01	3.6234375000000000E+01
5.6414983913302422E+01	3.6234375000000000E+01
5.6473021030426025E+01	3.6234375000000000E+01
5.6531119406223297E+01	3.6234375000000000E+01
5.6589160017669201E+01	3.6234375000000000E+01
5.6647216588258743E+01	3.6234375000000000E+01
5.6705237790942192E+01	3.6234375000000000E+01
5.6763504557311535E+01	3.6234375000000000E+01
5.6821564421057701E+01	3.6234375000000000E+01
5.6879704922437668E+01	3.6234375000000000E+01
5.6937745593488216E+01	3.6234375000000000E+01
5.6995773911476135E+01	3.6234375000000000E+01
5.7053706876933575E+01	3.6234375000000000E+01
5.7111649483442307E+01	3.6234375000000000E+01
5.7169767342507839E+01	3.6234375000000000E+01
5.7228159457445145E+01	3.6234375000000000E+01
5.7286607787013054E+01	3.6234375000000000E+01
5.7345031768083572E+01	3.6234375000000000E+01
5.7403512172400951E+01	3.6234375000000000E+01
5.7461980856955051E+01	3.6234375000000000E+01
5.7520468071103096E+01	3.6234375000000000E+01
5.7578936554491520E+01	3.6234375000000000E+01
5.7637442283332348E+01	3.6234375000000000E+01
5.7695951581001282E+01	3.6234375000000000E+01
5.7754376024007797E+01	3.6234375000000000E+01
5.7812986284494400E+01	3.6234375000000000E+01
5.7871340349316597E+01	3.6234375000000000E+01
5.7929696887731552E+01	3.6234375000000000E+01
5.7988133981823921E+01	3.6234375000000000E+01
5.8046768829226494E+01	3.6234375000000000E+01
