9.3026459217071533E-04	3.5906250000000000E+01
5.9228315949440002E-02	3.6160156250000000E+01
1.1678630858659744E-01	3.6160156250000000E+01
1.7437601089477539E-01	3.6160156250000000E+01
2.3200577497482300E-01	3.6160156250000000E+01
2.8953769803047180E-01	3.6160156250000000E+01
3.4708727896213531E-01	3.6160156250000000E+01
4.0461983531713486E-01	3.6160156250000000E+01
4.6290117502212524E-01	3.6214843750000000E+01
5.2058810740709305E-01	3.6214843750000000E+01
5.7811067253351212E-01	3.6214843750000000E+01
6.3566756993532181E-01	3.6214843750000000E+01
6.9318176060914993E-01	3.6214843750000000E+01
7.5070077925920486E-01	3.6214843750000000E+01
8.0819089710712433E-01	3.6214843750000000E+01
8.6566507816314697E-01	3.6214843750000000E+01
9.2317230254411697E-01	3.6214843750000000E+01
9.8069112002849579E-01	3.6214843750000000E+01
1.0381841585040092E+00	3.6214843750000000E+01
1.0956854894757271E+00	3.6214843750000000E+01
1.1531891152262688E+00	3.6214843750000000E+01
1.2107333019375801E+00	3.6214843750000000E+01
1.2682268843054771E+00	3.6214843750000000E+01
1.3257447034120560E+00	3.6214843750000000E+01
1.3832640573382378E+00	3.6214843750000000E+01
1.4407484903931618E+00	3.6214843750000000E+01
1.4982904195785522E+00	3.6214843750000000E+01
1.5557877346873283E+00	3.6214843750000000E+01
1.6133049875497818E+00	3.6214843750000000E+01
1.6713668629527092E+00	3.6214843750000000E+01
1.7288417592644691E+00	3.6214843750000000E+01
1.7866676896810532E+00	3.6214843750000000E+01
1.8442422896623611E+00	3.6214843750000000E+01
1.9017690718173981E+00	3.6214843750000000E+01
1.9595732167363167E+00	3.6214843750000000E+01
2.0171264633536339E+00	3.6214843750000000E+01
2.0746559426188469E+00	3.6214843750000000E+01
2.1321357861161232E+00	3.6214843750000000E+01
2.1897319853305817E+00	3.6214843750000000E+01
2.2472581639885902E+00	3.6214843750000000E+01
2.3047988489270210E+00	3.6214843750000000E+01
2.3623496145009995E+00	3.6214843750000000E+01
2.4204286038875580E+00	3.6230468750000000E+01
2.4781041815876961E+00	3.6230468750000000E+01
2.5356326848268509E+00	3.6230468750000000E+01
2.5931603536009789E+00	3.6230468750000000E+01
2.6506807804107666E+00	3.6230468750000000E+01
2.7081925198435783E+00	3.6230468750000000E+01
2.7657125666737556E+00	3.6230468750000000E+01
2.8232084065675735E+00	3.6230468750000000E+01
2.8806960955262184E+00	3.6230468750000000E+01
2.9382430389523506E+00	3.6230468750000000E+01
2.9957650974392891E+00	3.6230468750000000E+01
3.0538739189505577E+00	3.6230468750000000E+01
3.1112566813826561E+00	3.6230468750000000E+01
3.1686306893825531E+00	3.6230468750000000E+01
3.2260631769895554E+00	3.6230468750000000E+01
3.2834065034985542E+00	3.6230468750000000E+01
3.3407425284385681E+00	3.6230468750000000E+01
3.3981239050626755E+00	3.6230468750000000E+01
3.4554667398333549E+00	3.6230468750000000E+01
3.5127916261553764E+00	3.6230468750000000E+01
3.5700958296656609E+00	3.6230468750000000E+01
3.6274275183677673E+00	3.6230468750000000E+01
3.6852984353899956E+00	3.6230468750000000E+01
3.7426714971661568E+00	3.6230468750000000E+01
3.8000637069344521E+00	3.6230468750000000E+01
3.8574220538139343E+00	3.6230468750000000E+01
3.9147526398301125E+00	3.6230468750000000E+01
3.9720837548375130E+00	3.6230468750000000E+01
4.0294336006045341E+00	3.6230468750000000E+01
4.0867676436901093E+00	3.6230468750000000E+01
4.1441160067915916E+00	3.6230468750000000E+01
4.2015341520309448E+00	3.6230468750000000E+01
4.2591230273246765E+00	3.6230468750000000E+01
4.3164938315749168E+00	3.6230468750000000E+01
4.3738075420260429E+00	3.6230468750000000E+01
4.4311580359935760E+00	3.6230468750000000E+01
4.4885117337107658E+00	3.6230468750000000E+01
4.5458549931645393E+00	3.6230468750000000E+01
4.6032204926013947E+00	3.6230468750000000E+01
4.6605603694915771E+00	3.6230468750000000E+01
4.7178933620452881E+00	3.6230468750000000E+01
4.7752244025468826E+00	3.6230468750000000E+01
4.8325680419802666E+00	3.6230468750000000E+01
4.8898832499980927E+00	3.6230468750000000E+01
4.9471995458006859E+00	3.6230468750000000E+01
5.0045599415898323E+00	3.6230468750000000E+01
5.0618582591414452E+00	3.6230468750000000E+01
5.1191760823130608E+00	3.6230468750000000E+01
5.1764961481094360E+00	3.6230468750000000E+01
5.2338382825255394E+00	3.6230468750000000E+01
5.2911643385887146E+00	3.6230468750000000E+01
5.3485337719321251E+00	3.6230468750000000E+01
5.4058917611837387E+00	3.6230468750000000E+01
5.4632579609751701E+00	3.6230468750000000E+01
5.5206255167722702E+00	3.6230468750000000E+01
5.5780017375946045E+00	3.6230468750000000E+01
5.6353761479258537E+00	3.6230468750000000E+01
5.6927170231938362E+00	3.6230468750000000E+01
5.7500595077872276E+00	3.6230468750000000E+01
5.8074157908558846E+00	3.6230468750000000E+01
5.8653921633958817E+00	3.6230468750000000E+01
5.9228753745555878E+00	3.6230468750000000E+01
5.9802661165595055E+00	3.6230468750000000E+01
6.0376319736242294E+00	3.6230468750000000E+01
6.0950141400098801E+00	3.6230468750000000E+01
6.1523920446634293E+00	3.6230468750000000E+01
6.2098219543695450E+00	3.6230468750000000E+01
6.2671987712383270E+00	3.6230468750000000E+01
6.3247937783598900E+00	3.6230468750000000E+01
6.3821802660822868E+00	3.6230468750000000E+01
6.4398802220821381E+00	3.6230468750000000E+01
6.4972842037677765E+00	3.6230468750000000E+01
6.5546798631548882E+00	3.6230468750000000E+01
6.6120315864682198E+00	3.6230468750000000E+01
6.6694265082478523E+00	3.6230468750000000E+01
6.7268115803599358E+00	3.6230468750000000E+01
6.7841758280992508E+00	3.6230468750000000E+01
6.8415258824825287E+00	3.6230468750000000E+01
6.8989338055253029E+00	3.6230468750000000E+01
6.9563606679439545E+00	3.6230468750000000E+01
7.0137443095445633E+00	3.6230468750000000E+01
7.0711019113659859E+00	3.6230468750000000E+01
7.1285045072436333E+00	3.6230468750000000E+01
7.1859038993716240E+00	3.6230468750000000E+01
7.2433164566755295E+00	3.6230468750000000E+01
7.3006699085235596E+00	3.6230468750000000E+01
7.3580667674541473E+00	3.6230468750000000E+01
7.4154781103134155E+00	3.6230468750000000E+01
7.4734769463539124E+00	3.6230468750000000E+01
7.5308751463890076E+00	3.6230468750000000E+01
7.5882459431886673E+00	3.6230468750000000E+01
7.6456457152962685E+00	3.6230468750000000E+01
7.7030078172683716E+00	3.6230468750000000E+01
7.7603754922747612E+00	3.6230468750000000E+01
7.8177562505006790E+00	3.6230468750000000E+01
7.8751103058457375E+00	3.6230468750000000E+01
7.9324712976813316E+00	3.6230468750000000E+01
7.9898236617445946E+00	3.6230468750000000E+01
8.0471948981285095E+00	3.6230468750000000E+01
8.1045318618416786E+00	3.6230468750000000E+01
8.1618847995996475E+00	3.6230468750000000E+01
8.2192868888378143E+00	3.6230468750000000E+01
8.2766235992312431E+00	3.6230468750000000E+01
8.3339281976222992E+00	3.6230468750000000E+01
8.3912902176380157E+00	3.6230468750000000E+01
8.4486059099435806E+00	3.6230468750000000E+01
8.5059190317988396E+00	3.6230468750000000E+01
8.5632877126336098E+00	3.6230468750000000E+01
8.6206337735056877E+00	3.6230468750000000E+01
8.6783613339066505E+00	3.6230468750000000E+01
8.7356815636157990E+00	3.6230468750000000E+01
8.7929986119270325E+00	3.6230468750000000E+01
8.8505289107561111E+00	3.6230468750000000E+01
8.9081194922327995E+00	3.6230468750000000E+01
8.9657373130321503E+00	3.6230468750000000E+01
9.0233630388975143E+00	3.6230468750000000E+01
9.0809619799256325E+00	3.6230468750000000E+01
9.1385648921132088E+00	3.6230468750000000E+01
9.1961988359689713E+00	3.6230468750000000E+01
9.2538023293018341E+00	3.6230468750000000E+01
9.3114259168505669E+00	3.6230468750000000E+01
9.3689894080162048E+00	3.6230468750000000E+01
9.4266384840011597E+00	3.6230468750000000E+01
9.4842291399836540E+00	3.6230468750000000E+01
9.5418128892779350E+00	3.6230468750000000E+01
9.5993809103965759E+00	3.6230468750000000E+01
9.6569592878222466E+00	3.6230468750000000E+01
9.7145389467477798E+00	3.6230468750000000E+01
9.7721268236637115E+00	3.6230468750000000E+01
9.8297415226697922E+00	3.6230468750000000E+01
9.8873888254165649E+00	3.6230468750000000E+01
9.9450238794088364E+00	3.6230468750000000E+01
1.0002609722316265E+01	3.6230468750000000E+01
1.0060208380222321E+01	3.6230468750000000E+01
1.0117862112820148E+01	3.6230468750000000E+01
1.0176063559949398E+01	3.6230468750000000E+01
1.0233996778726578E+01	3.6230468750000000E+01
1.0291537567973137E+01	3.6230468750000000E+01
1.0349326111376286E+01	3.6230468750000000E+01
1.0406830184161663E+01	3.6230468750000000E+01
1.0464375734329224E+01	3.6230468750000000E+01
1.0521972708404064E+01	3.6230468750000000E+01
1.0579580001533031E+01	3.6230468750000000E+01
1.0637179665267467E+01	3.6230468750000000E+01
1.0694811858236790E+01	3.6230468750000000E+01
1.0752662569284439E+01	3.6230468750000000E+01
1.0810163818299770E+01	3.6230468750000000E+01
1.0867796182632446E+01	3.6230468750000000E+01
1.0925440415740013E+01	3.6230468750000000E+01
1.0983051091432571E+01	3.6230468750000000E+01
1.1040657110512257E+01	3.6230468750000000E+01
1.1098293654620647E+01	3.6230468750000000E+01
1.1155914306640625E+01	3.6230468750000000E+01
1.1213546596467495E+01	3.6230468750000000E+01
1.1271173372864723E+01	3.6230468750000000E+01
1.1328796900808811E+01	3.6230468750000000E+01
1.1386432319879532E+01	3.6230468750000000E+01
1.1444073855876923E+01	3.6230468750000000E+01
1.1501714058220387E+01	3.6230468750000000E+01
1.1559351630508900E+01	3.6230468750000000E+01
1.1617484271526337E+01	3.6230468750000000E+01
1.1675125651061535E+01	3.6230468750000000E+01
1.1732511930167675E+01	3.6230468750000000E+01
1.1789882518351078E+01	3.6230468750000000E+01
1.1847239263355732E+01	3.6230468750000000E+01
1.1904625907540321E+01	3.6230468750000000E+01
1.1961976580321789E+01	3.6230468750000000E+01
1.2019344575703144E+01	3.6230468750000000E+01
1.2076697170734406E+01	3.6230468750000000E+01
1.2134050443768501E+01	3.6230468750000000E+01
1.2191479578614235E+01	3.6230468750000000E+01
1.2249400243163109E+01	3.6230468750000000E+01
1.2307090491056442E+01	3.6230468750000000E+01
1.2364426672458649E+01	3.6230468750000000E+01
1.2422180064022541E+01	3.6230468750000000E+01
1.2479538954794407E+01	3.6230468750000000E+01
1.2536892883479595E+01	3.6230468750000000E+01
1.2594237871468067E+01	3.6230468750000000E+01
1.2651582755148411E+01	3.6230468750000000E+01
1.2708954624831676E+01	3.6230468750000000E+01
1.2766306735575199E+01	3.6230468750000000E+01
1.2823647737503052E+01	3.6230468750000000E+01
1.2880988590419292E+01	3.6230468750000000E+01
1.2938355825841427E+01	3.6230468750000000E+01
1.2995710581541061E+01	3.6230468750000000E+01
1.3053056001663208E+01	3.6230468750000000E+01
1.3110452204942703E+01	3.6230468750000000E+01
1.3167837657034397E+01	3.6230468750000000E+01
1.3225223198533058E+01	3.6230468750000000E+01
1.3282584391534328E+01	3.6230468750000000E+01
1.3339958317577839E+01	3.6230468750000000E+01
1.3397336758673191E+01	3.6230468750000000E+01
1.3454712443053722E+01	3.6230468750000000E+01
1.3512083642184734E+01	3.6230468750000000E+01
1.3569456316530704E+01	3.6230468750000000E+01
1.3626834392547607E+01	3.6230468750000000E+01
1.3684184394776821E+01	3.6230468750000000E+01
1.3741565600037575E+01	3.6230468750000000E+01
1.3799270346760750E+01	3.6230468750000000E+01
1.3856695443391800E+01	3.6230468750000000E+01
1.3914079107344151E+01	3.6230468750000000E+01
1.3971452377736568E+01	3.6230468750000000E+01
1.4028806462883949E+01	3.6230468750000000E+01
1.4086200155317783E+01	3.6230468750000000E+01
1.4143604069948196E+01	3.6230468750000000E+01
1.4201084114611149E+01	3.6230468750000000E+01
1.4258509799838066E+01	3.6230468750000000E+01
1.4315918028354645E+01	3.6230468750000000E+01
1.4373339056968689E+01	3.6230468750000000E+01
1.4430765211582184E+01	3.6230468750000000E+01
1.4488158263266087E+01	3.6230468750000000E+01
1.4545591033995152E+01	3.6230468750000000E+01
1.4602973520755768E+01	3.6230468750000000E+01
1.4660379506647587E+01	3.6230468750000000E+01
1.4717768430709839E+01	3.6230468750000000E+01
1.4775162130594254E+01	3.6230468750000000E+01
1.4832575529813766E+01	3.6230468750000000E+01
1.4889985583722591E+01	3.6230468750000000E+01
1.4947419993579388E+01	3.6230468750000000E+01
1.5004814602434635E+01	3.6230468750000000E+01
1.5062247775495052E+01	3.6230468750000000E+01
1.5119693964719772E+01	3.6230468750000000E+01
1.5177123181521893E+01	3.6230468750000000E+01
1.5234646871685982E+01	3.6230468750000000E+01
1.5292064666748047E+01	3.6230468750000000E+01
1.5349487885832787E+01	3.6230468750000000E+01
1.5407265372574329E+01	3.6230468750000000E+01
1.5464710451662540E+01	3.6230468750000000E+01
1.5522169418632984E+01	3.6230468750000000E+01
1.5579616919159889E+01	3.6230468750000000E+01
1.5637030638754368E+01	3.6230468750000000E+01
1.5694443471729755E+01	3.6230468750000000E+01
1.5751829549670219E+01	3.6230468750000000E+01
1.5809238635003567E+01	3.6230468750000000E+01
1.5866690382361412E+01	3.6230468750000000E+01
1.5924131542444229E+01	3.6230468750000000E+01
1.5981540322303772E+01	3.6230468750000000E+01
1.6039462417364120E+01	3.6230468750000000E+01
1.6096860788762569E+01	3.6230468750000000E+01
1.6154277391731739E+01	3.6230468750000000E+01
1.6211766980588436E+01	3.6230468750000000E+01
1.6269161537289619E+01	3.6230468750000000E+01
1.6326664872467518E+01	3.6230468750000000E+01
1.6384131349623203E+01	3.6230468750000000E+01
1.6441567890346050E+01	3.6230468750000000E+01
1.6499034464359283E+01	3.6230468750000000E+01
1.6556479297578335E+01	3.6230468750000000E+01
1.6613910809159279E+01	3.6230468750000000E+01
1.6671311251819134E+01	3.6230468750000000E+01
1.6728738754987717E+01	3.6230468750000000E+01
1.6786183588206768E+01	3.6230468750000000E+01
1.6843617215752602E+01	3.6230468750000000E+01
1.6901052393019199E+01	3.6230468750000000E+01
1.6958475954830647E+01	3.6230468750000000E+01
1.7015856958925724E+01	3.6230468750000000E+01
1.7073267817497253E+01	3.6230468750000000E+01
1.7130747556686401E+01	3.6230468750000000E+01
1.7188204683363438E+01	3.6230468750000000E+01
1.7245638675987720E+01	3.6230468750000000E+01
1.7303049489855766E+01	3.6230468750000000E+01
1.7360497303307056E+01	3.6230468750000000E+01
1.7417935192584991E+01	3.6230468750000000E+01
1.7475351914763451E+01	3.6230468750000000E+01
1.7532786920666695E+01	3.6230468750000000E+01
1.7590199716389179E+01	3.6230468750000000E+01
1.7647659078240395E+01	3.6230468750000000E+01
1.7705099791288376E+01	3.6230468750000000E+01
1.7762535609304905E+01	3.6230468750000000E+01
1.7819938078522682E+01	3.6230468750000000E+01
1.7877349071204662E+01	3.6230468750000000E+01
1.7934783689677715E+01	3.6230468750000000E+01
1.7992197334766388E+01	3.6230468750000000E+01
1.8049626857042313E+01	3.6230468750000000E+01
1.8107081301510334E+01	3.6230468750000000E+01
1.8164505861699581E+01	3.6230468750000000E+01
1.8222001835703850E+01	3.6230468750000000E+01
1.8279541343450546E+01	3.6230468750000000E+01
1.8337111666798592E+01	3.6230468750000000E+01
1.8394681610167027E+01	3.6230468750000000E+01
1.8452292338013649E+01	3.6230468750000000E+01
1.8509919255971909E+01	3.6230468750000000E+01
1.8567767843604088E+01	3.6230468750000000E+01
1.8625336848199368E+01	3.6230468750000000E+01
1.8682903863489628E+01	3.6230468750000000E+01
1.8740474402904510E+01	3.6230468750000000E+01
1.8797999694943428E+01	3.6230468750000000E+01
1.8855506680905819E+01	3.6230468750000000E+01
1.8913060866296291E+01	3.6230468750000000E+01
1.8970597535371780E+01	3.6230468750000000E+01
1.9028145544230938E+01	3.6230468750000000E+01
1.9085696175694466E+01	3.6230468750000000E+01
1.9143240883946419E+01	3.6230468750000000E+01
1.9200840048491955E+01	3.6230468750000000E+01
1.9258364260196686E+01	3.6230468750000000E+01
1.9315898880362511E+01	3.6230468750000000E+01
1.9373449914157391E+01	3.6230468750000000E+01
1.9431003056466579E+01	3.6230468750000000E+01
1.9488569624722004E+01	3.6230468750000000E+01
1.9546169176697731E+01	3.6230468750000000E+01
1.9603745162487030E+01	3.6230468750000000E+01
1.9661313042044640E+01	3.6230468750000000E+01
1.9718857631087303E+01	3.6230468750000000E+01
1.9776431806385517E+01	3.6230468750000000E+01
1.9833956070244312E+01	3.6230468750000000E+01
1.9891401775181293E+01	3.6230468750000000E+01
1.9948818616569042E+01	3.6230468750000000E+01
2.0006234459578991E+01	3.6230468750000000E+01
2.0063667453825474E+01	3.6230468750000000E+01
2.0121093936264515E+01	3.6230468750000000E+01
2.0178488329052925E+01	3.6230468750000000E+01
2.0235977672040462E+01	3.6230468750000000E+01
2.0293417960405350E+01	3.6230468750000000E+01
2.0350821211934090E+01	3.6230468750000000E+01
2.0408250227570534E+01	3.6230468750000000E+01
2.0465726368129253E+01	3.6230468750000000E+01
2.0523191705346107E+01	3.6230468750000000E+01
2.0580644898116589E+01	3.6230468750000000E+01
2.0638075284659863E+01	3.6230468750000000E+01
2.0695506967604160E+01	3.6230468750000000E+01
2.0752959966659546E+01	3.6230468750000000E+01
2.0810410559177399E+01	3.6230468750000000E+01
2.0867832928895950E+01	3.6230468750000000E+01
2.0925292864441872E+01	3.6230468750000000E+01
2.0982714168727398E+01	3.6230468750000000E+01
2.1040438868105412E+01	3.6230468750000000E+01
2.1097873143851757E+01	3.6230468750000000E+01
2.1155325450003147E+01	3.6230468750000000E+01
2.1212785631418228E+01	3.6230468750000000E+01
2.1270200952887535E+01	3.6230468750000000E+01
2.1327626064419746E+01	3.6230468750000000E+01
2.1385076642036438E+01	3.6230468750000000E+01
2.1443082191050053E+01	3.6230468750000000E+01
2.1500698000192642E+01	3.6230468750000000E+01
2.1558151617646217E+01	3.6230468750000000E+01
2.1615601100027561E+01	3.6230468750000000E+01
2.1673073038458824E+01	3.6230468750000000E+01
2.1730477243661880E+01	3.6230468750000000E+01
2.1787876740098000E+01	3.6230468750000000E+01
2.1845326252281666E+01	3.6230468750000000E+01
2.1902727887034416E+01	3.6230468750000000E+01
2.1960162423551083E+01	3.6230468750000000E+01
2.2017609566450119E+01	3.6230468750000000E+01
2.2075014539062977E+01	3.6230468750000000E+01
2.2132451727986336E+01	3.6230468750000000E+01
2.2189909845590591E+01	3.6230468750000000E+01
2.2247343175113201E+01	3.6230468750000000E+01
2.2305312968790531E+01	3.6230468750000000E+01
2.2362701222300529E+01	3.6230468750000000E+01
2.2420147642493248E+01	3.6230468750000000E+01
2.2477854847908020E+01	3.6230468750000000E+01
2.2535296596586704E+01	3.6230468750000000E+01
2.2592745393514633E+01	3.6230468750000000E+01
2.2650159955024719E+01	3.6230468750000000E+01
2.2707555450499058E+01	3.6230468750000000E+01
2.2765012711286545E+01	3.6230468750000000E+01
2.2822449281811714E+01	3.6230468750000000E+01
2.2880589261651039E+01	3.6230468750000000E+01
2.2938050657510757E+01	3.6230468750000000E+01
2.2995487853884697E+01	3.6230468750000000E+01
2.3052910439670086E+01	3.6230468750000000E+01
2.3110555872321129E+01	3.6230468750000000E+01
2.3167943432927132E+01	3.6230468750000000E+01
2.3225380018353462E+01	3.6230468750000000E+01
2.3282783575356007E+01	3.6230468750000000E+01
2.3340206854045391E+01	3.6230468750000000E+01
2.3397650174796581E+01	3.6230468750000000E+01
2.3455339074134827E+01	3.6230468750000000E+01
2.3512748993933201E+01	3.6230468750000000E+01
2.3570115290582180E+01	3.6230468750000000E+01
2.3627765715122223E+01	3.6230468750000000E+01
2.3685181736946106E+01	3.6230468750000000E+01
2.3742633454501629E+01	3.6230468750000000E+01
2.3800028145313263E+01	3.6230468750000000E+01
2.3857439294457436E+01	3.6230468750000000E+01
2.3914859808981419E+01	3.6230468750000000E+01
2.3972266592085361E+01	3.6230468750000000E+01
2.4029701977968216E+01	3.6230468750000000E+01
2.4087116077542305E+01	3.6230468750000000E+01
2.4144524864852428E+01	3.6230468750000000E+01
2.4202720306813717E+01	3.6230468750000000E+01
2.4260101094841957E+01	3.6230468750000000E+01
2.4317509591579437E+01	3.6230468750000000E+01
2.4374911546707153E+01	3.6230468750000000E+01
2.4432343333959579E+01	3.6230468750000000E+01
2.4489741116762161E+01	3.6230468750000000E+01
2.4547180071473122E+01	3.6230468750000000E+01
2.4604588821530342E+01	3.6230468750000000E+01
2.4661960847675800E+01	3.6230468750000000E+01
2.4719336763024330E+01	3.6230468750000000E+01
2.4776715442538261E+01	3.6230468750000000E+01
2.4834086306393147E+01	3.6230468750000000E+01
2.4891453288495541E+01	3.6230468750000000E+01
2.4948850393295288E+01	3.6230468750000000E+01
2.5006236076354980E+01	3.6230468750000000E+01
2.5063619494438171E+01	3.6230468750000000E+01
2.5121046304702759E+01	3.6230468750000000E+01
2.5178484380245209E+01	3.6230468750000000E+01
2.5235889099538326E+01	3.6230468750000000E+01
2.5293288044631481E+01	3.6230468750000000E+01
2.5350691586732864E+01	3.6230468750000000E+01
2.5408083975315094E+01	3.6230468750000000E+01
2.5465475186705589E+01	3.6230468750000000E+01
2.5522918395698071E+01	3.6230468750000000E+01
2.5580357588827610E+01	3.6230468750000000E+01
2.5637756191194057E+01	3.6230468750000000E+01
2.5695157475769520E+01	3.6230468750000000E+01
2.5752531930804253E+01	3.6230468750000000E+01
2.5809965945780277E+01	3.6230468750000000E+01
2.5867376610636711E+01	3.6230468750000000E+01
2.5924750119447708E+01	3.6230468750000000E+01
2.5982151262462139E+01	3.6230468750000000E+01
2.6039557471871376E+01	3.6230468750000000E+01
2.6096963182091713E+01	3.6230468750000000E+01
2.6154387831687927E+01	3.6230468750000000E+01
2.6211881257593632E+01	3.6230468750000000E+01
2.6269296847283840E+01	3.6230468750000000E+01
2.6326694823801517E+01	3.6230468750000000E+01
2.6384129375219345E+01	3.6230468750000000E+01
2.6441559344530106E+01	3.6230468750000000E+01
2.6498979799449444E+01	3.6230468750000000E+01
2.6556365907192230E+01	3.6230468750000000E+01
2.6613778278231621E+01	3.6230468750000000E+01
2.6671203501522541E+01	3.6230468750000000E+01
2.6728619456291199E+01	3.6230468750000000E+01
2.6786028496921062E+01	3.6230468750000000E+01
2.6843477927148342E+01	3.6230468750000000E+01
2.6900917142629623E+01	3.6230468750000000E+01
2.6958360120654106E+01	3.6230468750000000E+01
2.7015785187482834E+01	3.6230468750000000E+01
2.7073229499161243E+01	3.6230468750000000E+01
2.7130655251443386E+01	3.6230468750000000E+01
2.7188089728355408E+01	3.6230468750000000E+01
2.7245492570102215E+01	3.6230468750000000E+01
2.7302903659641743E+01	3.6230468750000000E+01
2.7360355608165264E+01	3.6230468750000000E+01
2.7417802102863789E+01	3.6230468750000000E+01
2.7475232228636742E+01	3.6230468750000000E+01
2.7532731458544731E+01	3.6230468750000000E+01
2.7590168662369251E+01	3.6230468750000000E+01
2.7647636003792286E+01	3.6230468750000000E+01
2.7705820262432098E+01	3.6230468750000000E+01
2.7763266146183014E+01	3.6230468750000000E+01
2.7820719145238400E+01	3.6230468750000000E+01
2.7878172256052494E+01	3.6230468750000000E+01
2.7935672327876091E+01	3.6230468750000000E+01
2.7993109501898289E+01	3.6230468750000000E+01
2.8050544545054436E+01	3.6230468750000000E+01
2.8107953093945980E+01	3.6230468750000000E+01
2.8165389850735664E+01	3.6230468750000000E+01
2.8223455362021923E+01	3.6230468750000000E+01
2.8280905351042747E+01	3.6230468750000000E+01
2.8338654860854149E+01	3.6230468750000000E+01
2.8396133534610271E+01	3.6230468750000000E+01
2.8453593820333481E+01	3.6230468750000000E+01
2.8511038526892662E+01	3.6230468750000000E+01
2.8568504527211189E+01	3.6230468750000000E+01
2.8625942282378674E+01	3.6230468750000000E+01
2.8683374658226967E+01	3.6230468750000000E+01
2.8740784347057343E+01	3.6230468750000000E+01
2.8798196479678154E+01	3.6230468750000000E+01
2.8855623520910740E+01	3.6230468750000000E+01
2.8913020402193069E+01	3.6230468750000000E+01
2.8970410704612732E+01	3.6230468750000000E+01
2.9027877472341061E+01	3.6230468750000000E+01
2.9085288099944592E+01	3.6230468750000000E+01
2.9142723135650158E+01	3.6230468750000000E+01
2.9200161278247833E+01	3.6230468750000000E+01
2.9257577218115330E+01	3.6230468750000000E+01
2.9314987219870090E+01	3.6230468750000000E+01
2.9372444733977318E+01	3.6230468750000000E+01
2.9429888173937798E+01	3.6230468750000000E+01
2.9487322308123112E+01	3.6230468750000000E+01
2.9544756241142750E+01	3.6230468750000000E+01
2.9602188609540462E+01	3.6230468750000000E+01
2.9659620650112629E+01	3.6230468750000000E+01
2.9717558071017265E+01	3.6230468750000000E+01
2.9775010786950588E+01	3.6230468750000000E+01
2.9832461595535278E+01	3.6230468750000000E+01
2.9889899268746376E+01	3.6230468750000000E+01
2.9947344481945038E+01	3.6230468750000000E+01
3.0004807867109776E+01	3.6230468750000000E+01
3.0062282048165798E+01	3.6230468750000000E+01
3.0119729533791542E+01	3.6230468750000000E+01
3.0177203342318535E+01	3.6230468750000000E+01
3.0234781801700592E+01	3.6230468750000000E+01
3.0292417220771313E+01	3.6230468750000000E+01
3.0349835366010666E+01	3.6230468750000000E+01
3.0407311633229256E+01	3.6230468750000000E+01
3.0464739978313446E+01	3.6230468750000000E+01
3.0522178992629051E+01	3.6230468750000000E+01
3.0579961262643337E+01	3.6230468750000000E+01
3.0637408778071404E+01	3.6230468750000000E+01
3.0694852404296398E+01	3.6230468750000000E+01
3.0752326309680939E+01	3.6230468750000000E+01
3.0809761635959148E+01	3.6230468750000000E+01
3.0867178745567799E+01	3.6230468750000000E+01
3.0924608223140240E+01	3.6230468750000000E+01
3.0982035890221596E+01	3.6230468750000000E+01
3.1039482794702053E+01	3.6230468750000000E+01
3.1096882253885269E+01	3.6230468750000000E+01
3.1154371082782745E+01	3.6230468750000000E+01
3.1211793370544910E+01	3.6230468750000000E+01
3.1269235648214817E+01	3.6230468750000000E+01
3.1326682969927788E+01	3.6230468750000000E+01
3.1384135901927948E+01	3.6230468750000000E+01
3.1441569298505783E+01	3.6230468750000000E+01
3.1499025553464890E+01	3.6230468750000000E+01
3.1556500218808651E+01	3.6230468750000000E+01
3.1613946035504341E+01	3.6230468750000000E+01
3.1671389184892178E+01	3.6230468750000000E+01
3.1728860512375832E+01	3.6230468750000000E+01
3.1786315485835075E+01	3.6230468750000000E+01
3.1843764588236809E+01	3.6230468750000000E+01
3.1901184462010860E+01	3.6230468750000000E+01
3.1958637058734894E+01	3.6230468750000000E+01
3.2016086697578430E+01	3.6230468750000000E+01
3.2073512658476830E+01	3.6230468750000000E+01
3.2130974657833576E+01	3.6230468750000000E+01
3.2188483312726021E+01	3.6230468750000000E+01
3.2245943404734135E+01	3.6230468750000000E+01
3.2303367264568806E+01	3.6230468750000000E+01
3.2360788300633430E+01	3.6230468750000000E+01
3.2418260246515274E+01	3.6230468750000000E+01
3.2475714564323425E+01	3.6230468750000000E+01
3.2533135294914246E+01	3.6230468750000000E+01
3.2590578064322472E+01	3.6230468750000000E+01
3.2647992610931396E+01	3.6230468750000000E+01
3.2705453880131245E+01	3.6230468750000000E+01
3.2762873664498329E+01	3.6230468750000000E+01
3.2820297271013260E+01	3.6230468750000000E+01
3.2877716526389122E+01	3.6230468750000000E+01
3.2935135208070278E+01	3.6230468750000000E+01
3.2992541812360287E+01	3.6230468750000000E+01
3.3049947261810303E+01	3.6230468750000000E+01
3.3107382431626320E+01	3.6230468750000000E+01
3.3164846025407314E+01	3.6230468750000000E+01
3.3222287945449352E+01	3.6230468750000000E+01
3.3279720306396484E+01	3.6230468750000000E+01
3.3337164595723152E+01	3.6230468750000000E+01
3.3394603312015533E+01	3.6230468750000000E+01
3.3452013008296490E+01	3.6230468750000000E+01
3.3509436450898647E+01	3.6230468750000000E+01
3.3566848658025265E+01	3.6230468750000000E+01
3.3624278262257576E+01	3.6230468750000000E+01
3.3681697644293308E+01	3.6230468750000000E+01
3.3739151746034622E+01	3.6230468750000000E+01
3.3796598538756371E+01	3.6230468750000000E+01
3.3854011476039886E+01	3.6230468750000000E+01
3.3911447867751122E+01	3.6230468750000000E+01
3.3968858465552330E+01	3.6230468750000000E+01
3.4026309840381145E+01	3.6230468750000000E+01
3.4083727873861790E+01	3.6230468750000000E+01
3.4141172207891941E+01	3.6230468750000000E+01
3.4198669105768204E+01	3.6230468750000000E+01
3.4256116114556789E+01	3.6230468750000000E+01
3.4313556060194969E+01	3.6230468750000000E+01
3.4371009051799774E+01	3.6230468750000000E+01
3.4428391657769680E+01	3.6230468750000000E+01
3.4485831461846828E+01	3.6230468750000000E+01
3.4543281435966492E+01	3.6230468750000000E+01
3.4600721105933189E+01	3.6230468750000000E+01
3.4658149428665638E+01	3.6230468750000000E+01
3.4715575635433197E+01	3.6230468750000000E+01
3.4773000523447990E+01	3.6230468750000000E+01
3.4830427385866642E+01	3.6230468750000000E+01
3.4887857824563980E+01	3.6230468750000000E+01
3.4945300154387951E+01	3.6230468750000000E+01
3.5002704307436943E+01	3.6230468750000000E+01
3.5060140825808048E+01	3.6230468750000000E+01
3.5117542684078217E+01	3.6230468750000000E+01
3.5175457611680031E+01	3.6230468750000000E+01
3.5232908166944981E+01	3.6230468750000000E+01
3.5290335759520531E+01	3.6230468750000000E+01
3.5347766116261482E+01	3.6230468750000000E+01
3.5405181817710400E+01	3.6230468750000000E+01
3.5462607085704803E+01	3.6230468750000000E+01
3.5520037584006786E+01	3.6230468750000000E+01
3.5577453218400478E+01	3.6230468750000000E+01
3.5634856887161732E+01	3.6230468750000000E+01
3.5692256659269333E+01	3.6230468750000000E+01
3.5749620735645294E+01	3.6230468750000000E+01
3.5806999824941158E+01	3.6230468750000000E+01
3.5864405721426010E+01	3.6230468750000000E+01
3.5921758636832237E+01	3.6230468750000000E+01
3.5979160919785500E+01	3.6230468750000000E+01
3.6037386104464531E+01	3.6230468750000000E+01
3.6094772666692734E+01	3.6230468750000000E+01
3.6152140185236931E+01	3.6230468750000000E+01
3.6209612950682640E+01	3.6230468750000000E+01
3.6267029151320457E+01	3.6230468750000000E+01
3.6324413649737835E+01	3.6230468750000000E+01
3.6381753616034985E+01	3.6230468750000000E+01
3.6439135953783989E+01	3.6230468750000000E+01
3.6496527992188931E+01	3.6230468750000000E+01
3.6553904831409454E+01	3.6230468750000000E+01
3.6611297227442265E+01	3.6230468750000000E+01
3.6668647006154060E+01	3.6230468750000000E+01
3.6726024240255356E+01	3.6230468750000000E+01
3.6783466786146164E+01	3.6230468750000000E+01
3.6841031551361084E+01	3.6230468750000000E+01
3.6898554220795631E+01	3.6230468750000000E+01
3.6956087253987789E+01	3.6230468750000000E+01
3.7013648658990860E+01	3.6230468750000000E+01
3.7071164675056934E+01	3.6230468750000000E+01
3.7128701105713844E+01	3.6230468750000000E+01
3.7186295107007027E+01	3.6230468750000000E+01
3.7243797466158867E+01	3.6230468750000000E+01
3.7301328577101231E+01	3.6230468750000000E+01
3.7358851663768291E+01	3.6230468750000000E+01
3.7416395284235477E+01	3.6230468750000000E+01
3.7473893068730831E+01	3.6230468750000000E+01
3.7531416185200214E+01	3.6230468750000000E+01
3.7588869705796242E+01	3.6230468750000000E+01
3.7646246105432510E+01	3.6230468750000000E+01
3.7703819930553436E+01	3.6230468750000000E+01
3.7761158928275108E+01	3.6230468750000000E+01
3.7818487003445625E+01	3.6230468750000000E+01
3.7875798024237156E+01	3.6230468750000000E+01
3.7933115638792515E+01	3.6230468750000000E+01
3.7990707822144032E+01	3.6230468750000000E+01
3.8048029772937298E+01	3.6230468750000000E+01
3.8105348289012909E+01	3.6230468750000000E+01
3.8164029747247696E+01	3.6234375000000000E+01
3.8221776433289051E+01	3.6234375000000000E+01
3.8279295898973942E+01	3.6234375000000000E+01
3.8336779981851578E+01	3.6234375000000000E+01
3.8394582554697990E+01	3.6234375000000000E+01
3.8452072910964489E+01	3.6234375000000000E+01
3.8509864799678326E+01	3.6234375000000000E+01
3.8567392766475677E+01	3.6234375000000000E+01
3.8624902106821537E+01	3.6234375000000000E+01
3.8682358354330063E+01	3.6234375000000000E+01
3.8739754959940910E+01	3.6234375000000000E+01
3.8797171182930470E+01	3.6234375000000000E+01
3.8854557208716869E+01	3.6234375000000000E+01
3.8912297323346138E+01	3.6234375000000000E+01
3.8969723947346210E+01	3.6234375000000000E+01
3.9027169361710548E+01	3.6234375000000000E+01
3.9084565088152885E+01	3.6234375000000000E+01
3.9141950570046902E+01	3.6234375000000000E+01
3.9199374802410603E+01	3.6234375000000000E+01
3.9256739281117916E+01	3.6234375000000000E+01
3.9314118519425392E+01	3.6234375000000000E+01
3.9371472395956516E+01	3.6234375000000000E+01
3.9428844682872295E+01	3.6234375000000000E+01
3.9486194707453251E+01	3.6234375000000000E+01
3.9543577358126640E+01	3.6234375000000000E+01
3.9600943639874458E+01	3.6234375000000000E+01
3.9658845871686935E+01	3.6234375000000000E+01
3.9716509491205215E+01	3.6234375000000000E+01
3.9773907408118248E+01	3.6234375000000000E+01
3.9831309579312801E+01	3.6234375000000000E+01
3.9888688594102859E+01	3.6234375000000000E+01
3.9946019075810909E+01	3.6234375000000000E+01
4.0003367565572262E+01	3.6234375000000000E+01
4.0060685470700264E+01	3.6234375000000000E+01
4.0117994740605354E+01	3.6234375000000000E+01
4.0175306893885136E+01	3.6234375000000000E+01
4.0232760451734066E+01	3.6234375000000000E+01
4.0290126606822014E+01	3.6234375000000000E+01
4.0347432427108288E+01	3.6234375000000000E+01
4.0404749587178230E+01	3.6234375000000000E+01
4.0462039150297642E+01	3.6234375000000000E+01
4.0519387446343899E+01	3.6234375000000000E+01
4.0576723806560040E+01	3.6234375000000000E+01
4.0634074382483959E+01	3.6234375000000000E+01
4.0691443167626858E+01	3.6234375000000000E+01
4.0748753972351551E+01	3.6234375000000000E+01
4.0806076511740685E+01	3.6234375000000000E+01
4.0863394036889076E+01	3.6234375000000000E+01
4.0920731328427792E+01	3.6234375000000000E+01
4.0978051364421844E+01	3.6234375000000000E+01
4.1035383798182011E+01	3.6234375000000000E+01
4.1092665441334248E+01	3.6234375000000000E+01
4.1149980671703815E+01	3.6234375000000000E+01
4.1207332931458950E+01	3.6234375000000000E+01
4.1264650814235210E+01	3.6234375000000000E+01
4.1322008416056633E+01	3.6234375000000000E+01
4.1379325695335865E+01	3.6234375000000000E+01
4.1436657056212425E+01	3.6234375000000000E+01
4.1494042068719864E+01	3.6234375000000000E+01
4.1551385998725891E+01	3.6234375000000000E+01
4.1608740516006947E+01	3.6234375000000000E+01
4.1666093617677689E+01	3.6234375000000000E+01
4.1723485626280308E+01	3.6234375000000000E+01
4.1780870996415615E+01	3.6234375000000000E+01
4.1838200055062771E+01	3.6234375000000000E+01
4.1895545721054077E+01	3.6234375000000000E+01
4.1952882967889309E+01	3.6234375000000000E+01
4.2010238885879517E+01	3.6234375000000000E+01
4.2067622750997543E+01	3.6234375000000000E+01
4.2124958202242851E+01	3.6234375000000000E+01
4.2182316802442074E+01	3.6234375000000000E+01
4.2240021929144859E+01	3.6234375000000000E+01
4.2297400362789631E+01	3.6234375000000000E+01
4.2354753367602825E+01	3.6234375000000000E+01
4.2412120640277863E+01	3.6234375000000000E+01
4.2469535872340202E+01	3.6234375000000000E+01
4.2526900559663773E+01	3.6234375000000000E+01
4.2584282986819744E+01	3.6234375000000000E+01
4.2641649290919304E+01	3.6234375000000000E+01
4.2699022129178047E+01	3.6234375000000000E+01
4.2756395377218723E+01	3.6234375000000000E+01
4.2813807561993599E+01	3.6234375000000000E+01
4.2871186226606369E+01	3.6234375000000000E+01
4.2928541608154774E+01	3.6234375000000000E+01
4.2985909417271614E+01	3.6234375000000000E+01
4.3043290078639984E+01	3.6234375000000000E+01
4.3100674800574780E+01	3.6234375000000000E+01
4.3158067382872105E+01	3.6234375000000000E+01
4.3215497255325317E+01	3.6234375000000000E+01
4.3272863678634167E+01	3.6234375000000000E+01
4.3330256424844265E+01	3.6234375000000000E+01
4.3387585155665874E+01	3.6234375000000000E+01
4.3444955207407475E+01	3.6234375000000000E+01
4.3502328045666218E+01	3.6234375000000000E+01
4.3559703588485718E+01	3.6234375000000000E+01
4.3617071658372879E+01	3.6234375000000000E+01
4.3674466475844383E+01	3.6234375000000000E+01
4.3731854997575283E+01	3.6234375000000000E+01
4.3789253413677216E+01	3.6234375000000000E+01
4.3846641346812248E+01	3.6234375000000000E+01
4.3903995044529438E+01	3.6234375000000000E+01
4.3961384207010269E+01	3.6234375000000000E+01
4.4019080154597759E+01	3.6234375000000000E+01
4.4076470255851746E+01	3.6234375000000000E+01
4.4134080901741982E+01	3.6234375000000000E+01
4.4191508673131466E+01	3.6234375000000000E+01
4.4249463342130184E+01	3.6234375000000000E+01
4.4306829325854778E+01	3.6234375000000000E+01
4.4364164799451828E+01	3.6234375000000000E+01
4.4421521075069904E+01	3.6234375000000000E+01
4.4478847287595272E+01	3.6234375000000000E+01
4.4536216646432877E+01	3.6234375000000000E+01
4.4593583464622498E+01	3.6234375000000000E+01
4.4650950945913792E+01	3.6234375000000000E+01
4.4708321809768677E+01	3.6234375000000000E+01
4.4765648908913136E+01	3.6234375000000000E+01
4.4823008038103580E+01	3.6234375000000000E+01
4.4880828641355038E+01	3.6234375000000000E+01
4.4938186056911945E+01	3.6234375000000000E+01
4.4995535150170326E+01	3.6234375000000000E+01
4.5052901886403561E+01	3.6234375000000000E+01
4.5110247872769833E+01	3.6234375000000000E+01
4.5167617909610271E+01	3.6234375000000000E+01
4.5224991910159588E+01	3.6234375000000000E+01
4.5282345034182072E+01	3.6234375000000000E+01
4.5339716501533985E+01	3.6234375000000000E+01
4.5397078387439251E+01	3.6234375000000000E+01
4.5454427659511566E+01	3.6234375000000000E+01
4.5511759757995605E+01	3.6234375000000000E+01
4.5569154612720013E+01	3.6234375000000000E+01
4.5626494668424129E+01	3.6234375000000000E+01
4.5683863110840321E+01	3.6234375000000000E+01
4.5741201430559158E+01	3.6234375000000000E+01
4.5798560939729214E+01	3.6234375000000000E+01
4.5855919241905212E+01	3.6234375000000000E+01
4.5913254290819168E+01	3.6234375000000000E+01
4.5970622867345810E+01	3.6234375000000000E+01
4.6027986831963062E+01	3.6234375000000000E+01
4.6085353836417198E+01	3.6234375000000000E+01
4.6142970457673073E+01	3.6234375000000000E+01
4.6200443089008331E+01	3.6234375000000000E+01
4.6257773891091347E+01	3.6234375000000000E+01
4.6315150529146194E+01	3.6234375000000000E+01
4.6372484527528286E+01	3.6234375000000000E+01
4.6429871208965778E+01	3.6234375000000000E+01
4.6487234823405743E+01	3.6234375000000000E+01
4.6544601939618587E+01	3.6234375000000000E+01
4.6601963661611080E+01	3.6234375000000000E+01
4.6659312769770622E+01	3.6234375000000000E+01
4.6716623067855835E+01	3.6234375000000000E+01
4.6773993432521820E+01	3.6234375000000000E+01
4.6831361159682274E+01	3.6234375000000000E+01
4.6888737648725510E+01	3.6234375000000000E+01
4.6946094706654549E+01	3.6234375000000000E+01
4.7003454223275185E+01	3.6234375000000000E+01
4.7060780391097069E+01	3.6234375000000000E+01
4.7118494018912315E+01	3.6234375000000000E+01
4.7175833590328693E+01	3.6234375000000000E+01
4.7233193062245846E+01	3.6234375000000000E+01
4.7290545396506786E+01	3.6234375000000000E+01
4.7347882926464081E+01	3.6234375000000000E+01
4.7405475132167339E+01	3.6234375000000000E+01
4.7463356897234917E+01	3.6234375000000000E+01
4.7520742557942867E+01	3.6234375000000000E+01
4.7578112177550793E+01	3.6234375000000000E+01
4.7635460130870342E+01	3.6234375000000000E+01
4.7692798577249050E+01	3.6234375000000000E+01
4.7750204145908356E+01	3.6234375000000000E+01
4.7807711027562618E+01	3.6234375000000000E+01
4.7865229152143002E+01	3.6234375000000000E+01
4.7922718971967697E+01	3.6234375000000000E+01
4.7980202302336693E+01	3.6234375000000000E+01
4.8037699431180954E+01	3.6234375000000000E+01
4.8095155075192451E+01	3.6234375000000000E+01
4.8152652449905872E+01	3.6234375000000000E+01
4.8210247673094273E+01	3.6234375000000000E+01
4.8267752632498741E+01	3.6234375000000000E+01
4.8325226269662380E+01	3.6234375000000000E+01
4.8382768511772156E+01	3.6234375000000000E+01
4.8440290264785290E+01	3.6234375000000000E+01
4.8497815579175949E+01	3.6234375000000000E+01
4.8555369034409523E+01	3.6234375000000000E+01
4.8612905703485012E+01	3.6234375000000000E+01
4.8670477539300919E+01	3.6234375000000000E+01
4.8727966770529747E+01	3.6234375000000000E+01
4.8785479702055454E+01	3.6234375000000000E+01
4.8842967458069324E+01	3.6234375000000000E+01
4.8900479950010777E+01	3.6234375000000000E+01
4.8957960963249207E+01	3.6234375000000000E+01
4.9015461869537830E+01	3.6234375000000000E+01
4.9072957150638103E+01	3.6234375000000000E+01
4.9130440503358841E+01	3.6234375000000000E+01
4.9187966689467430E+01	3.6234375000000000E+01
4.9245479017496109E+01	3.6234375000000000E+01
4.9303223684430122E+01	3.6234375000000000E+01
4.9360769219696522E+01	3.6234375000000000E+01
4.9418310426175594E+01	3.6234375000000000E+01
4.9475774772465229E+01	3.6234375000000000E+01
4.9533361516892910E+01	3.6234375000000000E+01
4.9590873338282108E+01	3.6234375000000000E+01
4.9648417398333549E+01	3.6234375000000000E+01
4.9705923207104206E+01	3.6234375000000000E+01
4.9763443678617477E+01	3.6234375000000000E+01
4.9821001507341862E+01	3.6234375000000000E+01
4.9878512620925903E+01	3.6234375000000000E+01
4.9936025612056255E+01	3.6234375000000000E+01
4.9993541657924652E+01	3.6234375000000000E+01
5.0051060505211353E+01	3.6234375000000000E+01
5.0108616292476654E+01	3.6234375000000000E+01
5.0166114695370197E+01	3.6234375000000000E+01
5.0223757304251194E+01	3.6234375000000000E+01
5.0281287893652916E+01	3.6234375000000000E+01
5.0338790349662304E+01	3.6234375000000000E+01
5.0396330855786800E+01	3.6234375000000000E+01
5.0453830815851688E+01	3.6234375000000000E+01
5.0511343762278557E+01	3.6234375000000000E+01
5.0568745575845242E+01	3.6234375000000000E+01
5.0626104995608330E+01	3.6234375000000000E+01
5.0683478422462940E+01	3.6234375000000000E+01
5.0740824833512306E+01	3.6234375000000000E+01
5.0798222310841084E+01	3.6234375000000000E+01
5.0855589233338833E+01	3.6234375000000000E+01
5.0912941716611385E+01	3.6234375000000000E+01
5.0970636993646622E+01	3.6234375000000000E+01
5.1028033830225468E+01	3.6234375000000000E+01
5.1085404574871063E+01	3.6234375000000000E+01
5.1142774455249310E+01	3.6234375000000000E+01
5.1200179092586040E+01	3.6234375000000000E+01
5.1257857806980610E+01	3.6234375000000000E+01
5.1315244197845459E+01	3.6234375000000000E+01
5.1372604757547379E+01	3.6234375000000000E+01
5.1429973594844341E+01	3.6234375000000000E+01
5.1487349249422550E+01	3.6234375000000000E+01
5.1544757917523384E+01	3.6234375000000000E+01
5.1602128833532333E+01	3.6234375000000000E+01
5.1659478865563869E+01	3.6234375000000000E+01
5.1716878637671471E+01	3.6234375000000000E+01
5.1774604208767414E+01	3.6234375000000000E+01
5.1831972345709801E+01	3.6234375000000000E+01
5.1889609046280384E+01	3.6234375000000000E+01
5.1947243727743626E+01	3.6234375000000000E+01
5.2004622183740139E+01	3.6234375000000000E+01
5.2061962947249413E+01	3.6234375000000000E+01
5.2119335889816284E+01	3.6234375000000000E+01
5.2176734544336796E+01	3.6234375000000000E+01
5.2234224788844585E+01	3.6234375000000000E+01
5.2291587851941586E+01	3.6234375000000000E+01
5.2348956316709518E+01	3.6234375000000000E+01
5.2406336918473244E+01	3.6234375000000000E+01
5.2463698349893093E+01	3.6234375000000000E+01
5.2521059505641460E+01	3.6234375000000000E+01
5.2578397966921329E+01	3.6234375000000000E+01
5.2635714367032051E+01	3.6234375000000000E+01
5.2693096682429314E+01	3.6234375000000000E+01
5.2750476777553558E+01	3.6234375000000000E+01
5.2807828523218632E+01	3.6234375000000000E+01
5.2865206591784954E+01	3.6234375000000000E+01
5.2922588698565960E+01	3.6234375000000000E+01
5.2979919567704201E+01	3.6234375000000000E+01
5.3037259727716446E+01	3.6234375000000000E+01
5.3094657532870770E+01	3.6234375000000000E+01
5.3152032054960728E+01	3.6234375000000000E+01
5.3209423236548901E+01	3.6234375000000000E+01
5.3266812883317471E+01	3.6234375000000000E+01
5.3324164785444736E+01	3.6234375000000000E+01
5.3381752267479897E+01	3.6234375000000000E+01
5.3439101137220860E+01	3.6234375000000000E+01
5.3496482066810131E+01	3.6234375000000000E+01
5.3553856082260609E+01	3.6234375000000000E+01
5.3611227139830589E+01	3.6234375000000000E+01
5.3668608926236629E+01	3.6234375000000000E+01
5.3725989803671837E+01	3.6234375000000000E+01
5.3783361271023750E+01	3.6234375000000000E+01
5.3840706609189510E+01	3.6234375000000000E+01
5.3898049883544445E+01	3.6234375000000000E+01
5.3955470383167267E+01	3.6234375000000000E+01
5.4012862183153629E+01	3.6234375000000000E+01
5.4070214077830315E+01	3.6234375000000000E+01
5.4127588033676147E+01	3.6234375000000000E+01
5.4184960670769215E+01	3.6234375000000000E+01
5.4242782726883888E+01	3.6234375000000000E+01
5.4300154961645603E+01	3.6234375000000000E+01
5.4357530057430267E+01	3.6234375000000000E+01
5.4414893329143524E+01	3.6234375000000000E+01
5.4472303941845894E+01	3.6234375000000000E+01
5.4529641099274158E+01	3.6234375000000000E+01
5.4586992576718330E+01	3.6234375000000000E+01
5.4644334509968758E+01	3.6234375000000000E+01
5.4701663665473461E+01	3.6234375000000000E+01
5.4758999571204185E+01	3.6234375000000000E+01
5.4816354617476463E+01	3.6234375000000000E+01
5.4873662225902081E+01	3.6234375000000000E+01
5.4931474201381207E+01	3.6234375000000000E+01
5.4988826356828213E+01	3.6234375000000000E+01
5.5046178713440895E+01	3.6234375000000000E+01
5.5103612050414085E+01	3.6234375000000000E+01
5.5161716006696224E+01	3.6234375000000000E+01
5.5219148069620132E+01	3.6234375000000000E+01
5.5276547521352768E+01	3.6234375000000000E+01
5.5334198221564293E+01	3.6234375000000000E+01
5.5391557417809963E+01	3.6234375000000000E+01
5.5448985815048218E+01	3.6234375000000000E+01
5.5506362684071064E+01	3.6234375000000000E+01
5.5563772536814213E+01	3.6234375000000000E+01
5.5621192172169685E+01	3.6234375000000000E+01
5.5678597331047058E+01	3.6234375000000000E+01
5.5736008532345295E+01	3.6234375000000000E+01
5.5793454170227051E+01	3.6234375000000000E+01
5.5850838832557201E+01	3.6234375000000000E+01
5.5908248268067837E+01	3.6234375000000000E+01
5.5965690322220325E+01	3.6234375000000000E+01
5.6023101024329662E+01	3.6234375000000000E+01
5.6080494672060013E+01	3.6234375000000000E+01
5.6137925617396832E+01	3.6234375000000000E+01
5.6195414558053017E+01	3.6234375000000000E+01
5.6252820082008839E+01	3.6234375000000000E+01
5.6310218766331673E+01	3.6234375000000000E+01
5.6367648921906948E+01	3.6234375000000000E+01
5.6425076723098755E+01	3.6234375000000000E+01
5.6482528567314148E+01	3.6234375000000000E+01
5.6539957635104656E+01	3.6234375000000000E+01
5.6597401238977909E+01	3.6234375000000000E+01
5.6654813028872013E+01	3.6234375000000000E+01
5.6712207712233067E+01	3.6234375000000000E+01
5.6769643224775791E+01	3.6234375000000000E+01
5.6827031180262566E+01	3.6234375000000000E+01
5.6884417124092579E+01	3.6234375000000000E+01
5.6941810876131058E+01	3.6234375000000000E+01
5.6999257549643517E+01	3.6234375000000000E+01
5.7056686282157898E+01	3.6234375000000000E+01
5.7114571310579777E+01	3.6234375000000000E+01
5.7172143481671810E+01	3.6234375000000000E+01
5.7229842215776443E+01	3.6234375000000000E+01
5.7287639290094376E+01	3.6234375000000000E+01
5.7343046352267265E+01	3.6234375000000000E+01
5.7398621872067451E+01	3.6234375000000000E+01
