1.1629164218902588E-03	3.6023437500000000E+01
6.8338096141815186E-02	3.6023437500000000E+01
1.3432732969522476E-01	3.6023437500000000E+01
2.0031246542930603E-01	3.6023437500000000E+01
2.6628611236810684E-01	3.6023437500000000E+01
3.3227762579917908E-01	3.6023437500000000E+01
3.9825288951396942E-01	3.6023437500000000E+01
4.6450671553611755E-01	3.6023437500000000E+01
5.3120512515306473E-01	3.6257812500000000E+01
5.9730665385723114E-01	3.6257812500000000E+01
6.6432308405637741E-01	3.6257812500000000E+01
7.3152571916580200E-01	3.6257812500000000E+01
7.9828826338052750E-01	3.6257812500000000E+01
8.6450869590044022E-01	3.6257812500000000E+01
9.3117410689592361E-01	3.6257812500000000E+01
9.9794459342956543E-01	3.6257812500000000E+01
1.0645870342850685E+00	3.6257812500000000E+01
1.1314451768994331E+00	3.6257812500000000E+01
1.1980770453810692E+00	3.6257812500000000E+01
1.2648040503263474E+00	3.6257812500000000E+01
1.3313156291842461E+00	3.6257812500000000E+01
1.3980915173888206E+00	3.6257812500000000E+01
1.4648918211460114E+00	3.6257812500000000E+01
1.5316703915596008E+00	3.6257812500000000E+01
1.5982929691672325E+00	3.6257812500000000E+01
1.6642960458993912E+00	3.6257812500000000E+01
1.7307983934879303E+00	3.6257812500000000E+01
1.7967981472611427E+00	3.6257812500000000E+01
1.8627858906984329E+00	3.6257812500000000E+01
1.9287289306521416E+00	3.6257812500000000E+01
1.9953720048069954E+00	3.6257812500000000E+01
2.0613714903593063E+00	3.6257812500000000E+01
2.1273478120565414E+00	3.6257812500000000E+01
2.1937625035643578E+00	3.6257812500000000E+01
2.2598082497715950E+00	3.6257812500000000E+01
2.3258008286356926E+00	3.6257812500000000E+01
2.3918704167008400E+00	3.6257812500000000E+01
2.4584160074591637E+00	3.6257812500000000E+01
2.5244321450591087E+00	3.6257812500000000E+01
2.5916882082819939E+00	3.6269531250000000E+01
2.6578043848276138E+00	3.6269531250000000E+01
2.7241717427968979E+00	3.6269531250000000E+01
2.7901750132441521E+00	3.6269531250000000E+01
2.8561828956007957E+00	3.6269531250000000E+01
2.9221812114119530E+00	3.6269531250000000E+01
2.9882471486926079E+00	3.6269531250000000E+01
3.0545816272497177E+00	3.6269531250000000E+01
3.1210423111915588E+00	3.6269531250000000E+01
3.1870936453342438E+00	3.6269531250000000E+01
3.2534358724951744E+00	3.6269531250000000E+01
3.3194540292024612E+00	3.6269531250000000E+01
3.3861313909292221E+00	3.6269531250000000E+01
3.4521534666419029E+00	3.6269531250000000E+01
3.5188441723585129E+00	3.6269531250000000E+01
3.5849483758211136E+00	3.6269531250000000E+01
3.6509534418582916E+00	3.6269531250000000E+01
3.7169689163565636E+00	3.6269531250000000E+01
3.7830444499850273E+00	3.6269531250000000E+01
3.8491277769207954E+00	3.6269531250000000E+01
3.9151522368192673E+00	3.6269531250000000E+01
3.9811809957027435E+00	3.6269531250000000E+01
4.0473393499851227E+00	3.6269531250000000E+01
4.1133871227502823E+00	3.6269531250000000E+01
4.1794269382953644E+00	3.6269531250000000E+01
4.2454304099082947E+00	3.6269531250000000E+01
4.3115501478314400E+00	3.6269531250000000E+01
4.3775751963257790E+00	3.6269531250000000E+01
4.4436130598187447E+00	3.6269531250000000E+01
4.5096238777041435E+00	3.6269531250000000E+01
4.5756540298461914E+00	3.6269531250000000E+01
4.6418994739651680E+00	3.6269531250000000E+01
4.7079681679606438E+00	3.6269531250000000E+01
4.7742424756288528E+00	3.6269531250000000E+01
4.8409105241298676E+00	3.6269531250000000E+01
4.9069461673498154E+00	3.6269531250000000E+01
4.9736465066671371E+00	3.6269531250000000E+01
5.0396853163838387E+00	3.6269531250000000E+01
5.1056968122720718E+00	3.6269531250000000E+01
5.1717126965522766E+00	3.6269531250000000E+01
5.2379264160990715E+00	3.6269531250000000E+01
5.3039335682988167E+00	3.6269531250000000E+01
5.3703020736575127E+00	3.6269531250000000E+01
5.4367145523428917E+00	3.6269531250000000E+01
5.5027448460459709E+00	3.6269531250000000E+01
5.5687896981835365E+00	3.6269531250000000E+01
5.6348100379109383E+00	3.6269531250000000E+01
5.7008419260382652E+00	3.6269531250000000E+01
5.7669667750597000E+00	3.6269531250000000E+01
5.8329950571060181E+00	3.6269531250000000E+01
5.8990293294191360E+00	3.6269531250000000E+01
5.9654554426670074E+00	3.6273437500000000E+01
6.0316282659769058E+00	3.6273437500000000E+01
6.0980217009782791E+00	3.6273437500000000E+01
6.1640520170331001E+00	3.6273437500000000E+01
6.2300884351134300E+00	3.6273437500000000E+01
6.2961317598819733E+00	3.6273437500000000E+01
6.3621774688363075E+00	3.6273437500000000E+01
6.4282035306096077E+00	3.6273437500000000E+01
6.4949079304933548E+00	3.6273437500000000E+01
6.5609580799937248E+00	3.6273437500000000E+01
6.6270973980426788E+00	3.6273437500000000E+01
6.6931436732411385E+00	3.6273437500000000E+01
6.7598768025636673E+00	3.6273437500000000E+01
6.8259195461869240E+00	3.6273437500000000E+01
6.8919928073883057E+00	3.6273437500000000E+01
6.9580682367086411E+00	3.6273437500000000E+01
7.0245800614356995E+00	3.6273437500000000E+01
7.0906554087996483E+00	3.6273437500000000E+01
7.1567045152187347E+00	3.6273437500000000E+01
7.2227556034922600E+00	3.6273437500000000E+01
7.2892050668597221E+00	3.6273437500000000E+01
7.3552566617727280E+00	3.6273437500000000E+01
7.4213955476880074E+00	3.6273437500000000E+01
7.4880353808403015E+00	3.6273437500000000E+01
7.5541280359029770E+00	3.6273437500000000E+01
7.6204662919044495E+00	3.6273437500000000E+01
7.6865343451499939E+00	3.6273437500000000E+01
7.7526584416627884E+00	3.6273437500000000E+01
7.8186831846833229E+00	3.6273437500000000E+01
7.8853915408253670E+00	3.6273437500000000E+01
7.9514456614851952E+00	3.6273437500000000E+01
8.0175296366214752E+00	3.6273437500000000E+01
8.0835455805063248E+00	3.6273437500000000E+01
8.1496178209781647E+00	3.6273437500000000E+01
8.2159952893853188E+00	3.6273437500000000E+01
8.2820329740643501E+00	3.6273437500000000E+01
8.3491795957088470E+00	3.6273437500000000E+01
8.4152544587850571E+00	3.6273437500000000E+01
8.4813043400645256E+00	3.6273437500000000E+01
8.5473216921091080E+00	3.6273437500000000E+01
8.6133648976683617E+00	3.6273437500000000E+01
8.6793967485427856E+00	3.6273437500000000E+01
8.7454915121197701E+00	3.6273437500000000E+01
8.8115581050515175E+00	3.6273437500000000E+01
8.8776301369071007E+00	3.6273437500000000E+01
8.9443782642483711E+00	3.6273437500000000E+01
9.0104900747537613E+00	3.6273437500000000E+01
9.0771490633487701E+00	3.6273437500000000E+01
9.1432189419865608E+00	3.6273437500000000E+01
9.2094204276800156E+00	3.6273437500000000E+01
9.2755106016993523E+00	3.6273437500000000E+01
9.3415888994932175E+00	3.6273437500000000E+01
9.4083373844623566E+00	3.6273437500000000E+01
9.4744035527110100E+00	3.6273437500000000E+01
9.5404733121395111E+00	3.6273437500000000E+01
9.6065407171845436E+00	3.6273437500000000E+01
9.6726033538579941E+00	3.6273437500000000E+01
9.7387353852391243E+00	3.6273437500000000E+01
9.8047656714916229E+00	3.6273437500000000E+01
9.8712700158357620E+00	3.6273437500000000E+01
9.9372877627611160E+00	3.6273437500000000E+01
1.0003384739160538E+01	3.6273437500000000E+01
1.0070008344948292E+01	3.6273437500000000E+01
1.0136917375028133E+01	3.6273437500000000E+01
1.0203842811286449E+01	3.6273437500000000E+01
1.0270750455558300E+01	3.6273437500000000E+01
1.0338342420756817E+01	3.6273437500000000E+01
1.0405411459505558E+01	3.6273437500000000E+01
1.0472535088658333E+01	3.6273437500000000E+01
1.0539478570222855E+01	3.6273437500000000E+01
1.0606432065367699E+01	3.6273437500000000E+01
1.0673314221203327E+01	3.6273437500000000E+01
1.0740202866494656E+01	3.6273437500000000E+01
1.0807084158062935E+01	3.6273437500000000E+01
1.0873947404325008E+01	3.6273437500000000E+01
1.0940830841660500E+01	3.6273437500000000E+01
1.1008287660777569E+01	3.6273437500000000E+01
1.1076006621122360E+01	3.6273437500000000E+01
1.1142865397036076E+01	3.6273437500000000E+01
1.1209702268242836E+01	3.6273437500000000E+01
1.1277877807617188E+01	3.6273437500000000E+01
1.1344732187688351E+01	3.6273437500000000E+01
1.1411602199077606E+01	3.6273437500000000E+01
1.1478486083447933E+01	3.6273437500000000E+01
1.1545354381203651E+01	3.6273437500000000E+01
1.1612227931618690E+01	3.6273437500000000E+01
1.1679046325385571E+01	3.6273437500000000E+01
1.1746383778750896E+01	3.6273437500000000E+01
1.1813345558941364E+01	3.6273437500000000E+01
1.1880213610827923E+01	3.6273437500000000E+01
1.1947101332247257E+01	3.6273437500000000E+01
1.2013937987387180E+01	3.6273437500000000E+01
1.2080759786069393E+01	3.6273437500000000E+01
1.2147609815001488E+01	3.6273437500000000E+01
1.2214469723403454E+01	3.6273437500000000E+01
1.2281337752938271E+01	3.6273437500000000E+01
1.2348476588726044E+01	3.6273437500000000E+01
1.2415320649743080E+01	3.6273437500000000E+01
1.2482737645506859E+01	3.6273437500000000E+01
1.2549644999206066E+01	3.6273437500000000E+01
1.2616855904459953E+01	3.6273437500000000E+01
1.2683766029775143E+01	3.6273437500000000E+01
1.2751167617738247E+01	3.6273437500000000E+01
1.2818073026835918E+01	3.6273437500000000E+01
1.2884980559349060E+01	3.6273437500000000E+01
1.2951901227235794E+01	3.6273437500000000E+01
1.3018771216273308E+01	3.6273437500000000E+01
1.3085989996790886E+01	3.6273437500000000E+01
1.3152934260666370E+01	3.6273437500000000E+01
1.3220329657196999E+01	3.6273437500000000E+01
1.3287274710834026E+01	3.6273437500000000E+01
1.3354155167937279E+01	3.6273437500000000E+01
1.3421042017638683E+01	3.6273437500000000E+01
1.3487998686730862E+01	3.6273437500000000E+01
1.3554882809519768E+01	3.6273437500000000E+01
1.3621763840317726E+01	3.6273437500000000E+01
1.3688696794211864E+01	3.6273437500000000E+01
1.3755667723715305E+01	3.6273437500000000E+01
1.3822565503418446E+01	3.6273437500000000E+01
1.3889477804303169E+01	3.6273437500000000E+01
1.3956859081983566E+01	3.6273437500000000E+01
1.4023741796612740E+01	3.6273437500000000E+01
1.4090984202921391E+01	3.6273437500000000E+01
1.4157876528799534E+01	3.6273437500000000E+01
1.4224752858281136E+01	3.6273437500000000E+01
1.4291859634220600E+01	3.6273437500000000E+01
1.4358757458627224E+01	3.6273437500000000E+01
1.4425615809857845E+01	3.6273437500000000E+01
1.4492484644055367E+01	3.6273437500000000E+01
1.4559800386428833E+01	3.6273437500000000E+01
1.4626674123108387E+01	3.6273437500000000E+01
1.4693565346300602E+01	3.6273437500000000E+01
1.4760468423366547E+01	3.6273437500000000E+01
1.4827347695827484E+01	3.6273437500000000E+01
1.4894206434488297E+01	3.6273437500000000E+01
1.4961076192557812E+01	3.6273437500000000E+01
1.5027969583868980E+01	3.6273437500000000E+01
1.5095086306333542E+01	3.6273437500000000E+01
1.5161979503929615E+01	3.6273437500000000E+01
1.5228877596557140E+01	3.6273437500000000E+01
1.5295804858207703E+01	3.6273437500000000E+01
1.5362700268626213E+01	3.6273437500000000E+01
1.5429600529372692E+01	3.6273437500000000E+01
1.5496559754014015E+01	3.6273437500000000E+01
1.5563519477844238E+01	3.6273437500000000E+01
1.5630436129868031E+01	3.6273437500000000E+01
1.5697361335158348E+01	3.6273437500000000E+01
1.5764434613287449E+01	3.6273437500000000E+01
1.5831346005201340E+01	3.6273437500000000E+01
1.5898218639194965E+01	3.6273437500000000E+01
1.5965131290256977E+01	3.6273437500000000E+01
1.6032032363116741E+01	3.6273437500000000E+01
1.6098936572670937E+01	3.6273437500000000E+01
1.6166456423699856E+01	3.6273437500000000E+01
1.6233379170298576E+01	3.6273437500000000E+01
1.6300274431705475E+01	3.6273437500000000E+01
1.6367135398089886E+01	3.6273437500000000E+01
1.6434048101305962E+01	3.6273437500000000E+01
1.6501010626554489E+01	3.6273437500000000E+01
1.6567933239042759E+01	3.6273437500000000E+01
1.6634877003729343E+01	3.6273437500000000E+01
1.6701796300709248E+01	3.6273437500000000E+01
1.6768767207860947E+01	3.6273437500000000E+01
1.6835714317858219E+01	3.6273437500000000E+01
1.6902863778173923E+01	3.6273437500000000E+01
1.6969839885830879E+01	3.6273437500000000E+01
1.7036768354475498E+01	3.6273437500000000E+01
1.7103737421333790E+01	3.6273437500000000E+01
1.7170967452228069E+01	3.6273437500000000E+01
1.7237925097346306E+01	3.6273437500000000E+01
1.7304893732070923E+01	3.6273437500000000E+01
1.7371879898011684E+01	3.6273437500000000E+01
1.7438828609883785E+01	3.6273437500000000E+01
1.7505790263414383E+01	3.6273437500000000E+01
1.7573848702013493E+01	3.6273437500000000E+01
1.7640788115561008E+01	3.6273437500000000E+01
1.7708175353705883E+01	3.6273437500000000E+01
1.7775217145681381E+01	3.6273437500000000E+01
1.7842225879430771E+01	3.6273437500000000E+01
1.7909358374774456E+01	3.6273437500000000E+01
1.7976983129978180E+01	3.6273437500000000E+01
1.8044421479105949E+01	3.6273437500000000E+01
1.8111427389085293E+01	3.6273437500000000E+01
1.8178739666938782E+01	3.6273437500000000E+01
1.8245721407234669E+01	3.6273437500000000E+01
1.8312722086906433E+01	3.6273437500000000E+01
1.8379704900085926E+01	3.6273437500000000E+01
1.8446677967905998E+01	3.6273437500000000E+01
1.8514295697212219E+01	3.6273437500000000E+01
1.8581339061260223E+01	3.6273437500000000E+01
1.8648934043943882E+01	3.6273437500000000E+01
1.8716882653534412E+01	3.6273437500000000E+01
1.8784609004855156E+01	3.6273437500000000E+01
1.8852283768355846E+01	3.6273437500000000E+01
1.8919809885323048E+01	3.6273437500000000E+01
1.8987381979823112E+01	3.6273437500000000E+01
1.9054977469146252E+01	3.6273437500000000E+01
1.9122606076300144E+01	3.6273437500000000E+01
1.9190296195447445E+01	3.6273437500000000E+01
1.9257905513048172E+01	3.6273437500000000E+01
1.9325395628809929E+01	3.6273437500000000E+01
1.9393083386123180E+01	3.6273437500000000E+01
1.9460536658763885E+01	3.6273437500000000E+01
1.9527882806956768E+01	3.6273437500000000E+01
1.9596009552478790E+01	3.6273437500000000E+01
1.9663656793534756E+01	3.6273437500000000E+01
1.9731187224388123E+01	3.6273437500000000E+01
1.9798949770629406E+01	3.6273437500000000E+01
1.9866615079343319E+01	3.6273437500000000E+01
1.9934394434094429E+01	3.6273437500000000E+01
2.0002097301185131E+01	3.6273437500000000E+01
2.0069737352430820E+01	3.6273437500000000E+01
2.0137292347848415E+01	3.6273437500000000E+01
2.0204965800046921E+01	3.6273437500000000E+01
2.0272654943168163E+01	3.6273437500000000E+01
2.0339674212038517E+01	3.6273437500000000E+01
2.0406601816415787E+01	3.6273437500000000E+01
2.0473562344908714E+01	3.6273437500000000E+01
2.0540515176951885E+01	3.6273437500000000E+01
2.0607960209250450E+01	3.6273437500000000E+01
2.0675478413701057E+01	3.6273437500000000E+01
2.0742708608508110E+01	3.6273437500000000E+01
2.0809683732688427E+01	3.6273437500000000E+01
2.0877096615731716E+01	3.6273437500000000E+01
2.0944085419178009E+01	3.6273437500000000E+01
2.1011323943734169E+01	3.6273437500000000E+01
2.1078801192343235E+01	3.6273437500000000E+01
2.1145743645727634E+01	3.6273437500000000E+01
2.1212704978883266E+01	3.6273437500000000E+01
2.1279668927192688E+01	3.6273437500000000E+01
2.1346644066274166E+01	3.6273437500000000E+01
2.1413624569773674E+01	3.6273437500000000E+01
2.1480575449764729E+01	3.6273437500000000E+01
2.1548168241977692E+01	3.6273437500000000E+01
2.1615303687751293E+01	3.6273437500000000E+01
2.1682270735502243E+01	3.6273437500000000E+01
2.1750335820019245E+01	3.6273437500000000E+01
2.1817284099757671E+01	3.6273437500000000E+01
2.1884206347167492E+01	3.6273437500000000E+01
2.1951174028217793E+01	3.6273437500000000E+01
2.2018119603395462E+01	3.6273437500000000E+01
2.2085072748363018E+01	3.6273437500000000E+01
2.2153004951775074E+01	3.6273437500000000E+01
2.2219924233853817E+01	3.6273437500000000E+01
2.2286981590092182E+01	3.6273437500000000E+01
2.2354757808148861E+01	3.6273437500000000E+01
2.2422371119260788E+01	3.6273437500000000E+01
2.2490041375160217E+01	3.6273437500000000E+01
2.2556968383491039E+01	3.6273437500000000E+01
2.2623924978077412E+01	3.6273437500000000E+01
2.2690888896584511E+01	3.6273437500000000E+01
2.2757838279008865E+01	3.6273437500000000E+01
2.2824787363409996E+01	3.6273437500000000E+01
2.2891728229820728E+01	3.6273437500000000E+01
2.2958691537380219E+01	3.6273437500000000E+01
2.3025637328624725E+01	3.6273437500000000E+01
2.3092582657933235E+01	3.6273437500000000E+01
2.3159555703401566E+01	3.6273437500000000E+01
2.3226518601179123E+01	3.6273437500000000E+01
2.3293512366712093E+01	3.6273437500000000E+01
2.3360405460000038E+01	3.6273437500000000E+01
2.3427363477647305E+01	3.6273437500000000E+01
2.3495213195681572E+01	3.6273437500000000E+01
2.3562264807522297E+01	3.6273437500000000E+01
2.3629236392676830E+01	3.6273437500000000E+01
2.3696228004992008E+01	3.6273437500000000E+01
2.3763316713273525E+01	3.6273437500000000E+01
2.3830308102071285E+01	3.6273437500000000E+01
2.3897285141050816E+01	3.6273437500000000E+01
2.3965059176087379E+01	3.6273437500000000E+01
2.4032025821506977E+01	3.6273437500000000E+01
2.4099587030708790E+01	3.6273437500000000E+01
2.4167209587991238E+01	3.6273437500000000E+01
2.4234179541468620E+01	3.6273437500000000E+01
2.4301155753433704E+01	3.6273437500000000E+01
2.4368124008178711E+01	3.6273437500000000E+01
2.4435060784220695E+01	3.6273437500000000E+01
2.4502035982906818E+01	3.6273437500000000E+01
2.4569029659032822E+01	3.6273437500000000E+01
2.4635982707142830E+01	3.6273437500000000E+01
2.4703002035617828E+01	3.6273437500000000E+01
2.4770019933581352E+01	3.6273437500000000E+01
2.4836977861821651E+01	3.6273437500000000E+01
2.4904008962213993E+01	3.6273437500000000E+01
2.4971495404839516E+01	3.6273437500000000E+01
2.5038511104881763E+01	3.6273437500000000E+01
2.5105486594140530E+01	3.6273437500000000E+01
2.5173032760620117E+01	3.6273437500000000E+01
2.5240043930709362E+01	3.6273437500000000E+01
2.5307001769542694E+01	3.6273437500000000E+01
2.5373981691896915E+01	3.6273437500000000E+01
2.5440966792404652E+01	3.6273437500000000E+01
2.5507971189916134E+01	3.6273437500000000E+01
2.5574922792613506E+01	3.6273437500000000E+01
2.5641878806054592E+01	3.6273437500000000E+01
2.5708865538239479E+01	3.6273437500000000E+01
2.5775863081216812E+01	3.6273437500000000E+01
2.5842800058424473E+01	3.6273437500000000E+01
2.5909746214747429E+01	3.6273437500000000E+01
2.5976687967777252E+01	3.6273437500000000E+01
2.6043645098805428E+01	3.6273437500000000E+01
2.6110600091516972E+01	3.6273437500000000E+01
2.6177567295730114E+01	3.6273437500000000E+01
2.6244542680680752E+01	3.6273437500000000E+01
2.6311503633856773E+01	3.6273437500000000E+01
2.6379298955202103E+01	3.6273437500000000E+01
2.6446221083402634E+01	3.6273437500000000E+01
2.6513218313455582E+01	3.6273437500000000E+01
2.6580217473208904E+01	3.6273437500000000E+01
2.6647486329078674E+01	3.6273437500000000E+01
2.6714460045099258E+01	3.6273437500000000E+01
2.6781476311385632E+01	3.6273437500000000E+01
2.6848439335823059E+01	3.6273437500000000E+01
2.6915901817381382E+01	3.6273437500000000E+01
2.6982830397784710E+01	3.6273437500000000E+01
2.7049787417054176E+01	3.6273437500000000E+01
2.7116749823093414E+01	3.6273437500000000E+01
2.7184377595782280E+01	3.6273437500000000E+01
2.7251526333391666E+01	3.6273437500000000E+01
2.7318441584706306E+01	3.6273437500000000E+01
2.7386153437197208E+01	3.6273437500000000E+01
2.7453087963163853E+01	3.6273437500000000E+01
2.7520096756517887E+01	3.6273437500000000E+01
2.7587091758847237E+01	3.6273437500000000E+01
2.7654060803353786E+01	3.6273437500000000E+01
2.7721012264490128E+01	3.6273437500000000E+01
2.7788013502955437E+01	3.6273437500000000E+01
2.7854996234178543E+01	3.6273437500000000E+01
2.7922001369297504E+01	3.6273437500000000E+01
2.7989317163825035E+01	3.6273437500000000E+01
2.8056452967226505E+01	3.6273437500000000E+01
2.8123588189482689E+01	3.6273437500000000E+01
2.8190540365874767E+01	3.6273437500000000E+01
2.8257456921041012E+01	3.6273437500000000E+01
2.8324394725263119E+01	3.6273437500000000E+01
2.8391352504491806E+01	3.6273437500000000E+01
2.8458285354077816E+01	3.6273437500000000E+01
2.8525195546448231E+01	3.6273437500000000E+01
2.8592141360044479E+01	3.6273437500000000E+01
2.8659068435430527E+01	3.6273437500000000E+01
2.8726027779281139E+01	3.6273437500000000E+01
2.8792956806719303E+01	3.6273437500000000E+01
2.8859855800867081E+01	3.6273437500000000E+01
2.8926761493086815E+01	3.6273437500000000E+01
2.8994153551757336E+01	3.6273437500000000E+01
2.9061052903532982E+01	3.6273437500000000E+01
2.9127941399812698E+01	3.6273437500000000E+01
2.9194788374006748E+01	3.6273437500000000E+01
2.9261671245098114E+01	3.6273437500000000E+01
2.9328552193939686E+01	3.6273437500000000E+01
2.9395477026700974E+01	3.6273437500000000E+01
2.9462377592921257E+01	3.6273437500000000E+01
2.9529278732836246E+01	3.6273437500000000E+01
2.9596195347607136E+01	3.6273437500000000E+01
2.9663753733038902E+01	3.6273437500000000E+01
2.9730767220258713E+01	3.6273437500000000E+01
2.9797686003148556E+01	3.6273437500000000E+01
2.9864636644721031E+01	3.6273437500000000E+01
2.9931881844997406E+01	3.6273437500000000E+01
2.9999784171581268E+01	3.6273437500000000E+01
3.0067306503653526E+01	3.6273437500000000E+01
3.0134276628494263E+01	3.6273437500000000E+01
3.0201233722269535E+01	3.6273437500000000E+01
3.0268173865973949E+01	3.6273437500000000E+01
3.0335080578923225E+01	3.6273437500000000E+01
3.0402043320238590E+01	3.6273437500000000E+01
3.0469028003513813E+01	3.6273437500000000E+01
3.0535980947315693E+01	3.6273437500000000E+01
3.0602945163846016E+01	3.6273437500000000E+01
3.0670340076088905E+01	3.6273437500000000E+01
3.0737312376499176E+01	3.6273437500000000E+01
3.0804918177425861E+01	3.6273437500000000E+01
3.0872005231678486E+01	3.6273437500000000E+01
3.0939013451337814E+01	3.6273437500000000E+01
3.1005991637706757E+01	3.6273437500000000E+01
3.1072941325604916E+01	3.6273437500000000E+01
3.1139895997941494E+01	3.6273437500000000E+01
3.1206800408661366E+01	3.6273437500000000E+01
3.1273721203207970E+01	3.6273437500000000E+01
3.1340656571090221E+01	3.6273437500000000E+01
3.1407608889043331E+01	3.6273437500000000E+01
3.1474548190832138E+01	3.6273437500000000E+01
3.1541809141635895E+01	3.6273437500000000E+01
3.1608758009970188E+01	3.6273437500000000E+01
3.1675914570689201E+01	3.6273437500000000E+01
3.1743183031678200E+01	3.6273437500000000E+01
3.1810115896165371E+01	3.6273437500000000E+01
3.1877053543925285E+01	3.6273437500000000E+01
3.1944007717072964E+01	3.6273437500000000E+01
3.2010970927774906E+01	3.6273437500000000E+01
3.2077939502894878E+01	3.6273437500000000E+01
3.2144917026162148E+01	3.6273437500000000E+01
3.2211883343756199E+01	3.6273437500000000E+01
3.2278852835297585E+01	3.6273437500000000E+01
3.2346140459179878E+01	3.6273437500000000E+01
3.2413295641541481E+01	3.6273437500000000E+01
3.2480686843395233E+01	3.6273437500000000E+01
3.2547636874020100E+01	3.6273437500000000E+01
3.2614558354020119E+01	3.6273437500000000E+01
3.2681520409882069E+01	3.6273437500000000E+01
3.2748494826257229E+01	3.6273437500000000E+01
3.2815420605242252E+01	3.6273437500000000E+01
3.2882394216954708E+01	3.6273437500000000E+01
3.2949327304959297E+01	3.6273437500000000E+01
3.3016295500099659E+01	3.6273437500000000E+01
3.3083269380033016E+01	3.6273437500000000E+01
3.3150223091244698E+01	3.6273437500000000E+01
3.3217124365270138E+01	3.6273437500000000E+01
3.3284088566899300E+01	3.6273437500000000E+01
3.3351038761436939E+01	3.6273437500000000E+01
3.3417989656329155E+01	3.6273437500000000E+01
3.3484961405396461E+01	3.6273437500000000E+01
3.3552615746855736E+01	3.6273437500000000E+01
3.3619615785777569E+01	3.6273437500000000E+01
3.3687157906591892E+01	3.6273437500000000E+01
3.3754188440740108E+01	3.6273437500000000E+01
3.3821164436638355E+01	3.6273437500000000E+01
3.3888145066797733E+01	3.6273437500000000E+01
3.3955143153667450E+01	3.6273437500000000E+01
3.4022388018667698E+01	3.6273437500000000E+01
3.4089360140264034E+01	3.6273437500000000E+01
3.4156360059976578E+01	3.6273437500000000E+01
3.4224113501608372E+01	3.6273437500000000E+01
3.4291087783873081E+01	3.6273437500000000E+01
3.4358461536467075E+01	3.6273437500000000E+01
3.4425438702106476E+01	3.6273437500000000E+01
3.4493074767291546E+01	3.6273437500000000E+01
3.4560090340673923E+01	3.6273437500000000E+01
3.4627085492014885E+01	3.6273437500000000E+01
3.4694059051573277E+01	3.6273437500000000E+01
3.4761085897684097E+01	3.6273437500000000E+01
3.4828053049743176E+01	3.6273437500000000E+01
3.4895317137241364E+01	3.6273437500000000E+01
3.4962308868765831E+01	3.6273437500000000E+01
3.5029278680682182E+01	3.6273437500000000E+01
3.5096242964267731E+01	3.6273437500000000E+01
3.5163229063153267E+01	3.6273437500000000E+01
3.5230191245675087E+01	3.6273437500000000E+01
3.5297662995755672E+01	3.6273437500000000E+01
3.5365275837481022E+01	3.6273437500000000E+01
3.5433382220566273E+01	3.6273437500000000E+01
3.5500734791159630E+01	3.6273437500000000E+01
3.5567679569125175E+01	3.6273437500000000E+01
3.5634676009416580E+01	3.6273437500000000E+01
3.5701663576066494E+01	3.6273437500000000E+01
3.5768721066415310E+01	3.6273437500000000E+01
3.5835709266364574E+01	3.6273437500000000E+01
3.5902682758867741E+01	3.6273437500000000E+01
3.5970242992043495E+01	3.6273437500000000E+01
3.6037226215004921E+01	3.6273437500000000E+01
3.6104227989912033E+01	3.6273437500000000E+01
3.6171210616827011E+01	3.6273437500000000E+01
3.6239283107221127E+01	3.6273437500000000E+01
3.6306272156536579E+01	3.6273437500000000E+01
3.6373940601944923E+01	3.6273437500000000E+01
3.6440899267792702E+01	3.6273437500000000E+01
3.6508098088204861E+01	3.6273437500000000E+01
3.6575071647763252E+01	3.6273437500000000E+01
3.6642024621367455E+01	3.6273437500000000E+01
3.6709849216043949E+01	3.6273437500000000E+01
3.6776867032051086E+01	3.6273437500000000E+01
3.6843863591551781E+01	3.6273437500000000E+01
3.6911490499973297E+01	3.6273437500000000E+01
3.6978468164801598E+01	3.6273437500000000E+01
3.7045482844114304E+01	3.6273437500000000E+01
3.7112469032406807E+01	3.6273437500000000E+01
3.7179430328309536E+01	3.6273437500000000E+01
3.7246422536671162E+01	3.6273437500000000E+01
3.7313392840325832E+01	3.6273437500000000E+01
3.7380382873117924E+01	3.6273437500000000E+01
3.7447780452668667E+01	3.6273437500000000E+01
3.7514749608933926E+01	3.6273437500000000E+01
3.7582123309373856E+01	3.6273437500000000E+01
3.7649118892848492E+01	3.6273437500000000E+01
3.7716047607362270E+01	3.6273437500000000E+01
3.7783105500042439E+01	3.6273437500000000E+01
3.7851055346429348E+01	3.6273437500000000E+01
3.7917983658611774E+01	3.6273437500000000E+01
3.7984959289431572E+01	3.6273437500000000E+01
3.8051917813718319E+01	3.6273437500000000E+01
3.8119231559336185E+01	3.6273437500000000E+01
3.8186192221939564E+01	3.6273437500000000E+01
3.8253659300506115E+01	3.6277343750000000E+01
3.8320749789476395E+01	3.6277343750000000E+01
3.8387741364538670E+01	3.6277343750000000E+01
3.8455439500510693E+01	3.6277343750000000E+01
3.8523319169878960E+01	3.6277343750000000E+01
3.8590270571410656E+01	3.6277343750000000E+01
3.8657221123576164E+01	3.6277343750000000E+01
3.8724196389317513E+01	3.6277343750000000E+01
3.8791191056370735E+01	3.6277343750000000E+01
3.8858422473073006E+01	3.6277343750000000E+01
3.8926157340407372E+01	3.6277343750000000E+01
3.8993854358792305E+01	3.6277343750000000E+01
3.9061595432460308E+01	3.6277343750000000E+01
3.9129300549626350E+01	3.6277343750000000E+01
3.9197180725634098E+01	3.6277343750000000E+01
3.9265032663941383E+01	3.6277343750000000E+01
3.9332566395401955E+01	3.6277343750000000E+01
3.9400581732392311E+01	3.6277343750000000E+01
3.9468324258923531E+01	3.6277343750000000E+01
3.9535980194807053E+01	3.6277343750000000E+01
3.9603738062083721E+01	3.6277343750000000E+01
3.9671348735690117E+01	3.6277343750000000E+01
3.9739299617707729E+01	3.6277343750000000E+01
3.9807014480233192E+01	3.6277343750000000E+01
3.9875754415988922E+01	3.6277343750000000E+01
3.9943562261760235E+01	3.6277343750000000E+01
4.0011370442807674E+01	3.6277343750000000E+01
4.0079640522599220E+01	3.6277343750000000E+01
4.0147227607667446E+01	3.6277343750000000E+01
4.0214857012033463E+01	3.6277343750000000E+01
4.0282541699707508E+01	3.6277343750000000E+01
4.0350259579718113E+01	3.6277343750000000E+01
4.0417884580790997E+01	3.6277343750000000E+01
4.0485741570591927E+01	3.6277343750000000E+01
4.0553468093276024E+01	3.6277343750000000E+01
4.0621044747531414E+01	3.6277343750000000E+01
4.0688730657100677E+01	3.6277343750000000E+01
4.0756283335387707E+01	3.6277343750000000E+01
4.0824085704982281E+01	3.6277343750000000E+01
4.0891955949366093E+01	3.6277343750000000E+01
4.0959749966859818E+01	3.6277343750000000E+01
4.1027623757719994E+01	3.6277343750000000E+01
4.1095470577478409E+01	3.6277343750000000E+01
4.1163855761289597E+01	3.6277343750000000E+01
4.1231677621603012E+01	3.6277343750000000E+01
4.1299466013908386E+01	3.6277343750000000E+01
4.1366483159363270E+01	3.6277343750000000E+01
4.1433873228728771E+01	3.6277343750000000E+01
4.1500922337174416E+01	3.6277343750000000E+01
4.1567943185567856E+01	3.6277343750000000E+01
4.1634948685765266E+01	3.6277343750000000E+01
4.1701997645199299E+01	3.6277343750000000E+01
4.1769069775938988E+01	3.6277343750000000E+01
4.1836086481809616E+01	3.6277343750000000E+01
4.1903056904673576E+01	3.6277343750000000E+01
4.1970684885978699E+01	3.6277343750000000E+01
4.2037709869444370E+01	3.6277343750000000E+01
4.2104685768485069E+01	3.6277343750000000E+01
4.2172183007001877E+01	3.6277343750000000E+01
4.2239143736660480E+01	3.6277343750000000E+01
4.2306117035448551E+01	3.6277343750000000E+01
4.2373086191713810E+01	3.6277343750000000E+01
4.2440072014927864E+01	3.6277343750000000E+01
4.2507588639855385E+01	3.6277343750000000E+01
4.2574600107967854E+01	3.6277343750000000E+01
4.2641551665961742E+01	3.6277343750000000E+01
4.2708494469523430E+01	3.6277343750000000E+01
4.2775469429790974E+01	3.6277343750000000E+01
4.2842429064214230E+01	3.6277343750000000E+01
4.2909440331161022E+01	3.6277343750000000E+01
4.2976378649473190E+01	3.6277343750000000E+01
4.3044177122414112E+01	3.6277343750000000E+01
4.3111130960285664E+01	3.6277343750000000E+01
4.3178568184375763E+01	3.6277343750000000E+01
4.3245506748557091E+01	3.6277343750000000E+01
4.3312471844255924E+01	3.6277343750000000E+01
4.3379427269101143E+01	3.6277343750000000E+01
4.3446785114705563E+01	3.6277343750000000E+01
4.3513746082782745E+01	3.6277343750000000E+01
4.3580983333289623E+01	3.6277343750000000E+01
4.3647975623607635E+01	3.6277343750000000E+01
4.3714904293417931E+01	3.6277343750000000E+01
4.3781916677951813E+01	3.6277343750000000E+01
4.3848876588046551E+01	3.6277343750000000E+01
4.3915824361145496E+01	3.6277343750000000E+01
4.3982753604650497E+01	3.6277343750000000E+01
4.4049671828746796E+01	3.6277343750000000E+01
4.4116598457098007E+01	3.6277343750000000E+01
4.4183543227612972E+01	3.6277343750000000E+01
4.4251146599650383E+01	3.6277343750000000E+01
4.4318118847906590E+01	3.6277343750000000E+01
4.4385067738592625E+01	3.6277343750000000E+01
4.4452054940164089E+01	3.6277343750000000E+01
4.4518972299993038E+01	3.6277343750000000E+01
4.4585953049361706E+01	3.6277343750000000E+01
4.4652902483940125E+01	3.6277343750000000E+01
4.4719846107065678E+01	3.6277343750000000E+01
4.4787070810794830E+01	3.6277343750000000E+01
4.4854079909622669E+01	3.6277343750000000E+01
4.4921061575412750E+01	3.6277343750000000E+01
4.4988337442278862E+01	3.6277343750000000E+01
4.5055301249027252E+01	3.6277343750000000E+01
4.5122277103364468E+01	3.6277343750000000E+01
4.5189480267465115E+01	3.6277343750000000E+01
4.5256454519927502E+01	3.6277343750000000E+01
4.5324387848377228E+01	3.6277343750000000E+01
4.5391599461436272E+01	3.6277343750000000E+01
4.5459190085530281E+01	3.6277343750000000E+01
4.5527266822755337E+01	3.6277343750000000E+01
4.5594218619167805E+01	3.6277343750000000E+01
4.5661101907491684E+01	3.6277343750000000E+01
4.5728114441037178E+01	3.6277343750000000E+01
4.5795407176017761E+01	3.6277343750000000E+01
4.5862892284989357E+01	3.6277343750000000E+01
4.5929801203310490E+01	3.6277343750000000E+01
4.5996755212545395E+01	3.6277343750000000E+01
4.6063712969422340E+01	3.6277343750000000E+01
4.6130706593394279E+01	3.6277343750000000E+01
4.6197705991566181E+01	3.6277343750000000E+01
4.6264753758907318E+01	3.6277343750000000E+01
4.6331720307469368E+01	3.6277343750000000E+01
4.6398667596280575E+01	3.6277343750000000E+01
4.6465675987303257E+01	3.6277343750000000E+01
4.6532684788107872E+01	3.6277343750000000E+01
4.6599688179790974E+01	3.6277343750000000E+01
4.6666655749082565E+01	3.6277343750000000E+01
4.6733636707067490E+01	3.6277343750000000E+01
4.6800902359187603E+01	3.6277343750000000E+01
4.6867889598011971E+01	3.6277343750000000E+01
4.6934816040098667E+01	3.6277343750000000E+01
4.7001774340867996E+01	3.6277343750000000E+01
4.7069151848554611E+01	3.6277343750000000E+01
4.7136192202568054E+01	3.6277343750000000E+01
4.7203220181167126E+01	3.6277343750000000E+01
4.7270157769322395E+01	3.6277343750000000E+01
4.7337152212858200E+01	3.6277343750000000E+01
4.7404789768159389E+01	3.6277343750000000E+01
4.7471758969128132E+01	3.6277343750000000E+01
4.7539132416248322E+01	3.6277343750000000E+01
4.7606382898986340E+01	3.6277343750000000E+01
4.7673316441476345E+01	3.6277343750000000E+01
4.7740848861634731E+01	3.6277343750000000E+01
4.7808485299348831E+01	3.6277343750000000E+01
4.7875458382070065E+01	3.6277343750000000E+01
4.7942546606063843E+01	3.6277343750000000E+01
4.8010387666523457E+01	3.6277343750000000E+01
4.8078207090497017E+01	3.6277343750000000E+01
4.8146353460848331E+01	3.6277343750000000E+01
4.8213989637792110E+01	3.6277343750000000E+01
4.8281755700707436E+01	3.6277343750000000E+01
4.8349516749382019E+01	3.6277343750000000E+01
4.8417336836457253E+01	3.6277343750000000E+01
4.8485029317438602E+01	3.6277343750000000E+01
4.8552695736289024E+01	3.6277343750000000E+01
4.8620179869234562E+01	3.6277343750000000E+01
4.8687869980931282E+01	3.6277343750000000E+01
4.8755586743354797E+01	3.6277343750000000E+01
4.8823285467922688E+01	3.6277343750000000E+01
4.8891006276011467E+01	3.6277343750000000E+01
4.8958758652210236E+01	3.6277343750000000E+01
4.9026540383696556E+01	3.6277343750000000E+01
4.9094292581081390E+01	3.6277343750000000E+01
4.9162008568644524E+01	3.6277343750000000E+01
4.9229613684117794E+01	3.6277343750000000E+01
4.9297340653836727E+01	3.6277343750000000E+01
4.9365088187158108E+01	3.6277343750000000E+01
4.9432927660644054E+01	3.6277343750000000E+01
4.9500655405223370E+01	3.6277343750000000E+01
4.9568473488092422E+01	3.6277343750000000E+01
4.9636224873363972E+01	3.6277343750000000E+01
4.9704111434519291E+01	3.6277343750000000E+01
4.9771883107721806E+01	3.6277343750000000E+01
4.9839696720242500E+01	3.6277343750000000E+01
4.9907599650323391E+01	3.6277343750000000E+01
4.9975237883627415E+01	3.6277343750000000E+01
5.0042353555560112E+01	3.6277343750000000E+01
5.0109375849366188E+01	3.6277343750000000E+01
5.0176446847617626E+01	3.6277343750000000E+01
5.0243492037057877E+01	3.6277343750000000E+01
5.0310517713427544E+01	3.6277343750000000E+01
5.0377528913319111E+01	3.6277343750000000E+01
5.0444682031869888E+01	3.6277343750000000E+01
5.0511735960841179E+01	3.6277343750000000E+01
5.0579070456326008E+01	3.6277343750000000E+01
5.0646102480590343E+01	3.6277343750000000E+01
5.0713493078947067E+01	3.6277343750000000E+01
5.0780782103538513E+01	3.6277343750000000E+01
5.0847841121256351E+01	3.6277343750000000E+01
5.0915083467960358E+01	3.6277343750000000E+01
5.0982083179056644E+01	3.6277343750000000E+01
5.1049036644399166E+01	3.6277343750000000E+01
5.1115998461842537E+01	3.6277343750000000E+01
5.1182982139289379E+01	3.6277343750000000E+01
5.1249970898032188E+01	3.6277343750000000E+01
5.1317019209265709E+01	3.6277343750000000E+01
5.1384073071181774E+01	3.6277343750000000E+01
5.1451091386377811E+01	3.6277343750000000E+01
5.1518773786723614E+01	3.6277343750000000E+01
5.1585777297616005E+01	3.6277343750000000E+01
5.1652749396860600E+01	3.6277343750000000E+01
5.1719747409224510E+01	3.6277343750000000E+01
5.1786818288266659E+01	3.6277343750000000E+01
5.1853755332529545E+01	3.6277343750000000E+01
5.1921412125229836E+01	3.6277343750000000E+01
5.1988373227417469E+01	3.6277343750000000E+01
5.2055324256420135E+01	3.6277343750000000E+01
5.2122291944921017E+01	3.6277343750000000E+01
5.2189916111528873E+01	3.6277343750000000E+01
5.2256992556154728E+01	3.6277343750000000E+01
5.2323911927640438E+01	3.6277343750000000E+01
5.2390881381928921E+01	3.6277343750000000E+01
5.2457860104739666E+01	3.6277343750000000E+01
5.2524812936782837E+01	3.6277343750000000E+01
5.2591818392276764E+01	3.6277343750000000E+01
5.2658773846924305E+01	3.6277343750000000E+01
5.2726434975862503E+01	3.6277343750000000E+01
5.2793383106589317E+01	3.6277343750000000E+01
5.2860330715775490E+01	3.6277343750000000E+01
5.2927273824810982E+01	3.6277343750000000E+01
5.2994216181337833E+01	3.6277343750000000E+01
5.3061470076441765E+01	3.6277343750000000E+01
5.3129078380763531E+01	3.6277343750000000E+01
5.3196046985685825E+01	3.6277343750000000E+01
5.3262974850833416E+01	3.6277343750000000E+01
5.3330721892416477E+01	3.6277343750000000E+01
5.3397679693996906E+01	3.6277343750000000E+01
5.3464617691934109E+01	3.6277343750000000E+01
5.3531580097973347E+01	3.6277343750000000E+01
5.3598887316882610E+01	3.6277343750000000E+01
5.3665942355990410E+01	3.6277343750000000E+01
5.3733076505362988E+01	3.6277343750000000E+01
5.3800027959048748E+01	3.6277343750000000E+01
5.3866971515119076E+01	3.6277343750000000E+01
5.3933926418423653E+01	3.6277343750000000E+01
5.4000892959535122E+01	3.6277343750000000E+01
5.4068386420607567E+01	3.6277343750000000E+01
5.4135373674333096E+01	3.6277343750000000E+01
5.4202855393290520E+01	3.6277343750000000E+01
5.4269802086055279E+01	3.6277343750000000E+01
5.4337364301085472E+01	3.6277343750000000E+01
5.4404299817979336E+01	3.6277343750000000E+01
5.4471253700554371E+01	3.6277343750000000E+01
5.4538230530917645E+01	3.6277343750000000E+01
5.4605152703821659E+01	3.6277343750000000E+01
5.4672547489404678E+01	3.6277343750000000E+01
5.4739535786211491E+01	3.6277343750000000E+01
5.4806949816644192E+01	3.6277343750000000E+01
5.4873870402574539E+01	3.6277343750000000E+01
5.4941441282629967E+01	3.6277343750000000E+01
5.5008994512259960E+01	3.6277343750000000E+01
5.5075920976698399E+01	3.6277343750000000E+01
5.5142987735569477E+01	3.6277343750000000E+01
5.5210438400506973E+01	3.6277343750000000E+01
5.5277382515370846E+01	3.6277343750000000E+01
5.5344395838677883E+01	3.6277343750000000E+01
5.5411303743720055E+01	3.6277343750000000E+01
5.5478246033191681E+01	3.6277343750000000E+01
5.5545187719166279E+01	3.6277343750000000E+01
5.5613323688507080E+01	3.6277343750000000E+01
5.5680283322930336E+01	3.6277343750000000E+01
5.5747333861887455E+01	3.6277343750000000E+01
5.5814662985503674E+01	3.6277343750000000E+01
5.5881606720387936E+01	3.6277343750000000E+01
5.5948584012687206E+01	3.6277343750000000E+01
5.6015539951622486E+01	3.6277343750000000E+01
5.6083173871040344E+01	3.6277343750000000E+01
5.6150111153721809E+01	3.6277343750000000E+01
5.6217027015984058E+01	3.6277343750000000E+01
5.6284576602280140E+01	3.6277343750000000E+01
5.6351509749889374E+01	3.6277343750000000E+01
5.6418591871857643E+01	3.6277343750000000E+01
5.6485556520521641E+01	3.6277343750000000E+01
5.6552837893366814E+01	3.6277343750000000E+01
5.6620150193572044E+01	3.6277343750000000E+01
5.6687615081667900E+01	3.6277343750000000E+01
5.6754600577056408E+01	3.6277343750000000E+01
5.6821580789983273E+01	3.6277343750000000E+01
5.6888681195676327E+01	3.6277343750000000E+01
5.6955622173845768E+01	3.6277343750000000E+01
5.7022589772939682E+01	3.6277343750000000E+01
5.7089850753545761E+01	3.6277343750000000E+01
5.7156839363276958E+01	3.6277343750000000E+01
5.7223749034106731E+01	3.6277343750000000E+01
5.7290712311863899E+01	3.6277343750000000E+01
5.7357758864760399E+01	3.6277343750000000E+01
5.7425346583127975E+01	3.6277343750000000E+01
5.7492308795452118E+01	3.6277343750000000E+01
5.7559832185506821E+01	3.6277343750000000E+01
5.7626821808516979E+01	3.6277343750000000E+01
5.7693748489022255E+01	3.6277343750000000E+01
5.7761329457163811E+01	3.6277343750000000E+01
5.7828507065773010E+01	3.6277343750000000E+01
5.7896606698632240E+01	3.6277343750000000E+01
5.7963580176234245E+01	3.6277343750000000E+01
5.8030564829707146E+01	3.6277343750000000E+01
5.8098103329539299E+01	3.6277343750000000E+01
5.8165177695453167E+01	3.6277343750000000E+01
5.8232129633426666E+01	3.6277343750000000E+01
5.8299755476415157E+01	3.6277343750000000E+01
5.8367607407271862E+01	3.6277343750000000E+01
5.8434596724808216E+01	3.6277343750000000E+01
5.8501544877886772E+01	3.6277343750000000E+01
5.8568483233451843E+01	3.6277343750000000E+01
5.8635446205735207E+01	3.6277343750000000E+01
5.8702444083988667E+01	3.6277343750000000E+01
5.8769439004361629E+01	3.6277343750000000E+01
5.8836420275270939E+01	3.6277343750000000E+01
5.8903370194137096E+01	3.6277343750000000E+01
5.8970392152667046E+01	3.6277343750000000E+01
5.9038016147911549E+01	3.6277343750000000E+01
5.9105127416551113E+01	3.6277343750000000E+01
5.9172686703503132E+01	3.6277343750000000E+01
5.9240519762039185E+01	3.6277343750000000E+01
5.9308227270841599E+01	3.6277343750000000E+01
5.9375889405608177E+01	3.6277343750000000E+01
5.9442984290421009E+01	3.6277343750000000E+01
5.9510514400899410E+01	3.6277343750000000E+01
5.9578023657202721E+01	3.6277343750000000E+01
5.9645439997315407E+01	3.6277343750000000E+01
5.9713055364787579E+01	3.6277343750000000E+01
5.9780506871640682E+01	3.6277343750000000E+01
5.9848023533821106E+01	3.6277343750000000E+01
5.9915468834340572E+01	3.6277343750000000E+01
5.9982668399810791E+01	3.6277343750000000E+01
6.0050259426236153E+01	3.6277343750000000E+01
6.0117987945675850E+01	3.6277343750000000E+01
6.0185421861708164E+01	3.6277343750000000E+01
6.0253049679100513E+01	3.6277343750000000E+01
6.0320513404905796E+01	3.6277343750000000E+01
6.0388024203479290E+01	3.6277343750000000E+01
6.0455452315509319E+01	3.6277343750000000E+01
6.0523064792156219E+01	3.6277343750000000E+01
6.0590552262961864E+01	3.6277343750000000E+01
6.0658096604049206E+01	3.6277343750000000E+01
6.0725765861570835E+01	3.6277343750000000E+01
6.0793608866631985E+01	3.6277343750000000E+01
6.0861203484237194E+01	3.6277343750000000E+01
6.0928725399076939E+01	3.6277343750000000E+01
6.0996028035879135E+01	3.6277343750000000E+01
6.1063344098627567E+01	3.6277343750000000E+01
6.1130797050893307E+01	3.6277343750000000E+01
6.1198279537260532E+01	3.6277343750000000E+01
6.1265927977859974E+01	3.6277343750000000E+01
6.1333554022014141E+01	3.6277343750000000E+01
6.1401157803833485E+01	3.6277343750000000E+01
6.1468542791903019E+01	3.6277343750000000E+01
6.1535880394279957E+01	3.6277343750000000E+01
6.1603415369987488E+01	3.6277343750000000E+01
6.1671026140451431E+01	3.6277343750000000E+01
6.1738757885992527E+01	3.6277343750000000E+01
6.1806441672146320E+01	3.6277343750000000E+01
6.1873945191502571E+01	3.6277343750000000E+01
6.1941695079207420E+01	3.6277343750000000E+01
6.2009314112365246E+01	3.6277343750000000E+01
6.2076768003404140E+01	3.6277343750000000E+01
6.2144410714507103E+01	3.6277343750000000E+01
6.2212007090449333E+01	3.6277343750000000E+01
6.2279629051685333E+01	3.6277343750000000E+01
6.2347284696996212E+01	3.6277343750000000E+01
6.2414851777255535E+01	3.6277343750000000E+01
6.2482591129839420E+01	3.6277343750000000E+01
6.2549734562635422E+01	3.6277343750000000E+01
6.2617344677448273E+01	3.6277343750000000E+01
6.2685080476105213E+01	3.6277343750000000E+01
6.2752807453274727E+01	3.6277343750000000E+01
6.2820583164691925E+01	3.6277343750000000E+01
6.2888253241777420E+01	3.6277343750000000E+01
6.2955817490816116E+01	3.6277343750000000E+01
6.3023494482040405E+01	3.6277343750000000E+01
6.3091577075421810E+01	3.6277343750000000E+01
6.3159292362630367E+01	3.6277343750000000E+01
6.3226874560117722E+01	3.6277343750000000E+01
6.3294450014829636E+01	3.6277343750000000E+01
6.3362854428589344E+01	3.6277343750000000E+01
6.3430714309215546E+01	3.6277343750000000E+01
6.3498435139656067E+01	3.6277343750000000E+01
6.3566089138388634E+01	3.6277343750000000E+01
6.3633662283420563E+01	3.6277343750000000E+01
6.3701226718723774E+01	3.6277343750000000E+01
6.3768877863883972E+01	3.6277343750000000E+01
6.3836055546998978E+01	3.6277343750000000E+01
6.3903569445014000E+01	3.6277343750000000E+01
6.3971169680356979E+01	3.6277343750000000E+01
6.4038774460554123E+01	3.6277343750000000E+01
6.4106334879994392E+01	3.6277343750000000E+01
6.4173797309398651E+01	3.6277343750000000E+01
6.4241225168108940E+01	3.6277343750000000E+01
6.4308862611651421E+01	3.6277343750000000E+01
6.4376712359488010E+01	3.6277343750000000E+01
6.4444482095539570E+01	3.6277343750000000E+01
6.4511974714696407E+01	3.6277343750000000E+01
6.4579582750797272E+01	3.6277343750000000E+01
6.4647104039788246E+01	3.6277343750000000E+01
6.4714698523283005E+01	3.6277343750000000E+01
6.4782397910952568E+01	3.6277343750000000E+01
6.4850072331726551E+01	3.6277343750000000E+01
6.4917707420885563E+01	3.6277343750000000E+01
6.4985119692981243E+01	3.6277343750000000E+01
6.5052619300782681E+01	3.6277343750000000E+01
6.5120243050158024E+01	3.6277343750000000E+01
6.5187842048704624E+01	3.6277343750000000E+01
6.5255548931658268E+01	3.6277343750000000E+01
6.5323189690709114E+01	3.6277343750000000E+01
6.5391599193215370E+01	3.6277343750000000E+01
6.5459393449127674E+01	3.6277343750000000E+01
6.5526888616383076E+01	3.6277343750000000E+01
6.5594466492533684E+01	3.6277343750000000E+01
6.5661881193518639E+01	3.6277343750000000E+01
6.5728940427303314E+01	3.6277343750000000E+01
6.5796622052788734E+01	3.6277343750000000E+01
6.5863659307360649E+01	3.6277343750000000E+01
6.5930728144943714E+01	3.6277343750000000E+01
6.5997733287513256E+01	3.6277343750000000E+01
6.6064740903675556E+01	3.6277343750000000E+01
6.6131760939955711E+01	3.6277343750000000E+01
6.6198822349309921E+01	3.6277343750000000E+01
6.6265820145606995E+01	3.6277343750000000E+01
6.6332869715988636E+01	3.6277343750000000E+01
6.6399852581322193E+01	3.6277343750000000E+01
6.6467355296015739E+01	3.6277343750000000E+01
6.6534748211503029E+01	3.6277343750000000E+01
6.6601892463862896E+01	3.6277343750000000E+01
6.6669535934925079E+01	3.6277343750000000E+01
6.6737035028636456E+01	3.6277343750000000E+01
6.6805098325014114E+01	3.6277343750000000E+01
6.6871748737990856E+01	3.6277343750000000E+01
6.6939147159457207E+01	3.6277343750000000E+01
6.7006907813251019E+01	3.6277343750000000E+01
