0.0000000000000000E+00	3.9000000000000001E-01
9.2092092092092093E+02	3.8998762652358759E-01
1.8418418418418419E+03	3.8997624534639691E-01
2.7627627627627626E+03	3.8996487492258985E-01
3.6836836836836837E+03	3.8995375880721289E-01
4.6046046046046049E+03	3.8994358397155782E-01
5.5255255255255252E+03	3.8993162240076473E-01
6.4464464464464463E+03	3.8992067885937659E-01
7.3673673673673675E+03	3.8990972709494953E-01
8.2882882882882877E+03	3.8989890142866190E-01
9.2092092092092098E+03	3.8988776464992680E-01
1.0130130130130130E+04	3.8987758612376200E-01
1.1051051051051050E+04	3.8986501868208179E-01
1.1971971971971972E+04	3.8985457376987470E-01
1.2892892892892893E+04	3.8984333190852971E-01
1.3813813813813815E+04	3.8983202249522941E-01
1.4734734734734735E+04	3.8982187796490664E-01
1.5655655655655655E+04	3.8980986961204606E-01
1.6576576576576575E+04	3.8980003171031219E-01
1.7497497497497498E+04	3.8978741129197098E-01
1.8418418418418420E+04	3.8977658852155445E-01
1.9339339339339338E+04	3.8976567813818158E-01
2.0260260260260260E+04	3.8975386259965550E-01
2.1181181181181182E+04	3.8974415604500634E-01
2.2102102102102101E+04	3.8973213127533568E-01
2.3023023023023023E+04	3.8972158591889339E-01
2.3943943943943945E+04	3.8970940394863096E-01
2.4864864864864867E+04	3.8969856111809553E-01
2.5785785785785785E+04	3.8968717696090655E-01
2.6706706706706707E+04	3.8967680840529151E-01
2.7627627627627629E+04	3.8966515517549410E-01
2.8548548548548548E+04	3.8965377084642011E-01
2.9469469469469470E+04	3.8964291115006155E-01
3.0390390390390392E+04	3.8963214080208514E-01
3.1311311311311310E+04	3.8962189528667579E-01
3.2232232232232232E+04	3.8960996716826130E-01
3.3153153153153151E+04	3.8959789522269894E-01
3.4074074074074073E+04	3.8958716046965930E-01
3.4994994994994995E+04	3.8957599585943159E-01
3.5915915915915917E+04	3.8956458829100227E-01
3.6836836836836839E+04	3.8955398545191289E-01
3.7757757757757761E+04	3.8954272070350104E-01
3.8678678678678676E+04	3.8953177942312001E-01
3.9599599599599598E+04	3.8952010576142165E-01
4.0520520520520520E+04	3.8950860400011095E-01
4.1441441441441442E+04	3.8949757423733450E-01
4.2362362362362364E+04	3.8948677048171293E-01
4.3283283283283286E+04	3.8947522228042686E-01
4.4204204204204201E+04	3.8946375006762224E-01
4.5125125125125123E+04	3.8945293108459395E-01
4.6046046046046045E+04	3.8944188939568442E-01
4.6966966966966967E+04	3.8943194311604834E-01
4.7887887887887890E+04	3.8941957776696617E-01
4.8808808808808812E+04	3.8940804061489437E-01
4.9729729729729734E+04	3.8939725762728489E-01
5.0650650650650648E+04	3.8938561026065499E-01
5.1571571571571571E+04	3.8937439955151554E-01
5.2492492492492493E+04	3.8936395653679673E-01
5.3413413413413415E+04	3.8935313897551777E-01
5.4334334334334337E+04	3.8934109427842634E-01
5.5255255255255259E+04	3.8932991079902984E-01
5.6176176176176174E+04	3.8931860956349451E-01
5.7097097097097096E+04	3.8930759246824648E-01
5.8018018018018018E+04	3.8929683160634393E-01
5.8938938938938940E+04	3.8928457286102180E-01
5.9859859859859862E+04	3.8927368437227683E-01
6.0780780780780784E+04	3.8926297024090589E-01
6.1701701701701706E+04	3.8925107750126303E-01
6.2622622622622621E+04	3.8924019845204283E-01
6.3543543543543543E+04	3.8922875354505482E-01
6.4464464464464465E+04	3.8921796495894978E-01
6.5385385385385387E+04	3.8920640522874195E-01
6.6306306306306302E+04	3.8919498916392981E-01
6.7227227227227224E+04	3.8918422937833391E-01
6.8148148148148146E+04	3.8917258935358034E-01
6.9069069069069068E+04	3.8916108628067053E-01
6.9989989989989990E+04	3.8915029205389290E-01
7.0910910910910912E+04	3.8913915747749639E-01
7.1831831831831834E+04	3.8912881553070083E-01
7.2752752752752756E+04	3.8911702160379474E-01
7.3673673673673678E+04	3.8910505404260254E-01
7.4594594594594600E+04	3.8909387389746214E-01
7.5515515515515523E+04	3.8908259770641407E-01
7.6436436436436445E+04	3.8907132340313438E-01
7.7357357357357352E+04	3.8906065010735069E-01
7.8278278278278274E+04	3.8904969906630815E-01
7.9199199199199196E+04	3.8903793787441893E-01
8.0120120120120118E+04	3.8902649005098039E-01
8.1041041041041040E+04	3.8901488774942450E-01
8.1961961961961963E+04	3.8900376100201561E-01
8.2882882882882885E+04	3.8899312649021595E-01
8.3803803803803807E+04	3.8898140447687668E-01
8.4724724724724729E+04	3.8897045311360190E-01
8.5645645645645651E+04	3.8895987998258791E-01
8.6566566566566573E+04	3.8894726418094511E-01
8.7487487487487495E+04	3.8893602793286502E-01
8.8408408408408402E+04	3.8892452853570930E-01
8.9329329329329325E+04	3.8891439691314261E-01
9.0250250250250247E+04	3.8890274621698090E-01
9.1171171171171169E+04	3.8889218328771313E-01
9.2092092092092091E+04	3.8887978321984146E-01
9.3013013013013013E+04	3.8886868705176836E-01
9.3933933933933935E+04	3.8885769124917524E-01
9.4854854854854857E+04	3.8884572169052339E-01
9.5775775775775779E+04	3.8883491858473923E-01
9.6696696696696701E+04	3.8882309067694476E-01
9.7617617617617623E+04	3.8881260347783947E-01
9.8538538538538545E+04	3.8880032997855279E-01
9.9459459459459467E+04	3.8878936032872591E-01
1.0038038038038037E+05	3.8877840303846223E-01
1.0130130130130130E+05	3.8876623917817643E-01
1.0222222222222222E+05	3.8875521368468918E-01
1.0314314314314314E+05	3.8874422697978628E-01
1.0406406406406406E+05	3.8873222572205768E-01
1.0498498498498499E+05	3.8872234599333666E-01
1.0590590590590591E+05	3.8871069580256828E-01
1.0682682682682683E+05	3.8869956095359642E-01
1.0774774774774775E+05	3.8868698833749860E-01
1.0866866866866867E+05	3.8867585841857555E-01
1.0958958958958960E+05	3.8866437974890550E-01
1.1051051051051052E+05	3.8865312704927835E-01
1.1143143143143144E+05	3.8864182839633254E-01
1.1235235235235235E+05	3.8863041424459682E-01
1.1327327327327327E+05	3.8861916573322525E-01
1.1419419419419419E+05	3.8860797195700481E-01
1.1511511511511511E+05	3.8859663009181211E-01
1.1603603603603604E+05	3.8858505843196300E-01
1.1695695695695696E+05	3.8857374552334900E-01
1.1787787787787788E+05	3.8856197115578534E-01
1.1879879879879880E+05	3.8855078887603850E-01
1.1971971971971972E+05	3.8854111109595152E-01
1.2064064064064065E+05	3.8852821817625638E-01
1.2156156156156157E+05	3.8851670582257575E-01
1.2248248248248249E+05	3.8850587412825210E-01
1.2340340340340341E+05	3.8849400904768638E-01
1.2432432432432432E+05	3.8848231083963480E-01
1.2524524524524524E+05	3.8847115563678425E-01
1.2616616616616616E+05	3.8846017383992743E-01
1.2708708708708709E+05	3.8844942803663202E-01
1.2800800800800801E+05	3.8843749390373272E-01
1.2892892892892893E+05	3.8842551702246508E-01
1.2984984984984985E+05	3.8841531151055592E-01
1.3077077077077077E+05	3.8840399677075349E-01
1.3169169169169170E+05	3.8839142528863879E-01
1.3261261261261260E+05	3.8838056319390629E-01
1.3353353353353354E+05	3.8837002845122859E-01
1.3445445445445445E+05	3.8835782841734373E-01
1.3537537537537538E+05	3.8834612531783302E-01
1.3629629629629629E+05	3.8833433898934200E-01
1.3721721721721723E+05	3.8832297205711513E-01
1.3813813813813814E+05	3.8831216841248489E-01
1.3905905905905907E+05	3.8830027095825076E-01
1.3997997997997998E+05	3.8828902727120279E-01
1.4090090090090092E+05	3.8827775997007302E-01
1.4182182182182182E+05	3.8826635417209138E-01
1.4274274274274273E+05	3.8825464231633794E-01
1.4366366366366367E+05	3.8824452343458771E-01
1.4458458458458458E+05	3.8823144491318573E-01
1.4550550550550551E+05	3.8822037914910607E-01
1.4642642642642642E+05	3.8820880042505856E-01
1.4734734734734736E+05	3.8819851812089023E-01
1.4826826826826826E+05	3.8818627370034647E-01
1.4918918918918920E+05	3.8817521343217265E-01
1.5011011011011011E+05	3.8816290588129571E-01
1.5103103103103105E+05	3.8815199119719140E-01
1.5195195195195195E+05	3.8814127256473235E-01
1.5287287287287289E+05	3.8812876064640112E-01
1.5379379379379380E+05	3.8811763093459417E-01
1.5471471471471470E+05	3.8810604997439946E-01
1.5563563563563564E+05	3.8809458686686110E-01
1.5655655655655655E+05	3.8808293729928467E-01
1.5747747747747749E+05	3.8807131469790251E-01
1.5839839839839839E+05	3.8806015533683186E-01
1.5931931931931933E+05	3.8804860716584638E-01
1.6024024024024024E+05	3.8803684882302208E-01
1.6116116116116117E+05	3.8802531358984155E-01
1.6208208208208208E+05	3.8801465320839984E-01
1.6300300300300302E+05	3.8800221060554146E-01
1.6392392392392393E+05	3.8799099470949544E-01
1.6484484484484486E+05	3.8798000870911986E-01
1.6576576576576577E+05	3.8796811596762776E-01
1.6668668668668668E+05	3.8795703833483186E-01
1.6760760760760761E+05	3.8794487827412943E-01
1.6852852852852852E+05	3.8793482995306344E-01
1.6944944944944946E+05	3.8792236217670756E-01
1.7037037037037036E+05	3.8791098787996015E-01
1.7129129129129130E+05	3.8789953457690474E-01
1.7221221221221221E+05	3.8788807653833335E-01
1.7313313313313315E+05	3.8787638230048527E-01
1.7405405405405405E+05	3.8786483032655800E-01
1.7497497497497499E+05	3.8785425338930346E-01
1.7589589589589590E+05	3.8784212452950573E-01
1.7681681681681680E+05	3.8783039156853932E-01
1.7773773773773774E+05	3.8781816232998156E-01
1.7865865865865865E+05	3.8780661211005590E-01
1.7957957957957959E+05	3.8779541747482771E-01
1.8050050050050049E+05	3.8778423238662857E-01
1.8142142142142143E+05	3.8777277631749685E-01
1.8234234234234234E+05	3.8776156710196352E-01
1.8326326326326327E+05	3.8774895685535782E-01
1.8418418418418418E+05	3.8773788508726942E-01
1.8510510510510512E+05	3.8772671702754508E-01
1.8602602602602603E+05	3.8771444848755976E-01
1.8694694694694696E+05	3.8770351016009102E-01
1.8786786786786787E+05	3.8769188484145523E-01
1.8878878878878878E+05	3.8767990241849404E-01
1.8970970970970971E+05	3.8766991603274875E-01
1.9063063063063062E+05	3.8765716261764738E-01
1.9155155155155156E+05	3.8764671416042318E-01
1.9247247247247247E+05	3.8763366997370668E-01
1.9339339339339340E+05	3.8762232160483878E-01
1.9431431431431431E+05	3.8761072463425555E-01
1.9523523523523525E+05	3.8759934255404505E-01
1.9615615615615615E+05	3.8758731483966952E-01
1.9707707707707709E+05	3.8757586420869500E-01
1.9799799799799800E+05	3.8756503713390328E-01
1.9891891891891893E+05	3.8755293629393178E-01
1.9983983983983984E+05	3.8754096666446397E-01
2.0076076076076075E+05	3.8752969364528900E-01
2.0168168168168169E+05	3.8751786412829881E-01
2.0260260260260259E+05	3.8750672353703652E-01
2.0352352352352353E+05	3.8749491545859438E-01
2.0444444444444444E+05	3.8748365199987650E-01
2.0536536536536537E+05	3.8747164299990372E-01
2.0628628628628628E+05	3.8746029871428406E-01
2.0720720720720722E+05	3.8744846324559717E-01
2.0812812812812813E+05	3.8743830323734957E-01
2.0904904904904906E+05	3.8742666853723190E-01
2.0996996996996997E+05	3.8741379038693852E-01
2.1089089089089091E+05	3.8740237063930039E-01
2.1181181181181181E+05	3.8739147255710071E-01
2.1273273273273272E+05	3.8737882053172751E-01
2.1365365365365366E+05	3.8736768537397559E-01
2.1457457457457457E+05	3.8735599569600321E-01
2.1549549549549550E+05	3.8734432575646982E-01
2.1641641641641641E+05	3.8733245892405760E-01
2.1733733733733735E+05	3.8732059121082335E-01
2.1825825825825825E+05	3.8730894832024970E-01
2.1917917917917919E+05	3.8729802897388377E-01
2.2010010010010010E+05	3.8728626197425670E-01
2.2102102102102104E+05	3.8727463767091580E-01
2.2194194194194194E+05	3.8726269294670673E-01
2.2286286286286288E+05	3.8725149430227473E-01
2.2378378378378379E+05	3.8723961200791307E-01
2.2470470470470469E+05	3.8722757200063862E-01
2.2562562562562563E+05	3.8721657164007456E-01
2.2654654654654654E+05	3.8720522386292971E-01
2.2746746746746748E+05	3.8719255552437021E-01
2.2838838838838838E+05	3.8718195033097480E-01
2.2930930930930932E+05	3.8717050643872403E-01
2.3023023023023023E+05	3.8715843091910429E-01
2.3115115115115116E+05	3.8714619306941722E-01
2.3207207207207207E+05	3.8713425935951346E-01
2.3299299299299301E+05	3.8712292077949428E-01
2.3391391391391392E+05	3.8711159727232347E-01
2.3483483483483485E+05	3.8710021232988218E-01
2.3575575575575576E+05	3.8708823496334438E-01
2.3667667667667667E+05	3.8707610375521323E-01
2.3759759759759760E+05	3.8706559793067352E-01
2.3851851851851851E+05	3.8705392354685825E-01
2.3943943943943945E+05	3.8704104058004851E-01
2.4036036036036036E+05	3.8703008655153037E-01
2.4128128128128129E+05	3.8701927906674899E-01
2.4220220220220220E+05	3.8700619505276673E-01
2.4312312312312314E+05	3.8699485939209494E-01
2.4404404404404404E+05	3.8698302199221185E-01
2.4496496496496498E+05	3.8697174355742020E-01
2.4588588588588589E+05	3.8695917269662261E-01
2.4680680680680682E+05	3.8694744452821939E-01
2.4772772772772773E+05	3.8693592110970904E-01
2.4864864864864864E+05	3.8692481618820768E-01
2.4956956956956958E+05	3.8691304219484118E-01
2.5049049049049048E+05	3.8690134284133726E-01
2.5141141141141142E+05	3.8688953735413723E-01
2.5233233233233233E+05	3.8687855708291158E-01
2.5325325325325326E+05	3.8686602173667478E-01
2.5417417417417417E+05	3.8685419708513274E-01
2.5509509509509511E+05	3.8684303821430882E-01
2.5601601601601602E+05	3.8683096492717139E-01
2.5693693693693695E+05	3.8681883463127309E-01
2.5785785785785786E+05	3.8680786238071269E-01
2.5877877877877880E+05	3.8679666138407437E-01
2.5969969969969970E+05	3.8678401064090223E-01
2.6062062062062061E+05	3.8677243762099933E-01
2.6154154154154155E+05	3.8676041569572317E-01
2.6246246246246248E+05	3.8674917062929587E-01
2.6338338338338339E+05	3.8673678590776495E-01
2.6430430430430430E+05	3.8672513166410677E-01
2.6522522522522521E+05	3.8671324501779969E-01
2.6614614614614617E+05	3.8670184751613068E-01
2.6706706706706708E+05	3.8669018141373868E-01
2.6798798798798799E+05	3.8667820538891490E-01
2.6890890890890890E+05	3.8666659905938938E-01
2.6982982982982986E+05	3.8665520152297012E-01
2.7075075075075077E+05	3.8664310168107086E-01
2.7167167167167168E+05	3.8663110826287195E-01
2.7259259259259258E+05	3.8662012108975097E-01
2.7351351351351349E+05	3.8660849469279102E-01
2.7443443443443446E+05	3.8659623133168414E-01
2.7535535535535536E+05	3.8658434162897387E-01
2.7627627627627627E+05	3.8657229899305662E-01
2.7719719719719718E+05	3.8656074778538635E-01
2.7811811811811815E+05	3.8654864955571822E-01
2.7903903903903905E+05	3.8653658306079319E-01
2.7995995995995996E+05	3.8652515145749000E-01
2.8088088088088087E+05	3.8651338643336680E-01
2.8180180180180183E+05	3.8650265330278283E-01
2.8272272272272274E+05	3.8648997447429290E-01
2.8364364364364365E+05	3.8647810194136173E-01
2.8456456456456456E+05	3.8646575231908487E-01
2.8548548548548546E+05	3.8645409181652951E-01
2.8640640640640643E+05	3.8644269920330893E-01
2.8732732732732734E+05	3.8643094102977471E-01
2.8824824824824824E+05	3.8641925858517623E-01
2.8916916916916915E+05	3.8640714091151002E-01
2.9009009009009012E+05	3.8639617131456994E-01
2.9101101101101103E+05	3.8638441864017953E-01
2.9193193193193193E+05	3.8637120450719881E-01
2.9285285285285284E+05	3.8636016734769285E-01
2.9377377377377381E+05	3.8634910702435976E-01
2.9469469469469471E+05	3.8633627454084701E-01
2.9561561561561562E+05	3.8632436928645841E-01
2.9653653653653653E+05	3.8631247723451545E-01
2.9745745745745744E+05	3.8630072101682350E-01
2.9837837837837840E+05	3.8628856374910575E-01
2.9929929929929931E+05	3.8627674143015678E-01
3.0022022022022022E+05	3.8626514869986134E-01
3.0114114114114112E+05	3.8625311482061225E-01
3.0206206206206209E+05	3.8624155237445384E-01
3.0298298298298300E+05	3.8622940179859599E-01
3.0390390390390391E+05	3.8621800585488775E-01
3.0482482482482481E+05	3.8620568475606953E-01
3.0574574574574578E+05	3.8619400619011884E-01
3.0666666666666669E+05	3.8618219325028263E-01
3.0758758758758759E+05	3.8617074971067883E-01
3.0850850850850850E+05	3.8615863114103843E-01
3.0942942942942941E+05	3.8614613708113327E-01
3.1035035035035037E+05	3.8613434720508710E-01
3.1127127127127128E+05	3.8612262377037054E-01
3.1219219219219219E+05	3.8611092179609202E-01
3.1311311311311310E+05	3.8609878750036997E-01
3.1403403403403406E+05	3.8608683647881964E-01
3.1495495495495497E+05	3.8607511288325702E-01
3.1587587587587588E+05	3.8606307379752103E-01
3.1679679679679679E+05	3.8605092121372864E-01
3.1771771771771775E+05	3.8603934371891041E-01
3.1863863863863866E+05	3.8602745206415590E-01
3.1955955955955957E+05	3.8601579484497117E-01
3.2048048048048047E+05	3.8600345478218906E-01
3.2140140140140138E+05	3.8599271608591357E-01
3.2232232232232235E+05	3.8598036974839905E-01
3.2324324324324325E+05	3.8596788228134887E-01
3.2416416416416416E+05	3.8595637859822118E-01
3.2508508508508507E+05	3.8594397902438921E-01
3.2600600600600604E+05	3.8593341262343966E-01
3.2692692692692694E+05	3.8592023902779260E-01
3.2784784784784785E+05	3.8590884623288979E-01
3.2876876876876876E+05	3.8589610536571151E-01
3.2968968968968972E+05	3.8588557600167306E-01
3.3061061061061063E+05	3.8587246475687936E-01
3.3153153153153154E+05	3.8586160223010185E-01
3.3245245245245245E+05	3.8584842662425600E-01
3.3337337337337335E+05	3.8583724040726414E-01
3.3429429429429432E+05	3.8582477035715484E-01
3.3521521521521523E+05	3.8581274490501910E-01
3.3613613613613613E+05	3.8580075256236229E-01
3.3705705705705704E+05	3.8578886646160748E-01
3.3797797797797801E+05	3.8577766289927795E-01
3.3889889889889891E+05	3.8576507002823462E-01
3.3981981981981982E+05	3.8575283183816328E-01
3.4074074074074073E+05	3.8574162114396010E-01
3.4166166166166170E+05	3.8572925942877140E-01
3.4258258258258260E+05	3.8571744369318045E-01
3.4350350350350351E+05	3.8570548924165360E-01
3.4442442442442442E+05	3.8569339374883360E-01
3.4534534534534533E+05	3.8568136232073680E-01
3.4626626626626629E+05	3.8567046319143916E-01
3.4718718718718720E+05	3.8565711817651610E-01
3.4810810810810811E+05	3.8564541224365562E-01
3.4902902902902901E+05	3.8563451063068793E-01
3.4994994994994998E+05	3.8562157972014938E-01
3.5087087087087089E+05	3.8560907703649738E-01
3.5179179179179179E+05	3.8559757537724654E-01
3.5271271271271270E+05	3.8558510584848676E-01
3.5363363363363361E+05	3.8557353112517734E-01
3.5455455455455458E+05	3.8556155610915865E-01
3.5547547547547548E+05	3.8554978985914551E-01
3.5639639639639639E+05	3.8553863258711651E-01
3.5731731731731730E+05	3.8552556122687748E-01
3.5823823823823826E+05	3.8551362885316964E-01
3.5915915915915917E+05	3.8550117433517206E-01
3.6008008008008008E+05	3.8548944842723604E-01
3.6100100100100099E+05	3.8547737280297489E-01
3.6192192192192195E+05	3.8546579666662512E-01
3.6284284284284286E+05	3.8545345507974893E-01
3.6376376376376377E+05	3.8544147214192048E-01
3.6468468468468467E+05	3.8542940118514474E-01
3.6560560560560558E+05	3.8541760382767853E-01
3.6652652652652655E+05	3.8540535862522984E-01
3.6744744744744746E+05	3.8539428689513172E-01
3.6836836836836836E+05	3.8538145009282970E-01
3.6928928928928927E+05	3.8536933717499189E-01
3.7021021021021024E+05	3.8535686062187569E-01
3.7113113113113114E+05	3.8534489513392772E-01
3.7205205205205205E+05	3.8533364857964175E-01
3.7297297297297296E+05	3.8532101556766468E-01
3.7389389389389392E+05	3.8530912484412688E-01
3.7481481481481483E+05	3.8529684241654144E-01
3.7573573573573574E+05	3.8528595982362757E-01
3.7665665665665665E+05	3.8527352022598105E-01
3.7757757757757755E+05	3.8526058250611439E-01
3.7849849849849852E+05	3.8524877734575064E-01
3.7941941941941943E+05	3.8523644220289188E-01
3.8034034034034034E+05	3.8522439559216609E-01
3.8126126126126124E+05	3.8521251832516751E-01
3.8218218218218221E+05	3.8520044331759951E-01
3.8310310310310312E+05	3.8518839656857351E-01
3.8402402402402402E+05	3.8517606695371520E-01
3.8494494494494493E+05	3.8516401940343326E-01
3.8586586586586590E+05	3.8515219482706392E-01
3.8678678678678680E+05	3.8513978429566409E-01
3.8770770770770771E+05	3.8512764905606123E-01
3.8862862862862862E+05	3.8511616665388493E-01
3.8954954954954953E+05	3.8510329272705623E-01
3.9047047047047049E+05	3.8509139704539569E-01
3.9139139139139140E+05	3.8508045599482471E-01
3.9231231231231231E+05	3.8506713199903037E-01
3.9323323323323322E+05	3.8505498850578712E-01
3.9415415415415418E+05	3.8504375816784786E-01
3.9507507507507509E+05	3.8503065774553469E-01
3.9599599599599600E+05	3.8501846485828478E-01
3.9691691691691690E+05	3.8500706165053855E-01
3.9783783783783787E+05	3.8499446048720387E-01
3.9875875875875878E+05	3.8498224847337026E-01
3.9967967967967968E+05	3.8497043784195328E-01
4.0060060060060059E+05	3.8495805792807158E-01
4.0152152152152150E+05	3.8494592343477496E-01
4.0244244244244247E+05	3.8493357658922184E-01
4.0336336336336337E+05	3.8492187565810759E-01
4.0428428428428428E+05	3.8490968150521832E-01
4.0520520520520519E+05	3.8489735745957232E-01
4.0612612612612615E+05	3.8488614348605671E-01
4.0704704704704706E+05	3.8487339533257636E-01
4.0796796796796797E+05	3.8486110581951100E-01
4.0888888888888888E+05	3.8485018872090010E-01
4.0980980980980984E+05	3.8483728128667322E-01
4.1073073073073075E+05	3.8482510198665026E-01
4.1165165165165166E+05	3.8481283741654648E-01
4.1257257257257256E+05	3.8480001142451981E-01
4.1349349349349347E+05	3.8478849598614723E-01
4.1441441441441444E+05	3.8477583257737119E-01
4.1533533533533535E+05	3.8476339060533582E-01
4.1625625625625625E+05	3.8475183014056247E-01
4.1717717717717716E+05	3.8473937296553767E-01
4.1809809809809813E+05	3.8472698530507254E-01
4.1901901901901903E+05	3.8471460111249572E-01
4.1993993993993994E+05	3.8470294528262983E-01
4.2086086086086085E+05	3.8469102552118106E-01
4.2178178178178181E+05	3.8467840142931475E-01
4.2270270270270272E+05	3.8466705101329857E-01
4.2362362362362363E+05	3.8465417024132031E-01
4.2454454454454454E+05	3.8464297209004616E-01
4.2546546546546544E+05	3.8462938338329122E-01
4.2638638638638641E+05	3.8461726950534308E-01
4.2730730730730732E+05	3.8460552296479394E-01
4.2822822822822822E+05	3.8459289283531695E-01
4.2914914914914913E+05	3.8458073446421998E-01
4.3007007007007010E+05	3.8456842709567440E-01
4.3099099099099101E+05	3.8455662631709031E-01
4.3191191191191191E+05	3.8454509035435019E-01
4.3283283283283282E+05	3.8453198075711753E-01
4.3375375375375379E+05	3.8452002440706790E-01
4.3467467467467469E+05	3.8450816747134514E-01
4.3559559559559560E+05	3.8449563486247601E-01
4.3651651651651651E+05	3.8448303368504655E-01
4.3743743743743742E+05	3.8447097760749949E-01
4.3835835835835838E+05	3.8445893511846491E-01
4.3927927927927929E+05	3.8444595218377803E-01
4.4020020020020020E+05	3.8443401965528023E-01
4.4112112112112110E+05	3.8442185652757105E-01
4.4204204204204207E+05	3.8440953535856259E-01
4.4296296296296298E+05	3.8439754051079383E-01
4.4388388388388389E+05	3.8438470699372640E-01
4.4480480480480479E+05	3.8437275874198629E-01
4.4572572572572576E+05	3.8435919707940619E-01
4.4664664664664667E+05	3.8434673335039321E-01
4.4756756756756757E+05	3.8433547568299026E-01
4.4848848848848848E+05	3.8432335493515474E-01
4.4940940940940939E+05	3.8430950185238555E-01
4.5033033033033035E+05	3.8429825947817231E-01
4.5125125125125126E+05	3.8428651441494044E-01
4.5217217217217217E+05	3.8427294510428989E-01
4.5309309309309308E+05	3.8426105257681042E-01
4.5401401401401404E+05	3.8424870449861415E-01
4.5493493493493495E+05	3.8423603625476493E-01
4.5585585585585586E+05	3.8422442226731496E-01
4.5677677677677677E+05	3.8421179086392954E-01
4.5769769769769773E+05	3.8419907598720582E-01
4.5861861861861864E+05	3.8418723787709763E-01
4.5953953953953955E+05	3.8417477110002424E-01
4.6046046046046045E+05	3.8416217932555335E-01
4.6138138138138136E+05	3.8415036013132142E-01
4.6230230230230233E+05	3.8413757932645404E-01
4.6322322322322323E+05	3.8412528923601019E-01
4.6414414414414414E+05	3.8411287033734925E-01
4.6506506506506505E+05	3.8410050157149700E-01
4.6598598598598602E+05	3.8408937672784543E-01
4.6690690690690692E+05	3.8407639065493659E-01
4.6782782782782783E+05	3.8406375166475115E-01
4.6874874874874874E+05	3.8405184160638101E-01
4.6966966966966970E+05	3.8403931756695475E-01
4.7059059059059061E+05	3.8402723847253561E-01
4.7151151151151152E+05	3.8401438495410967E-01
4.7243243243243243E+05	3.8400286580974374E-01
4.7335335335335333E+05	3.8399009010056395E-01
4.7427427427427430E+05	3.8397731123673706E-01
4.7519519519519521E+05	3.8396470804981875E-01
4.7611611611611611E+05	3.8395260710804335E-01
4.7703703703703702E+05	3.8394062536692197E-01
4.7795795795795799E+05	3.8392790504408253E-01
4.7887887887887890E+05	3.8391629126653243E-01
4.7979979979979980E+05	3.8390314331897568E-01
4.8072072072072071E+05	3.8389158724799988E-01
4.8164164164164168E+05	3.8387837663258723E-01
4.8256256256256258E+05	3.8386647285348985E-01
4.8348348348348349E+05	3.8385352166760850E-01
4.8440440440440440E+05	3.8384184139511535E-01
4.8532532532532531E+05	3.8382893132976376E-01
4.8624624624624627E+05	3.8381746319597704E-01
4.8716716716716718E+05	3.8380393380588929E-01
4.8808808808808809E+05	3.8379205226638463E-01
4.8900900900900899E+05	3.8377948599636902E-01
4.8992992992992996E+05	3.8376732557580090E-01
4.9085085085085087E+05	3.8375439370044789E-01
4.9177177177177178E+05	3.8374210753538113E-01
4.9269269269269268E+05	3.8372972312272369E-01
4.9361361361361365E+05	3.8371764567177269E-01
4.9453453453453456E+05	3.8370605018650739E-01
4.9545545545545546E+05	3.8369264995719576E-01
4.9637637637637637E+05	3.8368070206994320E-01
4.9729729729729728E+05	3.8366811746457280E-01
4.9821821821821824E+05	3.8365594572322365E-01
4.9913913913913915E+05	3.8364305612483129E-01
5.0006006006006006E+05	3.8363079219298357E-01
5.0098098098098097E+05	3.8361922279054667E-01
5.0190190190190193E+05	3.8360566264476087E-01
5.0282282282282284E+05	3.8359298385153456E-01
5.0374374374374375E+05	3.8358190772261463E-01
5.0466466466466465E+05	3.8356846406138434E-01
5.0558558558558562E+05	3.8355569455256944E-01
5.0650650650650653E+05	3.8354372242937740E-01
5.0742742742742744E+05	3.8353121114292982E-01
5.0834834834834834E+05	3.8351867042331567E-01
5.0926926926926925E+05	3.8350627691158590E-01
5.1019019019019022E+05	3.8349467613050381E-01
5.1111111111111112E+05	3.8348160348070337E-01
5.1203203203203203E+05	3.8346873820701538E-01
5.1295295295295294E+05	3.8345680446908098E-01
5.1387387387387390E+05	3.8344391174874309E-01
5.1479479479479481E+05	3.8343129448526031E-01
5.1571571571571572E+05	3.8341900947824076E-01
5.1663663663663663E+05	3.8340642217873100E-01
5.1755755755755759E+05	3.8339495427438042E-01
5.1847847847847850E+05	3.8338226036850481E-01
5.1939939939939941E+05	3.8337017100841142E-01
5.2032032032032032E+05	3.8335642810189902E-01
5.2124124124124122E+05	3.8334400055634615E-01
5.2216216216216219E+05	3.8333166273085789E-01
5.2308308308308310E+05	3.8331952934223795E-01
5.2400400400400400E+05	3.8330776552380974E-01
5.2492492492492497E+05	3.8329404844469334E-01
5.2584584584584588E+05	3.8328167801373492E-01
5.2676676676676678E+05	3.8326882863566325E-01
5.2768768768768769E+05	3.8325680689747310E-01
5.2860860860860860E+05	3.8324390274825343E-01
5.2952952952952951E+05	3.8323136715296369E-01
5.3045045045045041E+05	3.8321911043603873E-01
5.3137137137137132E+05	3.8320643343738714E-01
5.3229229229229235E+05	3.8319377613428363E-01
5.3321321321321325E+05	3.8318153238010533E-01
5.3413413413413416E+05	3.8316882048125905E-01
5.3505505505505507E+05	3.8315617718203854E-01
5.3597597597597598E+05	3.8314443003184695E-01
5.3689689689689688E+05	3.8313111748693029E-01
5.3781781781781779E+05	3.8311836706544955E-01
5.3873873873873870E+05	3.8310675549909334E-01
5.3965965965965972E+05	3.8309395808699725E-01
5.4058058058058063E+05	3.8308165969312019E-01
5.4150150150150154E+05	3.8306832522225737E-01
5.4242242242242245E+05	3.8305601702809683E-01
5.4334334334334335E+05	3.8304344050254280E-01
5.4426426426426426E+05	3.8303091078145746E-01
5.4518518518518517E+05	3.8301810609358589E-01
5.4610610610610608E+05	3.8300598516632151E-01
5.4702702702702698E+05	3.8299289675032600E-01
5.4794794794794801E+05	3.8298039409123119E-01
5.4886886886886891E+05	3.8296800132645314E-01
5.4978978978978982E+05	3.8295584606410515E-01
5.5071071071071073E+05	3.8294340462091053E-01
5.5163163163163164E+05	3.8293022496038892E-01
5.5255255255255254E+05	3.8291809910588537E-01
5.5347347347347345E+05	3.8290523219205908E-01
5.5439439439439436E+05	3.8289280717851137E-01
5.5531531531531527E+05	3.8288008390288336E-01
5.5623623623623629E+05	3.8286744097466013E-01
5.5715715715715720E+05	3.8285487915012284E-01
5.5807807807807811E+05	3.8284224021018692E-01
5.5899899899899901E+05	3.8283034400957211E-01
5.5991991991991992E+05	3.8281662322357141E-01
5.6084084084084083E+05	3.8280431277317156E-01
5.6176176176176174E+05	3.8279195423573981E-01
5.6268268268268264E+05	3.8277880859379443E-01
5.6360360360360367E+05	3.8276619364891279E-01
5.6452452452452458E+05	3.8275336490282741E-01
5.6544544544544548E+05	3.8274121556026103E-01
5.6636636636636639E+05	3.8272902134633280E-01
5.6728728728728730E+05	3.8271592992323505E-01
5.6820820820820821E+05	3.8270295149779898E-01
5.6912912912912911E+05	3.8269056823734521E-01
5.7005005005005002E+05	3.8267856363577923E-01
5.7097097097097093E+05	3.8266506764301489E-01
5.7189189189189195E+05	3.8265234061143666E-01
5.7281281281281286E+05	3.8263993766769872E-01
5.7373373373373377E+05	3.8262689986251908E-01
5.7465465465465467E+05	3.8261458202963400E-01
5.7557557557557558E+05	3.8260214448039659E-01
5.7649649649649649E+05	3.8258907152055854E-01
5.7741741741741740E+05	3.8257642901094974E-01
5.7833833833833830E+05	3.8256427673965909E-01
5.7925925925925921E+05	3.8255110852796842E-01
5.8018018018018024E+05	3.8253899978762518E-01
5.8110110110110114E+05	3.8252606390641125E-01
5.8202202202202205E+05	3.8251394891768192E-01
5.8294294294294296E+05	3.8250046064898968E-01
5.8386386386386387E+05	3.8248785900614363E-01
5.8478478478478477E+05	3.8247510154528302E-01
5.8570570570570568E+05	3.8246299670911404E-01
5.8662662662662659E+05	3.8244939251719950E-01
5.8754754754754761E+05	3.8243690613374320E-01
5.8846846846846852E+05	3.8242457625760046E-01
5.8938938938938943E+05	3.8241169460613605E-01
5.9031031031031033E+05	3.8239900249695535E-01
5.9123123123123124E+05	3.8238598137981855E-01
5.9215215215215215E+05	3.8237352399996982E-01
5.9307307307307306E+05	3.8236071025758189E-01
5.9399399399399396E+05	3.8234788216175569E-01
5.9491491491491487E+05	3.8233503857853612E-01
5.9583583583583590E+05	3.8232234438729923E-01
5.9675675675675680E+05	3.8231005949785485E-01
5.9767767767767771E+05	3.8229735307000068E-01
5.9859859859859862E+05	3.8228473329528584E-01
5.9951951951951953E+05	3.8227141234141582E-01
6.0044044044044043E+05	3.8225852461858001E-01
6.0136136136136134E+05	3.8224581978233169E-01
6.0228228228228225E+05	3.8223375805520043E-01
6.0320320320320316E+05	3.8222124230081927E-01
6.0412412412412418E+05	3.8220788629304292E-01
6.0504504504504509E+05	3.8219629575996505E-01
6.0596596596596600E+05	3.8218276025194148E-01
6.0688688688688690E+05	3.8216946716769545E-01
6.0780780780780781E+05	3.8215776631580606E-01
6.0872872872872872E+05	3.8214466547471709E-01
6.0964964964964963E+05	3.8213113140616328E-01
6.1057057057057053E+05	3.8211879433936091E-01
6.1149149149149156E+05	3.8210549817720690E-01
6.1241241241241246E+05	3.8209404889207293E-01
6.1333333333333337E+05	3.8208025123427974E-01
6.1425425425425428E+05	3.8206861962652278E-01
6.1517517517517519E+05	3.8205436873135001E-01
6.1609609609609609E+05	3.8204165339357388E-01
6.1701701701701700E+05	3.8202916965427369E-01
6.1793793793793791E+05	3.8201608650816715E-01
6.1885885885885882E+05	3.8200339432873398E-01
6.1977977977977984E+05	3.8199038849333733E-01
6.2070070070070075E+05	3.8197783485393888E-01
6.2162162162162166E+05	3.8196462240228934E-01
6.2254254254254256E+05	3.8195220884483727E-01
6.2346346346346347E+05	3.8193941704789863E-01
6.2438438438438438E+05	3.8192622167740398E-01
6.2530530530530529E+05	3.8191469424226915E-01
6.2622622622622619E+05	3.8190129622133878E-01
6.2714714714714710E+05	3.8188876075881822E-01
6.2806806806806813E+05	3.8187490280969694E-01
6.2898898898898903E+05	3.8186206851278492E-01
6.2990990990990994E+05	3.8184982853512534E-01
6.3083083083083085E+05	3.8183659430174183E-01
6.3175175175175176E+05	3.8182383673740250E-01
6.3267267267267266E+05	3.8181142082063879E-01
6.3359359359359357E+05	3.8179804688378749E-01
6.3451451451451448E+05	3.8178496910588905E-01
6.3543543543543550E+05	3.8177286158531082E-01
6.3635635635635641E+05	3.8175930485000964E-01
6.3727727727727732E+05	3.8174695868941289E-01
6.3819819819819822E+05	3.8173394173882186E-01
6.3911911911911913E+05	3.8172216136539566E-01
6.4004004004004004E+05	3.8170806571019511E-01
6.4096096096096095E+05	3.8169545185038983E-01
6.4188188188188185E+05	3.8168246187895311E-01
6.4280280280280276E+05	3.8166980509558684E-01
6.4372372372372379E+05	3.8165669465587104E-01
6.4464464464464469E+05	3.8164371010022574E-01
6.4556556556556560E+05	3.8163141244993132E-01
6.4648648648648651E+05	3.8161775572465623E-01
6.4740740740740742E+05	3.8160540535398280E-01
6.4832832832832832E+05	3.8159257392903140E-01
6.4924924924924923E+05	3.8158044964986493E-01
6.5017017017017014E+05	3.8156688493964463E-01
6.5109109109109105E+05	3.8155362665005033E-01
6.5201201201201207E+05	3.8154020140891459E-01
6.5293293293293298E+05	3.8152774031921671E-01
6.5385385385385389E+05	3.8151435803542844E-01
6.5477477477477479E+05	3.8150166353321374E-01
6.5569569569569570E+05	3.8148899615837362E-01
6.5661661661661661E+05	3.8147587839046182E-01
6.5753753753753752E+05	3.8146294312472895E-01
6.5845845845845842E+05	3.8145029100720579E-01
6.5937937937937945E+05	3.8143687870720344E-01
6.6030030030030035E+05	3.8142391553492894E-01
6.6122122122122126E+05	3.8141160189784823E-01
6.6214214214214217E+05	3.8139871065380088E-01
6.6306306306306308E+05	3.8138553116731516E-01
6.6398398398398398E+05	3.8137252230097074E-01
6.6490490490490489E+05	3.8135949841665590E-01
6.6582582582582580E+05	3.8134764006723965E-01
6.6674674674674671E+05	3.8133359027592301E-01
6.6766766766766773E+05	3.8132040534190575E-01
6.6858858858858864E+05	3.8130790729222114E-01
6.6950950950950955E+05	3.8129495806573155E-01
6.7043043043043045E+05	3.8128209093284959E-01
6.7135135135135136E+05	3.8126848603071783E-01
6.7227227227227227E+05	3.8125567622140777E-01
6.7319319319319318E+05	3.8124259267858251E-01
6.7411411411411408E+05	3.8123014855103904E-01
6.7503503503503499E+05	3.8121705239929410E-01
6.7595595595595601E+05	3.8120397539998535E-01
6.7687687687687692E+05	3.8119159737945935E-01
6.7779779779779783E+05	3.8117808458447594E-01
6.7871871871871874E+05	3.8116449928534119E-01
6.7963963963963964E+05	3.8115278244387285E-01
6.8056056056056055E+05	3.8113908257093942E-01
6.8148148148148146E+05	3.8112590404190100E-01
6.8240240240240237E+05	3.8111256561289042E-01
6.8332332332332339E+05	3.8110000108606862E-01
6.8424424424424430E+05	3.8108659420140328E-01
6.8516516516516521E+05	3.8107385468216165E-01
6.8608608608608611E+05	3.8106048128448122E-01
6.8700700700700702E+05	3.8104780630205981E-01
6.8792792792792793E+05	3.8103475953926091E-01
6.8884884884884884E+05	3.8102145951347038E-01
6.8976976976976974E+05	3.8100866518607307E-01
6.9069069069069065E+05	3.8099545044293309E-01
6.9161161161161168E+05	3.8098347123009030E-01
6.9253253253253258E+05	3.8096963843935622E-01
6.9345345345345349E+05	3.8095768414283365E-01
6.9437437437437440E+05	3.8094315032942661E-01
6.9529529529529531E+05	3.8093025796837743E-01
6.9621621621621621E+05	3.8091787658240978E-01
6.9713713713713712E+05	3.8090403424247421E-01
6.9805805805805803E+05	3.8089075041212606E-01
6.9897897897897894E+05	3.8087838051977452E-01
6.9989989989989996E+05	3.8086525715294400E-01
7.0082082082082087E+05	3.8085210997785118E-01
7.0174174174174177E+05	3.8083847548243865E-01
7.0266266266266268E+05	3.8082532285279663E-01
7.0358358358358359E+05	3.8081272536995692E-01
7.0450450450450450E+05	3.8079981506317068E-01
7.0542542542542540E+05	3.8078643851215499E-01
7.0634634634634631E+05	3.8077323864871593E-01
7.0726726726726722E+05	3.8076024192656183E-01
7.0818818818818824E+05	3.8074682489615869E-01
7.0910910910910915E+05	3.8073438804725379E-01
7.1003003003003006E+05	3.8072104855834454E-01
7.1095095095095097E+05	3.8070840860115601E-01
7.1187187187187187E+05	3.8069452168904883E-01
7.1279279279279278E+05	3.8068132991250192E-01
7.1371371371371369E+05	3.8066902341583808E-01
7.1463463463463460E+05	3.8065533891283465E-01
7.1555555555555562E+05	3.8064184667474765E-01
7.1647647647647653E+05	3.8063000791677443E-01
7.1739739739739744E+05	3.8061600516976718E-01
7.1831831831831834E+05	3.8060343671355540E-01
7.1923923923923925E+05	3.8058943445544607E-01
7.2016016016016016E+05	3.8057649166191460E-01
7.2108108108108107E+05	3.8056297969254327E-01
7.2200200200200197E+05	3.8055022457741117E-01
7.2292292292292288E+05	3.8053738681861587E-01
7.2384384384384390E+05	3.8052405552430857E-01
7.2476476476476481E+05	3.8051041324467572E-01
7.2568568568568572E+05	3.8049742128314995E-01
7.2660660660660663E+05	3.8048494016529988E-01
7.2752752752752753E+05	3.8047121350144969E-01
7.2844844844844844E+05	3.8045835208696893E-01
7.2936936936936935E+05	3.8044469098078365E-01
7.3029029029029026E+05	3.8043168923909954E-01
7.3121121121121116E+05	3.8041892226277874E-01
7.3213213213213219E+05	3.8040498998513522E-01
7.3305305305305310E+05	3.8039220382786465E-01
7.3397397397397400E+05	3.8037932693130333E-01
7.3489489489489491E+05	3.8036694796084408E-01
7.3581581581581582E+05	3.8035300289899487E-01
7.3673673673673673E+05	3.8033958875054275E-01
7.3765765765765763E+05	3.8032599858747584E-01
7.3857857857857854E+05	3.8031335435268404E-01
7.3949949949949956E+05	3.8029981207737179E-01
7.4042042042042047E+05	3.8028691427663819E-01
7.4134134134134138E+05	3.8027361908441487E-01
7.4226226226226229E+05	3.8026116693956641E-01
7.4318318318318320E+05	3.8024722660640464E-01
7.4410410410410410E+05	3.8023372132447275E-01
7.4502502502502501E+05	3.8022055437755831E-01
7.4594594594594592E+05	3.8020756293164115E-01
7.4686686686686683E+05	3.8019361622135811E-01
7.4778778778778785E+05	3.8018048006993671E-01
7.4870870870870876E+05	3.8016860315166173E-01
7.4962962962962966E+05	3.8015423238826651E-01
7.5055055055055057E+05	3.8014181633550714E-01
7.5147147147147148E+05	3.8012771954258417E-01
7.5239239239239239E+05	3.8011438006968712E-01
7.5331331331331329E+05	3.8010147720013560E-01
7.5423423423423420E+05	3.8008762260787082E-01
7.5515515515515511E+05	3.8007426429301810E-01
7.5607607607607613E+05	3.8006164785382512E-01
7.5699699699699704E+05	3.8004786715598715E-01
7.5791791791791795E+05	3.8003500880550445E-01
7.5883883883883886E+05	3.8002142287373347E-01
7.5975975975975976E+05	3.8000855643742176E-01
7.6068068068068067E+05	3.7999466339243870E-01
7.6160160160160158E+05	3.7998192694287503E-01
7.6252252252252249E+05	3.7996888376454940E-01
7.6344344344344351E+05	3.7995517203649448E-01
7.6436436436436442E+05	3.7994194500205170E-01
7.6528528528528532E+05	3.7992855379868012E-01
7.6620620620620623E+05	3.7991631575606377E-01
7.6712712712712714E+05	3.7990225013103079E-01
7.6804804804804805E+05	3.7988879994646452E-01
7.6896896896896895E+05	3.7987596735631091E-01
7.6988988988988986E+05	3.7986281848448400E-01
7.7081081081081077E+05	3.7984848210551181E-01
7.7173173173173179E+05	3.7983561196635801E-01
7.7265265265265270E+05	3.7982200479717992E-01
7.7357357357357361E+05	3.7980914319329467E-01
7.7449449449449452E+05	3.7979563871932187E-01
7.7541541541541542E+05	3.7978280340720161E-01
7.7633633633633633E+05	3.7976870188634587E-01
7.7725725725725724E+05	3.7975559063521430E-01
7.7817817817817815E+05	3.7974202965003673E-01
7.7909909909909905E+05	3.7972884194136042E-01
7.8002002002002008E+05	3.7971553682723291E-01
7.8094094094094099E+05	3.7970223550350862E-01
7.8186186186186189E+05	3.7968875268207997E-01
7.8278278278278280E+05	3.7967627502412399E-01
7.8370370370370371E+05	3.7966204284545801E-01
7.8462462462462462E+05	3.7964885385174107E-01
7.8554554554554552E+05	3.7963501079155154E-01
7.8646646646646643E+05	3.7962187366360656E-01
7.8738738738738745E+05	3.7960822285647267E-01
7.8830830830830836E+05	3.7959629491920510E-01
7.8922922922922927E+05	3.7958243686857457E-01
7.9015015015015018E+05	3.7956806825437012E-01
7.9107107107107108E+05	3.7955503604391228E-01
7.9199199199199199E+05	3.7954206584601308E-01
7.9291291291291290E+05	3.7952783332150636E-01
7.9383383383383381E+05	3.7951433824700176E-01
7.9475475475475471E+05	3.7950151444800617E-01
7.9567567567567574E+05	3.7948767660838073E-01
7.9659659659659665E+05	3.7947420467374665E-01
7.9751751751751755E+05	3.7946103524929631E-01
7.9843843843843846E+05	3.7944751303469942E-01
7.9935935935935937E+05	3.7943416558783144E-01
8.0028028028028028E+05	3.7942075214294074E-01
8.0120120120120118E+05	3.7940746354941568E-01
8.0212212212212209E+05	3.7939383122120374E-01
8.0304304304304300E+05	3.7938055449658437E-01
8.0396396396396402E+05	3.7936720131746604E-01
8.0488488488488493E+05	3.7935341310927373E-01
8.0580580580580584E+05	3.7933973655958508E-01
8.0672672672672675E+05	3.7932636770666645E-01
8.0764764764764765E+05	3.7931314518483705E-01
8.0856856856856856E+05	3.7929978455439622E-01
8.0948948948948947E+05	3.7928595237904350E-01
8.1041041041041038E+05	3.7927261633734677E-01
8.1133133133133140E+05	3.7925909552242804E-01
8.1225225225225231E+05	3.7924631788744867E-01
8.1317317317317321E+05	3.7923252918616374E-01
8.1409409409409412E+05	3.7921908110211161E-01
8.1501501501501503E+05	3.7920565169806880E-01
8.1593593593593594E+05	3.7919213191273893E-01
8.1685685685685684E+05	3.7917881345804189E-01
8.1777777777777775E+05	3.7916594682147731E-01
8.1869869869869866E+05	3.7915162435540473E-01
8.1961961961961968E+05	3.7913827635817610E-01
8.2054054054054059E+05	3.7912427982787938E-01
8.2146146146146150E+05	3.7911139921704423E-01
8.2238238238238241E+05	3.7909750996039254E-01
8.2330330330330331E+05	3.7908413909397903E-01
8.2422422422422422E+05	3.7907046631554492E-01
8.2514514514514513E+05	3.7905704854399330E-01
8.2606606606606604E+05	3.7904319130541525E-01
8.2698698698698694E+05	3.7903022950440790E-01
8.2790790790790797E+05	3.7901671999070097E-01
8.2882882882882887E+05	3.7900249812669246E-01
8.2974974974974978E+05	3.7898909201303282E-01
8.3067067067067069E+05	3.7897549739483244E-01
8.3159159159159160E+05	3.7896265852341127E-01
8.3251251251251251E+05	3.7894911394534586E-01
8.3343343343343341E+05	3.7893519450112984E-01
8.3435435435435432E+05	3.7892293011727773E-01
8.3527527527527534E+05	3.7890838644813141E-01
8.3619619619619625E+05	3.7889443957970492E-01
8.3711711711711716E+05	3.7888067196838410E-01
8.3803803803803807E+05	3.7886762955929965E-01
8.3895895895895897E+05	3.7885361601894657E-01
8.3987987987987988E+05	3.7884004937934618E-01
8.4080080080080079E+05	3.7882710249183293E-01
8.4172172172172170E+05	3.7881284282847710E-01
8.4264264264264260E+05	3.7880000124716456E-01
8.4356356356356363E+05	3.7878563195625620E-01
8.4448448448448454E+05	3.7877206072232500E-01
8.4540540540540544E+05	3.7875918346495174E-01
8.4632632632632635E+05	3.7874516159725835E-01
8.4724724724724726E+05	3.7873152960585038E-01
8.4816816816816817E+05	3.7871823722238068E-01
8.4908908908908907E+05	3.7870528305149381E-01
8.5001001001000998E+05	3.7869054480206005E-01
8.5093093093093089E+05	3.7867731095962642E-01
8.5185185185185191E+05	3.7866392875665450E-01
8.5277277277277282E+05	3.7864957048299547E-01
8.5369369369369373E+05	3.7863600138410297E-01
8.5461461461461463E+05	3.7862249730210523E-01
8.5553553553553554E+05	3.7860908787652775E-01
8.5645645645645645E+05	3.7859526328174387E-01
8.5737737737737736E+05	3.7858168442660972E-01
8.5829829829829826E+05	3.7856787321636071E-01
8.5921921921921929E+05	3.7855448156928173E-01
8.6014014014014020E+05	3.7854097692032351E-01
8.6106106106106110E+05	3.7852733583662512E-01
8.6198198198198201E+05	3.7851355429513900E-01
8.6290290290290292E+05	3.7849972274833116E-01
8.6382382382382383E+05	3.7848599269041955E-01
8.6474474474474473E+05	3.7847281689757623E-01
8.6566566566566564E+05	3.7845929423557667E-01
8.6658658658658655E+05	3.7844533901027377E-01
8.6750750750750757E+05	3.7843246129919217E-01
8.6842842842842848E+05	3.7841804821007158E-01
8.6934934934934939E+05	3.7840382078108753E-01
8.7027027027027030E+05	3.7839029597081042E-01
8.7119119119119120E+05	3.7837659908768628E-01
8.7211211211211211E+05	3.7836324537346211E-01
8.7303303303303302E+05	3.7834916656103784E-01
8.7395395395395393E+05	3.7833558167004822E-01
8.7487487487487483E+05	3.7832175691819481E-01
8.7579579579579586E+05	3.7830827993538052E-01
8.7671671671671676E+05	3.7829434277787999E-01
8.7763763763763767E+05	3.7828076232491281E-01
8.7855855855855858E+05	3.7826728630853790E-01
8.7947947947947949E+05	3.7825332927256156E-01
8.8040040040040039E+05	3.7823974486932188E-01
8.8132132132132130E+05	3.7822607573584638E-01
8.8224224224224221E+05	3.7821206115343659E-01
8.8316316316316323E+05	3.7819819010890021E-01
8.8408408408408414E+05	3.7818482431598605E-01
8.8500500500500505E+05	3.7817077663483462E-01
8.8592592592592596E+05	3.7815834931432885E-01
8.8684684684684686E+05	3.7814386633354702E-01
8.8776776776776777E+05	3.7812964430320628E-01
8.8868868868868868E+05	3.7811722577342138E-01
8.8960960960960959E+05	3.7810308954045818E-01
8.9053053053053049E+05	3.7808861909564856E-01
8.9145145145145152E+05	3.7807471344917776E-01
8.9237237237237243E+05	3.7806143264146758E-01
8.9329329329329333E+05	3.7804702153627268E-01
8.9421421421421424E+05	3.7803335234748014E-01
8.9513513513513515E+05	3.7802006882592015E-01
8.9605605605605606E+05	3.7800686016334922E-01
8.9697697697697696E+05	3.7799221734393246E-01
8.9789789789789787E+05	3.7797877998174673E-01
8.9881881881881878E+05	3.7796500279303274E-01
8.9973973973973980E+05	3.7795057595953296E-01
9.0066066066066071E+05	3.7793697520496239E-01
9.0158158158158162E+05	3.7792287809130476E-01
9.0250250250250252E+05	3.7790975462280807E-01
9.0342342342342343E+05	3.7789606363223449E-01
9.0434434434434434E+05	3.7788148685775991E-01
9.0526526526526525E+05	3.7786778200796961E-01
9.0618618618618615E+05	3.7785389901244359E-01
9.0710710710710718E+05	3.7784065683983770E-01
9.0802802802802809E+05	3.7782662848267079E-01
9.0894894894894899E+05	3.7781246050730349E-01
9.0986986986986990E+05	3.7779859765066887E-01
9.1079079079079081E+05	3.7778488920468806E-01
9.1171171171171172E+05	3.7777113914373944E-01
9.1263263263263262E+05	3.7775718626584276E-01
9.1355355355355353E+05	3.7774355654310182E-01
9.1447447447447444E+05	3.7772940538591915E-01
9.1539539539539546E+05	3.7771610325586880E-01
9.1631631631631637E+05	3.7770184451920041E-01
9.1723723723723728E+05	3.7768809456941549E-01
9.1815815815815818E+05	3.7767413576222564E-01
9.1907907907907909E+05	3.7766012316276787E-01
9.2000000000000000E+05	3.7764632818734378E-01
