9.4743072986602783E-04	3.5910156250000000E+01
5.9118740260601044E-02	3.6164062500000000E+01
1.1653409898281097E-01	3.6164062500000000E+01
1.7396783083677292E-01	3.6164062500000000E+01
2.3134504258632660E-01	3.6164062500000000E+01
2.8873720020055771E-01	3.6164062500000000E+01
3.4614073485136032E-01	3.6164062500000000E+01
4.0428058803081512E-01	3.6218750000000000E+01
4.6186632663011551E-01	3.6218750000000000E+01
5.1927259564399719E-01	3.6218750000000000E+01
5.7664363086223602E-01	3.6218750000000000E+01
6.3402341306209564E-01	3.6218750000000000E+01
6.9135838001966476E-01	3.6218750000000000E+01
7.4869485199451447E-01	3.6218750000000000E+01
8.0601006746292114E-01	3.6218750000000000E+01
8.6333040148019791E-01	3.6218750000000000E+01
9.2068365961313248E-01	3.6218750000000000E+01
9.7803018242120743E-01	3.6218750000000000E+01
1.0353694483637810E+00	3.6218750000000000E+01
1.0926893055438995E+00	3.6218750000000000E+01
1.1500180587172508E+00	3.6218750000000000E+01
1.2073566541075706E+00	3.6218750000000000E+01
1.2646898701786995E+00	3.6218750000000000E+01
1.3220336660742760E+00	3.6218750000000000E+01
1.3793780729174614E+00	3.6218750000000000E+01
1.4367088675498962E+00	3.6218750000000000E+01
1.4940697699785233E+00	3.6218750000000000E+01
1.5513912439346313E+00	3.6218750000000000E+01
1.6087370961904526E+00	3.6218750000000000E+01
1.6661057248711586E+00	3.6218750000000000E+01
1.7234451398253441E+00	3.6218750000000000E+01
1.7807668745517731E+00	3.6218750000000000E+01
1.8381751179695129E+00	3.6218750000000000E+01
1.8955266699194908E+00	3.6218750000000000E+01
1.9528916701674461E+00	3.6218750000000000E+01
2.0102694854140282E+00	3.6218750000000000E+01
2.0676321238279343E+00	3.6218750000000000E+01
2.1249732896685600E+00	3.6218750000000000E+01
2.1823367848992348E+00	3.6218750000000000E+01
2.2396936044096947E+00	3.6218750000000000E+01
2.2970665693283081E+00	3.6218750000000000E+01
2.3544264063239098E+00	3.6218750000000000E+01
2.4123917520046234E+00	3.6234375000000000E+01
2.4699222743511200E+00	3.6234375000000000E+01
2.5272799506783485E+00	3.6234375000000000E+01
2.5846516788005829E+00	3.6234375000000000E+01
2.6420193910598755E+00	3.6234375000000000E+01
2.6994203552603722E+00	3.6234375000000000E+01
2.7567699775099754E+00	3.6234375000000000E+01
2.8141054213047028E+00	3.6234375000000000E+01
2.8714277371764183E+00	3.6234375000000000E+01
2.9287865236401558E+00	3.6234375000000000E+01
2.9861269146203995E+00	3.6234375000000000E+01
3.0434512048959732E+00	3.6234375000000000E+01
3.1006672680377960E+00	3.6234375000000000E+01
3.1578624993562698E+00	3.6234375000000000E+01
3.2150723040103912E+00	3.6234375000000000E+01
3.2722433656454086E+00	3.6234375000000000E+01
3.3293816149234772E+00	3.6234375000000000E+01
3.3865781873464584E+00	3.6234375000000000E+01
3.4437340870499611E+00	3.6234375000000000E+01
3.5009099468588829E+00	3.6234375000000000E+01
3.5580661445856094E+00	3.6234375000000000E+01
3.6152359396219254E+00	3.6234375000000000E+01
3.6724017262458801E+00	3.6234375000000000E+01
3.7295827120542526E+00	3.6234375000000000E+01
3.7867496386170387E+00	3.6234375000000000E+01
3.8439544141292572E+00	3.6234375000000000E+01
3.9011454135179520E+00	3.6234375000000000E+01
3.9583399742841721E+00	3.6234375000000000E+01
4.0155088976025581E+00	3.6234375000000000E+01
4.0726955607533455E+00	3.6234375000000000E+01
4.1299184784293175E+00	3.6234375000000000E+01
4.1871040388941765E+00	3.6234375000000000E+01
4.2442710623145103E+00	3.6234375000000000E+01
4.3014702051877975E+00	3.6234375000000000E+01
4.3586273267865181E+00	3.6234375000000000E+01
4.4158291965723038E+00	3.6234375000000000E+01
4.4730078279972076E+00	3.6234375000000000E+01
4.5301850289106369E+00	3.6234375000000000E+01
4.5873586684465408E+00	3.6234375000000000E+01
4.6445021703839302E+00	3.6234375000000000E+01
4.7016868889331818E+00	3.6234375000000000E+01
4.7588759586215019E+00	3.6234375000000000E+01
4.8160416334867477E+00	3.6234375000000000E+01
4.8732014447450638E+00	3.6234375000000000E+01
4.9303567409515381E+00	3.6234375000000000E+01
4.9875411465764046E+00	3.6234375000000000E+01
5.0446973890066147E+00	3.6234375000000000E+01
5.1018776223063469E+00	3.6234375000000000E+01
5.1590552106499672E+00	3.6234375000000000E+01
5.2162363454699516E+00	3.6234375000000000E+01
5.2734090834856033E+00	3.6234375000000000E+01
5.3306439742445946E+00	3.6234375000000000E+01
5.3878093585371971E+00	3.6234375000000000E+01
5.4450344964861870E+00	3.6234375000000000E+01
5.5022136867046356E+00	3.6234375000000000E+01
5.5594358444213867E+00	3.6234375000000000E+01
5.6166263371706009E+00	3.6234375000000000E+01
5.6738156527280807E+00	3.6234375000000000E+01
5.7310210466384888E+00	3.6234375000000000E+01
5.7882102131843567E+00	3.6234375000000000E+01
5.8460237085819244E+00	3.6234375000000000E+01
5.9033569246530533E+00	3.6234375000000000E+01
5.9605733677744865E+00	3.6234375000000000E+01
6.0177917480468750E+00	3.6234375000000000E+01
6.0750231444835663E+00	3.6234375000000000E+01
6.1322405710816383E+00	3.6234375000000000E+01
6.1894427314400673E+00	3.6234375000000000E+01
6.2466634809970856E+00	3.6234375000000000E+01
6.3038736581802368E+00	3.6234375000000000E+01
6.3610869571566582E+00	3.6234375000000000E+01
6.4183210209012032E+00	3.6234375000000000E+01
6.4755496680736542E+00	3.6234375000000000E+01
6.5327698290348053E+00	3.6234375000000000E+01
6.5899669677019119E+00	3.6234375000000000E+01
6.6471864283084869E+00	3.6234375000000000E+01
6.7044158801436424E+00	3.6234375000000000E+01
6.7615991160273552E+00	3.6234375000000000E+01
6.8187884911894798E+00	3.6234375000000000E+01
6.8760219439864159E+00	3.6234375000000000E+01
6.9332690462470055E+00	3.6234375000000000E+01
6.9904672354459763E+00	3.6234375000000000E+01
7.0476792305707932E+00	3.6234375000000000E+01
7.1049086377024651E+00	3.6234375000000000E+01
7.1621055006980896E+00	3.6234375000000000E+01
7.2193160206079483E+00	3.6234375000000000E+01
7.2765390053391457E+00	3.6234375000000000E+01
7.3337583690881729E+00	3.6234375000000000E+01
7.3909893333911896E+00	3.6234375000000000E+01
7.4481948912143707E+00	3.6234375000000000E+01
7.5054044499993324E+00	3.6234375000000000E+01
7.5626217573881149E+00	3.6234375000000000E+01
7.6198666319251060E+00	3.6234375000000000E+01
7.6771526858210564E+00	3.6234375000000000E+01
7.7343563437461853E+00	3.6234375000000000E+01
7.7915701717138290E+00	3.6234375000000000E+01
7.8487909883260727E+00	3.6234375000000000E+01
7.9059743955731392E+00	3.6234375000000000E+01
7.9631561785936356E+00	3.6234375000000000E+01
8.0203567817807198E+00	3.6234375000000000E+01
8.0775108784437180E+00	3.6234375000000000E+01
8.1347339451313019E+00	3.6234375000000000E+01
8.1919120252132416E+00	3.6234375000000000E+01
8.2490966618061066E+00	3.6234375000000000E+01
8.3062850087881088E+00	3.6234375000000000E+01
8.3634967580437660E+00	3.6234375000000000E+01
8.4206593632698059E+00	3.6234375000000000E+01
8.4778157621622086E+00	3.6234375000000000E+01
8.5350111722946167E+00	3.6234375000000000E+01
8.5921994373202324E+00	3.6234375000000000E+01
8.6493787243962288E+00	3.6234375000000000E+01
8.7065351009368896E+00	3.6234375000000000E+01
8.7636776268482208E+00	3.6234375000000000E+01
8.8210194483399391E+00	3.6234375000000000E+01
8.8784709423780441E+00	3.6234375000000000E+01
8.9359582737088203E+00	3.6234375000000000E+01
8.9934253543615341E+00	3.6234375000000000E+01
9.0508911088109016E+00	3.6234375000000000E+01
9.1083366498351097E+00	3.6234375000000000E+01
9.1657868027687073E+00	3.6234375000000000E+01
9.2232220470905304E+00	3.6234375000000000E+01
9.2806755974888802E+00	3.6234375000000000E+01
9.3381111770868301E+00	3.6234375000000000E+01
9.3955592066049576E+00	3.6234375000000000E+01
9.4529894217848778E+00	3.6234375000000000E+01
9.5104268193244934E+00	3.6234375000000000E+01
9.5678695365786552E+00	3.6234375000000000E+01
9.6253061071038246E+00	3.6234375000000000E+01
9.6826979890465736E+00	3.6234375000000000E+01
9.7401105463504791E+00	3.6234375000000000E+01
9.7975248098373413E+00	3.6234375000000000E+01
9.8549853339791298E+00	3.6234375000000000E+01
9.9124343320727348E+00	3.6234375000000000E+01
9.9698447138071060E+00	3.6234375000000000E+01
1.0027275808155537E+01	3.6234375000000000E+01
1.0084728606045246E+01	3.6234375000000000E+01
1.0142176002264023E+01	3.6234375000000000E+01
1.0199610128998756E+01	3.6234375000000000E+01
1.0257066681981087E+01	3.6234375000000000E+01
1.0314480789005756E+01	3.6234375000000000E+01
1.0371929503977299E+01	3.6234375000000000E+01
1.0429334834218025E+01	3.6234375000000000E+01
1.0486715108156204E+01	3.6234375000000000E+01
1.0544138319790363E+01	3.6234375000000000E+01
1.0601543560624123E+01	3.6234375000000000E+01
1.0658994592726231E+01	3.6234375000000000E+01
1.0716423533856869E+01	3.6234375000000000E+01
1.0773826673626900E+01	3.6234375000000000E+01
1.0831263400614262E+01	3.6234375000000000E+01
1.0888699129223824E+01	3.6234375000000000E+01
1.0946123585104942E+01	3.6234375000000000E+01
1.1003532722592354E+01	3.6234375000000000E+01
1.1060963958501816E+01	3.6234375000000000E+01
1.1118404448032379E+01	3.6234375000000000E+01
1.1175805576145649E+01	3.6234375000000000E+01
1.1233217053115368E+01	3.6234375000000000E+01
1.1290608227252960E+01	3.6234375000000000E+01
1.1348005086183548E+01	3.6234375000000000E+01
1.1405428230762482E+01	3.6234375000000000E+01
1.1462817616760731E+01	3.6234375000000000E+01
1.1520207963883877E+01	3.6234375000000000E+01
1.1577600307762623E+01	3.6234375000000000E+01
1.1635607659816742E+01	3.6234375000000000E+01
1.1692972980439663E+01	3.6234375000000000E+01
1.1750194206833839E+01	3.6234375000000000E+01
1.1807389788329601E+01	3.6234375000000000E+01
1.1864606276154518E+01	3.6234375000000000E+01
1.1921803124248981E+01	3.6234375000000000E+01
1.1979007229208946E+01	3.6234375000000000E+01
1.2036205954849720E+01	3.6234375000000000E+01
1.2093390777707100E+01	3.6234375000000000E+01
1.2150565400719643E+01	3.6234375000000000E+01
1.2207728162407875E+01	3.6234375000000000E+01
1.2264938943088055E+01	3.6234375000000000E+01
1.2322112254798412E+01	3.6234375000000000E+01
1.2379299461841583E+01	3.6234375000000000E+01
1.2436481267213821E+01	3.6234375000000000E+01
1.2493647620081902E+01	3.6234375000000000E+01
1.2550813406705856E+01	3.6234375000000000E+01
1.2608015552163124E+01	3.6234375000000000E+01
1.2665230080485344E+01	3.6234375000000000E+01
1.2722382351756096E+01	3.6234375000000000E+01
1.2779559947550297E+01	3.6234375000000000E+01
1.2836743056774139E+01	3.6234375000000000E+01
1.2893930561840534E+01	3.6234375000000000E+01
1.2951130166649818E+01	3.6234375000000000E+01
1.3008327022194862E+01	3.6234375000000000E+01
1.3065511986613274E+01	3.6234375000000000E+01
1.3122707113623619E+01	3.6234375000000000E+01
1.3179913602769375E+01	3.6234375000000000E+01
1.3237113855779171E+01	3.6234375000000000E+01
1.3294295839965343E+01	3.6234375000000000E+01
1.3351492471992970E+01	3.6234375000000000E+01
1.3408668369054794E+01	3.6234375000000000E+01
1.3465878173708916E+01	3.6234375000000000E+01
1.3523065857589245E+01	3.6234375000000000E+01
1.3580275677144527E+01	3.6234375000000000E+01
1.3637440644204617E+01	3.6234375000000000E+01
1.3694655105471611E+01	3.6234375000000000E+01
1.3751891314983368E+01	3.6234375000000000E+01
1.3809164099395275E+01	3.6234375000000000E+01
1.3866375558078289E+01	3.6234375000000000E+01
1.3923577442765236E+01	3.6234375000000000E+01
1.3980802997946739E+01	3.6234375000000000E+01
1.4038028582930565E+01	3.6234375000000000E+01
1.4095265030860901E+01	3.6234375000000000E+01
1.4152471885085106E+01	3.6234375000000000E+01
1.4209705293178558E+01	3.6234375000000000E+01
1.4266926951706409E+01	3.6234375000000000E+01
1.4324143424630165E+01	3.6234375000000000E+01
1.4381367862224579E+01	3.6234375000000000E+01
1.4438602000474930E+01	3.6234375000000000E+01
1.4495841927826405E+01	3.6234375000000000E+01
1.4553051009774208E+01	3.6234375000000000E+01
1.4610268048942089E+01	3.6234375000000000E+01
1.4667487420141697E+01	3.6234375000000000E+01
1.4724705442786217E+01	3.6234375000000000E+01
1.4781951993703842E+01	3.6234375000000000E+01
1.4839185647666454E+01	3.6234375000000000E+01
1.4896444499492645E+01	3.6234375000000000E+01
1.4953677773475647E+01	3.6234375000000000E+01
1.5010936446487904E+01	3.6234375000000000E+01
1.5068188093602657E+01	3.6234375000000000E+01
1.5125405505299568E+01	3.6234375000000000E+01
1.5182658545672894E+01	3.6234375000000000E+01
1.5239942602813244E+01	3.6234375000000000E+01
1.5297183796763420E+01	3.6234375000000000E+01
1.5354456327855587E+01	3.6234375000000000E+01
1.5411688901484013E+01	3.6234375000000000E+01
1.5468967460095882E+01	3.6234375000000000E+01
1.5526235893368721E+01	3.6234375000000000E+01
1.5583494625985622E+01	3.6234375000000000E+01
1.5640719734132290E+01	3.6234375000000000E+01
1.5697960011661053E+01	3.6234375000000000E+01
1.5755185201764107E+01	3.6234375000000000E+01
1.5812423169612885E+01	3.6234375000000000E+01
1.5869676358997822E+01	3.6234375000000000E+01
1.5926944397389889E+01	3.6234375000000000E+01
1.5984191067516804E+01	3.6234375000000000E+01
1.6041427411139011E+01	3.6234375000000000E+01
1.6098692566156387E+01	3.6234375000000000E+01
1.6155909478664398E+01	3.6234375000000000E+01
1.6213135167956352E+01	3.6234375000000000E+01
1.6270390741527081E+01	3.6234375000000000E+01
1.6327679865062237E+01	3.6234375000000000E+01
1.6384953185915947E+01	3.6234375000000000E+01
1.6442237719893456E+01	3.6234375000000000E+01
1.6499534830451012E+01	3.6234375000000000E+01
1.6556786105036736E+01	3.6234375000000000E+01
1.6614021748304367E+01	3.6234375000000000E+01
1.6671294786036015E+01	3.6234375000000000E+01
1.6728552632033825E+01	3.6234375000000000E+01
1.6785850547254086E+01	3.6234375000000000E+01
1.6843118242919445E+01	3.6234375000000000E+01
1.6900374323129654E+01	3.6234375000000000E+01
1.6957598865032196E+01	3.6234375000000000E+01
1.7014815859496593E+01	3.6234375000000000E+01
1.7072072789072990E+01	3.6234375000000000E+01
1.7129343584179878E+01	3.6234375000000000E+01
1.7186574287712574E+01	3.6234375000000000E+01
1.7243827909231186E+01	3.6234375000000000E+01
1.7301105722784996E+01	3.6234375000000000E+01
1.7358391866087914E+01	3.6234375000000000E+01
1.7415614515542984E+01	3.6234375000000000E+01
1.7472886726260185E+01	3.6234375000000000E+01
1.7530123941600323E+01	3.6234375000000000E+01
1.7587366685271263E+01	3.6234375000000000E+01
1.7644638285040855E+01	3.6234375000000000E+01
1.7702102765440941E+01	3.6234375000000000E+01
1.7759410835802555E+01	3.6234375000000000E+01
1.7816672250628471E+01	3.6234375000000000E+01
1.7873944289982319E+01	3.6234375000000000E+01
1.7931195363402367E+01	3.6234375000000000E+01
1.7988510333001614E+01	3.6234375000000000E+01
1.8045792192220688E+01	3.6234375000000000E+01
1.8103047810494900E+01	3.6234375000000000E+01
1.8160301744937897E+01	3.6234375000000000E+01
1.8217560984194279E+01	3.6234375000000000E+01
1.8274998128414154E+01	3.6234375000000000E+01
1.8332507766783237E+01	3.6234375000000000E+01
1.8390075400471687E+01	3.6234375000000000E+01
1.8447611853480339E+01	3.6234375000000000E+01
1.8505139395594597E+01	3.6234375000000000E+01
1.8562673516571522E+01	3.6234375000000000E+01
1.8620174750685692E+01	3.6234375000000000E+01
1.8677700161933899E+01	3.6234375000000000E+01
1.8735230565071106E+01	3.6234375000000000E+01
1.8792685598134995E+01	3.6234375000000000E+01
1.8850182116031647E+01	3.6234375000000000E+01
1.8907664611935616E+01	3.6234375000000000E+01
1.8965137556195259E+01	3.6234375000000000E+01
1.9022677294909954E+01	3.6234375000000000E+01
1.9080175541341305E+01	3.6234375000000000E+01
1.9137657865881920E+01	3.6234375000000000E+01
1.9195123247802258E+01	3.6234375000000000E+01
1.9252594068646431E+01	3.6234375000000000E+01
1.9310088939964771E+01	3.6234375000000000E+01
1.9367599174380302E+01	3.6234375000000000E+01
1.9425103396177292E+01	3.6234375000000000E+01
1.9482630886137486E+01	3.6234375000000000E+01
1.9540161088109016E+01	3.6234375000000000E+01
1.9597679108381271E+01	3.6234375000000000E+01
1.9655183680355549E+01	3.6234375000000000E+01
1.9712682545185089E+01	3.6234375000000000E+01
1.9770201683044434E+01	3.6234375000000000E+01
1.9827683918178082E+01	3.6234375000000000E+01
1.9885043635964394E+01	3.6234375000000000E+01
1.9942303724586964E+01	3.6234375000000000E+01
1.9999589905142784E+01	3.6234375000000000E+01
2.0056872799992561E+01	3.6234375000000000E+01
2.0114095963537693E+01	3.6234375000000000E+01
2.0171358883380890E+01	3.6234375000000000E+01
2.0228627532720566E+01	3.6234375000000000E+01
2.0285870909690857E+01	3.6234375000000000E+01
2.0343139410018921E+01	3.6234375000000000E+01
2.0400434166193008E+01	3.6234375000000000E+01
2.0457719355821609E+01	3.6234375000000000E+01
2.0514997862279415E+01	3.6234375000000000E+01
2.0572255678474903E+01	3.6234375000000000E+01
2.0629520528018475E+01	3.6234375000000000E+01
2.0686813861131668E+01	3.6234375000000000E+01
2.0744105756282806E+01	3.6234375000000000E+01
2.0801366783678532E+01	3.6234375000000000E+01
2.0858664050698280E+01	3.6234375000000000E+01
2.0915945716202259E+01	3.6234375000000000E+01
2.0973205186426640E+01	3.6234375000000000E+01
2.1030465640127659E+01	3.6234375000000000E+01
2.1087719701230526E+01	3.6234375000000000E+01
2.1144986726343632E+01	3.6234375000000000E+01
2.1202242404222488E+01	3.6234375000000000E+01
2.1259494416415691E+01	3.6234375000000000E+01
2.1316761262714863E+01	3.6234375000000000E+01
2.1374046072363853E+01	3.6234375000000000E+01
2.1431922703981400E+01	3.6234375000000000E+01
2.1489325448870659E+01	3.6234375000000000E+01
2.1546624369919300E+01	3.6234375000000000E+01
2.1603914014995098E+01	3.6234375000000000E+01
2.1661170080304146E+01	3.6234375000000000E+01
2.1718418516218662E+01	3.6234375000000000E+01
2.1775691121816635E+01	3.6234375000000000E+01
2.1832928560674191E+01	3.6234375000000000E+01
2.1890191860496998E+01	3.6234375000000000E+01
2.1947448544204235E+01	3.6234375000000000E+01
2.2004703477025032E+01	3.6234375000000000E+01
2.2061964787542820E+01	3.6234375000000000E+01
2.2119190871715546E+01	3.6234375000000000E+01
2.2176464848220348E+01	3.6234375000000000E+01
2.2233720451593399E+01	3.6234375000000000E+01
2.2290939718484879E+01	3.6234375000000000E+01
2.2348180562257767E+01	3.6234375000000000E+01
2.2405467696487904E+01	3.6234375000000000E+01
2.2462724752724171E+01	3.6234375000000000E+01
2.2519995585083961E+01	3.6234375000000000E+01
2.2577234707772732E+01	3.6234375000000000E+01
2.2634468160569668E+01	3.6234375000000000E+01
2.2691878385841846E+01	3.6234375000000000E+01
2.2749122083187103E+01	3.6234375000000000E+01
2.2806363590061665E+01	3.6234375000000000E+01
2.2863643050193787E+01	3.6234375000000000E+01
2.2920912943780422E+01	3.6234375000000000E+01
2.2978156924247742E+01	3.6234375000000000E+01
2.3035389617085457E+01	3.6234375000000000E+01
2.3092642642557621E+01	3.6234375000000000E+01
2.3149945281445980E+01	3.6234375000000000E+01
2.3207176186144352E+01	3.6234375000000000E+01
2.3264445096254349E+01	3.6234375000000000E+01
2.3321689136326313E+01	3.6234375000000000E+01
2.3378925748169422E+01	3.6234375000000000E+01
2.3436177827417850E+01	3.6234375000000000E+01
2.3493403077125549E+01	3.6234375000000000E+01
2.3550635293126106E+01	3.6234375000000000E+01
2.3607890337705612E+01	3.6234375000000000E+01
2.3665133520960808E+01	3.6234375000000000E+01
2.3722341485321522E+01	3.6234375000000000E+01
2.3779588945209980E+01	3.6234375000000000E+01
2.3836829096078873E+01	3.6234375000000000E+01
2.3894061051309109E+01	3.6234375000000000E+01
2.3951303750276566E+01	3.6234375000000000E+01
2.4008534960448742E+01	3.6234375000000000E+01
2.4065743573009968E+01	3.6234375000000000E+01
2.4123020872473717E+01	3.6234375000000000E+01
2.4180253572762012E+01	3.6234375000000000E+01
2.4237494818866253E+01	3.6234375000000000E+01
2.4294733822345734E+01	3.6234375000000000E+01
2.4351970292627811E+01	3.6234375000000000E+01
2.4409212715923786E+01	3.6234375000000000E+01
2.4466448873281479E+01	3.6234375000000000E+01
2.4523677945137024E+01	3.6234375000000000E+01
2.4580916516482830E+01	3.6234375000000000E+01
2.4638139434158802E+01	3.6234375000000000E+01
2.4695364058017731E+01	3.6234375000000000E+01
2.4752594560384750E+01	3.6234375000000000E+01
2.4809849008917809E+01	3.6234375000000000E+01
2.4867078050971031E+01	3.6234375000000000E+01
2.4924312293529510E+01	3.6234375000000000E+01
2.4981533862650394E+01	3.6234375000000000E+01
2.5038758948445320E+01	3.6234375000000000E+01
2.5096022240817547E+01	3.6234375000000000E+01
2.5153238609433174E+01	3.6234375000000000E+01
2.5210474699735641E+01	3.6234375000000000E+01
2.5267743505537510E+01	3.6234375000000000E+01
2.5325005806982517E+01	3.6234375000000000E+01
2.5382244341075420E+01	3.6234375000000000E+01
2.5439515911042690E+01	3.6234375000000000E+01
2.5496767751872540E+01	3.6234375000000000E+01
2.5554013408720493E+01	3.6234375000000000E+01
2.5611240416765213E+01	3.6234375000000000E+01
2.5668463461101055E+01	3.6234375000000000E+01
2.5725736707448959E+01	3.6234375000000000E+01
2.5782971732318401E+01	3.6234375000000000E+01
2.5840216614305973E+01	3.6234375000000000E+01
2.5897476255893707E+01	3.6234375000000000E+01
2.5954725757241249E+01	3.6234375000000000E+01
2.6011948727071285E+01	3.6234375000000000E+01
2.6069192387163639E+01	3.6234375000000000E+01
2.6126425251364708E+01	3.6234375000000000E+01
2.6183670118451118E+01	3.6234375000000000E+01
2.6240922652184963E+01	3.6234375000000000E+01
2.6298173762857914E+01	3.6234375000000000E+01
2.6355438835918903E+01	3.6234375000000000E+01
2.6412693083286285E+01	3.6234375000000000E+01
2.6469901517033577E+01	3.6234375000000000E+01
2.6527137286961079E+01	3.6234375000000000E+01
2.6584394223988056E+01	3.6234375000000000E+01
2.6641639024019241E+01	3.6234375000000000E+01
2.6698903530836105E+01	3.6234375000000000E+01
2.6756180264055729E+01	3.6234375000000000E+01
2.6813474573194981E+01	3.6234375000000000E+01
2.6870739907026291E+01	3.6234375000000000E+01
2.6927969589829445E+01	3.6234375000000000E+01
2.6985246241092682E+01	3.6234375000000000E+01
2.7042509227991104E+01	3.6234375000000000E+01
2.7099790319800377E+01	3.6234375000000000E+01
2.7157047964632511E+01	3.6234375000000000E+01
2.7214320145547390E+01	3.6234375000000000E+01
2.7271575964987278E+01	3.6234375000000000E+01
2.7328856825828552E+01	3.6234375000000000E+01
2.7386104293167591E+01	3.6234375000000000E+01
2.7443373188376427E+01	3.6234375000000000E+01
2.7500648520886898E+01	3.6234375000000000E+01
2.7557939596474171E+01	3.6234375000000000E+01
2.7615221478044987E+01	3.6234375000000000E+01
2.7672489702701569E+01	3.6234375000000000E+01
2.7729749433696270E+01	3.6234375000000000E+01
2.7787008605897427E+01	3.6234375000000000E+01
2.7844318836927414E+01	3.6234375000000000E+01
2.7901587031781673E+01	3.6234375000000000E+01
2.7958842411637306E+01	3.6234375000000000E+01
2.8016079477965832E+01	3.6234375000000000E+01
2.8073365144431591E+01	3.6234375000000000E+01
2.8130628749728203E+01	3.6234375000000000E+01
2.8187912546098232E+01	3.6234375000000000E+01
2.8245201572775841E+01	3.6234375000000000E+01
2.8302492037415504E+01	3.6234375000000000E+01
2.8359759792685509E+01	3.6234375000000000E+01
2.8417019344866276E+01	3.6234375000000000E+01
2.8474305592477322E+01	3.6234375000000000E+01
2.8531537875533104E+01	3.6234375000000000E+01
2.8588799141347408E+01	3.6234375000000000E+01
2.8646082960069180E+01	3.6234375000000000E+01
2.8703346610069275E+01	3.6234375000000000E+01
2.8760618269443512E+01	3.6234375000000000E+01
2.8817869015038013E+01	3.6234375000000000E+01
2.8875132113695145E+01	3.6234375000000000E+01
2.8932404249906540E+01	3.6234375000000000E+01
2.8989630147814751E+01	3.6234375000000000E+01
2.9046915523707867E+01	3.6234375000000000E+01
2.9104153275489807E+01	3.6234375000000000E+01
2.9161419115960598E+01	3.6234375000000000E+01
2.9218668952584267E+01	3.6234375000000000E+01
2.9275952696800232E+01	3.6234375000000000E+01
2.9333234913647175E+01	3.6234375000000000E+01
2.9390475302934647E+01	3.6234375000000000E+01
2.9447726503014565E+01	3.6234375000000000E+01
2.9504976429045200E+01	3.6234375000000000E+01
2.9562230952084064E+01	3.6234375000000000E+01
2.9619515381753445E+01	3.6234375000000000E+01
2.9676778391003609E+01	3.6234375000000000E+01
2.9734042547643185E+01	3.6234375000000000E+01
2.9791314691305161E+01	3.6234375000000000E+01
2.9848612323403358E+01	3.6234375000000000E+01
2.9905903682112694E+01	3.6234375000000000E+01
2.9963177554309368E+01	3.6234375000000000E+01
3.0020467601716518E+01	3.6234375000000000E+01
3.0077735871076584E+01	3.6234375000000000E+01
3.0135012306272984E+01	3.6234375000000000E+01
3.0192301094532013E+01	3.6234375000000000E+01
3.0249537244439125E+01	3.6234375000000000E+01
3.0306800514459610E+01	3.6234375000000000E+01
3.0364060528576374E+01	3.6234375000000000E+01
3.0421331286430359E+01	3.6234375000000000E+01
3.0478570990264416E+01	3.6234375000000000E+01
3.0535853497684002E+01	3.6234375000000000E+01
3.0593135714530945E+01	3.6234375000000000E+01
3.0650429472327232E+01	3.6234375000000000E+01
3.0707698374986649E+01	3.6234375000000000E+01
3.0764978952705860E+01	3.6234375000000000E+01
3.0822230130434036E+01	3.6234375000000000E+01
3.0879494555294514E+01	3.6234375000000000E+01
3.0936781533062458E+01	3.6234375000000000E+01
3.0994043953716755E+01	3.6234375000000000E+01
3.1051329150795937E+01	3.6234375000000000E+01
3.1108593605458736E+01	3.6234375000000000E+01
3.1165880329906940E+01	3.6234375000000000E+01
3.1223168954253197E+01	3.6234375000000000E+01
3.1280442684888840E+01	3.6234375000000000E+01
3.1337705321609974E+01	3.6234375000000000E+01
3.1394985482096672E+01	3.6234375000000000E+01
3.1452246755361557E+01	3.6234375000000000E+01
3.1509521096944809E+01	3.6234375000000000E+01
3.1566803038120270E+01	3.6234375000000000E+01
3.1624094881117344E+01	3.6234375000000000E+01
3.1681348748505116E+01	3.6234375000000000E+01
3.1738626934587955E+01	3.6234375000000000E+01
3.1795880965888500E+01	3.6234375000000000E+01
3.1853142194449902E+01	3.6234375000000000E+01
3.1910434849560261E+01	3.6234375000000000E+01
3.1967678725719452E+01	3.6234375000000000E+01
3.2024948544800282E+01	3.6234375000000000E+01
3.2082187868654728E+01	3.6234375000000000E+01
3.2139469698071480E+01	3.6234375000000000E+01
3.2196705803275108E+01	3.6234375000000000E+01
3.2253964453935623E+01	3.6234375000000000E+01
3.2311238370835781E+01	3.6234375000000000E+01
3.2368529461324215E+01	3.6234375000000000E+01
3.2425788320600986E+01	3.6234375000000000E+01
3.2483048960566521E+01	3.6234375000000000E+01
3.2540287889540195E+01	3.6234375000000000E+01
3.2597588531672955E+01	3.6234375000000000E+01
3.2654845602810383E+01	3.6234375000000000E+01
3.2712093248963356E+01	3.6234375000000000E+01
3.2769344910979271E+01	3.6234375000000000E+01
3.2826631404459476E+01	3.6234375000000000E+01
3.2883866220712662E+01	3.6234375000000000E+01
3.2941086038947105E+01	3.6234375000000000E+01
3.2998334765434265E+01	3.6234375000000000E+01
3.3055629484355450E+01	3.6234375000000000E+01
3.3112875893712044E+01	3.6234375000000000E+01
3.3170117750763893E+01	3.6234375000000000E+01
3.3227398552000523E+01	3.6234375000000000E+01
3.3284662202000618E+01	3.6234375000000000E+01
3.3341897331178188E+01	3.6234375000000000E+01
3.3399151444435120E+01	3.6234375000000000E+01
3.3456412181258202E+01	3.6234375000000000E+01
3.3513658024370670E+01	3.6234375000000000E+01
3.3570951275527477E+01	3.6234375000000000E+01
3.3628224961459637E+01	3.6234375000000000E+01
3.3685489661991596E+01	3.6234375000000000E+01
3.3742713771760464E+01	3.6234375000000000E+01
3.3799967207014561E+01	3.6234375000000000E+01
3.3857194043695927E+01	3.6234375000000000E+01
3.3914463251829147E+01	3.6234375000000000E+01
3.3971717379987240E+01	3.6234375000000000E+01
3.4028983496129513E+01	3.6234375000000000E+01
3.4086253963410854E+01	3.6234375000000000E+01
3.4143513344228268E+01	3.6234375000000000E+01
3.4200782820582390E+01	3.6234375000000000E+01
3.4258075296878815E+01	3.6234375000000000E+01
3.4315291576087475E+01	3.6234375000000000E+01
3.4372578181326389E+01	3.6234375000000000E+01
3.4429849155247211E+01	3.6234375000000000E+01
3.4487125977873802E+01	3.6234375000000000E+01
3.4544390007853508E+01	3.6234375000000000E+01
3.4601610571146011E+01	3.6234375000000000E+01
3.4658831827342510E+01	3.6234375000000000E+01
3.4716084435582161E+01	3.6234375000000000E+01
3.4773338437080383E+01	3.6234375000000000E+01
3.4830591298639774E+01	3.6234375000000000E+01
3.4887859486043453E+01	3.6234375000000000E+01
3.4945129051804543E+01	3.6234375000000000E+01
3.5002371259033680E+01	3.6234375000000000E+01
3.5059615597128868E+01	3.6234375000000000E+01
3.5116889365017414E+01	3.6234375000000000E+01
3.5174149349331856E+01	3.6234375000000000E+01
3.5231393612921238E+01	3.6234375000000000E+01
3.5288634188473225E+01	3.6234375000000000E+01
3.5345853336155415E+01	3.6234375000000000E+01
3.5403076373040676E+01	3.6234375000000000E+01
3.5460321560502052E+01	3.6234375000000000E+01
3.5517561145126820E+01	3.6234375000000000E+01
3.5574796073138714E+01	3.6234375000000000E+01
3.5632004857063293E+01	3.6234375000000000E+01
3.5689186707139015E+01	3.6234375000000000E+01
3.5746426291763783E+01	3.6234375000000000E+01
3.5803602248430252E+01	3.6234375000000000E+01
3.5860851861536503E+01	3.6234375000000000E+01
3.5918054886162281E+01	3.6234375000000000E+01
3.5975269056856632E+01	3.6234375000000000E+01
3.6032434567809105E+01	3.6234375000000000E+01
3.6089614622294903E+01	3.6234375000000000E+01
3.6146834008395672E+01	3.6234375000000000E+01
3.6204059123992920E+01	3.6234375000000000E+01
3.6261238910257816E+01	3.6234375000000000E+01
3.6318467490375042E+01	3.6234375000000000E+01
3.6375663779675961E+01	3.6234375000000000E+01
3.6432882316410542E+01	3.6234375000000000E+01
3.6490073867142200E+01	3.6234375000000000E+01
3.6547280848026276E+01	3.6234375000000000E+01
3.6604481853544712E+01	3.6234375000000000E+01
3.6661669105291367E+01	3.6234375000000000E+01
3.6718914218246937E+01	3.6234375000000000E+01
3.6776236936450005E+01	3.6234375000000000E+01
3.6833732686936855E+01	3.6234375000000000E+01
3.6891230590641499E+01	3.6234375000000000E+01
3.6948699988424778E+01	3.6234375000000000E+01
3.7006192475557327E+01	3.6234375000000000E+01
3.7063685134053230E+01	3.6234375000000000E+01
3.7121143341064453E+01	3.6234375000000000E+01
3.7178627908229828E+01	3.6234375000000000E+01
3.7236106298863888E+01	3.6234375000000000E+01
3.7293588347733021E+01	3.6234375000000000E+01
3.7351044677197933E+01	3.6234375000000000E+01
3.7408527545630932E+01	3.6234375000000000E+01
3.7466029450297356E+01	3.6234375000000000E+01
3.7523472465574741E+01	3.6234375000000000E+01
3.7580789349973202E+01	3.6234375000000000E+01
3.7637955531477928E+01	3.6234375000000000E+01
3.7695095986127853E+01	3.6234375000000000E+01
3.7752255037426949E+01	3.6234375000000000E+01
3.7809426851570606E+01	3.6234375000000000E+01
3.7866615317761898E+01	3.6234375000000000E+01
3.7923774078488350E+01	3.6234375000000000E+01
3.7980925060808659E+01	3.6234375000000000E+01
3.8038109540939331E+01	3.6234375000000000E+01
3.8095253214240074E+01	3.6234375000000000E+01
3.8153189122676849E+01	3.6234375000000000E+01
3.8210756033658981E+01	3.6234375000000000E+01
3.8268245197832584E+01	3.6234375000000000E+01
3.8325692228972912E+01	3.6234375000000000E+01
3.8383133284747601E+01	3.6234375000000000E+01
3.8440546631813049E+01	3.6234375000000000E+01
3.8497998915612698E+01	3.6234375000000000E+01
3.8555466532707214E+01	3.6234375000000000E+01
3.8612923197448254E+01	3.6234375000000000E+01
3.8670256532728672E+01	3.6234375000000000E+01
3.8727508589625359E+01	3.6234375000000000E+01
3.8784739799797535E+01	3.6234375000000000E+01
3.8842000581324100E+01	3.6234375000000000E+01
3.8899277932941914E+01	3.6234375000000000E+01
3.8956564806401730E+01	3.6234375000000000E+01
3.9013853698968887E+01	3.6234375000000000E+01
3.9071068666875362E+01	3.6234375000000000E+01
3.9128267660737038E+01	3.6234375000000000E+01
3.9185495428740978E+01	3.6234375000000000E+01
3.9242705740034580E+01	3.6234375000000000E+01
3.9299946367740631E+01	3.6234375000000000E+01
3.9357159808278084E+01	3.6234375000000000E+01
3.9414348274469376E+01	3.6234375000000000E+01
3.9471565738320351E+01	3.6234375000000000E+01
3.9528791353106499E+01	3.6234375000000000E+01
3.9585974603891373E+01	3.6234375000000000E+01
3.9643200635910034E+01	3.6234375000000000E+01
3.9700387746095657E+01	3.6234375000000000E+01
3.9757581427693367E+01	3.6234375000000000E+01
3.9814783938229084E+01	3.6234375000000000E+01
3.9872013598680496E+01	3.6234375000000000E+01
3.9929199457168579E+01	3.6234375000000000E+01
3.9986394435167313E+01	3.6234375000000000E+01
4.0043535239994526E+01	3.6234375000000000E+01
4.0100721433758736E+01	3.6234375000000000E+01
4.0157897368073463E+01	3.6234375000000000E+01
4.0215036474168301E+01	3.6234375000000000E+01
4.0272175312042236E+01	3.6234375000000000E+01
4.0329312980175018E+01	3.6234375000000000E+01
4.0386505268514156E+01	3.6234375000000000E+01
4.0443675346672535E+01	3.6234375000000000E+01
4.0500860475003719E+01	3.6234375000000000E+01
4.0558036476373672E+01	3.6234375000000000E+01
4.0615180507302284E+01	3.6234375000000000E+01
4.0672332525253296E+01	3.6234375000000000E+01
4.0729503765702248E+01	3.6234375000000000E+01
4.0786694698035717E+01	3.6234375000000000E+01
4.0843868710100651E+01	3.6234375000000000E+01
4.0901024021208286E+01	3.6234375000000000E+01
4.0958151876926422E+01	3.6234375000000000E+01
4.1015304066240788E+01	3.6234375000000000E+01
4.1072436980903149E+01	3.6234375000000000E+01
4.1129581749439240E+01	3.6234375000000000E+01
4.1186749920248985E+01	3.6234375000000000E+01
4.1243892006576061E+01	3.6234375000000000E+01
4.1301038272678852E+01	3.6234375000000000E+01
4.1358231306076050E+01	3.6234375000000000E+01
4.1415390916168690E+01	3.6234375000000000E+01
4.1472588516771793E+01	3.6234375000000000E+01
4.1529747821390629E+01	3.6234375000000000E+01
4.1586955539882183E+01	3.6234375000000000E+01
4.1644166626036167E+01	3.6234375000000000E+01
4.1701365478336811E+01	3.6234375000000000E+01
4.1758562229573727E+01	3.6234375000000000E+01
4.1815752491354942E+01	3.6234375000000000E+01
4.1872973851859570E+01	3.6234375000000000E+01
4.1930195108056068E+01	3.6234375000000000E+01
4.1987389467656612E+01	3.6234375000000000E+01
4.2044599369168282E+01	3.6234375000000000E+01
4.2101789526641369E+01	3.6234375000000000E+01
4.2159003123641014E+01	3.6234375000000000E+01
4.2216196417808533E+01	3.6234375000000000E+01
4.2273420646786690E+01	3.6234375000000000E+01
4.2330657094717026E+01	3.6234375000000000E+01
4.2387877628207207E+01	3.6234375000000000E+01
4.2445078715682030E+01	3.6234375000000000E+01
4.2502284020185471E+01	3.6234375000000000E+01
4.2559492461383343E+01	3.6234375000000000E+01
4.2616720408201218E+01	3.6234375000000000E+01
4.2673943839967251E+01	3.6234375000000000E+01
4.2731174394488335E+01	3.6234375000000000E+01
4.2788388803601265E+01	3.6234375000000000E+01
4.2845615051686764E+01	3.6234375000000000E+01
4.2902822293341160E+01	3.6234375000000000E+01
4.2960048429667950E+01	3.6234375000000000E+01
4.3017284825444221E+01	3.6234375000000000E+01
4.3074522137641907E+01	3.6234375000000000E+01
4.3131719574332237E+01	3.6234375000000000E+01
4.3188958883285522E+01	3.6234375000000000E+01
4.3246119536459446E+01	3.6234375000000000E+01
4.3303309425711632E+01	3.6234375000000000E+01
4.3360501974821091E+01	3.6234375000000000E+01
4.3417701691389084E+01	3.6234375000000000E+01
4.3474906556308270E+01	3.6234375000000000E+01
4.3532097883522511E+01	3.6234375000000000E+01
4.3589307442307472E+01	3.6234375000000000E+01
4.3646512977778912E+01	3.6234375000000000E+01
4.3703732214868069E+01	3.6234375000000000E+01
4.3760929733514786E+01	3.6234375000000000E+01
4.3818153925240040E+01	3.6234375000000000E+01
4.3875362761318684E+01	3.6234375000000000E+01
4.3932609818875790E+01	3.6234375000000000E+01
4.3989811629056931E+01	3.6234375000000000E+01
4.4047038249671459E+01	3.6234375000000000E+01
4.4104202941060066E+01	3.6234375000000000E+01
4.4161391645669937E+01	3.6234375000000000E+01
4.4218586653470993E+01	3.6234375000000000E+01
4.4275794185698032E+01	3.6234375000000000E+01
4.4332966469228268E+01	3.6234375000000000E+01
4.4390153564512730E+01	3.6234375000000000E+01
4.4447359755635262E+01	3.6234375000000000E+01
4.4504550248384476E+01	3.6234375000000000E+01
4.4561762340366840E+01	3.6234375000000000E+01
4.4618943616747856E+01	3.6234375000000000E+01
4.4676120497286320E+01	3.6234375000000000E+01
4.4733302503824234E+01	3.6234375000000000E+01
4.4790497973561287E+01	3.6234375000000000E+01
4.4847661368548870E+01	3.6234375000000000E+01
4.4904868572950363E+01	3.6234375000000000E+01
4.4962063647806644E+01	3.6234375000000000E+01
4.5019267410039902E+01	3.6234375000000000E+01
4.5076424680650234E+01	3.6234375000000000E+01
4.5133614860475063E+01	3.6234375000000000E+01
4.5190799571573734E+01	3.6234375000000000E+01
4.5247965171933174E+01	3.6234375000000000E+01
4.5305145464837551E+01	3.6234375000000000E+01
4.5362318076193333E+01	3.6234375000000000E+01
4.5419545687735081E+01	3.6234375000000000E+01
4.5476734854280949E+01	3.6234375000000000E+01
4.5533925466239452E+01	3.6234375000000000E+01
4.5591105572879314E+01	3.6234375000000000E+01
4.5648309193551540E+01	3.6234375000000000E+01
4.5705528512597084E+01	3.6234375000000000E+01
4.5762701071798801E+01	3.6234375000000000E+01
4.5819886654615402E+01	3.6234375000000000E+01
4.5877077169716358E+01	3.6234375000000000E+01
4.5934261761605740E+01	3.6234375000000000E+01
4.5991436608135700E+01	3.6234375000000000E+01
4.6048606492578983E+01	3.6234375000000000E+01
4.6105773843824863E+01	3.6234375000000000E+01
4.6162971265614033E+01	3.6234375000000000E+01
4.6220142342150211E+01	3.6234375000000000E+01
4.6277342982590199E+01	3.6234375000000000E+01
4.6334546409547329E+01	3.6234375000000000E+01
4.6391751870512962E+01	3.6234375000000000E+01
4.6448974616825581E+01	3.6234375000000000E+01
4.6506153531372547E+01	3.6234375000000000E+01
4.6563326433300972E+01	3.6234375000000000E+01
4.6620518997311592E+01	3.6234375000000000E+01
4.6677709288895130E+01	3.6234375000000000E+01
4.6734921060502529E+01	3.6234375000000000E+01
4.6792112313210964E+01	3.6234375000000000E+01
4.6849297970533371E+01	3.6234375000000000E+01
4.6906481817364693E+01	3.6234375000000000E+01
4.6963667795062065E+01	3.6234375000000000E+01
4.7020831897854805E+01	3.6234375000000000E+01
4.7078045666217804E+01	3.6234375000000000E+01
4.7135236270725727E+01	3.6234375000000000E+01
4.7192413248121738E+01	3.6234375000000000E+01
4.7249590031802654E+01	3.6234375000000000E+01
4.7306764297187328E+01	3.6234375000000000E+01
4.7363960094749928E+01	3.6234375000000000E+01
4.7421158082783222E+01	3.6234375000000000E+01
4.7478335350751877E+01	3.6234375000000000E+01
4.7535481013357639E+01	3.6234375000000000E+01
4.7592676773667336E+01	3.6234375000000000E+01
4.7649849817156792E+01	3.6234375000000000E+01
4.7707036107778549E+01	3.6234375000000000E+01
4.7764307260513306E+01	3.6234375000000000E+01
4.7821657910943031E+01	3.6234375000000000E+01
4.7879005886614323E+01	3.6234375000000000E+01
4.7936314605176449E+01	3.6234375000000000E+01
4.7993642143905163E+01	3.6234375000000000E+01
4.8051000371575356E+01	3.6234375000000000E+01
4.8108346633613110E+01	3.6234375000000000E+01
4.8165668502449989E+01	3.6234375000000000E+01
4.8223020546138287E+01	3.6234375000000000E+01
4.8280326932668686E+01	3.6234375000000000E+01
4.8337664067745209E+01	3.6234375000000000E+01
4.8394999682903290E+01	3.6234375000000000E+01
4.8452330857515335E+01	3.6234375000000000E+01
4.8509712979197502E+01	3.6234375000000000E+01
4.8567039586603642E+01	3.6234375000000000E+01
4.8624397978186607E+01	3.6234375000000000E+01
4.8681718125939369E+01	3.6234375000000000E+01
4.8739048048853874E+01	3.6234375000000000E+01
4.8796348735690117E+01	3.6234375000000000E+01
4.8853660359978676E+01	3.6234375000000000E+01
4.8911002025008202E+01	3.6234375000000000E+01
4.8968326501548290E+01	3.6234375000000000E+01
4.9025648929178715E+01	3.6234375000000000E+01
4.9082961171865463E+01	3.6234375000000000E+01
4.9140271268785000E+01	3.6234375000000000E+01
4.9197628512978554E+01	3.6234375000000000E+01
4.9255002513527870E+01	3.6234375000000000E+01
4.9312323667109013E+01	3.6234375000000000E+01
4.9369682714343071E+01	3.6234375000000000E+01
4.9427021771669388E+01	3.6234375000000000E+01
4.9484365314245224E+01	3.6234375000000000E+01
4.9541669882833958E+01	3.6234375000000000E+01
4.9599012076854706E+01	3.6234375000000000E+01
4.9656336866319180E+01	3.6234375000000000E+01
4.9713667705655098E+01	3.6234375000000000E+01
4.9771028757095337E+01	3.6234375000000000E+01
4.9828366287052631E+01	3.6234375000000000E+01
4.9885722301900387E+01	3.6234375000000000E+01
4.9943088740110397E+01	3.6234375000000000E+01
5.0000441528856754E+01	3.6234375000000000E+01
5.0057830475270748E+01	3.6234375000000000E+01
5.0115182302892208E+01	3.6234375000000000E+01
5.0172503978013992E+01	3.6234375000000000E+01
5.0229874357581139E+01	3.6234375000000000E+01
5.0287194952368736E+01	3.6234375000000000E+01
5.0344568416476250E+01	3.6234375000000000E+01
5.0401894107460976E+01	3.6234375000000000E+01
5.0459224320948124E+01	3.6234375000000000E+01
5.0516512237489223E+01	3.6234375000000000E+01
5.0573761634528637E+01	3.6234375000000000E+01
5.0630989484488964E+01	3.6234375000000000E+01
5.0688183270394802E+01	3.6234375000000000E+01
5.0745384201407433E+01	3.6234375000000000E+01
5.0802597142755985E+01	3.6234375000000000E+01
5.0859806552529335E+01	3.6234375000000000E+01
5.0917006939649582E+01	3.6234375000000000E+01
5.0974213428795338E+01	3.6234375000000000E+01
5.1031414195895195E+01	3.6234375000000000E+01
5.1088599473237991E+01	3.6234375000000000E+01
5.1145808324217796E+01	3.6234375000000000E+01
5.1203010037541389E+01	3.6234375000000000E+01
5.1260232038795948E+01	3.6234375000000000E+01
5.1317428253591061E+01	3.6234375000000000E+01
5.1374647930264473E+01	3.6234375000000000E+01
5.1431852035224438E+01	3.6234375000000000E+01
5.1489024080336094E+01	3.6234375000000000E+01
5.1546214818954468E+01	3.6234375000000000E+01
5.1603379912674427E+01	3.6234375000000000E+01
5.1660595789551735E+01	3.6234375000000000E+01
5.1717822618782520E+01	3.6234375000000000E+01
5.1775013610720634E+01	3.6234375000000000E+01
5.1832233823835850E+01	3.6234375000000000E+01
5.1889416448771954E+01	3.6234375000000000E+01
5.1946622423827648E+01	3.6234375000000000E+01
5.2003856606781483E+01	3.6234375000000000E+01
5.2061069861054420E+01	3.6234375000000000E+01
5.2118255339562893E+01	3.6234375000000000E+01
5.2175480216741562E+01	3.6234375000000000E+01
5.2232703194022179E+01	3.6234375000000000E+01
5.2289932444691658E+01	3.6234375000000000E+01
5.2347129702568054E+01	3.6234375000000000E+01
5.2404308877885342E+01	3.6234375000000000E+01
5.2461472854018211E+01	3.6234375000000000E+01
5.2518696039915085E+01	3.6234375000000000E+01
5.2575904875993729E+01	3.6234375000000000E+01
5.2633104898035526E+01	3.6234375000000000E+01
5.2690319448709488E+01	3.6234375000000000E+01
5.2747536234557629E+01	3.6234375000000000E+01
5.2804749250411987E+01	3.6234375000000000E+01
5.2861987747251987E+01	3.6234375000000000E+01
5.2919235356152058E+01	3.6234375000000000E+01
5.2976445555686951E+01	3.6234375000000000E+01
5.3033630259335041E+01	3.6234375000000000E+01
5.3090857237577438E+01	3.6234375000000000E+01
5.3148073062300682E+01	3.6234375000000000E+01
5.3205285638570786E+01	3.6234375000000000E+01
5.3262499660253525E+01	3.6234375000000000E+01
5.3319723300635815E+01	3.6234375000000000E+01
5.3376934818923473E+01	3.6234375000000000E+01
5.3434137552976608E+01	3.6234375000000000E+01
5.3491354592144489E+01	3.6234375000000000E+01
5.3548573940992355E+01	3.6234375000000000E+01
5.3605765201151371E+01	3.6234375000000000E+01
5.3662941969931126E+01	3.6234375000000000E+01
5.3720136128365993E+01	3.6234375000000000E+01
5.3777402624487877E+01	3.6234375000000000E+01
5.3834629930555820E+01	3.6234375000000000E+01
5.3891865387558937E+01	3.6234375000000000E+01
5.3949064441025257E+01	3.6234375000000000E+01
5.4006256699562073E+01	3.6234375000000000E+01
5.4063476487994194E+01	3.6234375000000000E+01
5.4120677091181278E+01	3.6234375000000000E+01
5.4177875362336636E+01	3.6234375000000000E+01
5.4235057130455971E+01	3.6234375000000000E+01
5.4292267650365829E+01	3.6234375000000000E+01
5.4349460840225220E+01	3.6234375000000000E+01
5.4406683094799519E+01	3.6234375000000000E+01
5.4463880896568298E+01	3.6234375000000000E+01
5.4521074563264847E+01	3.6234375000000000E+01
5.4578295141458511E+01	3.6234375000000000E+01
5.4635478913784027E+01	3.6234375000000000E+01
5.4692631788551807E+01	3.6234375000000000E+01
5.4749786913394928E+01	3.6234375000000000E+01
5.4806971676647663E+01	3.6234375000000000E+01
5.4864142745733261E+01	3.6234375000000000E+01
5.4921334601938725E+01	3.6234375000000000E+01
5.4978509806096554E+01	3.6234375000000000E+01
5.5035707488656044E+01	3.6234375000000000E+01
5.5092970803380013E+01	3.6234375000000000E+01
5.5150220416486263E+01	3.6234375000000000E+01
5.5207413926720619E+01	3.6234375000000000E+01
5.5264669992029667E+01	3.6234375000000000E+01
5.5321926571428776E+01	3.6234375000000000E+01
5.5379173494875431E+01	3.6234375000000000E+01
5.5436423689126968E+01	3.6234375000000000E+01
5.5493637219071388E+01	3.6234375000000000E+01
5.5550891235470772E+01	3.6234375000000000E+01
5.5608144365251064E+01	3.6234375000000000E+01
5.5665351450443268E+01	3.6234375000000000E+01
5.5722595222294331E+01	3.6234375000000000E+01
5.5779888816177845E+01	3.6234375000000000E+01
5.5837170712649822E+01	3.6234375000000000E+01
5.5894407406449318E+01	3.6234375000000000E+01
5.5951629452407360E+01	3.6234375000000000E+01
5.6008864313364029E+01	3.6234375000000000E+01
5.6066105417907238E+01	3.6234375000000000E+01
5.6123341888189316E+01	3.6234375000000000E+01
5.6180605702102184E+01	3.6234375000000000E+01
5.6237883105874062E+01	3.6234375000000000E+01
5.6295114412903786E+01	3.6234375000000000E+01
5.6352341718971729E+01	3.6234375000000000E+01
5.6409581311047077E+01	3.6234375000000000E+01
5.6466827102005482E+01	3.6234375000000000E+01
5.6524097211658955E+01	3.6234375000000000E+01
5.6581365756690502E+01	3.6234375000000000E+01
5.6638632468879223E+01	3.6234375000000000E+01
5.6695913620293140E+01	3.6234375000000000E+01
5.6753176085650921E+01	3.6234375000000000E+01
5.6810446798801422E+01	3.6234375000000000E+01
5.6867690429091454E+01	3.6234375000000000E+01
5.6924899265170097E+01	3.6234375000000000E+01
5.6982138574123383E+01	3.6234375000000000E+01
5.7039363972842693E+01	3.6234375000000000E+01
5.7096596032381058E+01	3.6234375000000000E+01
5.7153955020010471E+01	3.6234375000000000E+01
5.7211422696709633E+01	3.6234375000000000E+01
