1.7061369121074677E-01	3.7011718750000000E+01
2.2896477580070496E-01	3.7011718750000000E+01
2.8654850274324417E-01	3.7011718750000000E+01
3.4416282922029495E-01	3.7011718750000000E+01
4.0175160020589828E-01	3.7011718750000000E+01
4.5933194458484650E-01	3.7011718750000000E+01
5.1691403239965439E-01	3.7011718750000000E+01
5.7525920867919922E-01	3.7144531250000000E+01
6.3300237059593201E-01	3.7144531250000000E+01
6.9067094475030899E-01	3.7144531250000000E+01
7.4830865859985352E-01	3.7144531250000000E+01
8.0593950301408768E-01	3.7144531250000000E+01
8.6360293626785278E-01	3.7144531250000000E+01
9.2128566652536392E-01	3.7144531250000000E+01
9.7890812158584595E-01	3.7144531250000000E+01
1.0365682616829872E+00	3.7144531250000000E+01
1.0942497849464417E+00	3.7144531250000000E+01
1.1519653499126434E+00	3.7144531250000000E+01
1.2096391469240189E+00	3.7144531250000000E+01
1.2673014402389526E+00	3.7144531250000000E+01
1.3249760717153549E+00	3.7144531250000000E+01
1.3826561793684959E+00	3.7144531250000000E+01
1.4403477236628532E+00	3.7144531250000000E+01
1.4980536028742790E+00	3.7144531250000000E+01
1.5557510927319527E+00	3.7144531250000000E+01
1.6133925244212151E+00	3.7144531250000000E+01
1.6710564792156219E+00	3.7144531250000000E+01
1.7287105843424797E+00	3.7144531250000000E+01
1.7863613441586494E+00	3.7144531250000000E+01
1.8440486267209053E+00	3.7144531250000000E+01
1.9017614871263504E+00	3.7144531250000000E+01
1.9595025181770325E+00	3.7144531250000000E+01
2.0171522870659828E+00	3.7144531250000000E+01
2.0748482421040535E+00	3.7144531250000000E+01
2.1325194463133812E+00	3.7144531250000000E+01
2.1901483684778214E+00	3.7144531250000000E+01
2.2477664798498154E+00	3.7144531250000000E+01
2.3054079860448837E+00	3.7144531250000000E+01
2.3630746752023697E+00	3.7144531250000000E+01
2.4206997305154800E+00	3.7144531250000000E+01
2.4783341884613037E+00	3.7144531250000000E+01
2.5359349250793457E+00	3.7144531250000000E+01
2.5942074805498123E+00	3.7160156250000000E+01
2.6519884690642357E+00	3.7160156250000000E+01
2.7096722498536110E+00	3.7160156250000000E+01
2.7673571705818176E+00	3.7160156250000000E+01
2.8250266686081886E+00	3.7160156250000000E+01
2.8827166706323624E+00	3.7160156250000000E+01
2.9403666853904724E+00	3.7160156250000000E+01
2.9980334490537643E+00	3.7160156250000000E+01
3.0557016059756279E+00	3.7160156250000000E+01
3.1131991147994995E+00	3.7160156250000000E+01
3.1706832125782967E+00	3.7160156250000000E+01
3.2281866669654846E+00	3.7160156250000000E+01
3.2856734246015549E+00	3.7160156250000000E+01
3.3431154489517212E+00	3.7160156250000000E+01
3.4005833342671394E+00	3.7160156250000000E+01
3.4580267220735550E+00	3.7160156250000000E+01
3.5154939517378807E+00	3.7160156250000000E+01
3.5729485452175140E+00	3.7160156250000000E+01
3.6304272264242172E+00	3.7160156250000000E+01
3.6878826469182968E+00	3.7160156250000000E+01
3.7453426569700241E+00	3.7160156250000000E+01
3.8027791604399681E+00	3.7160156250000000E+01
3.8602520301938057E+00	3.7160156250000000E+01
3.9176936373114586E+00	3.7160156250000000E+01
3.9751837179064751E+00	3.7160156250000000E+01
4.0326296240091324E+00	3.7160156250000000E+01
4.0900921747088432E+00	3.7160156250000000E+01
4.1475440114736557E+00	3.7160156250000000E+01
4.2049920782446861E+00	3.7160156250000000E+01
4.2624730020761490E+00	3.7160156250000000E+01
4.3199643492698669E+00	3.7160156250000000E+01
4.3774519264698029E+00	3.7160156250000000E+01
4.4349267110228539E+00	3.7160156250000000E+01
4.4924013987183571E+00	3.7160156250000000E+01
4.5498678311705589E+00	3.7160156250000000E+01
4.6073280870914459E+00	3.7160156250000000E+01
4.6648026853799820E+00	3.7160156250000000E+01
4.7222635298967361E+00	3.7160156250000000E+01
4.7797268033027649E+00	3.7160156250000000E+01
4.8371540307998657E+00	3.7160156250000000E+01
4.8946441188454628E+00	3.7160156250000000E+01
4.9521019607782364E+00	3.7160156250000000E+01
5.0097100287675858E+00	3.7160156250000000E+01
5.0671340748667717E+00	3.7160156250000000E+01
5.1246155351400375E+00	3.7160156250000000E+01
5.1820897087454796E+00	3.7160156250000000E+01
5.2395677193999290E+00	3.7160156250000000E+01
5.2970214262604713E+00	3.7160156250000000E+01
5.3544952943921089E+00	3.7160156250000000E+01
5.4119592532515526E+00	3.7160156250000000E+01
5.4694449231028557E+00	3.7160156250000000E+01
5.5269046947360039E+00	3.7160156250000000E+01
5.5843609198927879E+00	3.7160156250000000E+01
5.6418602392077446E+00	3.7160156250000000E+01
5.6993340700864792E+00	3.7160156250000000E+01
5.7567977681756020E+00	3.7160156250000000E+01
5.8142755553126335E+00	3.7160156250000000E+01
5.8717352151870728E+00	3.7160156250000000E+01
5.9291806742548943E+00	3.7160156250000000E+01
5.9871909841895103E+00	3.7160156250000000E+01
6.0448097437620163E+00	3.7160156250000000E+01
6.1022820547223091E+00	3.7160156250000000E+01
6.1597489416599274E+00	3.7160156250000000E+01
6.2172447964549065E+00	3.7160156250000000E+01
6.2747417688369751E+00	3.7160156250000000E+01
6.3321920558810234E+00	3.7160156250000000E+01
6.3896721825003624E+00	3.7160156250000000E+01
6.4471567198634148E+00	3.7160156250000000E+01
6.5046425685286522E+00	3.7160156250000000E+01
6.5621119588613510E+00	3.7160156250000000E+01
6.6195902973413467E+00	3.7160156250000000E+01
6.6770572960376740E+00	3.7160156250000000E+01
6.7345200553536415E+00	3.7160156250000000E+01
6.7919963672757149E+00	3.7160156250000000E+01
6.8494589328765869E+00	3.7160156250000000E+01
6.9069519564509392E+00	3.7160156250000000E+01
6.9644253998994827E+00	3.7160156250000000E+01
7.0218992829322815E+00	3.7160156250000000E+01
7.0793974623084068E+00	3.7160156250000000E+01
7.1368825584650040E+00	3.7160156250000000E+01
7.1943872123956680E+00	3.7160156250000000E+01
7.2518982887268066E+00	3.7160156250000000E+01
7.3093849793076515E+00	3.7160156250000000E+01
7.3669321164488792E+00	3.7160156250000000E+01
7.4244112595915794E+00	3.7160156250000000E+01
7.4819023013114929E+00	3.7160156250000000E+01
7.5393938571214676E+00	3.7160156250000000E+01
7.5969293862581253E+00	3.7160156250000000E+01
7.6544539704918861E+00	3.7160156250000000E+01
7.7119618877768517E+00	3.7160156250000000E+01
7.7694845870137215E+00	3.7160156250000000E+01
7.8269727900624275E+00	3.7160156250000000E+01
7.8844695612788200E+00	3.7160156250000000E+01
7.9419866502285004E+00	3.7160156250000000E+01
7.9994902834296227E+00	3.7160156250000000E+01
8.0570510551333427E+00	3.7160156250000000E+01
8.1145742312073708E+00	3.7160156250000000E+01
8.1720751598477364E+00	3.7160156250000000E+01
8.2295852676033974E+00	3.7160156250000000E+01
8.2870756834745407E+00	3.7160156250000000E+01
8.3446399345993996E+00	3.7160156250000000E+01
8.4022035524249077E+00	3.7160156250000000E+01
8.4598226621747017E+00	3.7160156250000000E+01
8.5173737034201622E+00	3.7160156250000000E+01
8.5749214291572571E+00	3.7160156250000000E+01
8.6324465647339821E+00	3.7160156250000000E+01
8.6899746134877205E+00	3.7160156250000000E+01
8.7475192397832870E+00	3.7160156250000000E+01
8.8051451295614243E+00	3.7160156250000000E+01
8.8628529608249664E+00	3.7160156250000000E+01
8.9204410240054131E+00	3.7160156250000000E+01
8.9780977144837379E+00	3.7160156250000000E+01
9.0356682538986206E+00	3.7160156250000000E+01
9.0932508334517479E+00	3.7160156250000000E+01
9.1509291902184486E+00	3.7160156250000000E+01
9.2087660953402519E+00	3.7160156250000000E+01
9.2667251676321030E+00	3.7160156250000000E+01
9.3244883343577385E+00	3.7160156250000000E+01
9.3823743313550949E+00	3.7160156250000000E+01
9.4401179552078247E+00	3.7160156250000000E+01
9.4979613572359085E+00	3.7160156250000000E+01
9.5559638589620590E+00	3.7160156250000000E+01
9.6141051948070526E+00	3.7160156250000000E+01
9.6722833737730980E+00	3.7160156250000000E+01
9.7303814366459846E+00	3.7160156250000000E+01
9.7886006310582161E+00	3.7160156250000000E+01
9.8466850370168686E+00	3.7160156250000000E+01
9.9048487097024918E+00	3.7160156250000000E+01
9.9630723148584366E+00	3.7160156250000000E+01
1.0021346271038055E+01	3.7160156250000000E+01
1.0079648576676846E+01	3.7160156250000000E+01
1.0137938797473907E+01	3.7160156250000000E+01
1.0196246579289436E+01	3.7160156250000000E+01
1.0254532366991043E+01	3.7160156250000000E+01
1.0312807045876980E+01	3.7160156250000000E+01
1.0371089711785316E+01	3.7160156250000000E+01
1.0429401166737080E+01	3.7160156250000000E+01
1.0487658821046352E+01	3.7160156250000000E+01
1.0545910894870758E+01	3.7160156250000000E+01
1.0604202106595039E+01	3.7160156250000000E+01
1.0662480540573597E+01	3.7160156250000000E+01
1.0720720797777176E+01	3.7160156250000000E+01
1.0778950124979019E+01	3.7160156250000000E+01
1.0837074168026447E+01	3.7160156250000000E+01
1.0895121537148952E+01	3.7160156250000000E+01
1.0953332528471947E+01	3.7160156250000000E+01
1.1011432945728302E+01	3.7160156250000000E+01
1.1069695599377155E+01	3.7160156250000000E+01
1.1127923093736172E+01	3.7160156250000000E+01
1.1186182297766209E+01	3.7160156250000000E+01
1.1244451686739922E+01	3.7160156250000000E+01
1.1302820608019829E+01	3.7160156250000000E+01
1.1361122593283653E+01	3.7160156250000000E+01
1.1419644072651863E+01	3.7160156250000000E+01
1.1477976724505424E+01	3.7160156250000000E+01
1.1536267511546612E+01	3.7160156250000000E+01
1.1594578795135021E+01	3.7160156250000000E+01
1.1652889929711819E+01	3.7160156250000000E+01
1.1711166478693485E+01	3.7160156250000000E+01
1.1769885957241058E+01	3.7160156250000000E+01
1.1828362889587879E+01	3.7160156250000000E+01
1.1886846415698528E+01	3.7160156250000000E+01
1.1945340901613235E+01	3.7160156250000000E+01
1.2003827452659607E+01	3.7160156250000000E+01
1.2062354512512684E+01	3.7160156250000000E+01
1.2120915576815605E+01	3.7160156250000000E+01
1.2179450273513794E+01	3.7160156250000000E+01
1.2238015733659267E+01	3.7160156250000000E+01
1.2296585142612457E+01	3.7160156250000000E+01
1.2355591788887978E+01	3.7160156250000000E+01
1.2414106301963329E+01	3.7160156250000000E+01
1.2472569048404694E+01	3.7160156250000000E+01
1.2531036302447319E+01	3.7160156250000000E+01
1.2589516125619411E+01	3.7160156250000000E+01
1.2648016847670078E+01	3.7160156250000000E+01
1.2706518463790417E+01	3.7160156250000000E+01
1.2765105679631233E+01	3.7160156250000000E+01
1.2823569402098656E+01	3.7160156250000000E+01
1.2882001772522926E+01	3.7160156250000000E+01
1.2940406009554863E+01	3.7160156250000000E+01
1.2998849958181381E+01	3.7160156250000000E+01
1.3057260073721409E+01	3.7160156250000000E+01
1.3115578942000866E+01	3.7160156250000000E+01
1.3173948228359222E+01	3.7160156250000000E+01
1.3232310757040977E+01	3.7160156250000000E+01
1.3290650099515915E+01	3.7160156250000000E+01
1.3348939456045628E+01	3.7160156250000000E+01
1.3407253615558147E+01	3.7160156250000000E+01
1.3465620428323746E+01	3.7160156250000000E+01
1.3523871645331383E+01	3.7160156250000000E+01
1.3581984966993332E+01	3.7160156250000000E+01
1.3639891102910042E+01	3.7160156250000000E+01
1.3697638809680939E+01	3.7160156250000000E+01
1.3755508959293365E+01	3.7160156250000000E+01
1.3813241295516491E+01	3.7160156250000000E+01
1.3871115505695343E+01	3.7160156250000000E+01
1.3929174780845642E+01	3.7160156250000000E+01
1.3987301655113697E+01	3.7160156250000000E+01
1.4045511960983276E+01	3.7160156250000000E+01
1.4103846505284309E+01	3.7160156250000000E+01
1.4162002831697464E+01	3.7160156250000000E+01
1.4220236077904701E+01	3.7160156250000000E+01
1.4278361529111862E+01	3.7160156250000000E+01
1.4336378656327724E+01	3.7160156250000000E+01
1.4394319064915180E+01	3.7160156250000000E+01
1.4452123299241066E+01	3.7160156250000000E+01
1.4509788632392883E+01	3.7160156250000000E+01
1.4567629069089890E+01	3.7160156250000000E+01
1.4625321187078953E+01	3.7160156250000000E+01
1.4683006957173347E+01	3.7160156250000000E+01
1.4740864336490631E+01	3.7160156250000000E+01
1.4798837922513485E+01	3.7160156250000000E+01
1.4856897391378880E+01	3.7160156250000000E+01
1.4914805747568607E+01	3.7160156250000000E+01
1.4972820699214935E+01	3.7160156250000000E+01
1.5030637599527836E+01	3.7160156250000000E+01
1.5088550031185150E+01	3.7160156250000000E+01
1.5146625094115734E+01	3.7160156250000000E+01
1.5204823978245258E+01	3.7160156250000000E+01
1.5263045370578766E+01	3.7160156250000000E+01
1.5321161061525345E+01	3.7160156250000000E+01
1.5379401221871376E+01	3.7160156250000000E+01
1.5437501639127731E+01	3.7160156250000000E+01
1.5495522111654282E+01	3.7160156250000000E+01
1.5553624145686626E+01	3.7160156250000000E+01
1.5611743345856667E+01	3.7160156250000000E+01
1.5669709473848343E+01	3.7160156250000000E+01
1.5727600239217281E+01	3.7160156250000000E+01
1.5785472154617310E+01	3.7160156250000000E+01
1.5843447402119637E+01	3.7160156250000000E+01
1.5901291705667973E+01	3.7160156250000000E+01
1.5959019742906094E+01	3.7160156250000000E+01
1.6016697689890862E+01	3.7160156250000000E+01
1.6074514001607895E+01	3.7160156250000000E+01
1.6132190689444542E+01	3.7160156250000000E+01
1.6189979568123817E+01	3.7160156250000000E+01
1.6247613869607449E+01	3.7160156250000000E+01
1.6305176042020321E+01	3.7160156250000000E+01
1.6362665683031082E+01	3.7160156250000000E+01
1.6420169115066528E+01	3.7160156250000000E+01
1.6477608568966389E+01	3.7160156250000000E+01
1.6535080783069134E+01	3.7160156250000000E+01
1.6592588834464550E+01	3.7160156250000000E+01
1.6650088816881180E+01	3.7160156250000000E+01
1.6707558222115040E+01	3.7160156250000000E+01
1.6765035621821880E+01	3.7160156250000000E+01
1.6822521887719631E+01	3.7160156250000000E+01
1.6880027584731579E+01	3.7160156250000000E+01
1.6937555015087128E+01	3.7160156250000000E+01
1.6995014503598213E+01	3.7160156250000000E+01
1.7052498497068882E+01	3.7160156250000000E+01
1.7109990820288658E+01	3.7160156250000000E+01
1.7167484581470490E+01	3.7160156250000000E+01
1.7224963575601578E+01	3.7160156250000000E+01
1.7282448440790176E+01	3.7160156250000000E+01
1.7339930444955826E+01	3.7160156250000000E+01
1.7397370345890522E+01	3.7160156250000000E+01
1.7454882174730301E+01	3.7160156250000000E+01
1.7512365818023682E+01	3.7160156250000000E+01
1.7569847822189331E+01	3.7160156250000000E+01
1.7627298139035702E+01	3.7160156250000000E+01
1.7684789508581161E+01	3.7160156250000000E+01
1.7742289349436760E+01	3.7160156250000000E+01
1.7799775600433350E+01	3.7160156250000000E+01
1.7857256434857845E+01	3.7160156250000000E+01
1.7914699070155621E+01	3.7160156250000000E+01
1.7972195267677307E+01	3.7160156250000000E+01
1.8029675096273422E+01	3.7160156250000000E+01
1.8087143719196320E+01	3.7160156250000000E+01
1.8144582256674767E+01	3.7160156250000000E+01
1.8202016919851303E+01	3.7160156250000000E+01
1.8259446002542973E+01	3.7160156250000000E+01
1.8316891409456730E+01	3.7160156250000000E+01
1.8374354548752308E+01	3.7160156250000000E+01
1.8431821346282959E+01	3.7160156250000000E+01
1.8489335477352142E+01	3.7160156250000000E+01
1.8546832568943501E+01	3.7160156250000000E+01
1.8604318574070930E+01	3.7160156250000000E+01
1.8661799736320972E+01	3.7160156250000000E+01
1.8719234466552734E+01	3.7160156250000000E+01
1.8776692882180214E+01	3.7160156250000000E+01
1.8834109462797642E+01	3.7160156250000000E+01
1.8891553133726120E+01	3.7160156250000000E+01
1.8949004955589771E+01	3.7160156250000000E+01
1.9006435409188271E+01	3.7160156250000000E+01
1.9063851863145828E+01	3.7160156250000000E+01
1.9121276661753654E+01	3.7160156250000000E+01
1.9178720809519291E+01	3.7160156250000000E+01
1.9236166216433048E+01	3.7160156250000000E+01
1.9293611362576485E+01	3.7160156250000000E+01
1.9351060345768929E+01	3.7160156250000000E+01
1.9408470571041107E+01	3.7160156250000000E+01
1.9465914174914360E+01	3.7160156250000000E+01
1.9523340098559856E+01	3.7160156250000000E+01
1.9580807350575924E+01	3.7160156250000000E+01
1.9638242423534393E+01	3.7160156250000000E+01
1.9695672646164894E+01	3.7160156250000000E+01
1.9753156647086143E+01	3.7160156250000000E+01
1.9810612954199314E+01	3.7160156250000000E+01
1.9868044599890709E+01	3.7160156250000000E+01
1.9925507843494415E+01	3.7160156250000000E+01
1.9982948198914528E+01	3.7160156250000000E+01
2.0040361762046814E+01	3.7160156250000000E+01
2.0097765550017357E+01	3.7160156250000000E+01
2.0155180290341377E+01	3.7160156250000000E+01
2.0212730541825294E+01	3.7160156250000000E+01
2.0270301736891270E+01	3.7160156250000000E+01
2.0327791057527065E+01	3.7160156250000000E+01
2.0385298319160938E+01	3.7160156250000000E+01
2.0442810408771038E+01	3.7160156250000000E+01
2.0500294491648674E+01	3.7160156250000000E+01
2.0557812519371510E+01	3.7160156250000000E+01
2.0615307964384556E+01	3.7160156250000000E+01
2.0672809749841690E+01	3.7160156250000000E+01
2.0730304993689060E+01	3.7160156250000000E+01
2.0787794999778271E+01	3.7160156250000000E+01
2.0845285840332508E+01	3.7160156250000000E+01
2.0902782671153545E+01	3.7160156250000000E+01
2.0960281565785408E+01	3.7160156250000000E+01
2.1017776869237423E+01	3.7160156250000000E+01
2.1075250163674355E+01	3.7160156250000000E+01
2.1132725834846497E+01	3.7160156250000000E+01
2.1190204694867134E+01	3.7160156250000000E+01
2.1247713357210159E+01	3.7160156250000000E+01
2.1305214710533619E+01	3.7160156250000000E+01
2.1362700462341309E+01	3.7160156250000000E+01
2.1420154973864555E+01	3.7160156250000000E+01
2.1477629452943802E+01	3.7160156250000000E+01
2.1535101160407066E+01	3.7160156250000000E+01
2.1593176320195198E+01	3.7160156250000000E+01
2.1650827057659626E+01	3.7160156250000000E+01
2.1708312571048737E+01	3.7160156250000000E+01
2.1765785574913025E+01	3.7160156250000000E+01
2.1823261544108391E+01	3.7160156250000000E+01
2.1880722917616367E+01	3.7160156250000000E+01
2.1938206374645233E+01	3.7160156250000000E+01
2.1995703943073750E+01	3.7160156250000000E+01
2.2053186841309071E+01	3.7160156250000000E+01
2.2110693521797657E+01	3.7160156250000000E+01
2.2168159373104572E+01	3.7160156250000000E+01
2.2225674092769623E+01	3.7160156250000000E+01
2.2283144943416119E+01	3.7160156250000000E+01
2.2340664409101009E+01	3.7160156250000000E+01
2.2398158453404903E+01	3.7160156250000000E+01
2.2455660916864872E+01	3.7160156250000000E+01
2.2513134986162186E+01	3.7160156250000000E+01
2.2570593975484371E+01	3.7160156250000000E+01
2.2628079183399677E+01	3.7160156250000000E+01
2.2685577154159546E+01	3.7160156250000000E+01
2.2743061840534210E+01	3.7160156250000000E+01
2.2800561547279358E+01	3.7160156250000000E+01
2.2858034864068031E+01	3.7160156250000000E+01
2.2915494747459888E+01	3.7160156250000000E+01
2.2972956091165543E+01	3.7160156250000000E+01
2.3030395872890949E+01	3.7160156250000000E+01
2.3087849028408527E+01	3.7160156250000000E+01
2.3145282045006752E+01	3.7160156250000000E+01
2.3202730715274811E+01	3.7160156250000000E+01
2.3260131105780602E+01	3.7160156250000000E+01
2.3317580617964268E+01	3.7160156250000000E+01
2.3375020146369934E+01	3.7160156250000000E+01
2.3432445645332336E+01	3.7160156250000000E+01
2.3489909149706364E+01	3.7160156250000000E+01
2.3547346681356430E+01	3.7160156250000000E+01
2.3604795090854168E+01	3.7160156250000000E+01
2.3662229053676128E+01	3.7160156250000000E+01
2.3719651393592358E+01	3.7160156250000000E+01
2.3777058809995651E+01	3.7160156250000000E+01
2.3834489896893501E+01	3.7160156250000000E+01
2.3891905054450035E+01	3.7160156250000000E+01
2.3949327126145363E+01	3.7160156250000000E+01
2.4006761506199837E+01	3.7160156250000000E+01
2.4064189605414867E+01	3.7160156250000000E+01
2.4121621623635292E+01	3.7160156250000000E+01
2.4179059267044067E+01	3.7160156250000000E+01
2.4236506782472134E+01	3.7160156250000000E+01
2.4293942630290985E+01	3.7160156250000000E+01
2.4351352706551552E+01	3.7160156250000000E+01
2.4408795550465584E+01	3.7160156250000000E+01
2.4466251671314240E+01	3.7160156250000000E+01
2.4523686975240707E+01	3.7160156250000000E+01
2.4581119723618031E+01	3.7160156250000000E+01
2.4638540990650654E+01	3.7160156250000000E+01
2.4696006894111633E+01	3.7160156250000000E+01
2.4753465302288532E+01	3.7160156250000000E+01
2.4811138667166233E+01	3.7160156250000000E+01
2.4868616037070751E+01	3.7160156250000000E+01
2.4926085114479065E+01	3.7160156250000000E+01
2.4983559645712376E+01	3.7160156250000000E+01
2.5041029185056686E+01	3.7160156250000000E+01
2.5098549015820026E+01	3.7160156250000000E+01
2.5156030565500259E+01	3.7160156250000000E+01
2.5213540978729725E+01	3.7160156250000000E+01
2.5271020449697971E+01	3.7160156250000000E+01
2.5328559234738350E+01	3.7160156250000000E+01
2.5386172063648701E+01	3.7160156250000000E+01
2.5443932913243771E+01	3.7160156250000000E+01
2.5501846887171268E+01	3.7160156250000000E+01
2.5559597261250019E+01	3.7160156250000000E+01
2.5617583215236664E+01	3.7160156250000000E+01
2.5675473034381866E+01	3.7160156250000000E+01
2.5733208969235420E+01	3.7160156250000000E+01
2.5790811635553837E+01	3.7160156250000000E+01
2.5848371900618076E+01	3.7160156250000000E+01
2.5906030051410198E+01	3.7160156250000000E+01
2.5963616162538528E+01	3.7160156250000000E+01
2.6021364547312260E+01	3.7160156250000000E+01
2.6079029545187950E+01	3.7160156250000000E+01
2.6136613249778748E+01	3.7160156250000000E+01
2.6194164626300335E+01	3.7160156250000000E+01
2.6251864530146122E+01	3.7160156250000000E+01
2.6309549935162067E+01	3.7160156250000000E+01
2.6367284990847111E+01	3.7160156250000000E+01
2.6424913085997105E+01	3.7160156250000000E+01
2.6482479453086853E+01	3.7160156250000000E+01
2.6539978481829166E+01	3.7160156250000000E+01
2.6597418658435345E+01	3.7160156250000000E+01
2.6654911391437054E+01	3.7160156250000000E+01
2.6712405502796173E+01	3.7160156250000000E+01
2.6769935928285122E+01	3.7160156250000000E+01
2.6827496096491814E+01	3.7160156250000000E+01
2.6885084666311741E+01	3.7160156250000000E+01
2.6942717552185059E+01	3.7160156250000000E+01
2.7000481233000755E+01	3.7160156250000000E+01
2.7058144874870777E+01	3.7160156250000000E+01
2.7115945711731911E+01	3.7160156250000000E+01
2.7173876605927944E+01	3.7160156250000000E+01
2.7231850318610668E+01	3.7160156250000000E+01
2.7289923943579197E+01	3.7160156250000000E+01
2.7348102338612080E+01	3.7160156250000000E+01
2.7406234152615070E+01	3.7160156250000000E+01
2.7464461706578732E+01	3.7160156250000000E+01
2.7522646464407444E+01	3.7160156250000000E+01
2.7580707490444183E+01	3.7160156250000000E+01
2.7638646766543388E+01	3.7160156250000000E+01
2.7696443200111389E+01	3.7160156250000000E+01
2.7754455730319023E+01	3.7160156250000000E+01
2.7812375336885452E+01	3.7160156250000000E+01
2.7870466463267803E+01	3.7160156250000000E+01
2.7928642258048058E+01	3.7160156250000000E+01
2.7986812710762024E+01	3.7160156250000000E+01
2.8045036949217319E+01	3.7160156250000000E+01
2.8103346094489098E+01	3.7160156250000000E+01
2.8161598511040211E+01	3.7160156250000000E+01
2.8219915591180325E+01	3.7160156250000000E+01
2.8278262771666050E+01	3.7160156250000000E+01
2.8336602158844471E+01	3.7160156250000000E+01
2.8394965909421444E+01	3.7160156250000000E+01
2.8453388728201389E+01	3.7160156250000000E+01
2.8511751711368561E+01	3.7160156250000000E+01
2.8570148386061192E+01	3.7160156250000000E+01
2.8628568761050701E+01	3.7160156250000000E+01
2.8686961449682713E+01	3.7160156250000000E+01
2.8745360679924488E+01	3.7160156250000000E+01
2.8803717322647572E+01	3.7160156250000000E+01
2.8862127557396889E+01	3.7160156250000000E+01
2.8920527845621109E+01	3.7160156250000000E+01
2.8978938169777393E+01	3.7160156250000000E+01
2.9037363559007645E+01	3.7160156250000000E+01
2.9095774710178375E+01	3.7160156250000000E+01
2.9154167696833611E+01	3.7160156250000000E+01
2.9212608225643635E+01	3.7160156250000000E+01
2.9271046772599220E+01	3.7160156250000000E+01
2.9329472623765469E+01	3.7160156250000000E+01
2.9387964263558388E+01	3.7160156250000000E+01
2.9446424074470997E+01	3.7160156250000000E+01
2.9504913076758385E+01	3.7160156250000000E+01
2.9563396461308002E+01	3.7160156250000000E+01
2.9621915772557259E+01	3.7160156250000000E+01
2.9680413149297237E+01	3.7160156250000000E+01
2.9738896228373051E+01	3.7160156250000000E+01
2.9797359265387058E+01	3.7160156250000000E+01
2.9855840943753719E+01	3.7160156250000000E+01
2.9914306543767452E+01	3.7160156250000000E+01
2.9972786471247673E+01	3.7160156250000000E+01
3.0031282149255276E+01	3.7160156250000000E+01
3.0089745588600636E+01	3.7160156250000000E+01
3.0148201160132885E+01	3.7160156250000000E+01
3.0206667609512806E+01	3.7160156250000000E+01
3.0265138410031796E+01	3.7160156250000000E+01
3.0323634654283524E+01	3.7160156250000000E+01
3.0382111467421055E+01	3.7160156250000000E+01
3.0440591670572758E+01	3.7160156250000000E+01
3.0499035306274891E+01	3.7160156250000000E+01
3.0557468496263027E+01	3.7160156250000000E+01
3.0615915901958942E+01	3.7160156250000000E+01
3.0674339555203915E+01	3.7160156250000000E+01
3.0732782475650311E+01	3.7160156250000000E+01
3.0791205853223801E+01	3.7160156250000000E+01
3.0849644914269447E+01	3.7160156250000000E+01
3.0908088162541389E+01	3.7160156250000000E+01
3.0966547742486000E+01	3.7160156250000000E+01
3.1024978742003441E+01	3.7160156250000000E+01
3.1083410285413265E+01	3.7160156250000000E+01
3.1141846634447575E+01	3.7160156250000000E+01
3.1200299054384232E+01	3.7160156250000000E+01
3.1258762434124947E+01	3.7160156250000000E+01
3.1317221999168396E+01	3.7160156250000000E+01
3.1375649645924568E+01	3.7160156250000000E+01
3.1434111759066582E+01	3.7160156250000000E+01
3.1492550693452358E+01	3.7160156250000000E+01
3.1551010124385357E+01	3.7160156250000000E+01
3.1609451740980148E+01	3.7160156250000000E+01
3.1667893677949905E+01	3.7160156250000000E+01
3.1726370185613632E+01	3.7160156250000000E+01
3.1784964703023434E+01	3.7160156250000000E+01
3.1843391850590706E+01	3.7160156250000000E+01
3.1901839055120945E+01	3.7160156250000000E+01
3.1960291959345341E+01	3.7160156250000000E+01
3.2018734380602837E+01	3.7160156250000000E+01
3.2077183112502098E+01	3.7160156250000000E+01
3.2135635159909725E+01	3.7160156250000000E+01
3.2194076046347618E+01	3.7160156250000000E+01
3.2252522721886635E+01	3.7160156250000000E+01
3.2311006978154182E+01	3.7160156250000000E+01
3.2369425535202026E+01	3.7160156250000000E+01
3.2427886545658112E+01	3.7160156250000000E+01
3.2486345887184143E+01	3.7160156250000000E+01
3.2544799581170082E+01	3.7160156250000000E+01
3.2603249743580818E+01	3.7160156250000000E+01
3.2661730945110321E+01	3.7160156250000000E+01
3.2720169574022293E+01	3.7160156250000000E+01
3.2778625182807446E+01	3.7160156250000000E+01
3.2837068967521191E+01	3.7160156250000000E+01
3.2895539827644825E+01	3.7160156250000000E+01
3.2953983239829540E+01	3.7160156250000000E+01
3.3012435816228390E+01	3.7160156250000000E+01
3.3070897005498409E+01	3.7160156250000000E+01
3.3129325248301029E+01	3.7160156250000000E+01
3.3187787905335426E+01	3.7160156250000000E+01
3.3246223405003548E+01	3.7160156250000000E+01
3.3304670080542564E+01	3.7160156250000000E+01
3.3363118126988411E+01	3.7160156250000000E+01
3.3421580605208874E+01	3.7160156250000000E+01
3.3480081617832184E+01	3.7160156250000000E+01
3.3538541324436665E+01	3.7160156250000000E+01
3.3596971601247787E+01	3.7160156250000000E+01
3.3655396044254303E+01	3.7160156250000000E+01
3.3713823154568672E+01	3.7160156250000000E+01
3.3772286839783192E+01	3.7160156250000000E+01
3.3830738328397274E+01	3.7160156250000000E+01
3.3889176517724991E+01	3.7160156250000000E+01
3.3947618976235390E+01	3.7160156250000000E+01
3.4006049253046513E+01	3.7160156250000000E+01
3.4064483568072319E+01	3.7160156250000000E+01
3.4122918576002121E+01	3.7160156250000000E+01
3.4181358776986599E+01	3.7160156250000000E+01
3.4239833459258080E+01	3.7160156250000000E+01
3.4298319861292839E+01	3.7160156250000000E+01
3.4356789462268353E+01	3.7160156250000000E+01
3.4415249556303024E+01	3.7160156250000000E+01
3.4473729722201824E+01	3.7160156250000000E+01
3.4532154105603695E+01	3.7160156250000000E+01
3.4590620994567871E+01	3.7160156250000000E+01
3.4649076066911221E+01	3.7160156250000000E+01
3.4707529582083225E+01	3.7160156250000000E+01
3.4766019269824028E+01	3.7160156250000000E+01
3.4824479594826698E+01	3.7160156250000000E+01
3.4882919199764729E+01	3.7160156250000000E+01
3.4941378653049469E+01	3.7160156250000000E+01
3.4999835066497326E+01	3.7160156250000000E+01
3.5058307223021984E+01	3.7160156250000000E+01
3.5116789966821671E+01	3.7160156250000000E+01
3.5175250224769115E+01	3.7160156250000000E+01
3.5233728192746639E+01	3.7160156250000000E+01
3.5292195349931717E+01	3.7160156250000000E+01
3.5350659087300301E+01	3.7160156250000000E+01
3.5409131184220314E+01	3.7160156250000000E+01
3.5467612743377686E+01	3.7160156250000000E+01
3.5526094183325768E+01	3.7160156250000000E+01
3.5584589764475822E+01	3.7160156250000000E+01
3.5643081486225128E+01	3.7160156250000000E+01
3.5701572373509407E+01	3.7160156250000000E+01
3.5760035306215286E+01	3.7160156250000000E+01
3.5818531841039658E+01	3.7160156250000000E+01
3.5877021074295044E+01	3.7160156250000000E+01
3.5935521960258484E+01	3.7160156250000000E+01
3.5994042053818703E+01	3.7160156250000000E+01
3.6052577249705791E+01	3.7160156250000000E+01
3.6111088499426842E+01	3.7160156250000000E+01
3.6169577077031136E+01	3.7160156250000000E+01
3.6228092215955257E+01	3.7160156250000000E+01
3.6286619566380978E+01	3.7160156250000000E+01
3.6345121771097183E+01	3.7160156250000000E+01
3.6403916947543621E+01	3.7160156250000000E+01
3.6462540924549103E+01	3.7160156250000000E+01
3.6521214380860329E+01	3.7160156250000000E+01
3.6579869650304317E+01	3.7160156250000000E+01
3.6638545878231525E+01	3.7160156250000000E+01
3.6697218403220177E+01	3.7160156250000000E+01
3.6755891799926758E+01	3.7160156250000000E+01
3.6814562037587166E+01	3.7160156250000000E+01
3.6873225666582584E+01	3.7160156250000000E+01
3.6931911773979664E+01	3.7160156250000000E+01
3.6990547768771648E+01	3.7160156250000000E+01
3.7049192391335964E+01	3.7160156250000000E+01
3.7107838816940784E+01	3.7160156250000000E+01
3.7166506864130497E+01	3.7160156250000000E+01
3.7225174769759178E+01	3.7160156250000000E+01
3.7283799797296524E+01	3.7160156250000000E+01
3.7342414766550064E+01	3.7160156250000000E+01
3.7401061974465847E+01	3.7160156250000000E+01
3.7459712959825993E+01	3.7160156250000000E+01
3.7518375679850578E+01	3.7160156250000000E+01
3.7577028445899487E+01	3.7160156250000000E+01
3.7635722443461418E+01	3.7160156250000000E+01
3.7694459065794945E+01	3.7160156250000000E+01
3.7753207705914974E+01	3.7160156250000000E+01
3.7811972647905350E+01	3.7160156250000000E+01
3.7870764039456844E+01	3.7160156250000000E+01
3.7929547481238842E+01	3.7160156250000000E+01
3.7988300025463104E+01	3.7160156250000000E+01
3.8047075673937798E+01	3.7160156250000000E+01
3.8105827905237675E+01	3.7160156250000000E+01
3.8164607606828213E+01	3.7160156250000000E+01
3.8223366387188435E+01	3.7160156250000000E+01
3.8282801277935505E+01	3.7160156250000000E+01
3.8341630175709724E+01	3.7160156250000000E+01
3.8400243289768696E+01	3.7160156250000000E+01
3.8458890222012997E+01	3.7160156250000000E+01
3.8517561726272106E+01	3.7160156250000000E+01
3.8576242551207542E+01	3.7160156250000000E+01
3.8634976007044315E+01	3.7160156250000000E+01
3.8693717949092388E+01	3.7160156250000000E+01
3.8752479016780853E+01	3.7160156250000000E+01
3.8811272650957108E+01	3.7160156250000000E+01
3.8870003953576088E+01	3.7160156250000000E+01
3.8928794279694557E+01	3.7160156250000000E+01
3.8987602874636650E+01	3.7160156250000000E+01
3.9046374335885048E+01	3.7160156250000000E+01
3.9105133570730686E+01	3.7160156250000000E+01
3.9163912840187550E+01	3.7160156250000000E+01
3.9222626626491547E+01	3.7160156250000000E+01
3.9281337991356850E+01	3.7160156250000000E+01
3.9340112619102001E+01	3.7160156250000000E+01
3.9398867011070251E+01	3.7160156250000000E+01
3.9457690849900246E+01	3.7160156250000000E+01
3.9516435138881207E+01	3.7160156250000000E+01
3.9575571328401566E+01	3.7160156250000000E+01
3.9634450815618038E+01	3.7160156250000000E+01
3.9693320609629154E+01	3.7160156250000000E+01
3.9752130568027496E+01	3.7160156250000000E+01
3.9810933202505112E+01	3.7160156250000000E+01
3.9869742289185524E+01	3.7160156250000000E+01
3.9928558655083179E+01	3.7160156250000000E+01
3.9987396985292435E+01	3.7160156250000000E+01
4.0046247988939285E+01	3.7160156250000000E+01
4.0105079539120197E+01	3.7160156250000000E+01
4.0163900621235371E+01	3.7160156250000000E+01
4.0222738340497017E+01	3.7160156250000000E+01
4.0281604908406734E+01	3.7160156250000000E+01
4.0340443193912506E+01	3.7160156250000000E+01
4.0399274356663227E+01	3.7160156250000000E+01
4.0458126440644264E+01	3.7160156250000000E+01
4.0517021596431732E+01	3.7160156250000000E+01
4.0575930148363113E+01	3.7160156250000000E+01
4.0634766094386578E+01	3.7160156250000000E+01
4.0693599186837673E+01	3.7160156250000000E+01
4.0752461247146130E+01	3.7160156250000000E+01
4.0811316892504692E+01	3.7160156250000000E+01
4.0870387375354767E+01	3.7160156250000000E+01
4.0929238677024841E+01	3.7160156250000000E+01
4.0988035023212433E+01	3.7160156250000000E+01
4.1046878077089787E+01	3.7160156250000000E+01
4.1105739153921604E+01	3.7160156250000000E+01
4.1164576053619385E+01	3.7160156250000000E+01
4.1223496571183205E+01	3.7160156250000000E+01
4.1282357804477215E+01	3.7160156250000000E+01
4.1341181457042694E+01	3.7160156250000000E+01
4.1400049172341824E+01	3.7160156250000000E+01
4.1458931684494019E+01	3.7160156250000000E+01
4.1517790108919144E+01	3.7160156250000000E+01
4.1576630920171738E+01	3.7160156250000000E+01
4.1635491311550140E+01	3.7160156250000000E+01
4.1694373711943626E+01	3.7160156250000000E+01
4.1753233410418034E+01	3.7160156250000000E+01
4.1812066093087196E+01	3.7160156250000000E+01
4.1870875105261803E+01	3.7160156250000000E+01
4.1929680019617081E+01	3.7160156250000000E+01
4.1988498128950596E+01	3.7160156250000000E+01
4.2047334901988506E+01	3.7160156250000000E+01
4.2106147073209286E+01	3.7160156250000000E+01
4.2165002912282944E+01	3.7160156250000000E+01
4.2223876565694809E+01	3.7160156250000000E+01
4.2282790079712868E+01	3.7160156250000000E+01
4.2341714046895504E+01	3.7160156250000000E+01
4.2400603815913200E+01	3.7160156250000000E+01
4.2459494598209858E+01	3.7160156250000000E+01
4.2518363572657108E+01	3.7160156250000000E+01
4.2577245682477951E+01	3.7160156250000000E+01
4.2636098891496658E+01	3.7160156250000000E+01
4.2694996893405914E+01	3.7160156250000000E+01
4.2753895752131939E+01	3.7160156250000000E+01
4.2812734827399254E+01	3.7160156250000000E+01
4.2871616847813129E+01	3.7160156250000000E+01
4.2930517837405205E+01	3.7160156250000000E+01
4.2989499434828758E+01	3.7160156250000000E+01
4.3048506334424019E+01	3.7160156250000000E+01
4.3107550255954266E+01	3.7160156250000000E+01
4.3166607402265072E+01	3.7160156250000000E+01
4.3225670211017132E+01	3.7160156250000000E+01
4.3284726962447166E+01	3.7160156250000000E+01
4.3343804150819778E+01	3.7160156250000000E+01
4.3402873858809471E+01	3.7160156250000000E+01
4.3461950242519379E+01	3.7160156250000000E+01
4.3521024562418461E+01	3.7160156250000000E+01
4.3580080434679985E+01	3.7160156250000000E+01
4.3639289662241936E+01	3.7160156250000000E+01
4.3698375366628170E+01	3.7160156250000000E+01
4.3757447756826878E+01	3.7160156250000000E+01
4.3816474102437496E+01	3.7160156250000000E+01
4.3875737607479095E+01	3.7160156250000000E+01
4.3934734396636486E+01	3.7160156250000000E+01
4.3993636913597584E+01	3.7160156250000000E+01
4.4052475102245808E+01	3.7160156250000000E+01
4.4111352227628231E+01	3.7160156250000000E+01
4.4170251071453094E+01	3.7160156250000000E+01
4.4229103639721870E+01	3.7160156250000000E+01
4.4287973254919052E+01	3.7160156250000000E+01
4.4346787750720978E+01	3.7160156250000000E+01
4.4405644923448563E+01	3.7160156250000000E+01
4.4464516423642635E+01	3.7160156250000000E+01
4.4523346759378910E+01	3.7160156250000000E+01
4.4582148671150208E+01	3.7160156250000000E+01
4.4640960164368153E+01	3.7160156250000000E+01
4.4699813842773438E+01	3.7160156250000000E+01
4.4758677206933498E+01	3.7160156250000000E+01
4.4817590497434139E+01	3.7160156250000000E+01
4.4876482933759689E+01	3.7160156250000000E+01
4.4935332767665386E+01	3.7160156250000000E+01
4.4994174115359783E+01	3.7160156250000000E+01
4.5053044460713863E+01	3.7160156250000000E+01
4.5111886702477932E+01	3.7160156250000000E+01
4.5170781314373016E+01	3.7160156250000000E+01
4.5229633793234825E+01	3.7160156250000000E+01
4.5288522034883499E+01	3.7160156250000000E+01
4.5347400337457657E+01	3.7160156250000000E+01
4.5406232118606567E+01	3.7160156250000000E+01
4.5465108290314674E+01	3.7160156250000000E+01
4.5523923963308334E+01	3.7160156250000000E+01
4.5582817271351814E+01	3.7160156250000000E+01
4.5641723193228245E+01	3.7160156250000000E+01
4.5700601674616337E+01	3.7160156250000000E+01
4.5759472727775574E+01	3.7160156250000000E+01
4.5818330526351929E+01	3.7160156250000000E+01
4.5877191260457039E+01	3.7160156250000000E+01
4.5936031967401505E+01	3.7160156250000000E+01
4.5994867980480194E+01	3.7160156250000000E+01
4.6054020255804062E+01	3.7160156250000000E+01
4.6112893126904964E+01	3.7160156250000000E+01
4.6171791896224022E+01	3.7160156250000000E+01
4.6230623930692673E+01	3.7160156250000000E+01
4.6289504520595074E+01	3.7160156250000000E+01
4.6348367251455784E+01	3.7160156250000000E+01
4.6407244287431240E+01	3.7160156250000000E+01
4.6466079019010067E+01	3.7160156250000000E+01
4.6524891942739487E+01	3.7160156250000000E+01
4.6583718121051788E+01	3.7160156250000000E+01
4.6642583720386028E+01	3.7160156250000000E+01
4.6701452061533928E+01	3.7160156250000000E+01
4.6760311685502529E+01	3.7160156250000000E+01
4.6819233089685440E+01	3.7160156250000000E+01
4.6878134906291962E+01	3.7160156250000000E+01
4.6937071442604065E+01	3.7160156250000000E+01
4.6995980747044086E+01	3.7160156250000000E+01
4.7054865300655365E+01	3.7160156250000000E+01
4.7113803870975971E+01	3.7160156250000000E+01
4.7172753117978573E+01	3.7160156250000000E+01
4.7231684640049934E+01	3.7160156250000000E+01
4.7290602087974548E+01	3.7160156250000000E+01
4.7349490925669670E+01	3.7160156250000000E+01
4.7408379629254341E+01	3.7160156250000000E+01
4.7467308685183525E+01	3.7160156250000000E+01
4.7526288196444511E+01	3.7160156250000000E+01
4.7585239782929420E+01	3.7160156250000000E+01
4.7644192896783352E+01	3.7160156250000000E+01
4.7703221969306469E+01	3.7160156250000000E+01
4.7762261241674423E+01	3.7160156250000000E+01
4.7821316152811050E+01	3.7160156250000000E+01
4.7880393810570240E+01	3.7160156250000000E+01
4.7939430162310600E+01	3.7160156250000000E+01
4.7998483829200268E+01	3.7160156250000000E+01
4.8057605132460594E+01	3.7160156250000000E+01
4.8116750530898571E+01	3.7160156250000000E+01
4.8175925575196743E+01	3.7160156250000000E+01
4.8235168710350990E+01	3.7160156250000000E+01
4.8294418074190617E+01	3.7160156250000000E+01
4.8353659026324749E+01	3.7160156250000000E+01
4.8412882588803768E+01	3.7160156250000000E+01
4.8472144156694412E+01	3.7160156250000000E+01
4.8531400553882122E+01	3.7160156250000000E+01
4.8590703308582306E+01	3.7160156250000000E+01
4.8649970807135105E+01	3.7160156250000000E+01
4.8709254153072834E+01	3.7160156250000000E+01
4.8768557518720627E+01	3.7160156250000000E+01
4.8827822603285313E+01	3.7160156250000000E+01
4.8887091167271137E+01	3.7160156250000000E+01
4.8946321755647659E+01	3.7160156250000000E+01
4.9005608752369881E+01	3.7160156250000000E+01
4.9064908191561699E+01	3.7160156250000000E+01
4.9124174438416958E+01	3.7160156250000000E+01
4.9183426827192307E+01	3.7160156250000000E+01
4.9242671065032482E+01	3.7160156250000000E+01
4.9301951996982098E+01	3.7160156250000000E+01
4.9361260309815407E+01	3.7160156250000000E+01
4.9420586206018925E+01	3.7160156250000000E+01
4.9479903601109982E+01	3.7160156250000000E+01
4.9539214722812176E+01	3.7160156250000000E+01
4.9598525978624821E+01	3.7160156250000000E+01
4.9657816320657730E+01	3.7160156250000000E+01
4.9717120520770550E+01	3.7160156250000000E+01
4.9776479527354240E+01	3.7160156250000000E+01
4.9835891984403133E+01	3.7160156250000000E+01
4.9895359575748444E+01	3.7160156250000000E+01
4.9954806305468082E+01	3.7160156250000000E+01
5.0014268495142460E+01	3.7160156250000000E+01
5.0073696471750736E+01	3.7160156250000000E+01
5.0133121371269226E+01	3.7160156250000000E+01
5.0192579753696918E+01	3.7160156250000000E+01
5.0252004064619541E+01	3.7160156250000000E+01
5.0311433903872967E+01	3.7160156250000000E+01
5.0370849296450615E+01	3.7160156250000000E+01
5.0430258594453335E+01	3.7160156250000000E+01
5.0489709377288818E+01	3.7160156250000000E+01
5.0549177221953869E+01	3.7160156250000000E+01
5.0608645543456078E+01	3.7160156250000000E+01
5.0668086871504784E+01	3.7160156250000000E+01
5.0727457992732525E+01	3.7160156250000000E+01
5.0786782637238503E+01	3.7160156250000000E+01
5.0846148699522018E+01	3.7160156250000000E+01
5.0905508734285831E+01	3.7160156250000000E+01
5.0965028017759323E+01	3.7160156250000000E+01
5.1024357460439205E+01	3.7160156250000000E+01
5.1083757989108562E+01	3.7160156250000000E+01
5.1143135689198971E+01	3.7160156250000000E+01
5.1202596306800842E+01	3.7160156250000000E+01
5.1262032270431519E+01	3.7160156250000000E+01
5.1321448892354965E+01	3.7160156250000000E+01
5.1380861222743988E+01	3.7160156250000000E+01
5.1440295293927193E+01	3.7160156250000000E+01
5.1499766431748867E+01	3.7160156250000000E+01
5.1559283889830112E+01	3.7160156250000000E+01
5.1618822559714317E+01	3.7160156250000000E+01
5.1678573705255985E+01	3.7160156250000000E+01
5.1738139055669308E+01	3.7160156250000000E+01
5.1797693058848381E+01	3.7160156250000000E+01
5.1857268616557121E+01	3.7160156250000000E+01
5.1916826128959656E+01	3.7160156250000000E+01
5.1976416632533073E+01	3.7160156250000000E+01
5.2035975798964500E+01	3.7160156250000000E+01
5.2095573358237743E+01	3.7160156250000000E+01
5.2155124038457870E+01	3.7160156250000000E+01
5.2214611284434795E+01	3.7160156250000000E+01
5.2274120576679707E+01	3.7160156250000000E+01
5.2333642005920410E+01	3.7160156250000000E+01
5.2393137104809284E+01	3.7160156250000000E+01
5.2452667057514191E+01	3.7160156250000000E+01
5.2512137167155743E+01	3.7160156250000000E+01
5.2571564689278603E+01	3.7160156250000000E+01
5.2631037071347237E+01	3.7160156250000000E+01
5.2690508589148521E+01	3.7160156250000000E+01
5.2750255353748798E+01	3.7160156250000000E+01
5.2809680908918381E+01	3.7160156250000000E+01
5.2869027458131313E+01	3.7160156250000000E+01
5.2928412973880768E+01	3.7160156250000000E+01
5.2987778909504414E+01	3.7160156250000000E+01
5.3047113947570324E+01	3.7160156250000000E+01
5.3106408953666687E+01	3.7160156250000000E+01
5.3165628835558891E+01	3.7160156250000000E+01
5.3224799551069736E+01	3.7160156250000000E+01
5.3283958472311497E+01	3.7160156250000000E+01
5.3343063153326511E+01	3.7160156250000000E+01
5.3402143612504005E+01	3.7160156250000000E+01
5.3461228005588055E+01	3.7160156250000000E+01
5.3520304061472416E+01	3.7160156250000000E+01
5.3579375825822353E+01	3.7160156250000000E+01
5.3638458929955959E+01	3.7160156250000000E+01
5.3697520866990089E+01	3.7160156250000000E+01
5.3756573759019375E+01	3.7160156250000000E+01
5.3815654188394547E+01	3.7160156250000000E+01
5.3874726139008999E+01	3.7160156250000000E+01
5.3933801308274269E+01	3.7160156250000000E+01
5.3992812462151051E+01	3.7160156250000000E+01
5.4051785819232464E+01	3.7160156250000000E+01
5.4110701292753220E+01	3.7160156250000000E+01
5.4169633217155933E+01	3.7160156250000000E+01
5.4228603810071945E+01	3.7160156250000000E+01
5.4287615321576595E+01	3.7160156250000000E+01
5.4346573941409588E+01	3.7160156250000000E+01
5.4405579358339310E+01	3.7160156250000000E+01
5.4464595034718513E+01	3.7160156250000000E+01
5.4523655489087105E+01	3.7160156250000000E+01
5.4582688592374325E+01	3.7160156250000000E+01
5.4641696400940418E+01	3.7160156250000000E+01
5.4700749821960926E+01	3.7160156250000000E+01
5.4759856835007668E+01	3.7160156250000000E+01
5.4818990819156170E+01	3.7160156250000000E+01
5.4878151439130306E+01	3.7160156250000000E+01
5.4937355019152164E+01	3.7160156250000000E+01
5.4996645659208298E+01	3.7160156250000000E+01
5.5055928207933903E+01	3.7160156250000000E+01
5.5115177698433399E+01	3.7160156250000000E+01
5.5174457967281342E+01	3.7160156250000000E+01
5.5233773082494736E+01	3.7160156250000000E+01
5.5293084561824799E+01	3.7160156250000000E+01
5.5352423153817654E+01	3.7160156250000000E+01
5.5411788254976273E+01	3.7160156250000000E+01
5.5471154354512691E+01	3.7160156250000000E+01
5.5530471675097942E+01	3.7160156250000000E+01
5.5589819058775902E+01	3.7160156250000000E+01
5.5649191640317440E+01	3.7160156250000000E+01
5.5708523176610470E+01	3.7160156250000000E+01
5.5767873324453831E+01	3.7160156250000000E+01
5.5827208265662193E+01	3.7160156250000000E+01
5.5886520154774189E+01	3.7160156250000000E+01
5.5945886276662350E+01	3.7160156250000000E+01
5.6005214445292950E+01	3.7160156250000000E+01
5.6064524047076702E+01	3.7160156250000000E+01
5.6123859725892544E+01	3.7160156250000000E+01
5.6183184400200844E+01	3.7160156250000000E+01
5.6242519557476044E+01	3.7160156250000000E+01
5.6301835142076015E+01	3.7160156250000000E+01
5.6361157618463039E+01	3.7160156250000000E+01
5.6420476593077183E+01	3.7160156250000000E+01
5.6479793839156628E+01	3.7160156250000000E+01
5.6539085872471333E+01	3.7160156250000000E+01
5.6598402760922909E+01	3.7160156250000000E+01
5.6657735362648964E+01	3.7160156250000000E+01
5.6717076770961285E+01	3.7160156250000000E+01
5.6776392973959446E+01	3.7160156250000000E+01
5.6835713542997837E+01	3.7160156250000000E+01
5.6895046457648277E+01	3.7160156250000000E+01
5.6954338438808918E+01	3.7160156250000000E+01
5.7013631090521812E+01	3.7160156250000000E+01
5.7072916500270367E+01	3.7160156250000000E+01
5.7132226184010506E+01	3.7160156250000000E+01
5.7191521950066090E+01	3.7160156250000000E+01
5.7250784642994404E+01	3.7160156250000000E+01
5.7310058489441872E+01	3.7160156250000000E+01
5.7369272880256176E+01	3.7160156250000000E+01
5.7428484484553337E+01	3.7160156250000000E+01
5.7487684935331345E+01	3.7160156250000000E+01
5.7546911843121052E+01	3.7160156250000000E+01
5.7606094948947430E+01	3.7160156250000000E+01
5.7665289536118507E+01	3.7160156250000000E+01
5.7724469415843487E+01	3.7160156250000000E+01
5.7783649854362011E+01	3.7160156250000000E+01
5.7842797890305519E+01	3.7160156250000000E+01
5.7901956669986248E+01	3.7160156250000000E+01
5.7961088806390762E+01	3.7160156250000000E+01
5.8020180985331535E+01	3.7160156250000000E+01
5.8079240798950195E+01	3.7160156250000000E+01
5.8138247758150101E+01	3.7160156250000000E+01
5.8197218127548695E+01	3.7160156250000000E+01
5.8256152465939522E+01	3.7160156250000000E+01
5.8315134964883327E+01	3.7160156250000000E+01
5.8374066598713398E+01	3.7160156250000000E+01
5.8432960569858551E+01	3.7160156250000000E+01
