2.9534909874200821E-01	3.7316406250000000E+01
8.3499312624335289E+00	3.7582031250000000E+01
1.6393553853034973E+01	3.7589843750000000E+01
2.4429265506565571E+01	3.7593750000000000E+01
3.2503973051905632E+01	3.7593750000000000E+01
4.0586427085101604E+01	3.7593750000000000E+01
4.8651308365166187E+01	3.7593750000000000E+01
5.6681936681270599E+01	3.7593750000000000E+01
6.4725404448807240E+01	3.7593750000000000E+01
7.2777879469096661E+01	3.7593750000000000E+01
8.0828918769955635E+01	3.7593750000000000E+01
8.8867339260876179E+01	3.7593750000000000E+01
9.6911196470260620E+01	3.7593750000000000E+01
1.0498944153636694E+02	3.7593750000000000E+01
1.1306440752744675E+02	3.7593750000000000E+01
1.2111554908007383E+02	3.7593750000000000E+01
1.2914522346109152E+02	3.7593750000000000E+01
1.3718836205452681E+02	3.7593750000000000E+01
1.4524193388968706E+02	3.7601562500000000E+01
1.5329198816418648E+02	3.7601562500000000E+01
1.6132572337985039E+02	3.7601562500000000E+01
1.6937930741906166E+02	3.7601562500000000E+01
1.7745488020032644E+02	3.7601562500000000E+01
1.8551957755535841E+02	3.7601562500000000E+01
1.9355702072381973E+02	3.7601562500000000E+01
2.0158570923656225E+02	3.7601562500000000E+01
2.0963017489016056E+02	3.7601562500000000E+01
2.1768131119012833E+02	3.7601562500000000E+01
2.2573000188916922E+02	3.7601562500000000E+01
2.3376046564429998E+02	3.7601562500000000E+01
2.4181934223324060E+02	3.7601562500000000E+01
2.4988413197547197E+02	3.7601562500000000E+01
2.5793574722856283E+02	3.7601562500000000E+01
2.6596223865449429E+02	3.7605468750000000E+01
2.7398967743664980E+02	3.7605468750000000E+01
2.8203077318519354E+02	3.7605468750000000E+01
2.9008205261826515E+02	3.7605468750000000E+01
2.9812988823652267E+02	3.7605468750000000E+01
3.0615806732326746E+02	3.7605468750000000E+01
3.1421657632291317E+02	3.7605468750000000E+01
3.2227264124900103E+02	3.7605468750000000E+01
3.3031318829208612E+02	3.7605468750000000E+01
3.3833231578022242E+02	3.7605468750000000E+01
3.4635914292186499E+02	3.7605468750000000E+01
3.5440239241719246E+02	3.7605468750000000E+01
3.6245582295209169E+02	3.7605468750000000E+01
3.7049691176414490E+02	3.7605468750000000E+01
3.7852518779784441E+02	3.7605468750000000E+01
3.8657780533283949E+02	3.7605468750000000E+01
3.9462343326210976E+02	3.7605468750000000E+01
4.0265478786081076E+02	3.7605468750000000E+01
4.1066751112788916E+02	3.7605468750000000E+01
4.1869562308490276E+02	3.7605468750000000E+01
4.2674016147851944E+02	3.7605468750000000E+01
4.3479534520953894E+02	3.7605468750000000E+01
4.4282884050905704E+02	3.7605468750000000E+01
4.5085806459188461E+02	3.7605468750000000E+01
4.5890395922213793E+02	3.7605468750000000E+01
4.6694309590011835E+02	3.7605468750000000E+01
4.7497130843251944E+02	3.7605468750000000E+01
4.8298475778102875E+02	3.7605468750000000E+01
4.9101868898421526E+02	3.7605468750000000E+01
4.9906838752329350E+02	3.7605468750000000E+01
5.0712638066709042E+02	3.7605468750000000E+01
5.1514827717095613E+02	3.7605468750000000E+01
5.2317601346224546E+02	3.7605468750000000E+01
5.3121778445690870E+02	3.7605468750000000E+01
5.3925453533977270E+02	3.7605468750000000E+01
5.4727411525696516E+02	3.7605468750000000E+01
5.5528631936758757E+02	3.7605468750000000E+01
5.6332633305341005E+02	3.7605468750000000E+01
5.7138270318508148E+02	3.7605468750000000E+01
5.7942914460599422E+02	3.7605468750000000E+01
5.8743628365546465E+02	3.7605468750000000E+01
5.9546467657387257E+02	3.7605468750000000E+01
6.0349967911839485E+02	3.7605468750000000E+01
6.1152849569171667E+02	3.7605468750000000E+01
6.1953820481151342E+02	3.7605468750000000E+01
6.2755192555487156E+02	3.7605468750000000E+01
6.3560033421963453E+02	3.7605468750000000E+01
6.4365797392278910E+02	3.7605468750000000E+01
6.5168995055556297E+02	3.7605468750000000E+01
6.5969163072109222E+02	3.7605468750000000E+01
6.6771723418682814E+02	3.7605468750000000E+01
6.7575148383527994E+02	3.7605468750000000E+01
6.8377464890480042E+02	3.7605468750000000E+01
6.9177787427604198E+02	3.7605468750000000E+01
6.9979985234141350E+02	3.7605468750000000E+01
7.0785282375663519E+02	3.7605468750000000E+01
7.1590529219806194E+02	3.7605468750000000E+01
7.2392392414808273E+02	3.7605468750000000E+01
7.3192899051308632E+02	3.7605468750000000E+01
7.3995377884060144E+02	3.7605468750000000E+01
7.4798489951342344E+02	3.7605468750000000E+01
7.5600628568977118E+02	3.7605468750000000E+01
7.6400460192561150E+02	3.7605468750000000E+01
7.7203479586541653E+02	3.7605468750000000E+01
7.8008669801056385E+02	3.7605468750000000E+01
7.8812915067374706E+02	3.7605468750000000E+01
7.9613796899467707E+02	3.7605468750000000E+01
8.0414532875269651E+02	3.7605468750000000E+01
8.1216866217553616E+02	3.7605468750000000E+01
8.2019468381255865E+02	3.7605468750000000E+01
8.2821321788430214E+02	3.7605468750000000E+01
8.3621609678864479E+02	3.7605468750000000E+01
8.4425396502763033E+02	3.7605468750000000E+01
8.5230256816744804E+02	3.7605468750000000E+01
8.6033491883426905E+02	3.7605468750000000E+01
8.6833675347268581E+02	3.7605468750000000E+01
8.7634525924175978E+02	3.7605468750000000E+01
8.8436802832782269E+02	3.7605468750000000E+01
8.9239383218437433E+02	3.7605468750000000E+01
9.0040924835205078E+02	3.7605468750000000E+01
9.0841312678158283E+02	3.7605468750000000E+01
9.1645448228716850E+02	3.7605468750000000E+01
9.2449569232761860E+02	3.7605468750000000E+01
9.3251774649322033E+02	3.7605468750000000E+01
9.4051683478057384E+02	3.7605468750000000E+01
9.4852735916525126E+02	3.7605468750000000E+01
9.5654871121048927E+02	3.7605468750000000E+01
9.6457606811821461E+02	3.7605468750000000E+01
9.7258699051290751E+02	3.7605468750000000E+01
9.8059538003057241E+02	3.7605468750000000E+01
9.8863447277992964E+02	3.7605468750000000E+01
9.9666745954006910E+02	3.7605468750000000E+01
1.0046785235479474E+03	3.7605468750000000E+01
1.0126732778176665E+03	3.7605468750000000E+01
1.0206863071694970E+03	3.7605468750000000E+01
1.0287084476128221E+03	3.7605468750000000E+01
1.0367360411211848E+03	3.7605468750000000E+01
1.0447361302077770E+03	3.7605468750000000E+01
1.0527509721741080E+03	3.7605468750000000E+01
1.0607867059409618E+03	3.7605468750000000E+01
1.0688116318956017E+03	3.7605468750000000E+01
1.0768146210759878E+03	3.7605468750000000E+01
1.0848096993044019E+03	3.7605468750000000E+01
1.0928263889104128E+03	3.7605468750000000E+01
1.1008548422679305E+03	3.7605468750000000E+01
1.1088795306235552E+03	3.7605468750000000E+01
1.1168740531653166E+03	3.7605468750000000E+01
1.1248932192847133E+03	3.7605468750000000E+01
1.1329202094376087E+03	3.7605468750000000E+01
1.1409372466728091E+03	3.7605468750000000E+01
1.1489309268370271E+03	3.7605468750000000E+01
1.1569266231730580E+03	3.7605468750000000E+01
1.1649464533478022E+03	3.7605468750000000E+01
1.1729762911945581E+03	3.7605468750000000E+01
1.1809911306649446E+03	3.7605468750000000E+01
1.1889831818491220E+03	3.7605468750000000E+01
1.1970026951879263E+03	3.7605468750000000E+01
1.2050195864960551E+03	3.7605468750000000E+01
1.2130287508144975E+03	3.7605468750000000E+01
1.2210175619795918E+03	3.7605468750000000E+01
1.2290161412432790E+03	3.7605468750000000E+01
1.2370398867130280E+03	3.7605468750000000E+01
1.2450714929476380E+03	3.7605468750000000E+01
1.2530746732726693E+03	3.7605468750000000E+01
1.2610666149854660E+03	3.7605468750000000E+01
1.2690816315859556E+03	3.7605468750000000E+01
1.2770951870456338E+03	3.7605468750000000E+01
1.2850984421893954E+03	3.7605468750000000E+01
1.2930831970497966E+03	3.7605468750000000E+01
1.3010878222510219E+03	3.7605468750000000E+01
1.3091181280910969E+03	3.7605468750000000E+01
1.3171487971767783E+03	3.7605468750000000E+01
1.3251429887712002E+03	3.7605468750000000E+01
1.3331370074152946E+03	3.7605468750000000E+01
1.3411495560035110E+03	3.7605468750000000E+01
1.3491603227779269E+03	3.7605468750000000E+01
1.3571558880805969E+03	3.7605468750000000E+01
1.3651377613022923E+03	3.7605468750000000E+01
1.3731495449692011E+03	3.7605468750000000E+01
1.3811840727776289E+03	3.7605468750000000E+01
1.3892060572504997E+03	3.7605468750000000E+01
1.3971886171400547E+03	3.7605468750000000E+01
1.4051841428056359E+03	3.7605468750000000E+01
1.4131943228840828E+03	3.7605468750000000E+01
1.4212020918205380E+03	3.7605468750000000E+01
1.4291907759979367E+03	3.7605468750000000E+01
1.4371736525893211E+03	3.7605468750000000E+01
1.4451944873854518E+03	3.7605468750000000E+01
1.4532278105244040E+03	3.7605468750000000E+01
1.4612391703501344E+03	3.7605468750000000E+01
1.4692160404250026E+03	3.7605468750000000E+01
1.4772100288122892E+03	3.7605468750000000E+01
1.4852163255289197E+03	3.7605468750000000E+01
1.4932198635116220E+03	3.7605468750000000E+01
1.5012005056291819E+03	3.7605468750000000E+01
1.5091852001696825E+03	3.7605468750000000E+01
1.5172091279476881E+03	3.7605468750000000E+01
1.5252374248504639E+03	3.7605468750000000E+01
1.5332337309047580E+03	3.7605468750000000E+01
1.5412061981558800E+03	3.7605468750000000E+01
1.5492019332945347E+03	3.7605468750000000E+01
1.5572088602259755E+03	3.7605468750000000E+01
1.5652081275731325E+03	3.7605468750000000E+01
1.5731825211197138E+03	3.7605468750000000E+01
1.5811771207824349E+03	3.7605468750000000E+01
1.5892040360942483E+03	3.7605468750000000E+01
1.5972232634127140E+03	3.7605468750000000E+01
1.6052078214585781E+03	3.7605468750000000E+01
1.6131826151758432E+03	3.7605468750000000E+01
1.6211785289198160E+03	3.7605468750000000E+01
1.6291825594976544E+03	3.7605468750000000E+01
1.6371789418235421E+03	3.7605468750000000E+01
1.6451523721739650E+03	3.7605468750000000E+01
1.6531533844619989E+03	3.7605468750000000E+01
1.6611755279153585E+03	3.7605468750000000E+01
1.6691857846975327E+03	3.7605468750000000E+01
1.6771638761013746E+03	3.7605468750000000E+01
1.6851408667862415E+03	3.7605468750000000E+01
1.6931375879794359E+03	3.7605468750000000E+01
1.7011402827799320E+03	3.7605468750000000E+01
1.7091360384300351E+03	3.7605468750000000E+01
1.7170996295288205E+03	3.7605468750000000E+01
1.7251048725545406E+03	3.7605468750000000E+01
1.7331198618784547E+03	3.7605468750000000E+01
1.7411188301518559E+03	3.7605468750000000E+01
1.7490929303392768E+03	3.7605468750000000E+01
1.7570710970833898E+03	3.7605468750000000E+01
1.7650673601031303E+03	3.7605468750000000E+01
1.7730715979784727E+03	3.7605468750000000E+01
1.7810578047409654E+03	3.7605468750000000E+01
1.7890242426693439E+03	3.7605468750000000E+01
1.7970302615761757E+03	3.7605468750000000E+01
1.8050366744622588E+03	3.7605468750000000E+01
1.8130285851657391E+03	3.7605468750000000E+01
1.8209939559698105E+03	3.7605468750000000E+01
1.8289733539819717E+03	3.7605468750000000E+01
1.8369721494317055E+03	3.7605468750000000E+01
1.8449807735532522E+03	3.7605468750000000E+01
1.8529586747139692E+03	3.7605468750000000E+01
1.8609249155744910E+03	3.7605468750000000E+01
1.8689268803745508E+03	3.7605468750000000E+01
1.8769242458716035E+03	3.7605468750000000E+01
1.8849092714041471E+03	3.7605468750000000E+01
1.8928593348190188E+03	3.7605468750000000E+01
1.9008385297209024E+03	3.7605468750000000E+01
1.9088421617597342E+03	3.7605468750000000E+01
1.9168502895012498E+03	3.7605468750000000E+01
1.9248197422772646E+03	3.7605468750000000E+01
1.9327876448929310E+03	3.7605468750000000E+01
1.9407852631732821E+03	3.7605468750000000E+01
1.9487782038375735E+03	3.7605468750000000E+01
1.9567534705698490E+03	3.7605468750000000E+01
1.9647038990259171E+03	3.7605468750000000E+01
1.9726863548383117E+03	3.7605468750000000E+01
1.9806992950960994E+03	3.7605468750000000E+01
1.9887040541619062E+03	3.7605468750000000E+01
1.9966696251630783E+03	3.7605468750000000E+01
2.0046384470686316E+03	3.7605468750000000E+01
2.0126331584751606E+03	3.7605468750000000E+01
2.0206245167776942E+03	3.7605468750000000E+01
2.0285888821259141E+03	3.7605468750000000E+01
2.0365422864407301E+03	3.7605468750000000E+01
2.0445297304019332E+03	3.7605468750000000E+01
2.0525481362119317E+03	3.7605468750000000E+01
2.0605361062437296E+03	3.7605468750000000E+01
2.0684927700087428E+03	3.7605468750000000E+01
2.0764606253281236E+03	3.7605468750000000E+01
2.0844534361362457E+03	3.7605468750000000E+01
2.0924398968741298E+03	3.7605468750000000E+01
2.1003953966349363E+03	3.7605468750000000E+01
2.1083562088012695E+03	3.7605468750000000E+01
2.1163492303490639E+03	3.7605468750000000E+01
2.1243588497862220E+03	3.7605468750000000E+01
2.1323378802165389E+03	3.7605468750000000E+01
2.1402928476035595E+03	3.7605468750000000E+01
2.1482612454667687E+03	3.7605468750000000E+01
2.1562525213956833E+03	3.7605468750000000E+01
2.1642275099679828E+03	3.7605468750000000E+01
2.1721845268830657E+03	3.7605468750000000E+01
2.1801563274264336E+03	3.7605468750000000E+01
2.1881566169336438E+03	3.7605468750000000E+01
2.1961555890366435E+03	3.7605468750000000E+01
2.2041259838342667E+03	3.7605468750000000E+01
2.2120820863544941E+03	3.7605468750000000E+01
2.2200506839603186E+03	3.7605468750000000E+01
2.2280378530696034E+03	3.7605468750000000E+01
2.2360043204426765E+03	3.7605468750000000E+01
2.2439642714112997E+03	3.7605468750000000E+01
2.2519446549192071E+03	3.7605468750000000E+01
2.2599457727372646E+03	3.7605468750000000E+01
2.2679366722032428E+03	3.7605468750000000E+01
2.2758989324793220E+03	3.7605468750000000E+01
2.2838546335399151E+03	3.7605468750000000E+01
2.2918240468204021E+03	3.7605468750000000E+01
2.2998039819896221E+03	3.7605468750000000E+01
2.3077724472731352E+03	3.7605468750000000E+01
2.3157276144400239E+03	3.7605468750000000E+01
2.3237143429443240E+03	3.7605468750000000E+01
2.3317118441462517E+03	3.7605468750000000E+01
2.3396943896636367E+03	3.7605468750000000E+01
2.3476483221575618E+03	3.7605468750000000E+01
2.3556033329367638E+03	3.7605468750000000E+01
2.3635717170536518E+03	3.7605468750000000E+01
2.3715472128242254E+03	3.7605468750000000E+01
2.3795163196101785E+03	3.7605468750000000E+01
2.3874740069806576E+03	3.7605468750000000E+01
2.3954665547311306E+03	3.7605468750000000E+01
2.4034547077789903E+03	3.7605468750000000E+01
2.4114274881705642E+03	3.7605468750000000E+01
2.4193761427477002E+03	3.7605468750000000E+01
2.4273350517898798E+03	3.7605468750000000E+01
2.4353069736808538E+03	3.7605468750000000E+01
2.4432871972769499E+03	3.7605468750000000E+01
2.4512554645538330E+03	3.7605468750000000E+01
2.4592244366705418E+03	3.7605468750000000E+01
2.4672193273231387E+03	3.7605468750000000E+01
2.4752024627849460E+03	3.7605468750000000E+01
2.4831691187545657E+03	3.7605468750000000E+01
2.4911199039146304E+03	3.7605468750000000E+01
2.4990841190740466E+03	3.7605468750000000E+01
2.5070620405301452E+03	3.7605468750000000E+01
2.5150475312694907E+03	3.7605468750000000E+01
2.5230198818966746E+03	3.7605468750000000E+01
2.5310004492327571E+03	3.7605468750000000E+01
2.5389906755313277E+03	3.7605468750000000E+01
2.5469667347297072E+03	3.7605468750000000E+01
2.5549277659803629E+03	3.7605468750000000E+01
2.5628791828006506E+03	3.7605468750000000E+01
2.5708502208814025E+03	3.7605468750000000E+01
2.5788344037309289E+03	3.7605468750000000E+01
2.5868247364014387E+03	3.7605468750000000E+01
2.5947924021556973E+03	3.7605468750000000E+01
2.6027766848430037E+03	3.7605468750000000E+01
2.6107588173151016E+03	3.7605468750000000E+01
2.6187307231649756E+03	3.7605468750000000E+01
2.6266855062395334E+03	3.7605468750000000E+01
2.6346419534385204E+03	3.7605468750000000E+01
2.6426182688921690E+03	3.7605468750000000E+01
2.6506099150106311E+03	3.7605468750000000E+01
2.6585984872579575E+03	3.7605468750000000E+01
2.6665631880611181E+03	3.7605468750000000E+01
2.6745448396354914E+03	3.7605468750000000E+01
2.6825229499787092E+03	3.7605468750000000E+01
2.6904931997731328E+03	3.7605468750000000E+01
2.6984470175802708E+03	3.7605468750000000E+01
2.7064066681638360E+03	3.7605468750000000E+01
2.7143922326341271E+03	3.7605468750000000E+01
2.7223923552557826E+03	3.7605468750000000E+01
2.7303755723461509E+03	3.7605468750000000E+01
2.7383396306559443E+03	3.7605468750000000E+01
2.7463143596425653E+03	3.7605468750000000E+01
2.7542926354408264E+03	3.7605468750000000E+01
2.7622605595812201E+03	3.7605468750000000E+01
2.7702129891440272E+03	3.7605468750000000E+01
2.7781832653358579E+03	3.7605468750000000E+01
2.7861780833378434E+03	3.7605468750000000E+01
2.7941807448118925E+03	3.7605468750000000E+01
2.8021546793282032E+03	3.7605468750000000E+01
2.8101174306422472E+03	3.7605468750000000E+01
2.8180948117151856E+03	3.7605468750000000E+01
2.8260721382573247E+03	3.7605468750000000E+01
2.8340343122854829E+03	3.7605468750000000E+01
2.8419908921271563E+03	3.7605468750000000E+01
2.8499722176194191E+03	3.7605468750000000E+01
2.8579789457395673E+03	3.7605468750000000E+01
2.8659784760773182E+03	3.7605468750000000E+01
2.8739454772174358E+03	3.7605468750000000E+01
2.8819102101475000E+03	3.7605468750000000E+01
2.8898824158906937E+03	3.7605468750000000E+01
2.8978591291755438E+03	3.7605468750000000E+01
2.9058226766958833E+03	3.7605468750000000E+01
2.9137828697115183E+03	3.7605468750000000E+01
2.9217755359262228E+03	3.7605468750000000E+01
2.9297753086164594E+03	3.7605468750000000E+01
2.9377698687762022E+03	3.7605468750000000E+01
2.9457320277020335E+03	3.7605468750000000E+01
2.9536933936402202E+03	3.7605468750000000E+01
2.9616686111167073E+03	3.7605468750000000E+01
2.9696411095783114E+03	3.7605468750000000E+01
2.9776031826213002E+03	3.7605468750000000E+01
2.9855641771256924E+03	3.7605468750000000E+01
2.9935627969801426E+03	3.7605468750000000E+01
3.0015623151585460E+03	3.7605468750000000E+01
3.0095407580286264E+03	3.7605468750000000E+01
3.0174910549223423E+03	3.7605468750000000E+01
3.0254536460042000E+03	3.7605468750000000E+01
3.0334304726570845E+03	3.7605468750000000E+01
3.0414014125838876E+03	3.7605468750000000E+01
3.0493559290170670E+03	3.7605468750000000E+01
3.0573260406330228E+03	3.7605468750000000E+01
3.0653249578177929E+03	3.7605468750000000E+01
3.0733166456744075E+03	3.7605468750000000E+01
3.0812795448452234E+03	3.7605468750000000E+01
3.0892269174829125E+03	3.7605468750000000E+01
3.0971929547861218E+03	3.7605468750000000E+01
3.1051689377352595E+03	3.7605468750000000E+01
3.1131418338641524E+03	3.7605468750000000E+01
3.1210975259542465E+03	3.7605468750000000E+01
3.1290768896862864E+03	3.7605468750000000E+01
3.1370718880370259E+03	3.7605468750000000E+01
3.1450534313321114E+03	3.7605468750000000E+01
3.1530053666904569E+03	3.7605468750000000E+01
3.1609538883119822E+03	3.7605468750000000E+01
3.1689216592907906E+03	3.7605468750000000E+01
3.1769028158411384E+03	3.7605468750000000E+01
3.1848811254575849E+03	3.7605468750000000E+01
3.1928376077637076E+03	3.7605468750000000E+01
3.2008273780420423E+03	3.7605468750000000E+01
3.2088193859905005E+03	3.7605468750000000E+01
3.2167946828752756E+03	3.7605468750000000E+01
3.2247443900033832E+03	3.7605468750000000E+01
3.2327001402378082E+03	3.7605468750000000E+01
3.2406753705441952E+03	3.7605468750000000E+01
3.2486643802225590E+03	3.7605468750000000E+01
3.2566463314369321E+03	3.7605468750000000E+01
3.2646075186431408E+03	3.7605468750000000E+01
3.2725975227355957E+03	3.7605468750000000E+01
3.2805852565318346E+03	3.7605468750000000E+01
3.2885541555657983E+03	3.7605468750000000E+01
3.2965065558925271E+03	3.7605468750000000E+01
3.3044650531262159E+03	3.7605468750000000E+01
3.3124404117688537E+03	3.7605468750000000E+01
3.3204319233298302E+03	3.7605468750000000E+01
3.3284072616398335E+03	3.7605468750000000E+01
3.3363665537014604E+03	3.7605468750000000E+01
3.3443495132178068E+03	3.7605468750000000E+01
3.3523310047090054E+03	3.7605468750000000E+01
3.3602953390777111E+03	3.7605468750000000E+01
3.3682432873025537E+03	3.7605468750000000E+01
3.3762082241773605E+03	3.7605468750000000E+01
3.3841951601356268E+03	3.7605468750000000E+01
3.3921884908080101E+03	3.7605468750000000E+01
3.4001503531485796E+03	3.7605468750000000E+01
3.4081108270734549E+03	3.7605468750000000E+01
3.4160889175832272E+03	3.7605468750000000E+01
3.4240639833658934E+03	3.7605468750000000E+01
3.4320211189165711E+03	3.7605468750000000E+01
3.4399632556289434E+03	3.7605468750000000E+01
3.4479341135621071E+03	3.7605468750000000E+01
3.4559267606660724E+03	3.7605468750000000E+01
3.4639216640144587E+03	3.7605468750000000E+01
3.4718731555789709E+03	3.7605468750000000E+01
3.4798362180888653E+03	3.7605468750000000E+01
3.4878139042034745E+03	3.7605468750000000E+01
3.4957891481593251E+03	3.7605468750000000E+01
3.5037451421469450E+03	3.7605468750000000E+01
3.5116905887871981E+03	3.7605468750000000E+01
3.5196726558357477E+03	3.7605468750000000E+01
3.5276717452928424E+03	3.7605468750000000E+01
3.5356616582274437E+03	3.7605468750000000E+01
3.5436055766418576E+03	3.7605468750000000E+01
3.5515682077556849E+03	3.7605468750000000E+01
3.5595453487560153E+03	3.7605468750000000E+01
3.5675170067176223E+03	3.7605468750000000E+01
3.5754701520577073E+03	3.7605468750000000E+01
3.5834207280129194E+03	3.7605468750000000E+01
3.5914131362661719E+03	3.7605468750000000E+01
3.5994150609523058E+03	3.7605468750000000E+01
3.6073928586244583E+03	3.7605468750000000E+01
3.6153374616056681E+03	3.7605468750000000E+01
3.6232996012046933E+03	3.7605468750000000E+01
3.6312744283229113E+03	3.7605468750000000E+01
3.6392418506518006E+03	3.7605468750000000E+01
3.6471891616880894E+03	3.7605468750000000E+01
3.6551545164734125E+03	3.7605468750000000E+01
3.6631533599421382E+03	3.7605468750000000E+01
3.6711500690802932E+03	3.7605468750000000E+01
3.6791167373135686E+03	3.7605468750000000E+01
3.6870619378536940E+03	3.7605468750000000E+01
3.6950259017050266E+03	3.7605468750000000E+01
3.7030012098774314E+03	3.7605468750000000E+01
3.7109690738990903E+03	3.7605468750000000E+01
3.7189195831865072E+03	3.7605468750000000E+01
3.7268993647918105E+03	3.7605468750000000E+01
3.7348996685743332E+03	3.7605468750000000E+01
3.7428871873095632E+03	3.7605468750000000E+01
3.7508425757065415E+03	3.7605468750000000E+01
3.7587918013781309E+03	3.7605468750000000E+01
3.7667594912499189E+03	3.7605468750000000E+01
3.7747347338795662E+03	3.7605468750000000E+01
3.7827049224749207E+03	3.7605468750000000E+01
3.7906528779119253E+03	3.7605468750000000E+01
3.7986381442919374E+03	3.7605468750000000E+01
3.8066316204294562E+03	3.7605468750000000E+01
3.8146060011237860E+03	3.7605468750000000E+01
3.8225567560717463E+03	3.7605468750000000E+01
3.8305090694352984E+03	3.7605468750000000E+01
3.8384772357121110E+03	3.7605468750000000E+01
3.8464526685923338E+03	3.7605468750000000E+01
3.8544168466404080E+03	3.7605468750000000E+01
3.8623718627169728E+03	3.7605468750000000E+01
3.8703554176092148E+03	3.7605468750000000E+01
3.8783361352831125E+03	3.7605468750000000E+01
3.8863024165555835E+03	3.7605468750000000E+01
3.8942499301061034E+03	3.7605468750000000E+01
3.9022033956274390E+03	3.7605468750000000E+01
3.9101690306141973E+03	3.7605468750000000E+01
3.9181455869302154E+03	3.7605468750000000E+01
3.9261093661412597E+03	3.7605468750000000E+01
3.9340628853291273E+03	3.7605468750000000E+01
3.9420469070449471E+03	3.7605468750000000E+01
3.9500196445062757E+03	3.7605468750000000E+01
3.9579826572909951E+03	3.7605468750000000E+01
3.9659275303632021E+03	3.7605468750000000E+01
3.9738832810968161E+03	3.7605468750000000E+01
3.9818529560416937E+03	3.7605468750000000E+01
3.9898309777379036E+03	3.7605468750000000E+01
3.9977853023707867E+03	3.7605468750000000E+01
4.0057376344799995E+03	3.7605468750000000E+01
4.0137113619446754E+03	3.7605468750000000E+01
4.0216759937554598E+03	3.7605468750000000E+01
4.0296287493184209E+03	3.7605468750000000E+01
4.0375711321607232E+03	3.7605468750000000E+01
4.0455318043455482E+03	3.7605468750000000E+01
4.0535055746585131E+03	3.7605468750000000E+01
4.0614859687685966E+03	3.7605468750000000E+01
4.0694357542172074E+03	3.7605468750000000E+01
4.0773944002687931E+03	3.7605468750000000E+01
4.0853677854016423E+03	3.7605468750000000E+01
4.0933329047039151E+03	3.7605468750000000E+01
4.1012849989235401E+03	3.7605468750000000E+01
4.1092275256514549E+03	3.7605468750000000E+01
4.1171941439360380E+03	3.7605468750000000E+01
4.1251736060976982E+03	3.7605468750000000E+01
4.1331556590199471E+03	3.7605468750000000E+01
4.1410974587276578E+03	3.7605468750000000E+01
4.1490565658360720E+03	3.7605468750000000E+01
4.1570267545878887E+03	3.7605468750000000E+01
4.1649927505999804E+03	3.7605468750000000E+01
4.1729387658983469E+03	3.7605468750000000E+01
4.1808829475939274E+03	3.7605468750000000E+01
4.1888562075942755E+03	3.7605468750000000E+01
4.1968457658812404E+03	3.7605468750000000E+01
4.2048181166127324E+03	3.7605468750000000E+01
4.2127589811533689E+03	3.7605468750000000E+01
4.2207195183485746E+03	3.7605468750000000E+01
4.2286876762062311E+03	3.7605468750000000E+01
4.2366489697471261E+03	3.7605468750000000E+01
4.2445928706377745E+03	3.7605468750000000E+01
4.2525431145057082E+03	3.7605468750000000E+01
4.2605293682888150E+03	3.7605468750000000E+01
4.2685251416936517E+03	3.7605468750000000E+01
4.2764949952214956E+03	3.7605468750000000E+01
4.2844367492720485E+03	3.7605468750000000E+01
4.2923976558893919E+03	3.7605468750000000E+01
4.3003788452297449E+03	3.7605468750000000E+01
4.3083437463715672E+03	3.7605468750000000E+01
4.3162862799316645E+03	3.7605468750000000E+01
4.3242427353709936E+03	3.7605468750000000E+01
4.3322370317354798E+03	3.7605468750000000E+01
4.3402363409921527E+03	3.7605468750000000E+01
4.3482034047320485E+03	3.7605468750000000E+01
4.3561525128930807E+03	3.7605468750000000E+01
4.3641183960884809E+03	3.7605468750000000E+01
4.3720984884127975E+03	3.7605468750000000E+01
4.3800634173229337E+03	3.7605468750000000E+01
4.3880154103562236E+03	3.7605468750000000E+01
4.3959895916953683E+03	3.7605468750000000E+01
4.4039951589256525E+03	3.7605468750000000E+01
4.4119917747974396E+03	3.7605468750000000E+01
4.4199563995972276E+03	3.7605468750000000E+01
4.4279142219796777E+03	3.7605468750000000E+01
4.4358873908445239E+03	3.7605468750000000E+01
4.4438642640933394E+03	3.7605468750000000E+01
4.4518338615149260E+03	3.7605468750000000E+01
4.4597941418811679E+03	3.7605468750000000E+01
4.4677720445916057E+03	3.7605468750000000E+01
4.4757750580608845E+03	3.7605468750000000E+01
4.4837724348455667E+03	3.7605468750000000E+01
4.4917332554161549E+03	3.7605468750000000E+01
4.4996891846880317E+03	3.7605468750000000E+01
4.5076694705709815E+03	3.7605468750000000E+01
4.5156519811004400E+03	3.7605468750000000E+01
4.5236262202635407E+03	3.7605468750000000E+01
4.5315840224623680E+03	3.7605468750000000E+01
4.5395645548179746E+03	3.7605468750000000E+01
4.5475691252872348E+03	3.7605468750000000E+01
4.5555562374293804E+03	3.7605468750000000E+01
4.5635153284594417E+03	3.7605468750000000E+01
4.5714801819249988E+03	3.7605468750000000E+01
4.5794651284888387E+03	3.7605468750000000E+01
4.5874542466849089E+03	3.7605468750000000E+01
4.5954200177639723E+03	3.7605468750000000E+01
4.6033621208369732E+03	3.7605468750000000E+01
4.6113508313000202E+03	3.7605468750000000E+01
4.6193483749926090E+03	3.7605468750000000E+01
4.6273333446830511E+03	3.7605468750000000E+01
4.6352873817384243E+03	3.7605468750000000E+01
4.6432536825388670E+03	3.7605468750000000E+01
4.6512446966171265E+03	3.7605468750000000E+01
4.6592423043698072E+03	3.7605468750000000E+01
4.6672065739706159E+03	3.7605468750000000E+01
4.6751546993851662E+03	3.7605468750000000E+01
4.6831461699083447E+03	3.7605468750000000E+01
4.6911469331681728E+03	3.7605468750000000E+01
4.6991291419640183E+03	3.7605468750000000E+01
4.7070789044871926E+03	3.7605468750000000E+01
4.7150481009557843E+03	3.7605468750000000E+01
4.7230513168349862E+03	3.7605468750000000E+01
4.7310538177192211E+03	3.7605468750000000E+01
4.7390133650973439E+03	3.7605468750000000E+01
4.7469617770984769E+03	3.7605468750000000E+01
4.7549602905884385E+03	3.7605468750000000E+01
4.7629588758349419E+03	3.7605468750000000E+01
4.7709367758333683E+03	3.7605468750000000E+01
4.7788719733431935E+03	3.7605468750000000E+01
4.7868487980738282E+03	3.7605468750000000E+01
4.7948575633466244E+03	3.7605468750000000E+01
4.8028681898117065E+03	3.7605468750000000E+01
4.8108087791055441E+03	3.7605468750000000E+01
4.8187507402673364E+03	3.7605468750000000E+01
4.8267534248903394E+03	3.7605468750000000E+01
4.8347584721744061E+03	3.7605468750000000E+01
4.8427437352016568E+03	3.7605468750000000E+01
4.8506766155809164E+03	3.7605468750000000E+01
4.8586592458486557E+03	3.7605468750000000E+01
4.8666807579025626E+03	3.7605468750000000E+01
4.8746980006024241E+03	3.7605468750000000E+01
4.8826371336653829E+03	3.7605468750000000E+01
4.8906010446846485E+03	3.7605468750000000E+01
4.8986111811771989E+03	3.7605468750000000E+01
4.9066181567162275E+03	3.7605468750000000E+01
4.9145948815196753E+03	3.7605468750000000E+01
4.9225302892699838E+03	3.7605468750000000E+01
4.9305307173058391E+03	3.7605468750000000E+01
4.9385603052154183E+03	3.7605468750000000E+01
4.9465875609144568E+03	3.7605468750000000E+01
4.9545269291624427E+03	3.7605468750000000E+01
4.9625026705041528E+03	3.7605468750000000E+01
4.9705156806185842E+03	3.7605468750000000E+01
4.9785299805700779E+03	3.7605468750000000E+01
4.9865181257054210E+03	3.7605468750000000E+01
4.9944697144776583E+03	3.7605468750000000E+01
5.0024865724593401E+03	3.7605468750000000E+01
5.0105260785818100E+03	3.7605468750000000E+01
5.0185364933088422E+03	3.7605468750000000E+01
5.0264848692268133E+03	3.7605468750000000E+01
5.0344771469533443E+03	3.7605468750000000E+01
5.0424906537234783E+03	3.7605468750000000E+01
5.0505014339014888E+03	3.7605468750000000E+01
5.0584756082296371E+03	3.7605468750000000E+01
5.0664539709687233E+03	3.7605468750000000E+01
5.0744888195097446E+03	3.7605468750000000E+01
5.0825307485684752E+03	3.7605468750000000E+01
5.0905213313549757E+03	3.7605468750000000E+01
5.0984754477515817E+03	3.7605468750000000E+01
5.1064789122194052E+03	3.7605468750000000E+01
5.1144909671619534E+03	3.7605468750000000E+01
5.1224970100894570E+03	3.7605468750000000E+01
5.1304707776606083E+03	3.7605468750000000E+01
5.1384460050463676E+03	3.7605468750000000E+01
5.1464814437031746E+03	3.7605468750000000E+01
5.1545175171494484E+03	3.7605468750000000E+01
5.1625106121003628E+03	3.7605468750000000E+01
5.1704760955646634E+03	3.7605468750000000E+01
5.1784796370044351E+03	3.7605468750000000E+01
5.1864922569617629E+03	3.7605468750000000E+01
5.1944979607537389E+03	3.7605468750000000E+01
5.2024745024889708E+03	3.7605468750000000E+01
5.2104677769616246E+03	3.7605468750000000E+01
5.2185078799575567E+03	3.7605468750000000E+01
5.2265456199869514E+03	3.7605468750000000E+01
5.2345301483497024E+03	3.7605468750000000E+01
5.2424945821464062E+03	3.7605468750000000E+01
5.2505030152499676E+03	3.7605468750000000E+01
5.2585254800990224E+03	3.7605468750000000E+01
5.2665406963452697E+03	3.7605468750000000E+01
5.2744960784614086E+03	3.7605468750000000E+01
5.2824822541922331E+03	3.7605468750000000E+01
5.2905281511023641E+03	3.7605468750000000E+01
5.2985520445778966E+03	3.7605468750000000E+01
5.3065181118920445E+03	3.7605468750000000E+01
5.3144781568944454E+03	3.7605468750000000E+01
5.3224892987608910E+03	3.7605468750000000E+01
5.3305110121592879E+03	3.7605468750000000E+01
5.3385112046524882E+03	3.7605468750000000E+01
5.3464639393314719E+03	3.7605468750000000E+01
5.3544638477414846E+03	3.7605468750000000E+01
5.3624998089224100E+03	3.7605468750000000E+01
5.3705204462036490E+03	3.7605468750000000E+01
5.3784921151474118E+03	3.7605468750000000E+01
5.3864876395836473E+03	3.7605468750000000E+01
5.3945093375965953E+03	3.7605468750000000E+01
5.4025328804701567E+03	3.7605468750000000E+01
5.4105283906757832E+03	3.7605468750000000E+01
5.4184759196713567E+03	3.7605468750000000E+01
5.4265049162358046E+03	3.7605468750000000E+01
5.4345463054478168E+03	3.7605468750000000E+01
5.4425772230699658E+03	3.7605468750000000E+01
5.4505597049221396E+03	3.7605468750000000E+01
5.4585591970533133E+03	3.7605468750000000E+01
5.4665922178104520E+03	3.7605468750000000E+01
5.4746314035877585E+03	3.7605468750000000E+01
5.4826458321437240E+03	3.7605468750000000E+01
5.4905931156277657E+03	3.7605468750000000E+01
5.4986320697069168E+03	3.7605468750000000E+01
5.5066738405153155E+03	3.7605468750000000E+01
5.5147071380391717E+03	3.7605468750000000E+01
5.5226950869858265E+03	3.7605468750000000E+01
5.5306985696554184E+03	3.7605468750000000E+01
5.5387421425059438E+03	3.7605468750000000E+01
5.5468101623505354E+03	3.7605468750000000E+01
5.5548165824636817E+03	3.7605468750000000E+01
5.5627883086502552E+03	3.7605468750000000E+01
5.5708471419289708E+03	3.7605468750000000E+01
5.5788991700485349E+03	3.7605468750000000E+01
5.5869398987740278E+03	3.7605468750000000E+01
5.5948975249379873E+03	3.7605468750000000E+01
5.6029231157451868E+03	3.7605468750000000E+01
5.6109884176775813E+03	3.7605468750000000E+01
5.6190591870322824E+03	3.7605468750000000E+01
5.6270411501154304E+03	3.7605468750000000E+01
5.6350075258910656E+03	3.7605468750000000E+01
5.6430629904493690E+03	3.7605468750000000E+01
5.6511253875419497E+03	3.7605468750000000E+01
5.6591686089709401E+03	3.7605468750000000E+01
5.6671330687552691E+03	3.7605468750000000E+01
5.6751389430016279E+03	3.7605468750000000E+01
5.6832092239558697E+03	3.7605468750000000E+01
5.6912854329943657E+03	3.7605468750000000E+01
5.6992985526248813E+03	3.7605468750000000E+01
5.7072639124020934E+03	3.7605468750000000E+01
5.7153131430447102E+03	3.7605468750000000E+01
5.7233773734048009E+03	3.7605468750000000E+01
5.7314304644614458E+03	3.7605468750000000E+01
5.7394035299941897E+03	3.7605468750000000E+01
5.7474132206141949E+03	3.7605468750000000E+01
5.7554897394850850E+03	3.7605468750000000E+01
5.7635733787417412E+03	3.7605468750000000E+01
5.7716056705191731E+03	3.7605468750000000E+01
5.7795692485123873E+03	3.7605468750000000E+01
5.7876199211925268E+03	3.7605468750000000E+01
5.7956821220442653E+03	3.7605468750000000E+01
5.8037410189881921E+03	3.7605468750000000E+01
5.8117495485022664E+03	3.7605468750000000E+01
5.8197759053260088E+03	3.7605468750000000E+01
5.8278754997104406E+03	3.7605468750000000E+01
5.8359808318167925E+03	3.7605468750000000E+01
5.8440482733100653E+03	3.7605468750000000E+01
5.8520712798833847E+03	3.7605468750000000E+01
5.8601316292509437E+03	3.7605468750000000E+01
5.8682005605176091E+03	3.7605468750000000E+01
5.8762700406834483E+03	3.7605468750000000E+01
5.8843096498996019E+03	3.7605468750000000E+01
5.8923672056570649E+03	3.7605468750000000E+01
5.9004833874776959E+03	3.7605468750000000E+01
5.9085950876474380E+03	3.7605468750000000E+01
5.9166629943922162E+03	3.7605468750000000E+01
5.9246854627281427E+03	3.7605468750000000E+01
5.9327466644346714E+03	3.7605468750000000E+01
5.9408159623965621E+03	3.7605468750000000E+01
5.9488853930905461E+03	3.7605468750000000E+01
5.9569152220487595E+03	3.7605468750000000E+01
5.9649545312821865E+03	3.7605468750000000E+01
5.9730501061528921E+03	3.7605468750000000E+01
5.9811324114874005E+03	3.7605468750000000E+01
5.9891847289204597E+03	3.7605468750000000E+01
5.9972010951042175E+03	3.7605468750000000E+01
6.0052457303553820E+03	3.7605468750000000E+01
6.0133020776882768E+03	3.7605468750000000E+01
6.0213680206686258E+03	3.7605468750000000E+01
6.0294292334690690E+03	3.7605468750000000E+01
6.0374611031860113E+03	3.7605468750000000E+01
6.0455191964879632E+03	3.7605468750000000E+01
6.0535769824534655E+03	3.7605468750000000E+01
6.0616263785585761E+03	3.7605468750000000E+01
6.0696765926107764E+03	3.7605468750000000E+01
6.0777260551825166E+03	3.7605468750000000E+01
6.0857582632824779E+03	3.7605468750000000E+01
6.0937765844017267E+03	3.7605468750000000E+01
6.1018491072803736E+03	3.7605468750000000E+01
6.1099228311181068E+03	3.7605468750000000E+01
6.1179671414345503E+03	3.7605468750000000E+01
6.1259860902801156E+03	3.7605468750000000E+01
6.1340402976423502E+03	3.7605468750000000E+01
6.1420954312458634E+03	3.7605468750000000E+01
6.1501258486881852E+03	3.7605468750000000E+01
6.1581040874794126E+03	3.7605468750000000E+01
6.1661373137682676E+03	3.7605468750000000E+01
6.1742107642814517E+03	3.7605468750000000E+01
6.1822690235674381E+03	3.7605468750000000E+01
6.1902547625824809E+03	3.7605468750000000E+01
6.1982505943849683E+03	3.7605468750000000E+01
6.2062978531345725E+03	3.7605468750000000E+01
6.2143430513367057E+03	3.7605468750000000E+01
6.2223364247977734E+03	3.7605468750000000E+01
6.2303038356155157E+03	3.7605468750000000E+01
6.2383641406223178E+03	3.7605468750000000E+01
6.2464291656017303E+03	3.7605468750000000E+01
6.2544133309721947E+03	3.7605468750000000E+01
6.2623365111425519E+03	3.7605468750000000E+01
6.2703733628690243E+03	3.7605468750000000E+01
6.2784205225408077E+03	3.7605468750000000E+01
6.2864576574563980E+03	3.7605468750000000E+01
6.2943608481809497E+03	3.7605468750000000E+01
6.3023128945529461E+03	3.7605468750000000E+01
6.3103748193457723E+03	3.7605468750000000E+01
6.3184312137663364E+03	3.7605468750000000E+01
6.3263676679655910E+03	3.7605468750000000E+01
6.3342526570558548E+03	3.7605468750000000E+01
6.3422815750539303E+03	3.7605468750000000E+01
6.3503194598257542E+03	3.7605468750000000E+01
6.3583286942988634E+03	3.7605468750000000E+01
6.3662159227877855E+03	3.7605468750000000E+01
6.3741491405218840E+03	3.7605468750000000E+01
6.3821970870122313E+03	3.7605468750000000E+01
6.3902421885356307E+03	3.7605468750000000E+01
6.3981878230199218E+03	3.7605468750000000E+01
6.4060992372259498E+03	3.7605468750000000E+01
6.4141420563980937E+03	3.7605468750000000E+01
6.4221906559094787E+03	3.7605468750000000E+01
6.4302289699092507E+03	3.7605468750000000E+01
6.4381556276977062E+03	3.7605468750000000E+01
6.4461630574762821E+03	3.7605468750000000E+01
6.4542339388132095E+03	3.7605468750000000E+01
6.4622797762081027E+03	3.7605468750000000E+01
6.4702367305457592E+03	3.7605468750000000E+01
6.4781917211636901E+03	3.7605468750000000E+01
6.4862339746356010E+03	3.7605468750000000E+01
6.4942735279724002E+03	3.7605468750000000E+01
6.5022675818204880E+03	3.7605468750000000E+01
6.5102223392874002E+03	3.7605468750000000E+01
6.5182219342961907E+03	3.7605468750000000E+01
6.5262660100832582E+03	3.7605468750000000E+01
6.5342520243003964E+03	3.7605468750000000E+01
6.5421392181739211E+03	3.7605468750000000E+01
6.5501304569393396E+03	3.7605468750000000E+01
6.5581745667383075E+03	3.7605468750000000E+01
6.5662246327549219E+03	3.7605468750000000E+01
6.5742076815888286E+03	3.7605468750000000E+01
6.5821946072727442E+03	3.7605468750000000E+01
6.5902521952167153E+03	3.7605468750000000E+01
6.5983421233966947E+03	3.7605468750000000E+01
6.6063910571485758E+03	3.7605468750000000E+01
6.6143684492856264E+03	3.7605468750000000E+01
6.6223778793364763E+03	3.7605468750000000E+01
6.6304264949560165E+03	3.7605468750000000E+01
6.6384689251333475E+03	3.7605468750000000E+01
6.6463471203222871E+03	3.7605468750000000E+01
6.6542788012996316E+03	3.7605468750000000E+01
6.6623624994233251E+03	3.7605468750000000E+01
6.6704502605274320E+03	3.7605468750000000E+01
6.6784862326011062E+03	3.7605468750000000E+01
6.6864043363556266E+03	3.7605468750000000E+01
6.6944459443464875E+03	3.7605468750000000E+01
6.7025120930224657E+03	3.7605468750000000E+01
6.7105719303265214E+03	3.7605468750000000E+01
6.7184751931652427E+03	3.7605468750000000E+01
6.7264704053997993E+03	3.7605468750000000E+01
6.7345672408565879E+03	3.7605468750000000E+01
6.7426683368012309E+03	3.7605468750000000E+01
6.7506083085387945E+03	3.7605468750000000E+01
6.7585198669284582E+03	3.7605468750000000E+01
6.7666006821617484E+03	3.7605468750000000E+01
6.7746870130971074E+03	3.7605468750000000E+01
6.7827508846521378E+03	3.7605468750000000E+01
6.7906483543291688E+03	3.7605468750000000E+01
6.7986101763471961E+03	3.7605468750000000E+01
6.8067096200436354E+03	3.7605468750000000E+01
6.8148007000088692E+03	3.7605468750000000E+01
6.8227134037613869E+03	3.7605468750000000E+01
6.8306530265808105E+03	3.7605468750000000E+01
6.8387522435635328E+03	3.7605468750000000E+01
6.8468709684684873E+03	3.7605468750000000E+01
6.8549842205196619E+03	3.7605468750000000E+01
6.8629154125079513E+03	3.7605468750000000E+01
6.8708946946263313E+03	3.7605468750000000E+01
6.8789979280680418E+03	3.7605468750000000E+01
6.8870820143148303E+03	3.7605468750000000E+01
6.8950234876722097E+03	3.7605468750000000E+01
6.9030235752463341E+03	3.7605468750000000E+01
6.9111337075904012E+03	3.7605468750000000E+01
6.9192623532190919E+03	3.7605468750000000E+01
6.9273668326810002E+03	3.7605468750000000E+01
6.9352968461066484E+03	3.7605468750000000E+01
6.9433194791004062E+03	3.7605468750000000E+01
6.9514348525255919E+03	3.7605468750000000E+01
6.9595735364928842E+03	3.7605468750000000E+01
6.9676010766178370E+03	3.7605468750000000E+01
6.9755666388645768E+03	3.7605468750000000E+01
6.9836976848319173E+03	3.7605468750000000E+01
6.9918506037741899E+03	3.7605468750000000E+01
7.0000043233931065E+03	3.7605468750000000E+01
7.0080658593401313E+03	3.7605468750000000E+01
7.0159755844846368E+03	3.7605468750000000E+01
7.0240888050496578E+03	3.7605468750000000E+01
7.0322293303161860E+03	3.7605468750000000E+01
7.0403836578428745E+03	3.7605468750000000E+01
7.0484684250503778E+03	3.7605468750000000E+01
7.0564374568313360E+03	3.7605468750000000E+01
7.0645255206078291E+03	3.7605468750000000E+01
7.0726596183329821E+03	3.7605468750000000E+01
7.0808243435919285E+03	3.7605468750000000E+01
7.0888742103800178E+03	3.7605468750000000E+01
7.0968688343167305E+03	3.7605468750000000E+01
7.1050291410535574E+03	3.7605468750000000E+01
7.1131849616840482E+03	3.7605468750000000E+01
7.1213344443291426E+03	3.7605468750000000E+01
7.1293846202716231E+03	3.7605468750000000E+01
7.1374807640090585E+03	3.7605468750000000E+01
7.1456341682747006E+03	3.7605468750000000E+01
7.1537905222177505E+03	3.7605468750000000E+01
7.1618470172658563E+03	3.7605468750000000E+01
7.1697995515167713E+03	3.7605468750000000E+01
7.1779266722053289E+03	3.7605468750000000E+01
7.1860587983205914E+03	3.7605468750000000E+01
7.1941805200055242E+03	3.7605468750000000E+01
7.2021454534605145E+03	3.7605468750000000E+01
7.2102427138239145E+03	3.7605468750000000E+01
7.2183939686045051E+03	3.7605468750000000E+01
7.2265474122166634E+03	3.7605468750000000E+01
7.2346769829839468E+03	3.7605468750000000E+01
7.2428137580752373E+03	3.7605468750000000E+01
7.2509588201642036E+03	3.7605468750000000E+01
7.2591238798275590E+03	3.7605468750000000E+01
7.2672746043354273E+03	3.7605468750000000E+01
7.2753661290705204E+03	3.7605468750000000E+01
7.2834395840242505E+03	3.7605468750000000E+01
7.2915864820033312E+03	3.7605468750000000E+01
7.2997542810514569E+03	3.7605468750000000E+01
7.3079153918325901E+03	3.7605468750000000E+01
7.3160865277126431E+03	3.7605468750000000E+01
7.3242253026515245E+03	3.7605468750000000E+01
7.3324107846245170E+03	3.7605468750000000E+01
7.3405836895182729E+03	3.7605468750000000E+01
7.3487613126188517E+03	3.7605468750000000E+01
7.3568379417657852E+03	3.7605468750000000E+01
7.3649945677295327E+03	3.7605468750000000E+01
7.3732122419700027E+03	3.7605468750000000E+01
7.3814222734421492E+03	3.7605468750000000E+01
7.3896430196687579E+03	3.7605468750000000E+01
7.3977346007376909E+03	3.7605468750000000E+01
7.4059377602711320E+03	3.7605468750000000E+01
7.4141552695780993E+03	3.7605468750000000E+01
7.4223639508858323E+03	3.7605468750000000E+01
7.4305875976234674E+03	3.7605468750000000E+01
7.4388226942792535E+03	3.7605468750000000E+01
7.4470459549129009E+03	3.7605468750000000E+01
7.4552656940743327E+03	3.7605468750000000E+01
7.4634319064617157E+03	3.7605468750000000E+01
7.4716021217629313E+03	3.7605468750000000E+01
7.4797729651480913E+03	3.7605468750000000E+01
7.4880392431318760E+03	3.7605468750000000E+01
7.4962756514251232E+03	3.7605468750000000E+01
7.5045596343874931E+03	3.7605468750000000E+01
7.5128018055781722E+03	3.7605468750000000E+01
7.5210396104007959E+03	3.7605468750000000E+01
7.5293231970444322E+03	3.7605468750000000E+01
7.5376171917244792E+03	3.7605468750000000E+01
7.5458760235607624E+03	3.7605468750000000E+01
7.5539952899813652E+03	3.7605468750000000E+01
7.5622950550094247E+03	3.7605468750000000E+01
7.5706178230345249E+03	3.7605468750000000E+01
7.5789422845244408E+03	3.7605468750000000E+01
7.5872811410427094E+03	3.7605468750000000E+01
7.5956327801495790E+03	3.7605468750000000E+01
7.6040119468569756E+03	3.7605468750000000E+01
7.6123928797617555E+03	3.7605468750000000E+01
7.6207482215017080E+03	3.7605468750000000E+01
7.6290949068367481E+03	3.7605468750000000E+01
7.6374614104107022E+03	3.7605468750000000E+01
7.6458430995866656E+03	3.7605468750000000E+01
7.6541688783541322E+03	3.7605468750000000E+01
7.6624728125706315E+03	3.7605468750000000E+01
7.6707718846872449E+03	3.7605468750000000E+01
7.6791040121242404E+03	3.7605468750000000E+01
7.6874270036742091E+03	3.7605468750000000E+01
7.6957328250184655E+03	3.7605468750000000E+01
7.7040733826011419E+03	3.7605468750000000E+01
7.7123313492760062E+03	3.7605468750000000E+01
7.7203692083805799E+03	3.7605468750000000E+01
7.7285803244113922E+03	3.7605468750000000E+01
7.7367261764779687E+03	3.7605468750000000E+01
7.7447986216917634E+03	3.7605468750000000E+01
7.7528976917937398E+03	3.7605468750000000E+01
7.7610768589153886E+03	3.7605468750000000E+01
7.7692027224451303E+03	3.7605468750000000E+01
7.7773082975596189E+03	3.7605468750000000E+01
7.7835930327475071E+03	3.7695312500000000E+01
7.7860216909274459E+03	3.7695312500000000E+01
7.7884572718665004E+03	3.7695312500000000E+01
7.7908923280537128E+03	3.7695312500000000E+01
7.7933090496957302E+03	3.7695312500000000E+01
7.7957389989644289E+03	3.7695312500000000E+01
7.7981755335554481E+03	3.7695312500000000E+01
7.8006141698509455E+03	3.7695312500000000E+01
7.8030616263151169E+03	3.7695312500000000E+01
7.8054957462400198E+03	3.7695312500000000E+01
7.8079260819703341E+03	3.7695312500000000E+01
7.8103559210821986E+03	3.7695312500000000E+01
7.8127912606000900E+03	3.7695312500000000E+01
7.8152401730641723E+03	3.7699218750000000E+01
7.8176838343515992E+03	3.7699218750000000E+01
7.8201423680484295E+03	3.7699218750000000E+01
7.8225958148986101E+03	3.7703125000000000E+01
7.8250443930774927E+03	3.7703125000000000E+01
7.8274833086058497E+03	3.7703125000000000E+01
7.8299243999272585E+03	3.7703125000000000E+01
7.8323600306808949E+03	3.7703125000000000E+01
7.8347987179383636E+03	3.7703125000000000E+01
7.8372189439609647E+03	3.7703125000000000E+01
7.8396286181882024E+03	3.7703125000000000E+01
7.8420229503065348E+03	3.7703125000000000E+01
7.8444244984239340E+03	3.7703125000000000E+01
7.8468295350894332E+03	3.7703125000000000E+01
7.8492300939336419E+03	3.7703125000000000E+01
7.8516127497926354E+03	3.7703125000000000E+01
