0.0000000000000000E+00	9.9618545199623143E-01
1.0010010010010010E+05	9.9620456304349347E-01
2.0020020020020020E+05	9.9620522294068814E-01
3.0030030030030030E+05	9.9622085210817679E-01
4.0040040040040039E+05	9.9623274568111408E-01
5.0050050050050049E+05	9.9623912886128441E-01
6.0060060060060059E+05	9.9624576245900820E-01
7.0070070070070075E+05	9.9624368099508609E-01
8.0080080080080079E+05	9.9626012257463592E-01
9.0090090090090083E+05	9.9627078738491870E-01
1.0010010010010010E+06	9.9626320552594771E-01
1.1011011011011011E+06	9.9628555659850793E-01
1.2012012012012012E+06	9.9629071142910186E-01
1.3013013013013012E+06	9.9630271822268512E-01
1.4014014014014015E+06	9.9630913337702509E-01
1.5015015015015015E+06	9.9631523693929591E-01
1.6016016016016016E+06	9.9632374310297889E-01
1.7017017017017016E+06	9.9632687469718373E-01
1.8018018018018017E+06	9.9634250387623013E-01
1.9019019019019019E+06	9.9634620358114900E-01
2.0020020020020020E+06	9.9635662927202029E-01
2.1021021021021022E+06	9.9636686449149092E-01
2.2022022022022023E+06	9.9637057977599242E-01
2.3023023023023023E+06	9.9637570858303826E-01
2.4024024024024024E+06	9.9638841940944101E-01
2.5025025025025024E+06	9.9639908723478543E-01
2.6026026026026024E+06	9.9640696143339780E-01
2.7027027027027025E+06	9.9641543824515932E-01
2.8028028028028030E+06	9.9642307108285810E-01
2.9029029029029030E+06	9.9643252405468008E-01
3.0030030030030031E+06	9.9643725052705789E-01
3.1031031031031031E+06	9.9644524653162814E-01
3.2032032032032032E+06	9.9645129050973980E-01
3.3033033033033032E+06	9.9646163275274935E-01
3.4034034034034032E+06	9.9647165930489656E-01
3.5035035035035033E+06	9.9647616609831791E-01
3.6036036036036033E+06	9.9648916171639623E-01
3.7037037037037038E+06	9.9649307210866545E-01
3.8038038038038039E+06	9.9650335563698988E-01
3.9039039039039039E+06	9.9650853034354148E-01
4.0040040040040039E+06	9.9651790404886886E-01
4.1041041041041040E+06	9.9652755401142434E-01
4.2042042042042045E+06	9.9653705656502289E-01
4.3043043043043045E+06	9.9654526942463717E-01
4.4044044044044046E+06	9.9655342025901272E-01
4.5045045045045046E+06	9.9655994261806025E-01
4.6046046046046047E+06	9.9656667885430805E-01
4.7047047047047047E+06	9.9657861536797798E-01
4.8048048048048047E+06	9.9657149357135821E-01
4.9049049049049048E+06	9.9659516470041276E-01
5.0050050050050048E+06	9.9660486743405885E-01
5.1051051051051049E+06	9.9661326577423293E-01
5.2052052052052049E+06	9.9662210759560710E-01
5.3053053053053049E+06	9.9662733736149856E-01
5.4054054054054050E+06	9.9662647201475418E-01
5.5055055055055050E+06	9.9664783255122069E-01
5.6056056056056060E+06	9.9665159104838730E-01
5.7057057057057060E+06	9.9666126862610682E-01
5.8058058058058061E+06	9.9667177559042319E-01
5.9059059059059061E+06	9.9668108515288656E-01
6.0060060060060062E+06	9.9668829967125028E-01
6.1061061061061062E+06	9.9669407809054211E-01
6.2062062062062062E+06	9.9670456500756954E-01
6.3063063063063063E+06	9.9671052255928949E-01
6.4064064064064063E+06	9.9672229306717319E-01
6.5065065065065064E+06	9.9673064964438252E-01
6.6066066066066064E+06	9.9674170419385066E-01
6.7067067067067064E+06	9.9674865334856222E-01
6.8068068068068065E+06	9.9675383318057420E-01
6.9069069069069065E+06	9.9676597014821666E-01
7.0070070070070066E+06	9.9676219625644169E-01
7.1071071071071066E+06	9.9678281029455695E-01
7.2072072072072066E+06	9.9679139219273394E-01
7.3073073073073076E+06	9.9679377335775976E-01
7.4074074074074076E+06	9.9680591752453129E-01
7.5075075075075077E+06	9.9681588296559220E-01
7.6076076076076077E+06	9.9682442796694370E-01
7.7077077077077078E+06	9.9682890652164036E-01
7.8078078078078078E+06	9.9684001864654048E-01
7.9079079079079079E+06	9.9685053464930551E-01
8.0080080080080079E+06	9.9686131353341834E-01
8.1081081081081079E+06	9.9686593451358418E-01
8.2082082082082080E+06	9.9687863493949191E-01
8.3083083083083080E+06	9.9688712187853690E-01
8.4084084084084090E+06	9.9689592811004701E-01
8.5085085085085090E+06	9.9690442142642299E-01
8.6086086086086091E+06	9.9690965327626435E-01
8.7087087087087091E+06	9.9692282719661252E-01
8.8088088088088091E+06	9.9693065405635772E-01
8.9089089089089092E+06	9.9694047052650947E-01
9.0090090090090092E+06	9.9694544744113411E-01
9.1091091091091093E+06	9.9695768391056938E-01
9.2092092092092093E+06	9.9696397579649021E-01
9.3093093093093093E+06	9.9697295259502583E-01
9.4094094094094094E+06	9.9698394036759475E-01
9.5095095095095094E+06	9.9698960150080984E-01
9.6096096096096095E+06	9.9699989375661036E-01
9.7097097097097095E+06	9.9700565703223909E-01
9.8098098098098096E+06	9.9701513232195149E-01
9.9099099099099096E+06	9.9702748488086079E-01
1.0010010010010010E+07	9.9703625262311191E-01
1.0110110110110110E+07	9.9704287350900300E-01
1.0210210210210210E+07	9.9704999265707672E-01
1.0310310310310310E+07	9.9705840771173093E-01
1.0410410410410410E+07	9.9706735623078113E-01
1.0510510510510510E+07	9.9707914600221625E-01
1.0610610610610610E+07	9.9707468861935700E-01
1.0710710710710710E+07	9.9709539459232399E-01
1.0810810810810810E+07	9.9710631200148925E-01
1.0910910910910910E+07	9.9711284290742219E-01
1.1011011011011010E+07	9.9711180140619637E-01
1.1111111111111110E+07	9.9713189215031861E-01
1.1211211211211212E+07	9.9713744191390308E-01
1.1311311311311312E+07	9.9714620948937505E-01
1.1411411411411412E+07	9.9715618791525440E-01
1.1511511511511512E+07	9.9716797813828273E-01
1.1611611611611612E+07	9.9716501195859186E-01
1.1711711711711712E+07	9.9718322313814900E-01
1.1811811811811812E+07	9.9719300443906378E-01
1.1911911911911912E+07	9.9719939766594390E-01
1.2012012012012012E+07	9.9721340900074140E-01
1.2112112112112112E+07	9.9721603560189587E-01
1.2212212212212212E+07	9.9723021367637266E-01
1.2312312312312312E+07	9.9723898944077149E-01
1.2412412412412412E+07	9.9723980406837109E-01
1.2512512512512513E+07	9.9725691525916993E-01
1.2612612612612613E+07	9.9726088583454942E-01
1.2712712712712713E+07	9.9726897460826447E-01
1.2812812812812813E+07	9.9727869116591028E-01
1.2912912912912913E+07	9.9728709124318493E-01
1.3013013013013013E+07	9.9730105443403749E-01
1.3113113113113113E+07	9.9730668519123700E-01
1.3213213213213213E+07	9.9731409281682304E-01
1.3313313313313313E+07	9.9732315928895632E-01
1.3413413413413413E+07	9.9733426752061094E-01
1.3513513513513513E+07	9.9733971050153081E-01
1.3613613613613613E+07	9.9735290726827930E-01
1.3713713713713713E+07	9.9736026947348499E-01
1.3813813813813813E+07	9.9737146792936304E-01
1.3913913913913913E+07	9.9737995106849342E-01
1.4014014014014013E+07	9.9738407214529856E-01
1.4114114114114113E+07	9.9739484749475238E-01
1.4214214214214213E+07	9.9740484132532203E-01
1.4314314314314313E+07	9.9741263984297690E-01
1.4414414414414413E+07	9.9741948101517230E-01
1.4514514514514515E+07	9.9743176535696432E-01
1.4614614614614615E+07	9.9743540000579256E-01
1.4714714714714715E+07	9.9744571451677910E-01
1.4814814814814815E+07	9.9744287921438812E-01
1.4914914914914915E+07	9.9746463654737583E-01
1.5015015015015015E+07	9.9747527237547962E-01
1.5115115115115115E+07	9.9747764059128807E-01
1.5215215215215215E+07	9.9748980730010661E-01
1.5315315315315315E+07	9.9750268619413207E-01
1.5415415415415416E+07	9.9751034458628829E-01
1.5515515515515516E+07	9.9751462126576707E-01
1.5615615615615616E+07	9.9752031363978444E-01
1.5715715715715716E+07	9.9753661788703007E-01
1.5815815815815816E+07	9.9754119235481320E-01
1.5915915915915916E+07	9.9755293739495976E-01
1.6016016016016016E+07	9.9756168995083416E-01
1.6116116116116116E+07	9.9756767145911573E-01
1.6216216216216216E+07	9.9757809200528558E-01
1.6316316316316316E+07	9.9758551067551027E-01
1.6416416416416416E+07	9.9759436627128950E-01
1.6516516516516516E+07	9.9759709028714927E-01
1.6616616616616616E+07	9.9760987662415035E-01
1.6716716716716716E+07	9.9761689329605496E-01
1.6816816816816818E+07	9.9762845653158450E-01
1.6916916916916918E+07	9.9763829097229384E-01
1.7017017017017018E+07	9.9764710252292488E-01
1.7117117117117118E+07	9.9765525779835951E-01
1.7217217217217218E+07	9.9766234932979581E-01
1.7317317317317318E+07	9.9766837795729979E-01
1.7417417417417418E+07	9.9767972170262931E-01
1.7517517517517518E+07	9.9767392238538044E-01
1.7617617617617618E+07	9.9769471813721744E-01
1.7717717717717718E+07	9.9770684924947384E-01
1.7817817817817818E+07	9.9771372695240834E-01
1.7917917917917918E+07	9.9772309160381512E-01
1.8018018018018018E+07	9.9772789354427871E-01
1.8118118118118118E+07	9.9773993445908316E-01
1.8218218218218219E+07	9.9774885470585750E-01
1.8318318318318319E+07	9.9775422113606016E-01
1.8418418418418419E+07	9.9776184600133322E-01
1.8518518518518519E+07	9.9777311416238490E-01
1.8618618618618619E+07	9.9778327069110573E-01
1.8718718718718719E+07	9.9778479475338200E-01
1.8818818818818819E+07	9.9778304146919949E-01
1.8918918918918919E+07	9.9779119626805068E-01
1.9019019019019019E+07	9.9780060941857251E-01
1.9119119119119119E+07	9.9780649528965426E-01
1.9219219219219219E+07	9.9781820340451499E-01
1.9319319319319319E+07	9.9783161358255146E-01
1.9419419419419419E+07	9.9784351226977985E-01
1.9519519519519519E+07	9.9785342277686906E-01
1.9619619619619619E+07	9.9786272732275372E-01
1.9719719719719719E+07	9.9787104720309894E-01
1.9819819819819819E+07	9.9787905261341592E-01
1.9919919919919919E+07	9.9788666608851895E-01
2.0020020020020019E+07	9.9789333981010253E-01
2.0120120120120119E+07	9.9790115067648122E-01
2.0220220220220219E+07	9.9790864774920696E-01
2.0320320320320319E+07	9.9791696118600359E-01
2.0420420420420419E+07	9.9792543420833668E-01
2.0520520520520519E+07	9.9793508976569112E-01
2.0620620620620620E+07	9.9794267761968980E-01
2.0720720720720720E+07	9.9795032579367271E-01
2.0820820820820820E+07	9.9795205272220433E-01
2.0920920920920920E+07	9.9795123009685516E-01
2.1021021021021020E+07	9.9797193999747902E-01
2.1121121121121120E+07	9.9798280202641787E-01
2.1221221221221220E+07	9.9798878128461410E-01
2.1321321321321320E+07	9.9799512118980627E-01
2.1421421421421420E+07	9.9800139565204193E-01
2.1521521521521520E+07	9.9801129324591875E-01
2.1621621621621620E+07	9.9802152121719911E-01
2.1721721721721720E+07	9.9801335295131799E-01
2.1821821821821820E+07	9.9803666314459505E-01
2.1921921921921920E+07	9.9804040817775763E-01
2.2022022022022020E+07	9.9805110019342880E-01
2.2122122122122120E+07	9.9805102327631889E-01
2.2222222222222220E+07	9.9806899162030216E-01
2.2322322322322320E+07	9.9807141650489295E-01
2.2422422422422424E+07	9.9808350743195662E-01
2.2522522522522524E+07	9.9809145836505342E-01
2.2622622622622624E+07	9.9809597256748228E-01
2.2722722722722724E+07	9.9809561616573750E-01
2.2822822822822824E+07	9.9811063845396741E-01
2.2922922922922924E+07	9.9811945743886232E-01
2.3023023023023024E+07	9.9812817818444699E-01
2.3123123123123124E+07	9.9813842246673035E-01
2.3223223223223224E+07	9.9814541063049167E-01
2.3323323323323324E+07	9.9815439644183812E-01
2.3423423423423424E+07	9.9816216081544995E-01
2.3523523523523524E+07	9.9816897109661773E-01
2.3623623623623624E+07	9.9817893947451120E-01
2.3723723723723724E+07	9.9818328461620109E-01
2.3823823823823825E+07	9.9819102231477697E-01
2.3923923923923925E+07	9.9819829882581779E-01
2.4024024024024025E+07	9.9819355264919907E-01
2.4124124124124125E+07	9.9821454570073065E-01
2.4224224224224225E+07	9.9822583602632309E-01
2.4324324324324325E+07	9.9823351400702887E-01
2.4424424424424425E+07	9.9824053913726696E-01
2.4524524524524525E+07	9.9824181361999176E-01
2.4624624624624625E+07	9.9825679151998825E-01
2.4724724724724725E+07	9.9826713637132469E-01
2.4824824824824825E+07	9.9827201471635119E-01
2.4924924924924925E+07	9.9828110666728853E-01
2.5025025025025025E+07	9.9828862744253066E-01
2.5125125125125125E+07	9.9830069941398136E-01
2.5225225225225225E+07	9.9829439418321630E-01
2.5325325325325325E+07	9.9831542078242697E-01
2.5425425425425425E+07	9.9832590892613116E-01
2.5525525525525525E+07	9.9833425646478713E-01
2.5625625625625625E+07	9.9834225116953479E-01
2.5725725725725725E+07	9.9835077886527523E-01
2.5825825825825825E+07	9.9834806234893270E-01
2.5925925925925925E+07	9.9836753012602886E-01
2.6026026026026025E+07	9.9837282668036087E-01
2.6126126126126125E+07	9.9838452405315559E-01
2.6226226226226225E+07	9.9839251246763738E-01
2.6326326326326326E+07	9.9839811331250605E-01
2.6426426426426426E+07	9.9840869985164704E-01
2.6526526526526526E+07	9.9841836617375312E-01
2.6626626626626626E+07	9.9842395154013008E-01
2.6726726726726726E+07	9.9843584899752458E-01
2.6826826826826826E+07	9.9842946273622468E-01
2.6926926926926926E+07	9.9845092979351857E-01
2.7027027027027026E+07	9.9845998039255712E-01
2.7127127127127126E+07	9.9846315995528367E-01
2.7227227227227226E+07	9.9847527249696910E-01
2.7327327327327326E+07	9.9848666582325740E-01
2.7427427427427426E+07	9.9849385586605899E-01
2.7527527527527526E+07	9.9849797726020173E-01
2.7627627627627626E+07	9.9851099911545049E-01
2.7727727727727726E+07	9.9852303354364569E-01
2.7827827827827826E+07	9.9852362039806108E-01
2.7927927927927926E+07	9.9854103162200025E-01
2.8028028028028026E+07	9.9854944575125959E-01
2.8128128128128126E+07	9.9855939536742278E-01
2.8228228228228226E+07	9.9855191056823900E-01
2.8328328328328326E+07	9.9857555898134553E-01
2.8428428428428426E+07	9.9858645552814462E-01
2.8528528528528526E+07	9.9859212601073233E-01
2.8628628628628626E+07	9.9860510574322270E-01
2.8728728728728727E+07	9.9861394082148269E-01
2.8828828828828827E+07	9.9861999549816938E-01
2.8928928928928930E+07	9.9862344722886431E-01
2.9029029029029030E+07	9.9864110722938648E-01
2.9129129129129130E+07	9.9864926499709161E-01
2.9229229229229230E+07	9.9866227220880099E-01
2.9329329329329330E+07	9.9866197255407319E-01
2.9429429429429431E+07	9.9868152654883580E-01
2.9529529529529531E+07	9.9868995605529931E-01
2.9629629629629631E+07	9.9870315108756325E-01
2.9729729729729731E+07	9.9871564666279444E-01
2.9829829829829831E+07	9.9870959488992528E-01
2.9929929929929931E+07	9.9873565857957669E-01
3.0030030030030031E+07	9.9874376808693477E-01
3.0130130130130131E+07	9.9875478159855868E-01
3.0230230230230231E+07	9.9876467454531848E-01
3.0330330330330331E+07	9.9876474512490632E-01
3.0430430430430431E+07	9.9878871856009599E-01
3.0530530530530531E+07	9.9880177970463146E-01
3.0630630630630631E+07	9.9881344462056199E-01
3.0730730730730731E+07	9.9882447223493920E-01
3.0830830830830831E+07	9.9883624242181002E-01
3.0930930930930931E+07	9.9882975844007649E-01
3.1031031031031031E+07	9.9885842533135205E-01
3.1131131131131131E+07	9.9886882758265971E-01
3.1231231231231231E+07	9.9888134756394342E-01
3.1331331331331331E+07	9.9889077309182994E-01
3.1431431431431431E+07	9.9889881556243876E-01
3.1531531531531531E+07	9.9891044635855863E-01
3.1631631631631631E+07	9.9892328327323709E-01
3.1731731731731731E+07	9.9893534457225663E-01
3.1831831831831831E+07	9.9894866598571486E-01
3.1931931931931932E+07	9.9894420202341205E-01
3.2032032032032032E+07	9.9897089466142874E-01
3.2132132132132132E+07	9.9897996624318863E-01
3.2232232232232232E+07	9.9898539445622991E-01
3.2332332332332332E+07	9.9900107691579054E-01
3.2432432432432432E+07	9.9901508329422262E-01
3.2532532532532532E+07	9.9902355633747408E-01
3.2632632632632632E+07	9.9903861679739958E-01
3.2732732732732732E+07	9.9904759750105099E-01
3.2832832832832832E+07	9.9906126220715796E-01
3.2932932932932932E+07	9.9907302245697094E-01
3.3033033033033032E+07	9.9908448914172310E-01
3.3133133133133132E+07	9.9908401079240683E-01
3.3233233233233232E+07	9.9910732060770069E-01
3.3333333333333332E+07	9.9911926052679090E-01
3.3433433433433432E+07	9.9912630737064234E-01
3.3533533533533532E+07	9.9913797404666871E-01
3.3633633633633636E+07	9.9915107640321854E-01
3.3733733733733736E+07	9.9916546033513753E-01
3.3833833833833836E+07	9.9917472048495615E-01
3.3933933933933936E+07	9.9918836205294270E-01
3.4034034034034036E+07	9.9919645213858732E-01
3.4134134134134136E+07	9.9921138945257326E-01
3.4234234234234236E+07	9.9922243168746661E-01
3.4334334334334336E+07	9.9923224768591778E-01
3.4434434434434436E+07	9.9923354651531304E-01
3.4534534534534536E+07	9.9925023410589320E-01
3.4634634634634636E+07	9.9926806727115813E-01
3.4734734734734736E+07	9.9928122101269601E-01
3.4834834834834836E+07	9.9929547679410946E-01
3.4934934934934936E+07	9.9930736122999353E-01
3.5035035035035037E+07	9.9931865571351997E-01
3.5135135135135137E+07	9.9933133251849182E-01
3.5235235235235237E+07	9.9934221201359374E-01
3.5335335335335337E+07	9.9935274006928321E-01
3.5435435435435437E+07	9.9935937077754067E-01
3.5535535535535537E+07	9.9937046771505611E-01
3.5635635635635637E+07	9.9939120283232408E-01
3.5735735735735737E+07	9.9940690714852876E-01
3.5835835835835837E+07	9.9941507957951659E-01
3.5935935935935937E+07	9.9943010289696754E-01
3.6036036036036037E+07	9.9944426848965029E-01
3.6136136136136137E+07	9.9945605453932718E-01
3.6236236236236237E+07	9.9946588500022748E-01
3.6336336336336337E+07	9.9948286753713689E-01
3.6436436436436437E+07	9.9949443877686728E-01
3.6536536536536537E+07	9.9950935050265133E-01
3.6636636636636637E+07	9.9952029423693245E-01
3.6736736736736737E+07	9.9953231412539301E-01
3.6836836836836837E+07	9.9955056331891023E-01
3.6936936936936937E+07	9.9956205816877908E-01
3.7037037037037037E+07	9.9957689270058037E-01
3.7137137137137137E+07	9.9958534104033081E-01
3.7237237237237237E+07	9.9960771137265403E-01
3.7337337337337337E+07	9.9961920625110834E-01
3.7437437437437437E+07	9.9963609567891143E-01
3.7537537537537538E+07	9.9964919597438939E-01
3.7637637637637638E+07	9.9966240124527450E-01
3.7737737737737738E+07	9.9967984849057279E-01
3.7837837837837838E+07	9.9969493986610936E-01
3.7937937937937938E+07	9.9970804942853908E-01
3.8038038038038038E+07	9.9972088096485789E-01
3.8138138138138138E+07	9.9973968282719783E-01
3.8238238238238238E+07	9.9975524683472228E-01
3.8338338338338338E+07	9.9976815225591231E-01
3.8438438438438438E+07	9.9978516508843551E-01
3.8538538538538538E+07	9.9979286776390108E-01
3.8638638638638638E+07	9.9981529296877536E-01
3.8738738738738738E+07	9.9982836871540537E-01
3.8838838838838838E+07	9.9984332230957385E-01
3.8938938938938938E+07	9.9985952960643465E-01
3.9039039039039038E+07	9.9987418934544836E-01
3.9139139139139138E+07	9.9988986696779625E-01
3.9239239239239238E+07	9.9990765627687084E-01
3.9339339339339338E+07	9.9992599068013621E-01
3.9439439439439438E+07	9.9992573498163462E-01
3.9539539539539538E+07	9.9995737555870712E-01
3.9639639639639638E+07	9.9996944135121391E-01
3.9739739739739738E+07	9.9998786953066066E-01
3.9839839839839838E+07	1.0000042521863017E+00
3.9939939939939938E+07	1.0000177046481673E+00
4.0040040040040039E+07	1.0000371986529601E+00
4.0140140140140139E+07	1.0000501199185159E+00
4.0240240240240239E+07	1.0000698772058116E+00
4.0340340340340339E+07	1.0000834545751804E+00
4.0440440440440439E+07	1.0000956780392267E+00
4.0540540540540539E+07	1.0001201249569998E+00
4.0640640640640639E+07	1.0001371913038519E+00
4.0740740740740739E+07	1.0001516634925682E+00
4.0840840840840839E+07	1.0001540529866644E+00
4.0940940940940939E+07	1.0001871925943220E+00
4.1041041041041039E+07	1.0001998890891595E+00
4.1141141141141139E+07	1.0002208861253121E+00
4.1241241241241239E+07	1.0002363235343428E+00
4.1341341341341339E+07	1.0002475461072577E+00
4.1441441441441439E+07	1.0002720212978156E+00
4.1541541541541539E+07	1.0002865354898878E+00
4.1641641641641639E+07	1.0003064742923000E+00
4.1741741741741739E+07	1.0003112225776822E+00
4.1841841841841839E+07	1.0003378333129989E+00
4.1941941941941939E+07	1.0003602182028315E+00
4.2042042042042039E+07	1.0003656977866575E+00
4.2142142142142139E+07	1.0003945037663298E+00
4.2242242242242239E+07	1.0004091600366829E+00
4.2342342342342339E+07	1.0004168670977183E+00
4.2442442442442439E+07	1.0004492645751470E+00
4.2542542542542540E+07	1.0004660698217058E+00
4.2642642642642640E+07	1.0004869566206058E+00
4.2742742742742740E+07	1.0005043061657595E+00
4.2842842842842840E+07	1.0005194285240662E+00
4.2942942942942940E+07	1.0005412070947501E+00
4.3043043043043040E+07	1.0005596157461418E+00
4.3143143143143140E+07	1.0005663678055443E+00
4.3243243243243240E+07	1.0005801428340668E+00
4.3343343343343340E+07	1.0006125947487761E+00
4.3443443443443440E+07	1.0006316298046476E+00
4.3543543543543540E+07	1.0006534754897745E+00
4.3643643643643640E+07	1.0006693899395402E+00
4.3743743743743740E+07	1.0006885470324347E+00
4.3843843843843840E+07	1.0007088284711652E+00
4.3943943943943940E+07	1.0007287977700694E+00
4.4044044044044040E+07	1.0007460505048176E+00
4.4144144144144140E+07	1.0007663910244009E+00
4.4244244244244240E+07	1.0007891985576420E+00
4.4344344344344340E+07	1.0008098935938732E+00
4.4444444444444440E+07	1.0008253996120615E+00
4.4544544544544540E+07	1.0008501927497906E+00
4.4644644644644640E+07	1.0008635297318651E+00
4.4744744744744740E+07	1.0008894989628434E+00
4.4844844844844848E+07	1.0009016069533474E+00
4.4944944944944948E+07	1.0009299784847965E+00
4.5045045045045048E+07	1.0009490889278412E+00
4.5145145145145148E+07	1.0009677983779826E+00
4.5245245245245248E+07	1.0009895159774977E+00
4.5345345345345348E+07	1.0010142164464488E+00
4.5445445445445448E+07	1.0010311644789449E+00
4.5545545545545548E+07	1.0010527747527731E+00
4.5645645645645648E+07	1.0010783695269250E+00
4.5745745745745748E+07	1.0010959298838966E+00
4.5845845845845848E+07	1.0011203353896245E+00
4.5945945945945948E+07	1.0011399179321736E+00
4.6046046046046048E+07	1.0011662899411948E+00
4.6146146146146148E+07	1.0011868916298245E+00
4.6246246246246248E+07	1.0012113556917517E+00
4.6346346346346349E+07	1.0012345811832872E+00
4.6446446446446449E+07	1.0012542072447475E+00
4.6546546546546549E+07	1.0012772650424788E+00
4.6646646646646649E+07	1.0012994617119395E+00
4.6746746746746749E+07	1.0013248876684591E+00
4.6846846846846849E+07	1.0013466046023183E+00
4.6946946946946949E+07	1.0013724971068132E+00
4.7047047047047049E+07	1.0013903286205379E+00
4.7147147147147149E+07	1.0014170375103246E+00
4.7247247247247249E+07	1.0014436823105946E+00
4.7347347347347349E+07	1.0014667572372087E+00
4.7447447447447449E+07	1.0014885171068271E+00
4.7547547547547549E+07	1.0015114252147683E+00
4.7647647647647649E+07	1.0015393665693526E+00
4.7747747747747749E+07	1.0015614247171818E+00
4.7847847847847849E+07	1.0015848701690055E+00
4.7947947947947949E+07	1.0016110955740840E+00
4.8048048048048049E+07	1.0016255007253299E+00
4.8148148148148149E+07	1.0016582049373468E+00
4.8248248248248249E+07	1.0016825704410612E+00
4.8348348348348349E+07	1.0017099848590267E+00
4.8448448448448449E+07	1.0017324804019383E+00
4.8548548548548549E+07	1.0017505683104933E+00
4.8648648648648649E+07	1.0017792872446478E+00
4.8748748748748749E+07	1.0018101038097798E+00
4.8848848848848850E+07	1.0018311581147816E+00
4.8948948948948950E+07	1.0018608064811745E+00
4.9049049049049050E+07	1.0018849647734025E+00
4.9149149149149150E+07	1.0019106986746611E+00
4.9249249249249250E+07	1.0019334381066525E+00
4.9349349349349350E+07	1.0019595308662124E+00
4.9449449449449450E+07	1.0019863627473173E+00
4.9549549549549550E+07	1.0020097706511450E+00
4.9649649649649650E+07	1.0020392786146832E+00
4.9749749749749750E+07	1.0020628995276646E+00
4.9849849849849850E+07	1.0020917927444517E+00
4.9949949949949950E+07	1.0021187942192615E+00
5.0050050050050050E+07	1.0021395032783313E+00
5.0150150150150150E+07	1.0021585062232279E+00
5.0250250250250250E+07	1.0021944585566558E+00
5.0350350350350350E+07	1.0022143786745070E+00
5.0450450450450450E+07	1.0022459573521290E+00
5.0550550550550550E+07	1.0022767845345320E+00
5.0650650650650650E+07	1.0023043804227083E+00
5.0750750750750750E+07	1.0023270169084868E+00
5.0850850850850850E+07	1.0023527972290827E+00
5.0950950950950950E+07	1.0023688686164776E+00
5.1051051051051050E+07	1.0024117062603113E+00
5.1151151151151150E+07	1.0024241332108954E+00
5.1251251251251251E+07	1.0024634657441935E+00
5.1351351351351351E+07	1.0024918512159195E+00
5.1451451451451451E+07	1.0025196888157528E+00
5.1551551551551551E+07	1.0025362423518056E+00
5.1651651651651651E+07	1.0025721534670573E+00
5.1751751751751751E+07	1.0026053299935547E+00
5.1851851851851851E+07	1.0026345785627919E+00
5.1951951951951951E+07	1.0026649089778319E+00
5.2052052052052051E+07	1.0026890139146503E+00
5.2152152152152151E+07	1.0027187113275671E+00
5.2252252252252251E+07	1.0027489880664204E+00
5.2352352352352351E+07	1.0027772769951291E+00
5.2452452452452451E+07	1.0028094261019660E+00
5.2552552552552551E+07	1.0028387037457909E+00
5.2652652652652651E+07	1.0028644846853130E+00
5.2752752752752751E+07	1.0028937017908428E+00
5.2852852852852851E+07	1.0029240130873831E+00
5.2952952952952951E+07	1.0029575457156985E+00
5.3053053053053051E+07	1.0029836874878626E+00
5.3153153153153151E+07	1.0030149249243387E+00
5.3253253253253251E+07	1.0030479249235640E+00
5.3353353353353351E+07	1.0030739688582260E+00
5.3453453453453451E+07	1.0031055893065255E+00
5.3553553553553551E+07	1.0031355378356408E+00
5.3653653653653651E+07	1.0031706654927011E+00
5.3753753753753752E+07	1.0032000764823479E+00
5.3853853853853852E+07	1.0032167281044972E+00
5.3953953953953952E+07	1.0032656067705585E+00
5.4054054054054052E+07	1.0032950021264071E+00
5.4154154154154152E+07	1.0033276002505316E+00
5.4254254254254252E+07	1.0033601727141235E+00
5.4354354354354352E+07	1.0033928382711155E+00
5.4454454454454452E+07	1.0034254298655725E+00
5.4554554554554552E+07	1.0034576419665040E+00
5.4654654654654652E+07	1.0034880695696611E+00
5.4754754754754752E+07	1.0035209258021374E+00
5.4854854854854852E+07	1.0035569018108261E+00
5.4954954954954952E+07	1.0035805890359750E+00
5.5055055055055052E+07	1.0036236648499361E+00
5.5155155155155152E+07	1.0036562648102854E+00
5.5255255255255252E+07	1.0036918293046511E+00
5.5355355355355352E+07	1.0037187864523149E+00
5.5455455455455452E+07	1.0037578980496209E+00
5.5555555555555552E+07	1.0037913287534193E+00
5.5655655655655652E+07	1.0038252981561853E+00
5.5755755755755752E+07	1.0038531464797833E+00
5.5855855855855852E+07	1.0038895547166549E+00
5.5955955955955952E+07	1.0039151593238720E+00
5.6056056056056052E+07	1.0039602611917524E+00
5.6156156156156152E+07	1.0039944345921945E+00
5.6256256256256253E+07	1.0040299441145317E+00
5.6356356356356353E+07	1.0040648569486823E+00
5.6456456456456453E+07	1.0040989965688185E+00
5.6556556556556553E+07	1.0041297192241783E+00
5.6656656656656653E+07	1.0041663562427137E+00
5.6756756756756753E+07	1.0041996193057501E+00
5.6856856856856853E+07	1.0042370102072440E+00
5.6956956956956953E+07	1.0042692506005511E+00
5.7057057057057053E+07	1.0043063075572729E+00
5.7157157157157153E+07	1.0043391170386353E+00
5.7257257257257253E+07	1.0043630494366165E+00
5.7357357357357353E+07	1.0044132356270192E+00
5.7457457457457453E+07	1.0044331580257575E+00
5.7557557557557553E+07	1.0044798561363262E+00
5.7657657657657653E+07	1.0045177141226773E+00
5.7757757757757761E+07	1.0045537695331508E+00
5.7857857857857861E+07	1.0045939467990523E+00
5.7957957957957961E+07	1.0046277335774068E+00
5.8058058058058061E+07	1.0046571139290055E+00
5.8158158158158161E+07	1.0047062249768250E+00
5.8258258258258261E+07	1.0047462141283345E+00
5.8358358358358361E+07	1.0047781707382966E+00
5.8458458458458461E+07	1.0048279154574371E+00
5.8558558558558561E+07	1.0048709181786279E+00
5.8658658658658661E+07	1.0049075373368956E+00
5.8758758758758761E+07	1.0049555413391627E+00
5.8858858858858861E+07	1.0050048785902044E+00
5.8958958958958961E+07	1.0050453856199904E+00
5.9059059059059061E+07	1.0050917297503095E+00
5.9159159159159161E+07	1.0051331046785050E+00
5.9259259259259261E+07	1.0051742621481248E+00
5.9359359359359361E+07	1.0052129798145151E+00
5.9459459459459461E+07	1.0052508143532684E+00
5.9559559559559561E+07	1.0052886752636823E+00
5.9659659659659661E+07	1.0053266665022773E+00
5.9759759759759761E+07	1.0053619162469212E+00
5.9859859859859861E+07	1.0054015546214770E+00
5.9959959959959961E+07	1.0054385762232994E+00
6.0060060060060062E+07	1.0054827506503186E+00
6.0160160160160162E+07	1.0055228821593558E+00
6.0260260260260262E+07	1.0055650902033304E+00
6.0360360360360362E+07	1.0056069649826342E+00
6.0460460460460462E+07	1.0056437449180253E+00
6.0560560560560562E+07	1.0056868457241985E+00
6.0660660660660662E+07	1.0057300560227798E+00
6.0760760760760762E+07	1.0057730873013520E+00
6.0860860860860862E+07	1.0058136850844208E+00
6.0960960960960962E+07	1.0058561909042194E+00
6.1061061061061062E+07	1.0058976331937128E+00
6.1161161161161162E+07	1.0059365626729566E+00
6.1261261261261262E+07	1.0059726879033537E+00
6.1361361361361362E+07	1.0060129361019514E+00
6.1461461461461462E+07	1.0060519912032686E+00
6.1561561561561562E+07	1.0060927005089704E+00
6.1661661661661662E+07	1.0061365064379841E+00
6.1761761761761762E+07	1.0061773090141966E+00
6.1861861861861862E+07	1.0062149890946317E+00
6.1961961961961962E+07	1.0062611828785666E+00
6.2062062062062062E+07	1.0063031895908059E+00
6.2162162162162162E+07	1.0063406112876854E+00
6.2262262262262262E+07	1.0063812535849237E+00
6.2362362362362362E+07	1.0064233637099997E+00
6.2462462462462462E+07	1.0064646426079000E+00
6.2562562562562563E+07	1.0065106802611217E+00
6.2662662662662663E+07	1.0065534349696199E+00
6.2762762762762763E+07	1.0065961050958825E+00
6.2862862862862863E+07	1.0066352690691458E+00
6.2962962962962963E+07	1.0066778317878482E+00
6.3063063063063063E+07	1.0067247308861385E+00
6.3163163163163163E+07	1.0067655097768091E+00
6.3263263263263263E+07	1.0068099432135988E+00
6.3363363363363363E+07	1.0068588456714442E+00
6.3463463463463463E+07	1.0068990388274131E+00
6.3563563563563563E+07	1.0069485704412862E+00
6.3663663663663663E+07	1.0069891998854692E+00
6.3763763763763763E+07	1.0070397589201709E+00
6.3863863863863863E+07	1.0070805505328460E+00
6.3963963963963963E+07	1.0071141880725971E+00
6.4064064064064063E+07	1.0071753618996540E+00
6.4164164164164163E+07	1.0072210556667964E+00
6.4264264264264263E+07	1.0072667638860708E+00
6.4364364364364363E+07	1.0073124375632296E+00
6.4464464464464463E+07	1.0073611904511457E+00
6.4564564564564563E+07	1.0074100693015065E+00
6.4664664664664663E+07	1.0074563998855086E+00
6.4764764764764763E+07	1.0075015763358826E+00
6.4864864864864863E+07	1.0075389429804440E+00
6.4964964964964963E+07	1.0076003647901859E+00
6.5065065065065064E+07	1.0076462205938286E+00
6.5165165165165164E+07	1.0076944451674450E+00
6.5265265265265264E+07	1.0077428758956020E+00
6.5365365365365364E+07	1.0077949051768578E+00
6.5465465465465464E+07	1.0078434095821935E+00
6.5565565565565564E+07	1.0078957089825362E+00
6.5665665665665664E+07	1.0079444876242538E+00
6.5765765765765764E+07	1.0079984881392563E+00
6.5865865865865864E+07	1.0080481502884953E+00
6.5965965965965964E+07	1.0080984377972699E+00
6.6066066066066064E+07	1.0081519180529896E+00
6.6166166166166164E+07	1.0082033512421991E+00
6.6266266266266264E+07	1.0082559544731025E+00
6.6366366366366364E+07	1.0083041300846292E+00
6.6466466466466464E+07	1.0083563644285867E+00
6.6566566566566564E+07	1.0084075699692401E+00
6.6666666666666664E+07	1.0084640798501092E+00
6.6766766766766764E+07	1.0085132243772021E+00
6.6866866866866864E+07	1.0085675295085801E+00
6.6966966966966964E+07	1.0086236676963565E+00
6.7067067067067064E+07	1.0086765283700556E+00
6.7167167167167172E+07	1.0087319060736148E+00
6.7267267267267272E+07	1.0087851839413660E+00
6.7367367367367372E+07	1.0088393657045822E+00
6.7467467467467472E+07	1.0088941549345676E+00
6.7567567567567572E+07	1.0089509709263982E+00
6.7667667667667672E+07	1.0090056879122236E+00
6.7767767767767772E+07	1.0090630266377258E+00
6.7867867867867872E+07	1.0091046017122391E+00
6.7967967967967972E+07	1.0091744087150343E+00
6.8068068068068072E+07	1.0092343886755724E+00
6.8168168168168172E+07	1.0092919253819472E+00
6.8268268268268272E+07	1.0093468524732154E+00
6.8368368368368372E+07	1.0094051962108399E+00
6.8468468468468472E+07	1.0094718936382654E+00
6.8568568568568572E+07	1.0095226699295330E+00
6.8668668668668672E+07	1.0095988463798919E+00
6.8768768768768772E+07	1.0096623698835818E+00
6.8868868868868873E+07	1.0097281307988997E+00
6.8968968968968973E+07	1.0097946524370756E+00
6.9069069069069073E+07	1.0098592208233368E+00
6.9169169169169173E+07	1.0099171974517951E+00
6.9269269269269273E+07	1.0099801636107364E+00
6.9369369369369373E+07	1.0100450656375297E+00
6.9469469469469473E+07	1.0101110255243235E+00
6.9569569569569573E+07	1.0101759221383406E+00
6.9669669669669673E+07	1.0102446744870091E+00
6.9769769769769773E+07	1.0103202296934852E+00
6.9869869869869873E+07	1.0103903317148650E+00
6.9969969969969973E+07	1.0104497507065175E+00
7.0070070070070073E+07	1.0105240839410270E+00
7.0170170170170173E+07	1.0105994317679072E+00
7.0270270270270273E+07	1.0106727962063342E+00
7.0370370370370373E+07	1.0107537383190792E+00
7.0470470470470473E+07	1.0108274694048189E+00
7.0570570570570573E+07	1.0108984456041732E+00
7.0670670670670673E+07	1.0109646029639547E+00
7.0770770770770773E+07	1.0110330086290100E+00
7.0870870870870873E+07	1.0111072668108552E+00
7.0970970970970973E+07	1.0111830046219576E+00
7.1071071071071073E+07	1.0112477129584723E+00
7.1171171171171173E+07	1.0113405144074386E+00
7.1271271271271273E+07	1.0114022916809424E+00
7.1371371371371374E+07	1.0114790936242606E+00
7.1471471471471474E+07	1.0115532580546958E+00
7.1571571571571574E+07	1.0116220514372680E+00
7.1671671671671674E+07	1.0116802129931506E+00
7.1771771771771774E+07	1.0117707790787038E+00
7.1871871871871874E+07	1.0118496212678501E+00
7.1971971971971974E+07	1.0119216338167116E+00
7.2072072072072074E+07	1.0119931790465808E+00
7.2172172172172174E+07	1.0120697849349745E+00
7.2272272272272274E+07	1.0121443529240421E+00
7.2372372372372374E+07	1.0122235768483532E+00
7.2472472472472474E+07	1.0122916514945255E+00
7.2572572572572574E+07	1.0123834154161400E+00
7.2672672672672674E+07	1.0124545399423532E+00
7.2772772772772774E+07	1.0125349721649484E+00
7.2872872872872874E+07	1.0126137942085289E+00
7.2972972972972974E+07	1.0126934692637031E+00
7.3073073073073074E+07	1.0127738924697613E+00
7.3173173173173174E+07	1.0128558718755249E+00
7.3273273273273274E+07	1.0129328070339774E+00
7.3373373373373374E+07	1.0130210518833871E+00
7.3473473473473474E+07	1.0130988570675530E+00
7.3573573573573574E+07	1.0131815469910592E+00
7.3673673673673674E+07	1.0132654007329476E+00
7.3773773773773775E+07	1.0133526208219401E+00
7.3873873873873875E+07	1.0134436175423154E+00
7.3973973973973975E+07	1.0135356848592612E+00
7.4074074074074075E+07	1.0136216369430167E+00
7.4174174174174175E+07	1.0137109549734351E+00
7.4274274274274275E+07	1.0137969402882323E+00
7.4374374374374375E+07	1.0138761098237374E+00
7.4474474474474475E+07	1.0139712280151432E+00
7.4574574574574575E+07	1.0140642438542016E+00
7.4674674674674675E+07	1.0141532989049753E+00
7.4774774774774775E+07	1.0142466856096930E+00
7.4874874874874875E+07	1.0143367076017415E+00
7.4974974974974975E+07	1.0144166043459149E+00
7.5075075075075075E+07	1.0145237856893834E+00
7.5175175175175175E+07	1.0146036815108905E+00
7.5275275275275275E+07	1.0147088409307614E+00
7.5375375375375375E+07	1.0148048108472025E+00
7.5475475475475475E+07	1.0149023951763834E+00
7.5575575575575575E+07	1.0149896509852459E+00
7.5675675675675675E+07	1.0150971478367627E+00
7.5775775775775775E+07	1.0152008739776932E+00
7.5875875875875875E+07	1.0152976136384217E+00
7.5975975975975975E+07	1.0154006011264349E+00
7.6076076076076075E+07	1.0155039349396433E+00
7.6176176176176175E+07	1.0156067083615152E+00
7.6276276276276276E+07	1.0157165829190724E+00
7.6376376376376376E+07	1.0158243021637137E+00
7.6476476476476476E+07	1.0159345232293546E+00
7.6576576576576576E+07	1.0160369816749668E+00
7.6676676676676676E+07	1.0161448511656148E+00
7.6776776776776776E+07	1.0162558361405634E+00
7.6876876876876876E+07	1.0163654086713969E+00
7.6976976976976976E+07	1.0164721557240111E+00
7.7077077077077076E+07	1.0165890135517850E+00
7.7177177177177176E+07	1.0166980812948836E+00
7.7277277277277276E+07	1.0168140554763916E+00
7.7377377377377376E+07	1.0169268238015932E+00
7.7477477477477476E+07	1.0170439856550977E+00
7.7577577577577576E+07	1.0171465422553407E+00
7.7677677677677676E+07	1.0172742776155987E+00
7.7777777777777776E+07	1.0173865597845020E+00
7.7877877877877876E+07	1.0175252934141268E+00
7.7977977977977976E+07	1.0176515110291029E+00
7.8078078078078076E+07	1.0177737514860170E+00
7.8178178178178176E+07	1.0178990268707373E+00
7.8278278278278276E+07	1.0180114289821576E+00
7.8378378378378376E+07	1.0181488909652361E+00
7.8478478478478476E+07	1.0182733111640556E+00
7.8578578578578576E+07	1.0184028838617101E+00
7.8678678678678676E+07	1.0185292396889174E+00
7.8778778778778777E+07	1.0186653818133153E+00
7.8878878878878877E+07	1.0188009881571387E+00
7.8978978978978977E+07	1.0189366628702965E+00
7.9079079079079077E+07	1.0190720427685123E+00
7.9179179179179177E+07	1.0192095358513547E+00
7.9279279279279277E+07	1.0193451405206446E+00
7.9379379379379377E+07	1.0194842608354600E+00
7.9479479479479477E+07	1.0196249661967276E+00
7.9579579579579577E+07	1.0197642381339558E+00
7.9679679679679677E+07	1.0199023950498536E+00
7.9779779779779777E+07	1.0200471603603047E+00
7.9879879879879877E+07	1.0201924427729239E+00
7.9979979979979977E+07	1.0203405661181491E+00
8.0080080080080077E+07	1.0204910683036799E+00
8.0180180180180177E+07	1.0206402601004878E+00
8.0280280280280277E+07	1.0207893556480065E+00
8.0380380380380377E+07	1.0209452214423931E+00
8.0480480480480477E+07	1.0210988290089358E+00
8.0580580580580577E+07	1.0212571750488837E+00
8.0680680680680677E+07	1.0214197054030638E+00
8.0780780780780777E+07	1.0215861516370888E+00
8.0880880880880877E+07	1.0217442437961757E+00
8.0980980980980977E+07	1.0219148803856077E+00
8.1081081081081077E+07	1.0220742394703395E+00
8.1181181181181177E+07	1.0222424905775214E+00
8.1281281281281278E+07	1.0224133819114369E+00
8.1381381381381378E+07	1.0225804285902178E+00
8.1481481481481478E+07	1.0227403715000463E+00
8.1581581581581578E+07	1.0229314536003502E+00
8.1681681681681678E+07	1.0231085654727301E+00
8.1781781781781778E+07	1.0232866729073158E+00
8.1881881881881878E+07	1.0234619716995152E+00
8.1981981981981978E+07	1.0236550918952618E+00
8.2082082082082078E+07	1.0238397436301081E+00
8.2182182182182178E+07	1.0240288108112621E+00
8.2282282282282278E+07	1.0242243816193610E+00
8.2382382382382378E+07	1.0244161819813307E+00
8.2482482482482478E+07	1.0246140426287229E+00
8.2582582582582578E+07	1.0248061710380199E+00
8.2682682682682678E+07	1.0249963001275091E+00
8.2782782782782778E+07	1.0252047186627171E+00
8.2882882882882878E+07	1.0254033394774760E+00
8.2982982982982978E+07	1.0256177810470430E+00
8.3083083083083078E+07	1.0258308086620362E+00
8.3183183183183178E+07	1.0260422103565481E+00
8.3283283283283278E+07	1.0262581446346051E+00
8.3383383383383378E+07	1.0264650151562178E+00
8.3483483483483478E+07	1.0266923232244138E+00
8.3583583583583578E+07	1.0269158769440219E+00
8.3683683683683679E+07	1.0271468277900211E+00
8.3783783783783779E+07	1.0273738106176542E+00
8.3883883883883879E+07	1.0276013384583942E+00
8.3983983983983979E+07	1.0278421670294267E+00
8.4084084084084079E+07	1.0280810299035841E+00
8.4184184184184179E+07	1.0283240633304631E+00
8.4284284284284279E+07	1.0285649971433248E+00
8.4384384384384379E+07	1.0288039761009724E+00
8.4484484484484479E+07	1.0290690823285051E+00
8.4584584584584579E+07	1.0293230062185581E+00
8.4684684684684679E+07	1.0295856055500106E+00
8.4784784784784779E+07	1.0298442530040639E+00
8.4884884884884879E+07	1.0301125962349291E+00
8.4984984984984979E+07	1.0303881232155476E+00
8.5085085085085079E+07	1.0306513050386665E+00
8.5185185185185179E+07	1.0309394554920306E+00
8.5285285285285279E+07	1.0312228364322578E+00
8.5385385385385379E+07	1.0315045267605718E+00
8.5485485485485479E+07	1.0317896636137867E+00
8.5585585585585579E+07	1.0320920053134377E+00
8.5685685685685679E+07	1.0323725705876599E+00
8.5785785785785779E+07	1.0326887445609725E+00
8.5885885885885879E+07	1.0329975868878536E+00
8.5985985985985979E+07	1.0333151910242000E+00
8.6086086086086079E+07	1.0336428224225724E+00
8.6186186186186180E+07	1.0339753637450042E+00
8.6286286286286280E+07	1.0342931204103925E+00
8.6386386386386380E+07	1.0346449214331022E+00
8.6486486486486480E+07	1.0349937332977899E+00
8.6586586586586580E+07	1.0353475431126677E+00
8.6686686686686680E+07	1.0357055655308669E+00
8.6786786786786780E+07	1.0360720904430649E+00
8.6886886886886880E+07	1.0364326733177935E+00
8.6986986986986980E+07	1.0368033573808277E+00
8.7087087087087080E+07	1.0371689127125652E+00
8.7187187187187180E+07	1.0375507738005401E+00
8.7287287287287280E+07	1.0379318379187492E+00
8.7387387387387380E+07	1.0383235895410914E+00
8.7487487487487480E+07	1.0387245484643064E+00
8.7587587587587580E+07	1.0391228368905812E+00
8.7687687687687680E+07	1.0395265697463731E+00
8.7787787787787780E+07	1.0399370898059037E+00
8.7887887887887880E+07	1.0403619204798551E+00
8.7987987987987980E+07	1.0407902225332786E+00
8.8088088088088080E+07	1.0412248293921578E+00
8.8188188188188180E+07	1.0416712474307173E+00
8.8288288288288280E+07	1.0421216045870494E+00
8.8388388388388380E+07	1.0425755882518657E+00
8.8488488488488480E+07	1.0430490551759033E+00
8.8588588588588580E+07	1.0435350259650298E+00
8.8688688688688681E+07	1.0440187247487238E+00
8.8788788788788781E+07	1.0445174023219006E+00
8.8888888888888881E+07	1.0450245472396191E+00
8.8988988988988981E+07	1.0455373219754771E+00
8.9089089089089081E+07	1.0460654095319870E+00
8.9189189189189181E+07	1.0465955484983251E+00
8.9289289289289281E+07	1.0471234963798564E+00
8.9389389389389381E+07	1.0476964367789841E+00
8.9489489489489481E+07	1.0482462496243965E+00
8.9589589589589581E+07	1.0488084005259606E+00
8.9689689689689696E+07	1.0493869654837036E+00
8.9789789789789796E+07	1.0499857150668446E+00
8.9889889889889896E+07	1.0505855199037752E+00
8.9989989989989996E+07	1.0511890385073532E+00
9.0090090090090096E+07	1.0518213887278955E+00
9.0190190190190196E+07	1.0524609621754726E+00
9.0290290290290296E+07	1.0531071287502121E+00
9.0390390390390396E+07	1.0537665643655665E+00
9.0490490490490496E+07	1.0544473432293564E+00
9.0590590590590596E+07	1.0551262763140219E+00
9.0690690690690696E+07	1.0558251968413783E+00
9.0790790790790796E+07	1.0565357416819072E+00
9.0890890890890896E+07	1.0572655575481071E+00
9.0990990990990996E+07	1.0580168748458956E+00
9.1091091091091096E+07	1.0587771392670053E+00
9.1191191191191196E+07	1.0595312044615461E+00
9.1291291291291296E+07	1.0603073095503905E+00
9.1391391391391397E+07	1.0611067818782003E+00
9.1491491491491497E+07	1.0619250076695981E+00
9.1591591591591597E+07	1.0627526882227467E+00
9.1691691691691697E+07	1.0636207094343841E+00
9.1791791791791797E+07	1.0644986782075718E+00
9.1891891891891897E+07	1.0654171954532887E+00
9.1991991991991997E+07	1.0663517707324761E+00
9.2092092092092097E+07	1.0673006306527411E+00
9.2192192192192197E+07	1.0682590093366979E+00
9.2292292292292297E+07	1.0692683601049970E+00
9.2392392392392397E+07	1.0702909029496410E+00
9.2492492492492497E+07	1.0713529196565024E+00
9.2592592592592597E+07	1.0724391279247016E+00
9.2692692692692697E+07	1.0735500077292530E+00
9.2792792792792797E+07	1.0746729124853880E+00
9.2892892892892897E+07	1.0758726687621969E+00
9.2992992992992997E+07	1.0770627350066679E+00
9.3093093093093097E+07	1.0782934081488338E+00
9.3193193193193197E+07	1.0795513413373821E+00
9.3293293293293297E+07	1.0808835921341016E+00
9.3393393393393397E+07	1.0822570376309757E+00
9.3493493493493497E+07	1.0836489331070998E+00
9.3593593593593597E+07	1.0850633106129322E+00
9.3693693693693697E+07	1.0865670892306956E+00
9.3793793793793797E+07	1.0880422666046192E+00
9.3893893893893898E+07	1.0896209287342018E+00
9.3993993993993998E+07	1.0912499161234253E+00
9.4094094094094098E+07	1.0928898673710383E+00
9.4194194194194198E+07	1.0946543206932586E+00
9.4294294294294298E+07	1.0964664492421241E+00
9.4394394394394398E+07	1.0982840253337540E+00
9.4494494494494498E+07	1.1002515796275378E+00
9.4594594594594598E+07	1.1022892423692452E+00
9.4694694694694698E+07	1.1043318701680813E+00
9.4794794794794798E+07	1.1064609656178290E+00
9.4894894894894898E+07	1.1086677799177156E+00
9.4994994994994998E+07	1.1108811029262800E+00
9.5095095095095098E+07	1.1131971559391072E+00
9.5195195195195198E+07	1.1156480254638028E+00
9.5295295295295298E+07	1.1181784166725022E+00
9.5395395395395398E+07	1.1208812718142607E+00
9.5495495495495498E+07	1.1237150643891889E+00
9.5595595595595598E+07	1.1265830926053080E+00
9.5695695695695698E+07	1.1295845593967440E+00
9.5795795795795798E+07	1.1326338737404644E+00
9.5895895895895898E+07	1.1358361942360415E+00
9.5995995995995998E+07	1.1392143542681648E+00
9.6096096096096098E+07	1.1427855682341745E+00
9.6196196196196198E+07	1.1464259444594485E+00
9.6296296296296299E+07	1.1503613200075054E+00
9.6396396396396399E+07	1.1544197342234559E+00
9.6496496496496499E+07	1.1586268774928563E+00
9.6596596596596599E+07	1.1630687015360224E+00
9.6696696696696699E+07	1.1678078658143618E+00
9.6796796796796799E+07	1.1728119694690109E+00
9.6896896896896899E+07	1.1779823997825800E+00
9.6996996996996999E+07	1.1835157766370941E+00
9.7097097097097099E+07	1.1893530947515665E+00
9.7197197197197199E+07	1.1954800447443730E+00
9.7297297297297299E+07	1.2020805634384653E+00
9.7397397397397399E+07	1.2088034425663701E+00
9.7497497497497499E+07	1.2160349031731947E+00
9.7597597597597599E+07	1.2237136988903847E+00
9.7697697697697699E+07	1.2321020043124007E+00
9.7797797797797799E+07	1.2412183519280733E+00
9.7897897897897899E+07	1.2505656948996364E+00
9.7997997997997999E+07	1.2610696857712793E+00
9.8098098098098099E+07	1.2725531275471758E+00
9.8198198198198199E+07	1.2841996855718740E+00
9.8298298298298299E+07	1.2963553372098509E+00
9.8398398398398399E+07	1.3089556913960447E+00
9.8498498498498499E+07	1.3243910034251998E+00
9.8598598598598599E+07	1.3417432013572146E+00
9.8698698698698699E+07	1.3598459314763596E+00
9.8798798798798800E+07	1.3798383182471932E+00
9.8898898898898900E+07	1.3946015013894670E+00
9.8998998998999000E+07	1.4197520473315213E+00
9.9099099099099100E+07	1.4478400807467016E+00
9.9199199199199200E+07	1.4772804176799705E+00
9.9299299299299300E+07	1.5149986168987317E+00
9.9399399399399400E+07	1.5519862864932474E+00
9.9499499499499500E+07	1.6052287940237588E+00
9.9599599599599600E+07	1.6510659495453388E+00
9.9699699699699700E+07	1.7088644243667017E+00
9.9799799799799800E+07	1.7084934979322408E+00
9.9899899899899900E+07	1.7087592244818526E+00
1.0000000000000000E+08	1.7089220530202600E+00
