0.0000000000000000E+00	8.6465524260646631E-01
5.0050050050050049E+03	8.6452272539395725E-01
1.0010010010010010E+04	8.6438995505395999E-01
1.5015015015015015E+04	8.6425693007285509E-01
2.0020020020020020E+04	8.6412364977901845E-01
2.5025025025025025E+04	8.6399011310473040E-01
3.0030030030030030E+04	8.6385631871880209E-01
3.5035035035035035E+04	8.6372226483166548E-01
4.0040040040040039E+04	8.6358794865744992E-01
4.5045045045045044E+04	8.6345336825046393E-01
5.0050050050050049E+04	8.6331852967411971E-01
5.5055055055055054E+04	8.6318344280379533E-01
6.0060060060060059E+04	8.6304811045466900E-01
6.5065065065065064E+04	8.6291252475925384E-01
7.0070070070070069E+04	8.6277667773382127E-01
7.5075075075075074E+04	8.6264056514313314E-01
8.0080080080080079E+04	8.6250418411363605E-01
8.5085085085085084E+04	8.6236753606888561E-01
9.0090090090090089E+04	8.6223062633750014E-01
9.5095095095095094E+04	8.6209345765621526E-01
1.0010010010010010E+05	8.6195602575086272E-01
1.0510510510510510E+05	8.6181832589167096E-01
1.1011011011011011E+05	8.6168035854147784E-01
1.1511511511511511E+05	8.6154212649710016E-01
1.2012012012012012E+05	8.6140362720864638E-01
1.2512512512512512E+05	8.6126485136948427E-01
1.3013013013013013E+05	8.6112579128815558E-01
1.3513513513513515E+05	8.6098644636681976E-01
1.4014014014014014E+05	8.6084681790921858E-01
1.4514514514514513E+05	8.6070691116780484E-01
1.5015015015015015E+05	8.6056673376719761E-01
1.5515515515515517E+05	8.6042629115323077E-01
1.6016016016016016E+05	8.6028558539943079E-01
1.6516516516516515E+05	8.6014461711576229E-01
1.7017017017017017E+05	8.6000338229259610E-01
1.7517517517517519E+05	8.5986187559100147E-01
1.8018018018018018E+05	8.5972008950375456E-01
1.8518518518518517E+05	8.5957801526930822E-01
1.9019019019019019E+05	8.5943564779360826E-01
1.9519519519519521E+05	8.5929298719122915E-01
2.0020020020020020E+05	8.5915003479299512E-01
2.0520520520520519E+05	8.5900679471630925E-01
2.1021021021021021E+05	8.5886327142505747E-01
2.1521521521521523E+05	8.5871946727430160E-01
2.2022022022022022E+05	8.5857538340644479E-01
2.2522522522522521E+05	8.5843101727882443E-01
2.3023023023023023E+05	8.5828636222838917E-01
2.3523523523523525E+05	8.5814141374719666E-01
2.4024024024024024E+05	8.5799617315958976E-01
2.4524524524524523E+05	8.5785064203591521E-01
2.5025025025025025E+05	8.5770481831599632E-01
2.5525525525525527E+05	8.5755869894303061E-01
2.6026026026026026E+05	8.5741245121472021E-01
2.6526526526526525E+05	8.5726574766205155E-01
2.7027027027027030E+05	8.5711875325024833E-01
2.7527527527527529E+05	8.5697145814231968E-01
2.8028028028028028E+05	8.5682385398448435E-01
2.8528528528528527E+05	8.5667593989169388E-01
2.9029029029029026E+05	8.5652771654253157E-01
2.9529529529529531E+05	8.5637918471200059E-01
3.0030030030030030E+05	8.5623034531265396E-01
3.0530530530530529E+05	8.5608120117003117E-01
3.1031031031031033E+05	8.5593175692259005E-01
3.1531531531531533E+05	8.5578201951229327E-01
3.2032032032032032E+05	8.5563200000036888E-01
3.2532532532532531E+05	8.5548170507483168E-01
3.3033033033033030E+05	8.5533112395648681E-01
3.3533533533533535E+05	8.5518024288885053E-01
3.4034034034034034E+05	8.5502905520810424E-01
3.4534534534534533E+05	8.5487755742315830E-01
3.5035035035035037E+05	8.5472574689759195E-01
3.5535535535535536E+05	8.5457362169891271E-01
3.6036036036036036E+05	8.5442118142888768E-01
3.6536536536536535E+05	8.5426842781941648E-01
3.7037037037037034E+05	8.5411536417067890E-01
3.7537537537537538E+05	8.5396199728163780E-01
3.8038038038038037E+05	8.5380833077031071E-01
3.8538538538538537E+05	8.5365435173576454E-01
3.9039039039039041E+05	8.5350004470415652E-01
3.9539539539539540E+05	8.5334541060905877E-01
4.0040040040040039E+05	8.5319045794860904E-01
4.0540540540540538E+05	8.5303518848828475E-01
4.1041041041041038E+05	8.5287959862664264E-01
4.1541541541541542E+05	8.5272368946177068E-01
4.2042042042042041E+05	8.5256746839403641E-01
4.2542542542542540E+05	8.5241094071261325E-01
4.3043043043043045E+05	8.5225410650841182E-01
4.3543543543543544E+05	8.5209696299350601E-01
4.4044044044044043E+05	8.5193950020242326E-01
4.4544544544544542E+05	8.5178170833456790E-01
4.5045045045045041E+05	8.5162358555684048E-01
4.5545545545545546E+05	8.5146513252917766E-01
4.6046046046046045E+05	8.5130635003128297E-01
4.6546546546546544E+05	8.5114723875574827E-01
4.7047047047047049E+05	8.5098779762664967E-01
4.7547547547547548E+05	8.5082802427785209E-01
4.8048048048048047E+05	8.5066791431156286E-01
4.8548548548548546E+05	8.5050746154492229E-01
4.9049049049049045E+05	8.5034666508139234E-01
4.9549549549549550E+05	8.5018553115161033E-01
5.0050050050050049E+05	8.5002406430555566E-01
5.0550550550550548E+05	8.4986226506407381E-01
5.1051051051051053E+05	8.4970013324678106E-01
5.1551551551551552E+05	8.4953766800078800E-01
5.2052052052052051E+05	8.4937486609504265E-01
5.2552552552552556E+05	8.4921171645205928E-01
5.3053053053053049E+05	8.4904821010216935E-01
5.3553553553553554E+05	8.4888435588825317E-01
5.4054054054054059E+05	8.4872016626683355E-01
5.4554554554554552E+05	8.4855564371597070E-01
5.5055055055055057E+05	8.4839078702704684E-01
5.5555555555555550E+05	8.4822559619388838E-01
5.6056056056056055E+05	8.4806007153491747E-01
5.6556556556556560E+05	8.4789421076481142E-01
5.7057057057057053E+05	8.4772800991316677E-01
5.7557557557557558E+05	8.4756146282307954E-01
5.8058058058058051E+05	8.4739456227764165E-01
5.8558558558558556E+05	8.4722730692216586E-01
5.9059059059059061E+05	8.4705969978701767E-01
5.9559559559559554E+05	8.4689174225926178E-01
6.0060060060060059E+05	8.4672343411130480E-01
6.0560560560560564E+05	8.4655477245855115E-01
6.1061061061061057E+05	8.4638575213395895E-01
6.1561561561561562E+05	8.4621637068991229E-01
6.2062062062062067E+05	8.4604662846847334E-01
6.2562562562562560E+05	8.4587652623254173E-01
6.3063063063063065E+05	8.4570606470866350E-01
6.3563563563563558E+05	8.4553523498337646E-01
6.4064064064064063E+05	8.4536401791124993E-01
6.4564564564564568E+05	8.4519240476314139E-01
6.5065065065065061E+05	8.4502039974151755E-01
6.5565565565565566E+05	8.4484801576217550E-01
6.6066066066066059E+05	8.4467527514314478E-01
6.6566566566566564E+05	8.4450218629120899E-01
6.7067067067067069E+05	8.4432873936051789E-01
6.7567567567567562E+05	8.4415492381282387E-01
6.8068068068068067E+05	8.4398072991101369E-01
6.8568568568568572E+05	8.4380615527239555E-01
6.9069069069069065E+05	8.4363120651019163E-01
6.9569569569569570E+05	8.4345588554954132E-01
7.0070070070070075E+05	8.4328018793053183E-01
7.0570570570570568E+05	8.4310410902483501E-01
7.1071071071071073E+05	8.4292764447179336E-01
7.1571571571571566E+05	8.4275079037498513E-01
7.2072072072072071E+05	8.4257354332667456E-01
7.2572572572572576E+05	8.4239589983182872E-01
7.3073073073073069E+05	8.4221785664223692E-01
7.3573573573573574E+05	8.4203941836854868E-01
7.4074074074074067E+05	8.4186059668557811E-01
7.4574574574574572E+05	8.4168139326744074E-01
7.5075075075075077E+05	8.4150180070172986E-01
7.5575575575575570E+05	8.4132181344754875E-01
7.6076076076076075E+05	8.4114142807007852E-01
7.6576576576576580E+05	8.4096064563282136E-01
7.7077077077077073E+05	8.4077947144777943E-01
7.7577577577577578E+05	8.4059792250798815E-01
7.8078078078078083E+05	8.4041601311684477E-01
7.8578578578578576E+05	8.4023366594072424E-01
7.9079079079079081E+05	8.4005091368361118E-01
7.9579579579579574E+05	8.3986872575883409E-01
8.0080080080080079E+05	8.3968769338904714E-01
8.0580580580580584E+05	8.3950751739442697E-01
8.1081081081081077E+05	8.3932811461792345E-01
8.1581581581581582E+05	8.3914915324398154E-01
8.2082082082082075E+05	8.3896927728667103E-01
8.2582582582582580E+05	8.3878788980293306E-01
8.3083083083083085E+05	8.3860500842359842E-01
8.3583583583583578E+05	8.3842078155099287E-01
8.4084084084084083E+05	8.3823527633006623E-01
8.4584584584584588E+05	8.3804846827451795E-01
8.5085085085085081E+05	8.3786062240570358E-01
8.5585585585585586E+05	8.3767209740619797E-01
8.6086086086086091E+05	8.3748304160945608E-01
8.6586586586586584E+05	8.3729354517480270E-01
8.7087087087087089E+05	8.3710369509352833E-01
8.7587587587587582E+05	8.3691353816384073E-01
8.8088088088088087E+05	8.3672304442079615E-01
8.8588588588588592E+05	8.3653218215339620E-01
8.9089089089089085E+05	8.3634092998468146E-01
8.9589589589589590E+05	8.3614928622743978E-01
9.0090090090090083E+05	8.3595726355933186E-01
9.0590590590590588E+05	8.3576484891578973E-01
9.1091091091091093E+05	8.3557201558012728E-01
9.1591591591591586E+05	8.3537874640061438E-01
9.2092092092092091E+05	8.3518503079483952E-01
9.2592592592592596E+05	8.3499086901323938E-01
9.3093093093093089E+05	8.3479626578024690E-01
9.3593593593593594E+05	8.3460123024882560E-01
9.4094094094094099E+05	8.3440576599983174E-01
9.4594594594594592E+05	8.3420986795248764E-01
9.5095095095095097E+05	8.3401353386581945E-01
9.5595595595595590E+05	8.3381676411602912E-01
9.6096096096096095E+05	8.3361955341753080E-01
9.6596596596596600E+05	8.3342189402095346E-01
9.7097097097097093E+05	8.3322378270659148E-01
9.7597597597597598E+05	8.3302521956903208E-01
9.8098098098098091E+05	8.3282621029500581E-01
9.8598598598598596E+05	8.3262676220019172E-01
9.9099099099099101E+05	8.3242688322305125E-01
9.9599599599599594E+05	8.3222657209372308E-01
1.0010010010010010E+06	8.3202581783563767E-01
1.0060060060060060E+06	8.3182461551790843E-01
1.0110110110110110E+06	8.3162296326759055E-01
1.0160160160160160E+06	8.3142085274175348E-01
1.0210210210210211E+06	8.3121828055041169E-01
1.0260260260260260E+06	8.3101526432716932E-01
1.0310310310310310E+06	8.3081180628055251E-01
1.0360360360360360E+06	8.3060788000965535E-01
1.0410410410410410E+06	8.3040347920560142E-01
1.0460460460460461E+06	8.3019861579420040E-01
1.0510510510510511E+06	8.2999329763666241E-01
1.0560560560560559E+06	8.2978752709199410E-01
1.0610610610610610E+06	8.2958129495652566E-01
1.0660660660660660E+06	8.2937458278590370E-01
1.0710710710710711E+06	8.2916736276239922E-01
1.0760760760760761E+06	8.2895963128750716E-01
1.0810810810810812E+06	8.2875140278681081E-01
1.0860860860860860E+06	8.2854267709048091E-01
1.0910910910910910E+06	8.2833345247743984E-01
1.0960960960960961E+06	8.2812374060756533E-01
1.1011011011011011E+06	8.2791354906032788E-01
1.1061061061061062E+06	8.2770287649416152E-01
1.1111111111111110E+06	8.2749172689093253E-01
1.1161161161161161E+06	8.2728010281489450E-01
1.1211211211211211E+06	8.2706797830427048E-01
1.1261261261261262E+06	8.2685533935931654E-01
1.1311311311311312E+06	8.2664221722437281E-01
1.1361361361361360E+06	8.2642861895661079E-01
1.1411411411411411E+06	8.2621452232776005E-01
1.1461461461461461E+06	8.2599991346472235E-01
1.1511511511511512E+06	8.2578478895913798E-01
1.1561561561561562E+06	8.2556916313088813E-01
1.1611611611611610E+06	8.2535304025511258E-01
1.1661661661661661E+06	8.2513640775432817E-01
1.1711711711711711E+06	8.2491925337612160E-01
1.1761761761761762E+06	8.2470156967498509E-01
1.1811811811811812E+06	8.2448336353518692E-01
1.1861861861861863E+06	8.2426464056171866E-01
1.1911911911911911E+06	8.2404539837730773E-01
1.1961961961961961E+06	8.2382561861603987E-01
1.2012012012012012E+06	8.2360528414001777E-01
1.2062062062062062E+06	8.2338442228770325E-01
1.2112112112112113E+06	8.2316305218844976E-01
1.2162162162162161E+06	8.2294116276213669E-01
1.2212212212212211E+06	8.2271875978646725E-01
1.2262262262262262E+06	8.2249585861431795E-01
1.2312312312312312E+06	8.2227245902268953E-01
1.2362362362362363E+06	8.2204855031414892E-01
1.2412412412412413E+06	8.2182411291801605E-01
1.2462462462462462E+06	8.2159913478326241E-01
1.2512512512512512E+06	8.2137360688813577E-01
1.2562562562562563E+06	8.2114751458527446E-01
1.2612612612612613E+06	8.2092085128082959E-01
1.2662662662662663E+06	8.2069361869611235E-01
1.2712712712712712E+06	8.2046579746966097E-01
1.2762762762762762E+06	8.2023740990121874E-01
1.2812812812812813E+06	8.2000859263995041E-01
1.2862862862862863E+06	8.1977911482836097E-01
1.2912912912912914E+06	8.1954878001710130E-01
1.2962962962962962E+06	8.1931948342281979E-01
1.3013013013013012E+06	8.1909185945692231E-01
1.3063063063063063E+06	8.1886546634905333E-01
1.3113113113113113E+06	8.1864008481947526E-01
1.3163163163163164E+06	8.1841393800339224E-01
1.3213213213213212E+06	8.1818563937303779E-01
1.3263263263263262E+06	8.1795521973782082E-01
1.3313313313313313E+06	8.1772289486985084E-01
1.3363363363363363E+06	8.1748873049291482E-01
1.3413413413413414E+06	8.1725295908109363E-01
1.3463463463463464E+06	8.1701613706251153E-01
1.3513513513513512E+06	8.1677857378824248E-01
1.3563563563563563E+06	8.1654044678366100E-01
1.3613613613613613E+06	8.1630189242276119E-01
1.3663663663663664E+06	8.1606295903324355E-01
1.3713713713713714E+06	8.1582361999852515E-01
1.3763763763763763E+06	8.1558378837358725E-01
1.3813813813813813E+06	8.1534340113447390E-01
1.3863863863863864E+06	8.1510242940789923E-01
1.3913913913913914E+06	8.1486087035161769E-01
1.3963963963963964E+06	8.1461871361481286E-01
1.4014014014014015E+06	8.1437594312833472E-01
1.4064064064064063E+06	8.1413256951421697E-01
1.4114114114114114E+06	8.1388861326878492E-01
1.4164164164164164E+06	8.1364408781137443E-01
1.4214214214214215E+06	8.1339895482866020E-01
1.4264264264264265E+06	8.1315319307598832E-01
1.4314314314314313E+06	8.1290682224527444E-01
1.4364364364364364E+06	8.1265983533977970E-01
1.4414414414414414E+06	8.1241223341203694E-01
1.4464464464464465E+06	8.1216404473210757E-01
1.4514514514514515E+06	8.1191527385759443E-01
1.4564564564564563E+06	8.1166590600062372E-01
1.4614614614614614E+06	8.1141591642560329E-01
1.4664664664664664E+06	8.1116530592286085E-01
1.4714714714714715E+06	8.1091408178219748E-01
1.4764764764764765E+06	8.1066223713433827E-01
1.4814814814814813E+06	8.1040973738230959E-01
1.4864864864864864E+06	8.1015656624364540E-01
1.4914914914914914E+06	8.0990275826392966E-01
1.4964964964964965E+06	8.0964832519918994E-01
1.5015015015015015E+06	8.0939325759037084E-01
1.5065065065065066E+06	8.0913753243720676E-01
1.5115115115115114E+06	8.0888112901830500E-01
1.5165165165165165E+06	8.0862405212046273E-01
1.5215215215215215E+06	8.0836634459724999E-01
1.5265265265265265E+06	8.0810804544567505E-01
1.5315315315315316E+06	8.0784916430845788E-01
1.5365365365365364E+06	8.0758967170874829E-01
1.5415415415415415E+06	8.0732953062200141E-01
1.5465465465465465E+06	8.0706869546820137E-01
1.5515515515515516E+06	8.0680715943073944E-01
1.5565565565565566E+06	8.0654508232201771E-01
1.5615615615615617E+06	8.0628212050109416E-01
1.5665665665665665E+06	8.0601845642150705E-01
1.5715715715715715E+06	8.0575669814693318E-01
1.5765765765765766E+06	8.0549675456549930E-01
1.5815815815815816E+06	8.0523831992842509E-01
1.5865865865865867E+06	8.0498133913895287E-01
1.5915915915915915E+06	8.0472487399057080E-01
1.5965965965965965E+06	8.0446633614793306E-01
1.6016016016016016E+06	8.0420507095468496E-01
1.6066066066066066E+06	8.0394134324540811E-01
1.6116116116116117E+06	8.0367532330180080E-01
1.6166166166166165E+06	8.0340714591367834E-01
1.6216216216216215E+06	8.0313673449937895E-01
1.6266266266266266E+06	8.0286441931707242E-01
1.6316316316316316E+06	8.0259094680521537E-01
1.6366366366366367E+06	8.0231667865090117E-01
1.6416416416416415E+06	8.0204178303645002E-01
1.6466466466466465E+06	8.0176634314368789E-01
1.6516516516516516E+06	8.0149038901592329E-01
1.6566566566566566E+06	8.0121385801421352E-01
1.6616616616616617E+06	8.0093666371834171E-01
1.6666666666666667E+06	8.0065874912031032E-01
1.6716716716716716E+06	8.0038011301960388E-01
1.6766766766766766E+06	8.0010073596520292E-01
1.6816816816816817E+06	7.9982061017602879E-01
1.6866866866866867E+06	7.9953975284570400E-01
1.6916916916916918E+06	7.9925818916144931E-01
1.6966966966966966E+06	7.9897595131118848E-01
1.7017017017017016E+06	7.9869304963298826E-01
1.7067067067067067E+06	7.9840944890871202E-01
1.7117117117117117E+06	7.9812509060515968E-01
1.7167167167167168E+06	7.9783992802257209E-01
1.7217217217217218E+06	7.9755396533568079E-01
1.7267267267267266E+06	7.9726727187127333E-01
1.7317317317317317E+06	7.9697981480082303E-01
1.7367367367367367E+06	7.9669166121121981E-01
1.7417417417417418E+06	7.9640278420465394E-01
1.7467467467467468E+06	7.9611263614650674E-01
1.7517517517517516E+06	7.9582375100662461E-01
1.7567567567567567E+06	7.9553726210789144E-01
1.7617617617617617E+06	7.9525257965750662E-01
1.7667667667667668E+06	7.9496845401917260E-01
1.7717717717717718E+06	7.9468167687254454E-01
1.7767767767767766E+06	7.9439179536985938E-01
1.7817817817817817E+06	7.9409935930734510E-01
1.7867867867867867E+06	7.9380359623986607E-01
1.7917917917917918E+06	7.9350890188026557E-01
1.7967967967967968E+06	7.9321709539778251E-01
1.8018018018018017E+06	7.9292710706781089E-01
1.8068068068068067E+06	7.9263581459978472E-01
1.8118118118118118E+06	7.9234150430237238E-01
1.8168168168168168E+06	7.9204367727434677E-01
1.8218218218218219E+06	7.9174612412244583E-01
1.8268268268268269E+06	7.9145054779451873E-01
1.8318318318318317E+06	7.9115620010415788E-01
1.8368368368368368E+06	7.9086328364361080E-01
1.8418418418418418E+06	7.9056902668536166E-01
1.8468468468468469E+06	7.9027378642080426E-01
1.8518518518518519E+06	7.8997588594186519E-01
1.8568568568568567E+06	7.8967642149873374E-01
1.8618618618618618E+06	7.8937830593008962E-01
1.8668668668668668E+06	7.8907791582663844E-01
1.8718718718718719E+06	7.8877787336012606E-01
1.8768768768768769E+06	7.8847659355321720E-01
1.8818818818818820E+06	7.8817382487643206E-01
1.8868868868868868E+06	7.8787155478589799E-01
1.8918918918918918E+06	7.8756686465893921E-01
1.8968968968968969E+06	7.8726224236530040E-01
1.9019019019019019E+06	7.8695699942208341E-01
1.9069069069069070E+06	7.8664867580393660E-01
1.9119119119119118E+06	7.8633725131438925E-01
1.9169169169169168E+06	7.8602649980095740E-01
1.9219219219219219E+06	7.8571824345261720E-01
1.9269269269269269E+06	7.8540894407514394E-01
1.9319319319319320E+06	7.8509887822191071E-01
1.9369369369369368E+06	7.8478670193484290E-01
1.9419419419419419E+06	7.8447152464662673E-01
1.9469469469469469E+06	7.8415373706825475E-01
1.9519519519519520E+06	7.8383812315340207E-01
1.9569569569569570E+06	7.8352389463032257E-01
1.9619619619619618E+06	7.8320806558492229E-01
1.9669669669669669E+06	7.8289171088931719E-01
1.9719719719719719E+06	7.8257397912148863E-01
1.9769769769769770E+06	7.8225567458595069E-01
1.9819819819819820E+06	7.8193608545745596E-01
1.9869869869869871E+06	7.8161564457244082E-01
1.9919919919919919E+06	7.8129446790048940E-01
1.9969969969969969E+06	7.8097210207987477E-01
2.0020020020020020E+06	7.8064909845433617E-01
2.0070070070070070E+06	7.8032477742058115E-01
2.0120120120120121E+06	7.7999946157239353E-01
2.0170170170170169E+06	7.7967356836256452E-01
2.0220220220220219E+06	7.7934590665242665E-01
2.0270270270270270E+06	7.7901786807419582E-01
2.0320320320320320E+06	7.7868897603383380E-01
2.0370370370370371E+06	7.7835939203914428E-01
2.0420420420420421E+06	7.7802852338246820E-01
2.0470470470470469E+06	7.7769682810061169E-01
2.0520520520520520E+06	7.7736422366408464E-01
2.0570570570570570E+06	7.7703051742864748E-01
2.0620620620620621E+06	7.7669601334917504E-01
2.0670670670670671E+06	7.7636026933241042E-01
2.0720720720720720E+06	7.7602365249158634E-01
2.0770770770770770E+06	7.7568626258245521E-01
2.0820820820820821E+06	7.7534761930743012E-01
2.0870870870870871E+06	7.7500809009900518E-01
2.0920920920920921E+06	7.7466782037837811E-01
2.0970970970970970E+06	7.7432617810179338E-01
2.1021021021021022E+06	7.7398387470885366E-01
2.1071071071071071E+06	7.7364037390710205E-01
2.1121121121121119E+06	7.7329585225778219E-01
2.1171171171171172E+06	7.7295059856230952E-01
2.1221221221221220E+06	7.7260396965385747E-01
2.1271271271271273E+06	7.7225646383741609E-01
2.1321321321321321E+06	7.7190812274077669E-01
2.1371371371371369E+06	7.7155845704114867E-01
2.1421421421421422E+06	7.7120807945280379E-01
2.1471471471471470E+06	7.7085647662613699E-01
2.1521521521521523E+06	7.7050374626271878E-01
2.1571571571571571E+06	7.7015029168427274E-01
2.1621621621621624E+06	7.6979550246203332E-01
2.1671671671671672E+06	7.6943974262029924E-01
2.1721721721721720E+06	7.6908315271860550E-01
2.1771771771771773E+06	7.6872514324438890E-01
2.1821821821821821E+06	7.6836635389145991E-01
2.1871871871871874E+06	7.6800644559455722E-01
2.1921921921921922E+06	7.6764526772370767E-01
2.1971971971971970E+06	7.6728330446532578E-01
2.2022022022022023E+06	7.6692021812291977E-01
2.2072072072072071E+06	7.6655583056879439E-01
2.2122122122122124E+06	7.6619051614170586E-01
2.2172172172172172E+06	7.6582431370491910E-01
2.2222222222222220E+06	7.6545676335363044E-01
2.2272272272272273E+06	7.6508825905523326E-01
2.2322322322322321E+06	7.6471851463601304E-01
2.2372372372372374E+06	7.6434759780985995E-01
2.2422422422422422E+06	7.6397586734022094E-01
2.2472472472472470E+06	7.6360278851414554E-01
2.2522522522522523E+06	7.6322855846960802E-01
2.2572572572572571E+06	7.6285336711280594E-01
2.2622622622622624E+06	7.6247698057545532E-01
2.2672672672672672E+06	7.6209941484204435E-01
2.2722722722722720E+06	7.6172093392478846E-01
2.2772772772772773E+06	7.6134097307058235E-01
2.2822822822822821E+06	7.6096012593014128E-01
2.2872872872872874E+06	7.6057806262132210E-01
2.2922922922922922E+06	7.6019479246468713E-01
2.2972972972972970E+06	7.5981053434523693E-01
2.3023023023023023E+06	7.5942474792838455E-01
2.3073073073073071E+06	7.5903792255202185E-01
2.3123123123123124E+06	7.5865014813849829E-01
2.3173173173173172E+06	7.5826085651399178E-01
2.3223223223223221E+06	7.5787048786238553E-01
2.3273273273273273E+06	7.5747912615493085E-01
2.3323323323323322E+06	7.5708627179883081E-01
2.3373373373373374E+06	7.5669258538723383E-01
2.3423423423423423E+06	7.5629735165326684E-01
2.3473473473473475E+06	7.5590091191337949E-01
2.3523523523523523E+06	7.5550361593032000E-01
2.3573573573573572E+06	7.5510464714893422E-01
2.3623623623623624E+06	7.5470459237051479E-01
2.3673673673673673E+06	7.5430357883310928E-01
2.3723723723723725E+06	7.5390091588633112E-01
2.3773773773773774E+06	7.5349712335648311E-01
2.3823823823823822E+06	7.5309232443982788E-01
2.3873873873873875E+06	7.5268591952720609E-01
2.3923923923923923E+06	7.5227866621111639E-01
2.3973973973973976E+06	7.5186985581342758E-01
2.4024024024024024E+06	7.5145962333021954E-01
2.4074074074074072E+06	7.5104822061590282E-01
2.4124124124124125E+06	7.5063565189357817E-01
2.4174174174174173E+06	7.5022181892378204E-01
2.4224224224224226E+06	7.4980666092610193E-01
2.4274274274274274E+06	7.4939019570423249E-01
2.4324324324324322E+06	7.4897226400914130E-01
2.4374374374374375E+06	7.4855298074520327E-01
2.4424424424424423E+06	7.4813255994659822E-01
2.4474474474474476E+06	7.4771093292935731E-01
2.4524524524524524E+06	7.4728765916946605E-01
2.4574574574574572E+06	7.4686316369112216E-01
2.4624624624624625E+06	7.4643755221467867E-01
2.4674674674674673E+06	7.4601030270060831E-01
2.4724724724724726E+06	7.4558183315144000E-01
2.4774774774774774E+06	7.4515213391296076E-01
2.4824824824824827E+06	7.4472072752580920E-01
2.4874874874874875E+06	7.4428841583654315E-01
2.4924924924924923E+06	7.4385427436384233E-01
2.4974974974974976E+06	7.4341872701611711E-01
2.5025025025025024E+06	7.4298191872916053E-01
2.5075075075075077E+06	7.4254401319468522E-01
2.5125125125125125E+06	7.4210421385821346E-01
2.5175175175175173E+06	7.4166339500642653E-01
2.5225225225225226E+06	7.4122094715307185E-01
2.5275275275275274E+06	7.4077695458605364E-01
2.5325325325325327E+06	7.4033170384320945E-01
2.5375375375375375E+06	7.3988506772060447E-01
2.5425425425425423E+06	7.3943670315573673E-01
2.5475475475475476E+06	7.3898706850404350E-01
2.5525525525525524E+06	7.3853610069020748E-01
2.5575575575575577E+06	7.3808335858235719E-01
2.5625625625625625E+06	7.3762918222167484E-01
2.5675675675675673E+06	7.3717379382215509E-01
2.5725725725725726E+06	7.3671658687902974E-01
2.5775775775775774E+06	7.3625791283345710E-01
2.5825825825825827E+06	7.3579790233580722E-01
2.5875875875875875E+06	7.3533636010098191E-01
2.5925925925925924E+06	7.3487306777263706E-01
2.5975975975975976E+06	7.3440838128007735E-01
2.6026026026026024E+06	7.3394246590459022E-01
2.6076076076076077E+06	7.3347458115827668E-01
2.6126126126126125E+06	7.3300534691590791E-01
2.6176176176176174E+06	7.3253473216408249E-01
2.6226226226226226E+06	7.3206217963696829E-01
2.6276276276276275E+06	7.3158819682380039E-01
2.6326326326326327E+06	7.3111279262846707E-01
2.6376376376376376E+06	7.3063564256014557E-01
2.6426426426426424E+06	7.3015679556549973E-01
2.6476476476476477E+06	7.2967637158410437E-01
2.6526526526526525E+06	7.2919471183619022E-01
2.6576576576576577E+06	7.2871109444474069E-01
2.6626626626626626E+06	7.2822576318366716E-01
2.6676676676676678E+06	7.2773883914536053E-01
2.6726726726726727E+06	7.2725055885519807E-01
2.6776776776776775E+06	7.2676055429094621E-01
2.6826826826826828E+06	7.2626864301746308E-01
2.6876876876876876E+06	7.2577526794225566E-01
2.6926926926926929E+06	7.2528040639114788E-01
2.6976976976976977E+06	7.2478347793741993E-01
2.7027027027027025E+06	7.2428485468571846E-01
2.7077077077077078E+06	7.2378458262144463E-01
2.7127127127127126E+06	7.2328272886636025E-01
2.7177177177177179E+06	7.2277917776044254E-01
2.7227227227227227E+06	7.2227367222605543E-01
2.7277277277277275E+06	7.2176642196109519E-01
2.7327327327327328E+06	7.2125748785011734E-01
2.7377377377377376E+06	7.2074682604444273E-01
2.7427427427427429E+06	7.2023455343889153E-01
2.7477477477477477E+06	7.1972044051787609E-01
2.7527527527527525E+06	7.1920436547608624E-01
2.7577577577577578E+06	7.1868679666275159E-01
2.7627627627627626E+06	7.1816724649327857E-01
2.7677677677677679E+06	7.1764599647437710E-01
2.7727727727727727E+06	7.1712274139504728E-01
2.7777777777777775E+06	7.1659768606731356E-01
2.7827827827827828E+06	7.1607086828920075E-01
2.7877877877877876E+06	7.1554244157951929E-01
2.7927927927927929E+06	7.1501196650640153E-01
2.7977977977977977E+06	7.1447945879221886E-01
2.8028028028028030E+06	7.1394515383256918E-01
2.8078078078078078E+06	7.1340889886381009E-01
2.8128128128128126E+06	7.1287109940251758E-01
2.8178178178178179E+06	7.1233115578144468E-01
2.8228228228228227E+06	7.1178933018078405E-01
2.8278278278278280E+06	7.1124550359279037E-01
2.8328328328328328E+06	7.1069977757445413E-01
2.8378378378378376E+06	7.1015216754562860E-01
2.8428428428428429E+06	7.0960250673564329E-01
2.8478478478478477E+06	7.0905119330788147E-01
2.8528528528528530E+06	7.0849753901847656E-01
2.8578578578578578E+06	7.0794193965879193E-01
2.8628628628628626E+06	7.0738432026790399E-01
2.8678678678678679E+06	7.0682474263161987E-01
2.8728728728728727E+06	7.0626321943370474E-01
2.8778778778778780E+06	7.0569962081292414E-01
2.8828828828828828E+06	7.0513432712871749E-01
2.8878878878878877E+06	7.0456682455555164E-01
2.8928928928928929E+06	7.0399709960477597E-01
2.8978978978978978E+06	7.0342551781491136E-01
2.9029029029029030E+06	7.0285181324457890E-01
2.9079079079079079E+06	7.0227609728867235E-01
2.9129129129129127E+06	7.0169802399458481E-01
2.9179179179179179E+06	7.0111796049830377E-01
2.9229229229229228E+06	7.0053576036535259E-01
2.9279279279279280E+06	6.9995151789388588E-01
2.9329329329329329E+06	6.9936524591065075E-01
2.9379379379379377E+06	6.9877653045565424E-01
2.9429429429429430E+06	6.9818563711552173E-01
2.9479479479479478E+06	6.9759262464031180E-01
2.9529529529529531E+06	6.9699736832073300E-01
2.9579579579579579E+06	6.9640003430590425E-01
2.9629629629629627E+06	6.9580051917801145E-01
2.9679679679679680E+06	6.9519880255508115E-01
2.9729729729729728E+06	6.9459484161049789E-01
2.9779779779779781E+06	6.9398856913451701E-01
2.9829829829829829E+06	6.9337996458820028E-01
2.9879879879879882E+06	6.9276908558193229E-01
2.9929929929929930E+06	6.9215593097082284E-01
2.9979979979979978E+06	6.9154056406927411E-01
3.0030030030030031E+06	6.9092299251859401E-01
3.0080080080080079E+06	6.9030301750638612E-01
3.0130130130130132E+06	6.8968079746976851E-01
3.0180180180180180E+06	6.8905600746495654E-01
3.0230230230230228E+06	6.8842886709003726E-01
3.0280280280280281E+06	6.8780183566743214E-01
3.0330330330330329E+06	6.8716994198789449E-01
3.0380380380380382E+06	6.8653569493570099E-01
3.0430430430430430E+06	6.8589901513749363E-01
3.0480480480480478E+06	6.8525995750332624E-01
3.0530530530530531E+06	6.8461841742908114E-01
3.0580580580580579E+06	6.8397450089482204E-01
3.0630630630630632E+06	6.8332812092449569E-01
3.0680680680680680E+06	6.8267942649603819E-01
3.0730730730730728E+06	6.8202813409794716E-01
3.0780780780780781E+06	6.8137437745501295E-01
3.0830830830830829E+06	6.8071791224563161E-01
3.0880880880880882E+06	6.8005894556012580E-01
3.0930930930930930E+06	6.7939745012367603E-01
3.0980980980980978E+06	6.7873340814707861E-01
3.1031031031031031E+06	6.7806681011547487E-01
3.1081081081081079E+06	6.7739761381940167E-01
3.1131131131131132E+06	6.7672580753790090E-01
3.1181181181181180E+06	6.7605139426103766E-01
3.1231231231231233E+06	6.7537431270150527E-01
3.1281281281281281E+06	6.7469462415005033E-01
3.1331331331331329E+06	6.7401234258812526E-01
3.1381381381381382E+06	6.7332737904356055E-01
3.1431431431431430E+06	6.7263973540285449E-01
3.1481481481481483E+06	6.7194947982342057E-01
3.1531531531531531E+06	6.7125632283138215E-01
3.1581581581581580E+06	6.7056071776624215E-01
3.1631631631631632E+06	6.6986205946215305E-01
3.1681681681681680E+06	6.6916065022881388E-01
3.1731731731731733E+06	6.6845649809760710E-01
3.1781781781781781E+06	6.6774951850958708E-01
3.1831831831831830E+06	6.6703973983909903E-01
3.1881881881881882E+06	6.6632710332072631E-01
3.1931931931931931E+06	6.6561164589067867E-01
3.1981981981981983E+06	6.6489337126459014E-01
3.2032032032032032E+06	6.6417220193890070E-01
3.2082082082082080E+06	6.6344811760946476E-01
3.2132132132132133E+06	6.6272111974455961E-01
3.2182182182182181E+06	6.6199124935097675E-01
3.2232232232232234E+06	6.6125837741144133E-01
3.2282282282282282E+06	6.6052251022949870E-01
3.2332332332332330E+06	6.5978373701255777E-01
3.2382382382382383E+06	6.5904201755320213E-01
3.2432432432432431E+06	6.5829748762578444E-01
3.2482482482482484E+06	6.5754953321129406E-01
3.2532532532532532E+06	6.5679860964104619E-01
3.2582582582582580E+06	6.5604471451927171E-01
3.2632632632632633E+06	6.5528770636859213E-01
3.2682682682682681E+06	6.5452764969598387E-01
3.2732732732732734E+06	6.5376452472326052E-01
3.2782782782782782E+06	6.5299834320933914E-01
3.2832832832832830E+06	6.5222887650457473E-01
3.2882882882882883E+06	6.5145638517406845E-01
3.2932932932932931E+06	6.5068067503024896E-01
3.2982982982982984E+06	6.4990167767284501E-01
3.3033033033033032E+06	6.4911955327446003E-01
3.3083083083083085E+06	6.4833421377310130E-01
3.3133133133133133E+06	6.4754560830221675E-01
3.3183183183183181E+06	6.4675372518531105E-01
3.3233233233233234E+06	6.4595855998633556E-01
3.3283283283283282E+06	6.4516008710331552E-01
3.3333333333333335E+06	6.4435825333067120E-01
3.3383383383383383E+06	6.4355308171737458E-01
3.3433433433433431E+06	6.4274460014897938E-01
3.3483483483483484E+06	6.4193270240072764E-01
3.3533533533533532E+06	6.4111741699065206E-01
3.3583583583583585E+06	6.4029871406024763E-01
3.3633633633633633E+06	6.3947642130982929E-01
3.3683683683683681E+06	6.3865076021409051E-01
3.3733733733733734E+06	6.3782168501412506E-01
3.3783783783783782E+06	6.3698907464588062E-01
3.3833833833833835E+06	6.3615325112478771E-01
3.3883883883883883E+06	6.3531346232489017E-01
3.3933933933933931E+06	6.3447029863302140E-01
3.3983983983983984E+06	6.3362364309755403E-01
3.4034034034034032E+06	6.3277337022753533E-01
3.4084084084084085E+06	6.3191952806741758E-01
3.4134134134134133E+06	6.3106203823978468E-01
3.4184184184184182E+06	6.3020084095358042E-01
3.4234234234234234E+06	6.2933595014508215E-01
3.4284284284284282E+06	6.2846771773787846E-01
3.4334334334334335E+06	6.2759547990849462E-01
3.4384384384384383E+06	6.2671959627507801E-01
3.4434434434434436E+06	6.2584020789309425E-01
3.4484484484484484E+06	6.2495680910940554E-01
3.4534534534534533E+06	6.2406967022008475E-01
3.4584584584584585E+06	6.2317891430305072E-01
3.4634634634634634E+06	6.2228422212378476E-01
3.4684684684684686E+06	6.2138575365541693E-01
3.4734734734734735E+06	6.2048334017532092E-01
3.4784784784784783E+06	6.1957717966197212E-01
3.4834834834834835E+06	6.1866678776217543E-01
3.4884884884884884E+06	6.1775294043296081E-01
3.4934934934934936E+06	6.1683506348141814E-01
3.4984984984984985E+06	6.1591329816676721E-01
3.5035035035035033E+06	6.1498758427627054E-01
3.5085085085085086E+06	6.1405777106441595E-01
3.5135135135135134E+06	6.1312393061623682E-01
3.5185185185185187E+06	6.1218644446432025E-01
3.5235235235235235E+06	6.1124493305647132E-01
3.5285285285285283E+06	6.1029926986628691E-01
3.5335335335335336E+06	6.0934954265921526E-01
3.5385385385385384E+06	6.0839563882849523E-01
3.5435435435435437E+06	6.0743789587738994E-01
3.5485485485485485E+06	6.0647591923885114E-01
3.5535535535535533E+06	6.0551011356146511E-01
3.5585585585585586E+06	6.0454027707748748E-01
3.5635635635635634E+06	6.0356626006385827E-01
3.5685685685685687E+06	6.0258815574825197E-01
3.5735735735735735E+06	6.0160591979323708E-01
3.5785785785785783E+06	6.0061931190094453E-01
3.5835835835835836E+06	5.9962877464582953E-01
3.5885885885885884E+06	5.9863401756542856E-01
3.5935935935935937E+06	5.9763534894740400E-01
3.5985985985985985E+06	5.9663253716005116E-01
3.6036036036036033E+06	5.9562557326114751E-01
3.6086086086086086E+06	5.9461436073805018E-01
3.6136136136136134E+06	5.9359921622681189E-01
3.6186186186186187E+06	5.9257954784581812E-01
3.6236236236236235E+06	5.9155586281075934E-01
3.6286286286286288E+06	5.9052823157803902E-01
3.6336336336336336E+06	5.8949633777070987E-01
3.6386386386386384E+06	5.8846036663476697E-01
3.6436436436436437E+06	5.8742035136241011E-01
3.6486486486486485E+06	5.8637631086478015E-01
3.6536536536536538E+06	5.8532834027936587E-01
3.6586586586586586E+06	5.8427652111268602E-01
3.6636636636636634E+06	5.8322058001037602E-01
3.6686686686686687E+06	5.8216049640581735E-01
3.6736736736736735E+06	5.8109684757020830E-01
3.6786786786786788E+06	5.8002957982121761E-01
3.6836836836836836E+06	5.7895876568802418E-01
3.6886886886886884E+06	5.7788419917607747E-01
3.6936936936936937E+06	5.7680711750482250E-01
3.6986986986986985E+06	5.7572809705286676E-01
3.7037037037037038E+06	5.7533899342173489E-01
3.7087087087087086E+06	5.7532815754494782E-01
3.7137137137137135E+06	5.7532252342048784E-01
3.7187187187187187E+06	5.7531872144303697E-01
3.7237237237237236E+06	5.7531587481599500E-01
3.7287287287287288E+06	5.7531364282817821E-01
3.7337337337337337E+06	5.7531186225762843E-01
3.7387387387387385E+06	5.7531043992547282E-01
3.7437437437437437E+06	5.7530931203864843E-01
3.7487487487487486E+06	5.7530842583659902E-01
3.7537537537537538E+06	5.7530773088074538E-01
3.7587587587587587E+06	5.7530717808371612E-01
3.7637637637637639E+06	5.7530671720569049E-01
3.7687687687687688E+06	5.7530629324917393E-01
3.7737737737737736E+06	5.7530583759813725E-01
3.7787787787787789E+06	5.7530523539035483E-01
3.7837837837837837E+06	5.7530430700794111E-01
3.7887887887887890E+06	5.7530286820907450E-01
3.7937937937937938E+06	5.7530083408418442E-01
3.7987987987987986E+06	5.7529823138389136E-01
3.8038038038038039E+06	5.7529514514920388E-01
3.8088088088088087E+06	5.7529166891401395E-01
3.8138138138138140E+06	5.7528788773435069E-01
3.8188188188188188E+06	5.7528387333800790E-01
3.8238238238238236E+06	5.7527968199032442E-01
3.8288288288288289E+06	5.7527535834018129E-01
3.8338338338338337E+06	5.7527093721430600E-01
3.8388388388388390E+06	5.7526644602398214E-01
3.8438438438438438E+06	5.7526190639160646E-01
3.8488488488488486E+06	5.7525733616689012E-01
3.8538538538538539E+06	5.7525274850509955E-01
3.8588588588588587E+06	5.7524815586380651E-01
3.8638638638638640E+06	5.7524356789084652E-01
3.8688688688688688E+06	5.7523899297693715E-01
3.8738738738738736E+06	5.7523443916079353E-01
3.8788788788788789E+06	5.7522991070418994E-01
3.8838838838838837E+06	5.7522540954444690E-01
3.8888888888888890E+06	5.7522093758488990E-01
3.8938938938938938E+06	5.7521649820807841E-01
3.8988988988988986E+06	5.7521210178393867E-01
3.9039039039039039E+06	5.7520776074355962E-01
3.9089089089089087E+06	5.7520348751832717E-01
3.9139139139139140E+06	5.7519929154161287E-01
3.9189189189189188E+06	5.7519516382142066E-01
3.9239239239239236E+06	5.7519109111869526E-01
3.9289289289289289E+06	5.7518707893849996E-01
3.9339339339339337E+06	5.7518312004709771E-01
3.9389389389389390E+06	5.7517924430540368E-01
3.9439439439439438E+06	5.7517565775790913E-01
3.9489489489489491E+06	5.7517242602075558E-01
3.9539539539539539E+06	5.7516956683760512E-01
3.9589589589589587E+06	5.7516700715244518E-01
3.9639639639639640E+06	5.7516467882785371E-01
3.9689689689689688E+06	5.7516253458438760E-01
3.9739739739739741E+06	5.7516054189891830E-01
3.9789789789789789E+06	5.7515867627793160E-01
3.9839839839839838E+06	5.7515691996241758E-01
3.9889889889889890E+06	5.7515525900421005E-01
3.9939939939939938E+06	5.7515368162741820E-01
3.9989989989989991E+06	5.7515217853415668E-01
4.0040040040040039E+06	5.7515074120275089E-01
4.0090090090090088E+06	5.7514936164898411E-01
4.0140140140140140E+06	5.7514803209359644E-01
4.0190190190190189E+06	5.7514674539907007E-01
4.0240240240240241E+06	5.7514549464137255E-01
4.0290290290290290E+06	5.7514427291163850E-01
4.0340340340340338E+06	5.7514307333383241E-01
4.0390390390390391E+06	5.7514188903625751E-01
4.0440440440440439E+06	5.7514071331063044E-01
4.0490490490490492E+06	5.7513954016105429E-01
4.0540540540540540E+06	5.7513836378570526E-01
4.0590590590590588E+06	5.7513717838286471E-01
4.0640640640640641E+06	5.7513597833953023E-01
4.0690690690690689E+06	5.7513475862339603E-01
4.0740740740740742E+06	5.7513351431348725E-01
4.0790790790790790E+06	5.7513224048882838E-01
4.0840840840840843E+06	5.7513093226976353E-01
4.0890890890890891E+06	5.7512958614463683E-01
4.0940940940940939E+06	5.7512820025214983E-01
4.0990990990990992E+06	5.7512677282941838E-01
4.1041041041041040E+06	5.7512530211355761E-01
4.1091091091091093E+06	5.7512378638860451E-01
4.1141141141141141E+06	5.7512222573748129E-01
4.1191191191191189E+06	5.7512062256548580E-01
4.1241241241241242E+06	5.7511897943168033E-01
4.1291291291291290E+06	5.7511729889512730E-01
4.1341341341341343E+06	5.7511558351428349E-01
4.1391391391391391E+06	5.7511383533098592E-01
4.1441441441441439E+06	5.7511205492889006E-01
4.1491491491491492E+06	5.7511024263621480E-01
4.1541541541541540E+06	5.7510839878117848E-01
4.1591591591591593E+06	5.7510652369200022E-01
4.1641641641641641E+06	5.7510461769689836E-01
4.1691691691691689E+06	5.7510268148216903E-01
4.1741741741741742E+06	5.7510071764006743E-01
4.1791791791791790E+06	5.7509872939448792E-01
4.1841841841841843E+06	5.7509671997145129E-01
4.1891891891891891E+06	5.7509469308881966E-01
4.1941941941941939E+06	5.7509265359911466E-01
4.1991991991991987E+06	5.7509060421435854E-01
4.2042042042042045E+06	5.7508854413861388E-01
4.2092092092092093E+06	5.7508647702433191E-01
4.2142142142142141E+06	5.7508441466270466E-01
4.2192192192192189E+06	5.7508240768048091E-01
4.2242242242242238E+06	5.7508043635748785E-01
4.2292292292292295E+06	5.7507853085865657E-01
4.2342342342342343E+06	5.7507671664623372E-01
4.2392392392392391E+06	5.7507499577003574E-01
4.2442442442442439E+06	5.7507336154219457E-01
4.2492492492492488E+06	5.7507180435705141E-01
4.2542542542542545E+06	5.7507031492105942E-01
4.2592592592592593E+06	5.7506888461723971E-01
4.2642642642642641E+06	5.7506750581571253E-01
4.2692692692692690E+06	5.7506617282182793E-01
4.2742742742742738E+06	5.7506488088481000E-01
4.2792792792792795E+06	5.7506362593613725E-01
4.2842842842842843E+06	5.7506240479443127E-01
4.2892892892892892E+06	5.7506121509668806E-01
4.2942942942942940E+06	5.7506005461459775E-01
4.2992992992992988E+06	5.7505892137225145E-01
4.3043043043043045E+06	5.7505781343577522E-01
4.3093093093093093E+06	5.7505672908376215E-01
4.3143143143143142E+06	5.7505566691985555E-01
4.3193193193193190E+06	5.7505462557516585E-01
4.3243243243243247E+06	5.7505360364686031E-01
4.3293293293293295E+06	5.7505259957342858E-01
4.3343343343343344E+06	5.7505161174702957E-01
4.3393393393393392E+06	5.7505063855981609E-01
4.3443443443443440E+06	5.7504967841403354E-01
4.3493493493493497E+06	5.7504872976995980E-01
4.3543543543543546E+06	5.7504779110857784E-01
4.3593593593593594E+06	5.7504686091089652E-01
4.3643643643643642E+06	5.7504593765792422E-01
4.3693693693693690E+06	5.7504501986431877E-01
4.3743743743743747E+06	5.7504410618005997E-01
4.3793793793793796E+06	5.7504319528913972E-01
4.3843843843843844E+06	5.7504228587555073E-01
4.3893893893893892E+06	5.7504137662328481E-01
4.3943943943943940E+06	5.7504046621640714E-01
4.3993993993993998E+06	5.7503955337804435E-01
4.4044044044044046E+06	5.7503863693463741E-01
4.4094094094094094E+06	5.7503771572951312E-01
4.4144144144144142E+06	5.7503678860599805E-01
4.4194194194194190E+06	5.7503585440742011E-01
4.4244244244244248E+06	5.7503491197710577E-01
4.4294294294294296E+06	5.7503396015863006E-01
4.4344344344344344E+06	5.7503299804748575E-01
4.4394394394394392E+06	5.7503202546542276E-01
4.4444444444444440E+06	5.7503104236428382E-01
4.4494494494494498E+06	5.7503004869591157E-01
4.4544544544544546E+06	5.7502904441214875E-01
4.4594594594594594E+06	5.7502802946483789E-01
4.4644644644644642E+06	5.7502700380582161E-01
4.4694694694694690E+06	5.7502596738694267E-01
4.4744744744744748E+06	5.7502492004706296E-01
4.4794794794794796E+06	5.7502386034900577E-01
4.4844844844844844E+06	5.7502278604974122E-01
4.4894894894894892E+06	5.7502169489356991E-01
4.4944944944944941E+06	5.7502058462479178E-01
4.4994994994994998E+06	5.7501945298770740E-01
4.5045045045045046E+06	5.7501829772661739E-01
4.5095095095095094E+06	5.7501711658582144E-01
4.5145145145145142E+06	5.7501590730962004E-01
4.5195195195195191E+06	5.7501466854936745E-01
4.5245245245245248E+06	5.7501340582141047E-01
4.5295295295295296E+06	5.7501212760117748E-01
4.5345345345345344E+06	5.7501083632375716E-01
4.5395395395395393E+06	5.7500952710201791E-01
4.5445445445445441E+06	5.7500819641299783E-01
4.5495495495495498E+06	5.7500684603253871E-01
4.5545545545545546E+06	5.7500547821310455E-01
4.5595595595595594E+06	5.7500410056818330E-01
4.5645645645645643E+06	5.7500269897386957E-01
4.5695695695695691E+06	5.7500125989212325E-01
4.5745745745745748E+06	5.7499980790332894E-01
4.5795795795795796E+06	5.7499837327834968E-01
4.5845845845845845E+06	5.7499697495879754E-01
4.5895895895895893E+06	5.7499562186369391E-01
4.5945945945945941E+06	5.7499431677256962E-01
4.5995995995995998E+06	5.7499305954781910E-01
4.6046046046046047E+06	5.7499184797649017E-01
4.6096096096096095E+06	5.7499067913096136E-01
4.6146146146146143E+06	5.7498954978753025E-01
4.6196196196196191E+06	5.7498845638917473E-01
4.6246246246246248E+06	5.7498739550080080E-01
4.6296296296296297E+06	5.7498636409814285E-01
4.6346346346346345E+06	5.7498535926613181E-01
4.6396396396396393E+06	5.7498437837500627E-01
4.6446446446446441E+06	5.7498341889135252E-01
4.6496496496496499E+06	5.7498247846883765E-01
4.6546546546546547E+06	5.7498155524745620E-01
4.6596596596596595E+06	5.7498064744524324E-01
4.6646646646646643E+06	5.7497975332361251E-01
4.6696696696696701E+06	5.7497887142558246E-01
4.6746746746746749E+06	5.7497800040659874E-01
4.6796796796796797E+06	5.7497713892240021E-01
4.6846846846846845E+06	5.7497628567297265E-01
4.6896896896896893E+06	5.7497543961683606E-01
4.6946946946946951E+06	5.7497459980614063E-01
4.6996996996996999E+06	5.7497376529316591E-01
4.7047047047047047E+06	5.7497293513025394E-01
4.7097097097097095E+06	5.7497210842545998E-01
4.7147147147147143E+06	5.7497128444506873E-01
4.7197197197197201E+06	5.7497046248326378E-01
4.7247247247247249E+06	5.7496964183422872E-01
4.7297297297297297E+06	5.7496882179214692E-01
4.7347347347347345E+06	5.7496800165318362E-01
4.7397397397397393E+06	5.7496718078858677E-01
4.7447447447447451E+06	5.7496635866603873E-01
4.7497497497497499E+06	5.7496553475955758E-01
4.7547547547547547E+06	5.7496470854316128E-01
4.7597597597597595E+06	5.7496387949086769E-01
4.7647647647647643E+06	5.7496304707669466E-01
4.7697697697697701E+06	5.7496221077824938E-01
4.7747747747747749E+06	5.7496137013885973E-01
4.7797797797797797E+06	5.7496052475939718E-01
4.7847847847847845E+06	5.7495967424267669E-01
4.7897897897897894E+06	5.7495881819151351E-01
4.7947947947947951E+06	5.7495795620872336E-01
4.7997997997997999E+06	5.7495708789712108E-01
4.8048048048048047E+06	5.7495621285952203E-01
4.8098098098098096E+06	5.7495533069982763E-01
4.8148148148148144E+06	5.7495444109025307E-01
4.8198198198198201E+06	5.7495354381076447E-01
4.8248248248248249E+06	5.7495263865081758E-01
4.8298298298298297E+06	5.7495172539986839E-01
4.8348348348348346E+06	5.7495080384737285E-01
4.8398398398398394E+06	5.7494987378278728E-01
4.8448448448448451E+06	5.7494893499556732E-01
4.8498498498498499E+06	5.7494798727516916E-01
4.8548548548548548E+06	5.7494703041104855E-01
4.8598598598598596E+06	5.7494606418257821E-01
4.8648648648648644E+06	5.7494508808400102E-01
4.8698698698698701E+06	5.7494410129130946E-01
4.8748748748748749E+06	5.7494310296376205E-01
4.8798798798798798E+06	5.7494209226061788E-01
4.8848848848848846E+06	5.7494106834113556E-01
4.8898898898898894E+06	5.7494003036457464E-01
4.8948948948948951E+06	5.7493897749019374E-01
4.8998998998999000E+06	5.7493790887725171E-01
4.9049049049049048E+06	5.7493682368500754E-01
4.9099099099099096E+06	5.7493572107278068E-01
4.9149149149149144E+06	5.7493460022219312E-01
4.9199199199199202E+06	5.7493346037034465E-01
4.9249249249249250E+06	5.7493230076281554E-01
4.9299299299299298E+06	5.7493112064518637E-01
4.9349349349349346E+06	5.7492991926303738E-01
4.9399399399399394E+06	5.7492869619509346E-01
4.9449449449449452E+06	5.7492745289401215E-01
4.9499499499499500E+06	5.7492619313322268E-01
4.9549549549549548E+06	5.7492491996373518E-01
4.9599599599599596E+06	5.7492363014671177E-01
4.9649649649649654E+06	5.7492232223213047E-01
4.9699699699699702E+06	5.7492098949671144E-01
4.9749749749749750E+06	5.7491962393806895E-01
4.9799799799799798E+06	5.7491822427156136E-01
4.9849849849849846E+06	5.7491680547247781E-01
4.9899899899899904E+06	5.7491538863082425E-01
4.9949949949949952E+06	5.7491399207710436E-01
5.0000000000000000E+06	5.7491262835626789E-01
