1.4950210001552477E-01	4.7664062500000000E+01
4.7880410001380369E-01	4.7664062500000000E+01
8.0156049999641255E-01	4.7664062500000000E+01
1.1207500000018626E+00	4.7664062500000000E+01
1.4316316000185907E+00	4.7664062500000000E+01
1.7441438999958336E+00	4.7664062500000000E+01
2.0630989999917801E+00	4.7664062500000000E+01
2.3835740000067744E+00	4.7664062500000000E+01
2.7068699999945238E+00	4.7664062500000000E+01
3.0291938000009395E+00	4.7664062500000000E+01
3.3543519999948330E+00	4.7664062500000000E+01
3.6793486000096891E+00	4.7664062500000000E+01
3.9960381000128109E+00	4.7664062500000000E+01
4.3105168000038248E+00	4.7664062500000000E+01
4.6187319000018761E+00	4.7664062500000000E+01
4.9344798999954946E+00	4.7664062500000000E+01
5.2457990999973845E+00	4.7664062500000000E+01
5.5552499000041280E+00	4.7664062500000000E+01
5.8693478000059258E+00	4.7664062500000000E+01
6.1780593000003137E+00	4.7664062500000000E+01
6.4853144999942742E+00	4.7664062500000000E+01
6.7983936000091489E+00	4.7664062500000000E+01
7.1085777000116650E+00	4.7664062500000000E+01
7.4228604999952950E+00	4.7664062500000000E+01
7.7424653999914881E+00	4.7664062500000000E+01
8.0626531000016257E+00	4.7664062500000000E+01
8.3857260000077076E+00	4.7664062500000000E+01
8.7175802999990992E+00	4.7664062500000000E+01
9.0281557000125758E+00	4.7664062500000000E+01
9.3507996000116691E+00	4.7664062500000000E+01
9.6848689000180457E+00	4.7664062500000000E+01
1.0014039900008356E+01	4.7664062500000000E+01
1.0332779399992432E+01	4.7664062500000000E+01
1.0649275500007207E+01	4.7664062500000000E+01
1.0963390499993693E+01	4.7664062500000000E+01
1.1345853300008457E+01	4.7664062500000000E+01
1.1677887300000293E+01	4.7664062500000000E+01
1.2002774499997031E+01	4.7664062500000000E+01
1.2323402100009844E+01	4.7664062500000000E+01
1.2653657899994869E+01	4.7664062500000000E+01
1.2983584700006759E+01	4.7664062500000000E+01
1.3305268700001761E+01	4.7664062500000000E+01
1.3637935700011440E+01	4.7664062500000000E+01
1.3960336999996798E+01	4.7664062500000000E+01
1.4295437599997967E+01	4.7664062500000000E+01
1.4620066500006942E+01	4.7664062500000000E+01
1.4939270000002580E+01	4.7664062500000000E+01
1.5248780099995201E+01	4.7664062500000000E+01
1.5564366300008260E+01	4.7664062500000000E+01
1.5878719000000274E+01	4.7664062500000000E+01
1.6195500500005437E+01	4.7664062500000000E+01
1.6506846600008430E+01	4.7664062500000000E+01
1.6821228999993764E+01	4.7664062500000000E+01
1.7285090599994874E+01	4.7664062500000000E+01
1.7792522600007942E+01	4.7664062500000000E+01
1.8319938500004355E+01	4.7664062500000000E+01
1.8784114500012947E+01	4.7664062500000000E+01
1.8909483199997339E+01	4.7664062500000000E+01
1.9045309400011320E+01	4.7664062500000000E+01
1.9185439399996540E+01	4.7664062500000000E+01
1.9322803100018064E+01	4.7664062500000000E+01
1.9459477800002787E+01	4.7664062500000000E+01
1.9606034600001294E+01	4.7664062500000000E+01
1.9745055400009733E+01	4.7664062500000000E+01
1.9875171099993167E+01	4.7664062500000000E+01
2.0015093800000614E+01	4.7664062500000000E+01
2.0142974599992158E+01	4.7664062500000000E+01
2.0280892600014340E+01	4.7664062500000000E+01
2.0419626599992625E+01	4.7664062500000000E+01
2.0555810099991504E+01	4.7664062500000000E+01
2.0695390900014900E+01	4.7664062500000000E+01
2.0845879000000423E+01	4.7664062500000000E+01
2.0991399999998976E+01	4.7664062500000000E+01
2.1131255400017835E+01	4.7664062500000000E+01
2.1266903500014450E+01	4.7664062500000000E+01
2.1397744599991711E+01	4.7664062500000000E+01
2.1523260799993295E+01	4.7664062500000000E+01
2.1646573500009254E+01	4.7664062500000000E+01
2.1769463400007226E+01	4.7664062500000000E+01
2.1890324500011047E+01	4.7664062500000000E+01
2.2009845599997789E+01	4.7664062500000000E+01
2.2138880100013921E+01	4.7664062500000000E+01
2.2264648600015789E+01	4.7664062500000000E+01
2.2390253799996572E+01	4.7664062500000000E+01
2.2527186699997401E+01	4.7664062500000000E+01
2.2662321100011468E+01	4.7664062500000000E+01
2.2807287100004032E+01	4.7664062500000000E+01
2.2954379500006326E+01	4.7664062500000000E+01
2.3107814699993469E+01	4.7664062500000000E+01
2.3248154900007648E+01	4.7664062500000000E+01
2.3380284400016535E+01	4.7664062500000000E+01
2.3516165700013516E+01	4.7664062500000000E+01
2.3647056999994675E+01	4.7664062500000000E+01
2.3786720900010550E+01	4.7664062500000000E+01
2.3935219700011658E+01	4.7664062500000000E+01
2.4077367799996864E+01	4.7664062500000000E+01
2.4211364400020102E+01	4.7664062500000000E+01
2.4339739400020335E+01	4.7664062500000000E+01
2.4467006399994716E+01	4.7664062500000000E+01
2.4606464700016659E+01	4.7664062500000000E+01
2.4739352300006431E+01	4.7664062500000000E+01
2.4872757900011493E+01	4.7664062500000000E+01
2.5000373699993361E+01	4.7664062500000000E+01
2.5129378000012366E+01	4.7664062500000000E+01
2.5256155000010040E+01	4.7664062500000000E+01
2.5378234100004192E+01	4.7664062500000000E+01
2.5498722499993164E+01	4.7664062500000000E+01
2.5618579300004058E+01	4.7664062500000000E+01
2.5741662500018720E+01	4.7664062500000000E+01
2.5869401900010416E+01	4.7664062500000000E+01
2.5987911200005328E+01	4.7664062500000000E+01
2.6112049699993804E+01	4.7664062500000000E+01
2.6228221400000621E+01	4.7664062500000000E+01
2.6345464400015771E+01	4.7664062500000000E+01
2.6463660400011577E+01	4.7664062500000000E+01
2.6583551100018667E+01	4.7664062500000000E+01
2.6707008600002155E+01	4.7664062500000000E+01
2.6834258899994893E+01	4.7664062500000000E+01
2.6956077600014396E+01	4.7664062500000000E+01
2.7078081100014970E+01	4.7664062500000000E+01
2.7198518499993952E+01	4.7664062500000000E+01
2.7317382400011411E+01	4.7664062500000000E+01
2.7438732600014191E+01	4.7664062500000000E+01
2.7557215400011046E+01	4.7664062500000000E+01
2.7678201900009299E+01	4.7664062500000000E+01
2.7802407300012419E+01	4.7664062500000000E+01
2.7925560300005600E+01	4.7664062500000000E+01
2.8063715600001160E+01	4.7664062500000000E+01
2.8197321800020291E+01	4.7664062500000000E+01
2.8326147500018124E+01	4.7664062500000000E+01
2.8453448200016282E+01	4.7664062500000000E+01
2.8579796600010013E+01	4.7664062500000000E+01
2.8703837000008207E+01	4.7664062500000000E+01
2.8824953700008336E+01	4.7664062500000000E+01
2.8945505100011360E+01	4.7664062500000000E+01
2.9072066099994117E+01	4.7664062500000000E+01
2.9199691599991638E+01	4.7664062500000000E+01
2.9319575700006681E+01	4.7664062500000000E+01
2.9437644999998156E+01	4.7664062500000000E+01
2.9555754500004696E+01	4.7664062500000000E+01
2.9679133700003149E+01	4.7664062500000000E+01
2.9799253500008490E+01	4.7664062500000000E+01
2.9916131300007692E+01	4.7664062500000000E+01
3.0036821200017584E+01	4.7664062500000000E+01
3.0158567900012713E+01	4.7664062500000000E+01
3.0279527300008340E+01	4.7664062500000000E+01
3.0400997799995821E+01	4.7664062500000000E+01
3.0517831200006185E+01	4.7664062500000000E+01
3.0636778999993112E+01	4.7664062500000000E+01
3.0754455400019651E+01	4.7664062500000000E+01
3.0872854100016411E+01	4.7664062500000000E+01
3.0989946400019107E+01	4.7664062500000000E+01
3.1110118300013710E+01	4.7664062500000000E+01
3.1231944099999964E+01	4.7664062500000000E+01
3.1349524100020062E+01	4.7664062500000000E+01
3.1467996799998218E+01	4.7664062500000000E+01
3.1585108700004639E+01	4.7664062500000000E+01
3.1703028799995081E+01	4.7664062500000000E+01
3.1818934600014472E+01	4.7664062500000000E+01
3.1937716999993427E+01	4.7664062500000000E+01
3.2055744800018147E+01	4.7664062500000000E+01
3.2178066799999215E+01	4.7664062500000000E+01
3.2298893500003032E+01	4.7664062500000000E+01
3.2418000700010452E+01	4.7664062500000000E+01
3.2547304100007750E+01	4.7664062500000000E+01
3.2673518399999011E+01	4.7664062500000000E+01
3.2803413999994518E+01	4.7664062500000000E+01
3.2928264200018020E+01	4.7664062500000000E+01
3.3054053500003647E+01	4.7664062500000000E+01
3.3186051600001520E+01	4.7664062500000000E+01
3.3323991500015836E+01	4.7664062500000000E+01
3.3455840300011914E+01	4.7664062500000000E+01
3.3598618899995927E+01	4.7664062500000000E+01
3.3738823499996215E+01	4.7664062500000000E+01
3.3871657700015930E+01	4.7664062500000000E+01
3.3997727900015889E+01	4.7664062500000000E+01
3.4121024499996565E+01	4.7664062500000000E+01
3.4243267500016373E+01	4.7664062500000000E+01
3.4369982200005325E+01	4.7664062500000000E+01
3.4495283299998846E+01	4.7664062500000000E+01
3.4613745700014988E+01	4.7664062500000000E+01
3.4733991300017806E+01	4.7664062500000000E+01
3.4854210499994224E+01	4.7664062500000000E+01
3.4975876500015147E+01	4.7664062500000000E+01
3.5095070100011071E+01	4.7664062500000000E+01
3.5214255900005810E+01	4.7664062500000000E+01
3.5336333800019929E+01	4.7664062500000000E+01
3.5455584100011038E+01	4.7664062500000000E+01
3.5573975300008897E+01	4.7664062500000000E+01
3.5690943099994911E+01	4.7664062500000000E+01
3.5808830099995248E+01	4.7664062500000000E+01
3.5935950400016736E+01	4.7664062500000000E+01
3.6058316300011938E+01	4.7664062500000000E+01
3.6178761699993629E+01	4.7664062500000000E+01
3.6306620399991516E+01	4.7664062500000000E+01
3.6430451399995945E+01	4.7664062500000000E+01
3.6555185000004712E+01	4.7664062500000000E+01
3.6679462000000058E+01	4.7664062500000000E+01
3.6801643500017235E+01	4.7664062500000000E+01
3.6921363300003577E+01	4.7664062500000000E+01
3.7043600500008324E+01	4.7664062500000000E+01
3.7174846600013552E+01	4.7664062500000000E+01
3.7304022800002713E+01	4.7664062500000000E+01
3.7428292600001441E+01	4.7664062500000000E+01
3.7549674000008963E+01	4.7664062500000000E+01
3.7671064800000750E+01	4.7664062500000000E+01
3.7799509900010889E+01	4.7664062500000000E+01
3.7927667500014650E+01	4.7664062500000000E+01
3.8056961599999340E+01	4.7664062500000000E+01
3.8187335399998119E+01	4.7664062500000000E+01
3.8314807499991730E+01	4.7664062500000000E+01
3.8440342799993232E+01	4.7664062500000000E+01
3.8562372799991863E+01	4.7664062500000000E+01
3.8688992400013376E+01	4.7664062500000000E+01
3.8814133000007132E+01	4.7664062500000000E+01
3.8938850800012005E+01	4.7664062500000000E+01
3.9059369700000389E+01	4.7664062500000000E+01
3.9179967200005194E+01	4.7664062500000000E+01
3.9301461299997754E+01	4.7664062500000000E+01
3.9423424100008560E+01	4.7664062500000000E+01
3.9544635500002187E+01	4.7664062500000000E+01
3.9678158299997449E+01	4.7664062500000000E+01
3.9801482100010617E+01	4.7664062500000000E+01
3.9921281400020234E+01	4.7664062500000000E+01
4.0043355900008464E+01	4.7664062500000000E+01
4.0165912700002082E+01	4.7664062500000000E+01
4.0287693399994168E+01	4.7664062500000000E+01
4.0408891300001414E+01	4.7664062500000000E+01
4.0531886000011582E+01	4.7664062500000000E+01
4.0655017100012628E+01	4.7664062500000000E+01
4.0776860600017244E+01	4.7664062500000000E+01
4.0896756400004961E+01	4.7664062500000000E+01
4.1018394300015643E+01	4.7664062500000000E+01
4.1142209500016179E+01	4.7664062500000000E+01
4.1267130199994426E+01	4.7664062500000000E+01
4.1389369700016687E+01	4.7664062500000000E+01
4.1512009900005069E+01	4.7664062500000000E+01
4.1685821099992609E+01	4.7664062500000000E+01
4.1824916800018400E+01	4.7664062500000000E+01
4.1958696100016823E+01	4.7664062500000000E+01
4.2097494599991478E+01	4.7664062500000000E+01
4.2238288499996997E+01	4.7664062500000000E+01
4.2374798100005137E+01	4.7664062500000000E+01
4.2509890400018776E+01	4.7664062500000000E+01
4.2648264300019946E+01	4.7664062500000000E+01
4.2790647799993167E+01	4.7664062500000000E+01
4.2928876599995419E+01	4.7664062500000000E+01
4.3065288900019368E+01	4.7664062500000000E+01
4.3205214899993734E+01	4.7664062500000000E+01
4.3383295200008433E+01	4.7664062500000000E+01
4.3563999800011516E+01	4.7664062500000000E+01
4.3844184699992184E+01	4.7664062500000000E+01
4.4102906500018435E+01	4.7664062500000000E+01
4.4313947999995435E+01	4.7664062500000000E+01
4.4500576199992793E+01	4.7664062500000000E+01
4.4705821000010474E+01	4.7664062500000000E+01
4.4891395000013290E+01	4.7664062500000000E+01
4.5112821200018516E+01	4.7664062500000000E+01
4.5375470600003609E+01	4.7664062500000000E+01
4.5638779400003841E+01	4.7664062500000000E+01
4.5883940700005041E+01	4.7664062500000000E+01
4.6111845400009770E+01	4.7664062500000000E+01
4.6300376700004563E+01	4.7664062500000000E+01
4.6512151500006439E+01	4.7664062500000000E+01
4.6751548400003230E+01	4.7664062500000000E+01
4.6959177300013835E+01	4.7664062500000000E+01
4.7181650100013940E+01	4.7664062500000000E+01
4.7393333700019866E+01	4.7664062500000000E+01
4.7602737600012915E+01	4.7664062500000000E+01
4.7851680899999337E+01	4.7664062500000000E+01
4.8061749500018777E+01	4.7664062500000000E+01
4.8247041800001170E+01	4.7664062500000000E+01
4.8418332000001101E+01	4.7664062500000000E+01
4.8574235900014173E+01	4.7664062500000000E+01
4.8731027200003155E+01	4.7664062500000000E+01
4.8881428699998651E+01	4.7664062500000000E+01
4.9027333200006979E+01	4.7664062500000000E+01
4.9182651500013890E+01	4.7664062500000000E+01
4.9365193400008138E+01	4.7664062500000000E+01
4.9661155800014967E+01	4.7664062500000000E+01
4.9914675100008026E+01	4.7664062500000000E+01
5.0149807100009639E+01	4.7664062500000000E+01
5.0456236199999694E+01	4.7664062500000000E+01
5.0665647899993928E+01	4.7664062500000000E+01
5.0866248000005726E+01	4.7664062500000000E+01
5.1066893500013975E+01	4.7664062500000000E+01
5.1268000100011704E+01	4.7664062500000000E+01
5.1467892200016649E+01	4.7664062500000000E+01
5.1675156000012066E+01	4.7664062500000000E+01
5.1892643099999987E+01	4.7664062500000000E+01
5.2176054800016573E+01	4.7664062500000000E+01
5.2455179600015981E+01	4.7664062500000000E+01
5.2696629900019616E+01	4.7664062500000000E+01
5.2907192000013310E+01	4.7664062500000000E+01
5.3183613100001821E+01	4.7664062500000000E+01
5.3422823100001551E+01	4.7664062500000000E+01
5.3601286100019934E+01	4.7664062500000000E+01
5.3769606400019256E+01	4.7664062500000000E+01
5.3937078200018732E+01	4.7664062500000000E+01
5.4089373900002101E+01	4.7664062500000000E+01
5.4230780100013362E+01	4.7664062500000000E+01
5.4364400599995861E+01	4.7664062500000000E+01
5.4495752400020137E+01	4.7664062500000000E+01
5.4622035700012930E+01	4.7664062500000000E+01
5.4746323600003961E+01	4.7664062500000000E+01
5.4869496400002390E+01	4.7664062500000000E+01
5.5016813900001580E+01	4.7664062500000000E+01
5.5157686899998225E+01	4.7664062500000000E+01
5.5295779600011883E+01	4.7664062500000000E+01
5.5443750500009628E+01	4.7664062500000000E+01
5.5590044500015210E+01	4.7664062500000000E+01
5.5735062699997798E+01	4.7664062500000000E+01
5.5884862500010058E+01	4.7664062500000000E+01
5.6035351400001673E+01	4.7664062500000000E+01
5.6210288100002799E+01	4.7664062500000000E+01
5.6401280099991709E+01	4.7664062500000000E+01
5.6568834700010484E+01	4.7664062500000000E+01
5.6733488900004886E+01	4.7664062500000000E+01
5.6883600000001024E+01	4.7664062500000000E+01
5.7025431000016397E+01	4.7664062500000000E+01
5.7163014299992938E+01	4.7664062500000000E+01
5.7298012100014603E+01	4.7664062500000000E+01
5.7431211200018879E+01	4.7664062500000000E+01
5.7560964900010731E+01	4.7664062500000000E+01
5.7693701800017152E+01	4.7664062500000000E+01
5.7827966400014702E+01	4.7664062500000000E+01
5.7961910400015768E+01	4.7664062500000000E+01
5.8097768500010716E+01	4.7664062500000000E+01
5.8229616500000702E+01	4.7664062500000000E+01
5.8359598300012294E+01	4.7664062500000000E+01
5.8484578500007046E+01	4.7664062500000000E+01
5.8608383500017226E+01	4.7664062500000000E+01
5.8765573400014546E+01	4.7664062500000000E+01
5.8933188900002278E+01	4.7664062500000000E+01
5.9085025100008352E+01	4.7664062500000000E+01
5.9231462099996861E+01	4.7664062500000000E+01
5.9379973500006599E+01	4.7664062500000000E+01
5.9525175699993270E+01	4.7664062500000000E+01
5.9674805100017693E+01	4.7664062500000000E+01
5.9827973500010557E+01	4.7664062500000000E+01
5.9987384900014149E+01	4.7664062500000000E+01
6.0150282799993875E+01	4.7664062500000000E+01
6.0347131999995327E+01	4.7664062500000000E+01
6.0557156399998348E+01	4.7664062500000000E+01
6.0781267200014554E+01	4.7664062500000000E+01
6.1067843299999367E+01	4.7664062500000000E+01
6.1286909400019795E+01	4.7664062500000000E+01
6.1502127999992808E+01	4.7664062500000000E+01
6.1695309100003215E+01	4.7664062500000000E+01
6.1903759300010279E+01	4.7664062500000000E+01
6.2139147800015053E+01	4.7664062500000000E+01
6.2376298599992879E+01	4.7664062500000000E+01
6.2625771099992562E+01	4.7664062500000000E+01
6.2899676000000909E+01	4.7664062500000000E+01
6.3268265199993039E+01	4.7664062500000000E+01
6.3534988800005522E+01	4.7664062500000000E+01
6.3725310500012711E+01	4.7664062500000000E+01
6.3910807800013572E+01	4.7664062500000000E+01
6.4070695500005968E+01	4.7664062500000000E+01
6.4219117500004359E+01	4.7664062500000000E+01
6.4363879500015173E+01	4.7664062500000000E+01
6.4501465200009989E+01	4.7664062500000000E+01
6.4640567599999486E+01	4.7664062500000000E+01
6.4774811400013277E+01	4.7664062500000000E+01
6.4907057100004749E+01	4.7664062500000000E+01
6.5046809699997539E+01	4.7664062500000000E+01
6.5182673700008309E+01	4.7664062500000000E+01
6.5318754000007175E+01	4.7664062500000000E+01
6.5455381800013129E+01	4.7664062500000000E+01
6.5586833800014574E+01	4.7664062500000000E+01
6.5721382699994138E+01	4.7664062500000000E+01
6.5851846000005025E+01	4.7664062500000000E+01
6.5986097400018480E+01	4.7664062500000000E+01
6.6117580099991756E+01	4.7664062500000000E+01
6.6259777800005395E+01	4.7664062500000000E+01
6.6431940600014059E+01	4.7664062500000000E+01
6.6647966799995629E+01	4.7664062500000000E+01
6.6868150800000876E+01	4.7664062500000000E+01
6.7123913100018399E+01	4.7664062500000000E+01
6.7347012900019763E+01	4.7664062500000000E+01
6.7552067500015255E+01	4.7664062500000000E+01
6.7748499400011497E+01	4.7664062500000000E+01
6.7934790400002385E+01	4.7664062500000000E+01
6.8128709700016771E+01	4.7664062500000000E+01
6.8381368300004397E+01	4.7664062500000000E+01
6.8617670300009195E+01	4.7664062500000000E+01
6.8833538000006229E+01	4.7664062500000000E+01
6.9095846700016409E+01	4.7664062500000000E+01
6.9313454400020419E+01	4.7664062500000000E+01
6.9504152300010901E+01	4.7664062500000000E+01
6.9705258400004823E+01	4.7664062500000000E+01
6.9895123700000113E+01	4.7664062500000000E+01
7.0094158699997934E+01	4.7664062500000000E+01
7.0269408599997405E+01	4.7664062500000000E+01
7.0426055499992799E+01	4.7664062500000000E+01
7.0594003500009421E+01	4.7664062500000000E+01
7.0749539300013566E+01	4.7664062500000000E+01
7.0893412800010992E+01	4.7664062500000000E+01
7.1035118600004353E+01	4.7664062500000000E+01
7.1168631500011543E+01	4.7664062500000000E+01
7.1304352600011043E+01	4.7664062500000000E+01
7.1458375200018054E+01	4.7664062500000000E+01
7.1594300500000827E+01	4.7664062500000000E+01
7.1728819200012367E+01	4.7664062500000000E+01
7.1888603500003228E+01	4.7664062500000000E+01
7.2059798200003570E+01	4.7664062500000000E+01
7.2233554100006586E+01	4.7664062500000000E+01
7.2465120900014881E+01	4.7664062500000000E+01
7.2768528899992816E+01	4.7664062500000000E+01
7.2983265599992592E+01	4.7664062500000000E+01
7.3381397899996955E+01	4.7664062500000000E+01
7.3619176200008951E+01	4.7664062500000000E+01
7.3826220899994951E+01	4.7664062500000000E+01
7.4016298900009133E+01	4.7664062500000000E+01
7.4194462899991777E+01	4.7664062500000000E+01
7.4355283600016264E+01	4.7664062500000000E+01
7.4499193700001342E+01	4.7664062500000000E+01
7.4637133400014136E+01	4.7664062500000000E+01
7.4771822600014275E+01	4.7664062500000000E+01
7.4904263000003994E+01	4.7664062500000000E+01
7.5033198000019183E+01	4.7664062500000000E+01
7.5159931100002723E+01	4.7664062500000000E+01
7.5295056700007990E+01	4.7664062500000000E+01
7.5439619500015397E+01	4.7664062500000000E+01
7.5580394799995702E+01	4.7664062500000000E+01
7.5729561200016178E+01	4.7664062500000000E+01
7.5870452500006650E+01	4.7664062500000000E+01
7.6006825799995568E+01	4.7664062500000000E+01
7.6139276500005508E+01	4.7664062500000000E+01
7.6267512099992018E+01	4.7664062500000000E+01
7.6395365700009279E+01	4.7664062500000000E+01
7.6524021599994740E+01	4.7664062500000000E+01
7.6647731600009138E+01	4.7664062500000000E+01
7.6775531399995089E+01	4.7664062500000000E+01
7.6902176700008567E+01	4.7664062500000000E+01
7.7074915600009263E+01	4.7664062500000000E+01
7.7239770300016971E+01	4.7664062500000000E+01
7.7392817100015236E+01	4.7664062500000000E+01
7.7544761199998902E+01	4.7664062500000000E+01
7.7696198399993591E+01	4.7664062500000000E+01
7.7843891199998325E+01	4.7664062500000000E+01
7.7984287300001597E+01	4.7664062500000000E+01
7.8124538300005952E+01	4.7664062500000000E+01
7.8301798700005747E+01	4.7664062500000000E+01
7.8469457400002284E+01	4.7664062500000000E+01
7.8667954100004863E+01	4.7664062500000000E+01
7.8861708400014322E+01	4.7664062500000000E+01
7.9032498999993550E+01	4.7664062500000000E+01
7.9285877699992852E+01	4.7664062500000000E+01
7.9522717899992131E+01	4.7664062500000000E+01
7.9744842300016899E+01	4.7664062500000000E+01
7.9942584600008558E+01	4.7664062500000000E+01
8.0225384299992584E+01	4.7664062500000000E+01
8.0501944599993294E+01	4.7664062500000000E+01
8.0731075799994869E+01	4.7664062500000000E+01
8.0967209299997194E+01	4.7664062500000000E+01
8.1163263599999482E+01	4.7664062500000000E+01
8.1336735699995188E+01	4.7664062500000000E+01
8.1498530300013954E+01	4.7664062500000000E+01
8.1670731899997918E+01	4.7664062500000000E+01
8.1830670499999542E+01	4.7664062500000000E+01
8.1989078600017820E+01	4.7664062500000000E+01
8.2133991800015792E+01	4.7664062500000000E+01
8.2271204100019531E+01	4.7664062500000000E+01
8.2433465100009926E+01	4.7664062500000000E+01
8.2601484600018011E+01	4.7664062500000000E+01
8.2783198799996171E+01	4.7664062500000000E+01
8.3018846499995561E+01	4.7664062500000000E+01
8.3226121400017291E+01	4.7664062500000000E+01
8.3439089399995282E+01	4.7664062500000000E+01
8.3633706900000107E+01	4.7664062500000000E+01
8.3856227500014938E+01	4.7664062500000000E+01
8.4065433900017524E+01	4.7664062500000000E+01
8.4270971099991584E+01	4.7664062500000000E+01
8.4506795699999202E+01	4.7664062500000000E+01
8.4735331300005782E+01	4.7664062500000000E+01
8.4938881300011417E+01	4.7664062500000000E+01
8.5145843700011028E+01	4.7664062500000000E+01
8.5346446800016565E+01	4.7664062500000000E+01
8.5553154399996856E+01	4.7664062500000000E+01
8.5785713999997824E+01	4.7664062500000000E+01
8.6029561600007582E+01	4.7664062500000000E+01
8.6215387800009921E+01	4.7664062500000000E+01
8.6493632500001695E+01	4.7664062500000000E+01
8.6780132000014419E+01	4.7664062500000000E+01
8.7113893600006122E+01	4.7664062500000000E+01
8.7318360200006282E+01	4.7664062500000000E+01
8.7568047800014028E+01	4.7664062500000000E+01
8.7805033000011463E+01	4.7664062500000000E+01
8.8033595300017623E+01	4.7664062500000000E+01
8.8262471199996071E+01	4.7664062500000000E+01
8.8503920899995137E+01	4.7664062500000000E+01
8.8723994300002232E+01	4.7664062500000000E+01
8.8951156600000104E+01	4.7664062500000000E+01
8.9206866699998500E+01	4.7664062500000000E+01
8.9424243699992076E+01	4.7664062500000000E+01
8.9690217299998039E+01	4.7664062500000000E+01
8.9941032100003213E+01	4.7664062500000000E+01
9.0179541699995752E+01	4.7664062500000000E+01
9.0422286500019254E+01	4.7664062500000000E+01
9.0684051000018371E+01	4.7664062500000000E+01
9.0922043700003996E+01	4.7664062500000000E+01
9.1140488200006075E+01	4.7664062500000000E+01
9.1355134300014470E+01	4.7664062500000000E+01
9.1589008400012972E+01	4.7664062500000000E+01
9.1841674900002545E+01	4.7664062500000000E+01
9.2045659499999601E+01	4.7664062500000000E+01
9.2230346700001974E+01	4.7664062500000000E+01
9.2387062499998137E+01	4.7664062500000000E+01
9.2532318800018402E+01	4.7664062500000000E+01
9.2671254300017608E+01	4.7664062500000000E+01
9.2809944600012386E+01	4.7664062500000000E+01
9.2941916400013724E+01	4.7664062500000000E+01
9.3077865600003861E+01	4.7664062500000000E+01
9.3211362100002589E+01	4.7664062500000000E+01
9.3342180800013011E+01	4.7664062500000000E+01
9.3476547500002198E+01	4.7664062500000000E+01
9.3607964900002116E+01	4.7664062500000000E+01
9.3741599500004668E+01	4.7664062500000000E+01
9.3867882499995176E+01	4.7664062500000000E+01
9.3994050000008428E+01	4.7664062500000000E+01
9.4120264700002735E+01	4.7664062500000000E+01
9.4253541500016581E+01	4.7664062500000000E+01
9.4386356000002706E+01	4.7664062500000000E+01
9.4516062100010458E+01	4.7664062500000000E+01
9.4647897899994859E+01	4.7664062500000000E+01
9.4785246700019343E+01	4.7664062500000000E+01
9.4917826199991396E+01	4.7664062500000000E+01
9.5045734800020000E+01	4.7664062500000000E+01
9.5174486600008095E+01	4.7664062500000000E+01
9.5302810399996815E+01	4.7664062500000000E+01
9.5435976700013271E+01	4.7664062500000000E+01
9.5562836600001901E+01	4.7664062500000000E+01
9.5686543499992695E+01	4.7664062500000000E+01
9.5821013600012520E+01	4.7664062500000000E+01
9.5955791400017915E+01	4.7664062500000000E+01
9.6083568300004117E+01	4.7664062500000000E+01
9.6205871400015894E+01	4.7664062500000000E+01
9.6327918800001498E+01	4.7664062500000000E+01
9.6447822699992685E+01	4.7664062500000000E+01
9.6566241499996977E+01	4.7664062500000000E+01
9.6684484099998372E+01	4.7664062500000000E+01
9.6803182900010142E+01	4.7664062500000000E+01
9.6921389499999350E+01	4.7664062500000000E+01
9.7051239399996120E+01	4.7664062500000000E+01
9.7178911599999992E+01	4.7664062500000000E+01
9.7324984600010794E+01	4.7664062500000000E+01
9.7454669600003399E+01	4.7664062500000000E+01
9.7603610499994829E+01	4.7664062500000000E+01
9.7821630699996604E+01	4.7664062500000000E+01
9.8043120100017404E+01	4.7664062500000000E+01
9.8250551800010726E+01	4.7664062500000000E+01
9.8446506000007503E+01	4.7664062500000000E+01
9.8610820800007787E+01	4.7664062500000000E+01
9.8760924300004262E+01	4.7664062500000000E+01
9.8899102800001856E+01	4.7664062500000000E+01
9.9031077599996934E+01	4.7664062500000000E+01
9.9160140899999533E+01	4.7664062500000000E+01
9.9288840099994559E+01	4.7664062500000000E+01
9.9416730199998710E+01	4.7664062500000000E+01
9.9541914800007362E+01	4.7664062500000000E+01
9.9665902000007918E+01	4.7664062500000000E+01
9.9789922700001625E+01	4.7664062500000000E+01
9.9908896500011906E+01	4.7664062500000000E+01
1.0003059110001777E+02	4.7664062500000000E+01
1.0014951730001485E+02	4.7664062500000000E+01
1.0026959690000513E+02	4.7664062500000000E+01
1.0039440250000916E+02	4.7664062500000000E+01
1.0052738899999531E+02	4.7664062500000000E+01
1.0065235660001053E+02	4.7664062500000000E+01
1.0077913619999890E+02	4.7664062500000000E+01
1.0091131409999798E+02	4.7664062500000000E+01
1.0103836950002005E+02	4.7664062500000000E+01
1.0116197710001143E+02	4.7664062500000000E+01
1.0128153959999327E+02	4.7664062500000000E+01
1.0140105600000243E+02	4.7664062500000000E+01
1.0151961529999971E+02	4.7664062500000000E+01
1.0163903720001690E+02	4.7664062500000000E+01
1.0176066160001210E+02	4.7664062500000000E+01
1.0187961380000343E+02	4.7664062500000000E+01
1.0200026220001746E+02	4.7664062500000000E+01
1.0212208820000524E+02	4.7664062500000000E+01
1.0224327810000977E+02	4.7664062500000000E+01
1.0236258640000597E+02	4.7664062500000000E+01
1.0249576360001811E+02	4.7664062500000000E+01
1.0262746909999987E+02	4.7664062500000000E+01
1.0276859990000958E+02	4.7664062500000000E+01
1.0290549450000981E+02	4.7664062500000000E+01
1.0306074099999387E+02	4.7664062500000000E+01
1.0327063240000280E+02	4.7664062500000000E+01
1.0355912859999808E+02	4.7664062500000000E+01
1.0381271660001948E+02	4.7664062500000000E+01
1.0406622599999537E+02	4.7664062500000000E+01
1.0434369460001471E+02	4.7664062500000000E+01
1.0456663760001538E+02	4.7664062500000000E+01
1.0478388610002003E+02	4.7664062500000000E+01
1.0496889400001965E+02	4.7664062500000000E+01
1.0520622530000401E+02	4.7664062500000000E+01
1.0543453970001428E+02	4.7664062500000000E+01
1.0563967709999997E+02	4.7664062500000000E+01
1.0580399700000999E+02	4.7664062500000000E+01
1.0595858520001639E+02	4.7664062500000000E+01
1.0609972769999877E+02	4.7664062500000000E+01
1.0623491990001639E+02	4.7664062500000000E+01
1.0636528830000316E+02	4.7664062500000000E+01
1.0649727880000137E+02	4.7664062500000000E+01
1.0655562510000891E+02	4.7664062500000000E+01
1.0660538930000621E+02	4.7664062500000000E+01
1.0665423109999392E+02	4.7664062500000000E+01
1.0670379270002013E+02	4.7664062500000000E+01
1.0675084590000915E+02	4.7664062500000000E+01
1.0679790340000181E+02	4.7664062500000000E+01
1.0684451860000263E+02	4.7664062500000000E+01
1.0689130039999145E+02	4.7664062500000000E+01
1.0693861310000648E+02	4.7664062500000000E+01
1.0698491430000286E+02	4.7664062500000000E+01
1.0703176979999989E+02	4.7664062500000000E+01
1.0707694280002033E+02	4.7664062500000000E+01
1.0712228149999282E+02	4.7664062500000000E+01
1.0716812800001935E+02	4.7664062500000000E+01
1.0721457060001558E+02	4.7664062500000000E+01
1.0726153809999232E+02	4.7664062500000000E+01
1.0730706290001399E+02	4.7664062500000000E+01
1.0735267610001029E+02	4.7664062500000000E+01
1.0739866890001576E+02	4.7664062500000000E+01
1.0744521679999889E+02	4.7664062500000000E+01
1.0748956829999224E+02	4.7664062500000000E+01
1.0753529120000894E+02	4.7664062500000000E+01
1.0759160730001167E+02	4.7664062500000000E+01
1.0765277620000415E+02	4.7664062500000000E+01
1.0771640999999363E+02	4.7664062500000000E+01
1.0777766570000676E+02	4.7664062500000000E+01
1.0783847089999472E+02	4.7664062500000000E+01
1.0789863450001576E+02	4.7664062500000000E+01
1.0795599139999831E+02	4.7664062500000000E+01
1.0801318100001663E+02	4.7664062500000000E+01
1.0806799999999930E+02	4.7664062500000000E+01
1.0812304700000095E+02	4.7664062500000000E+01
1.0817881509999279E+02	4.7664062500000000E+01
1.0823460140000680E+02	4.7664062500000000E+01
1.0828902850000304E+02	4.7664062500000000E+01
1.0834202390001155E+02	4.7664062500000000E+01
1.0839641220000340E+02	4.7664062500000000E+01
1.0845471079999697E+02	4.7664062500000000E+01
1.0851846340001794E+02	4.7664062500000000E+01
1.0858066599999438E+02	4.7664062500000000E+01
1.0863895190000767E+02	4.7664062500000000E+01
1.0870705080000334E+02	4.7664062500000000E+01
1.0876794960000552E+02	4.7664062500000000E+01
1.0882972929999232E+02	4.7664062500000000E+01
1.0889499900001101E+02	4.7664062500000000E+01
1.0895448370001395E+02	4.7664062500000000E+01
1.0901328850002028E+02	4.7664062500000000E+01
1.0907169800001429E+02	4.7664062500000000E+01
1.0913086720000138E+02	4.7664062500000000E+01
1.0918923250000807E+02	4.7664062500000000E+01
1.0924735140000121E+02	4.7664062500000000E+01
1.0930647820001468E+02	4.7664062500000000E+01
1.0936360979999881E+02	4.7664062500000000E+01
1.0942085610001232E+02	4.7664062500000000E+01
1.0948033789999317E+02	4.7664062500000000E+01
1.0953772809999646E+02	4.7664062500000000E+01
1.0959877470001811E+02	4.7664062500000000E+01
1.0965237920000800E+02	4.7664062500000000E+01
1.0970523180000600E+02	4.7664062500000000E+01
1.0975826920001418E+02	4.7664062500000000E+01
1.0980634179999470E+02	4.7664062500000000E+01
1.0985579319999670E+02	4.7664062500000000E+01
1.0990762559999712E+02	4.7664062500000000E+01
1.0997117750000325E+02	4.7664062500000000E+01
1.1006595809999271E+02	4.7664062500000000E+01
1.1012285220000194E+02	4.7664062500000000E+01
1.1017728010000428E+02	4.7664062500000000E+01
1.1023289780001505E+02	4.7664062500000000E+01
1.1029309140000260E+02	4.7664062500000000E+01
1.1035381510001025E+02	4.7664062500000000E+01
1.1041737280000234E+02	4.7664062500000000E+01
1.1048500030001742E+02	4.7664062500000000E+01
1.1055170640000142E+02	4.7664062500000000E+01
1.1061990399999195E+02	4.7664062500000000E+01
1.1068711870000698E+02	4.7664062500000000E+01
1.1075334320002003E+02	4.7664062500000000E+01
1.1081829670001753E+02	4.7664062500000000E+01
1.1087738180000451E+02	4.7664062500000000E+01
1.1093545590000576E+02	4.7664062500000000E+01
1.1099283699999796E+02	4.7664062500000000E+01
1.1104938070001663E+02	4.7664062500000000E+01
1.1110799700001371E+02	4.7664062500000000E+01
1.1117948600000818E+02	4.7664062500000000E+01
1.1123658550000982E+02	4.7664062500000000E+01
1.1129348710001796E+02	4.7664062500000000E+01
1.1134909060000791E+02	4.7664062500000000E+01
1.1140357399999630E+02	4.7664062500000000E+01
1.1145822060000501E+02	4.7664062500000000E+01
1.1151193969999440E+02	4.7664062500000000E+01
1.1156526309999754E+02	4.7664062500000000E+01
1.1161770339999930E+02	4.7664062500000000E+01
1.1167187500000000E+02	4.7664062500000000E+01
1.1172534520001500E+02	4.7664062500000000E+01
1.1178686320001725E+02	4.7664062500000000E+01
1.1186391040001763E+02	4.7664062500000000E+01
1.1191794430001755E+02	4.7664062500000000E+01
1.1197120500000892E+02	4.7664062500000000E+01
1.1202586700001848E+02	4.7664062500000000E+01
1.1208412270000554E+02	4.7664062500000000E+01
1.1214170949999243E+02	4.7664062500000000E+01
1.1220033240001067E+02	4.7664062500000000E+01
1.1225978049999685E+02	4.7664062500000000E+01
1.1232150859999820E+02	4.7664062500000000E+01
1.1238141940001515E+02	4.7664062500000000E+01
1.1243938719999278E+02	4.7664062500000000E+01
1.1252720000001136E+02	4.7664062500000000E+01
1.1259026339999400E+02	4.7664062500000000E+01
1.1265857120000874E+02	4.7664062500000000E+01
1.1272934380001971E+02	4.7664062500000000E+01
1.1279090890000225E+02	4.7664062500000000E+01
1.1285291889999644E+02	4.7664062500000000E+01
1.1291205499999342E+02	4.7664062500000000E+01
1.1296894350001821E+02	4.7664062500000000E+01
1.1302551629999653E+02	4.7664062500000000E+01
1.1308154770001420E+02	4.7664062500000000E+01
1.1313816620002035E+02	4.7664062500000000E+01
1.1319321680002031E+02	4.7664062500000000E+01
1.1324820020000334E+02	4.7664062500000000E+01
1.1330280380000477E+02	4.7664062500000000E+01
1.1335550480001257E+02	4.7664062500000000E+01
1.1340693080000347E+02	4.7664062500000000E+01
1.1345933400001377E+02	4.7664062500000000E+01
1.1350855460000457E+02	4.7664062500000000E+01
1.1355835720000323E+02	4.7664062500000000E+01
1.1360793830000330E+02	4.7664062500000000E+01
1.1365847940000822E+02	4.7664062500000000E+01
1.1370928340000683E+02	4.7664062500000000E+01
1.1376249630001257E+02	4.7664062500000000E+01
1.1381410940000205E+02	4.7664062500000000E+01
1.1386545680000563E+02	4.7664062500000000E+01
1.1391522590001114E+02	4.7664062500000000E+01
1.1396451610000804E+02	4.7664062500000000E+01
1.1401491040000110E+02	4.7664062500000000E+01
1.1406389670001226E+02	4.7664062500000000E+01
1.1411333769999328E+02	4.7664062500000000E+01
1.1416713960000197E+02	4.7664062500000000E+01
1.1421725640000659E+02	4.7664062500000000E+01
1.1426522240001941E+02	4.7664062500000000E+01
1.1431286050000926E+02	4.7664062500000000E+01
1.1436033280001720E+02	4.7664062500000000E+01
1.1440932619999512E+02	4.7664062500000000E+01
1.1446632010000758E+02	4.7664062500000000E+01
1.1451851840000018E+02	4.7664062500000000E+01
1.1457005390000995E+02	4.7664062500000000E+01
1.1462947060001898E+02	4.7664062500000000E+01
1.1469643740000902E+02	4.7664062500000000E+01
1.1476649380000890E+02	4.7664062500000000E+01
1.1482610239999485E+02	4.7664062500000000E+01
1.1488574510000763E+02	4.7664062500000000E+01
1.1494454789999872E+02	4.7664062500000000E+01
1.1500293499999680E+02	4.7664062500000000E+01
1.1505735220000497E+02	4.7664062500000000E+01
1.1511020830000052E+02	4.7664062500000000E+01
1.1516328280000016E+02	4.7664062500000000E+01
1.1521453450000263E+02	4.7664062500000000E+01
1.1526507200000924E+02	4.7664062500000000E+01
1.1531532379999408E+02	4.7664062500000000E+01
1.1536598269999376E+02	4.7664062500000000E+01
1.1541514570001164E+02	4.7664062500000000E+01
1.1546311070001684E+02	4.7664062500000000E+01
1.1551313140001730E+02	4.7664062500000000E+01
1.1556233810001868E+02	4.7664062500000000E+01
1.1561150410000118E+02	4.7664062500000000E+01
1.1566125289999763E+02	4.7664062500000000E+01
1.1570971709999139E+02	4.7664062500000000E+01
1.1575818810000783E+02	4.7664062500000000E+01
1.1580479769999511E+02	4.7664062500000000E+01
1.1585197419999167E+02	4.7664062500000000E+01
1.1590167590000783E+02	4.7664062500000000E+01
1.1595441750000464E+02	4.7664062500000000E+01
1.1601189180000802E+02	4.7664062500000000E+01
1.1606371560000116E+02	4.7664062500000000E+01
1.1611296460000449E+02	4.7664062500000000E+01
1.1616184559999965E+02	4.7664062500000000E+01
1.1620905969999149E+02	4.7664062500000000E+01
1.1625658050001948E+02	4.7664062500000000E+01
1.1630375710001681E+02	4.7664062500000000E+01
1.1635049080001772E+02	4.7664062500000000E+01
1.1640399920000345E+02	4.7664062500000000E+01
1.1646006240000133E+02	4.7664062500000000E+01
1.1651439300001948E+02	4.7664062500000000E+01
1.1657130149999284E+02	4.7664062500000000E+01
1.1663042610001867E+02	4.7664062500000000E+01
1.1668743760001962E+02	4.7664062500000000E+01
1.1674693250001292E+02	4.7664062500000000E+01
1.1680559370000265E+02	4.7664062500000000E+01
1.1686539330001688E+02	4.7664062500000000E+01
1.1692520940001123E+02	4.7664062500000000E+01
1.1698930459999247E+02	4.7664062500000000E+01
1.1704851009999402E+02	4.7664062500000000E+01
1.1710772060000454E+02	4.7664062500000000E+01
1.1716553910000948E+02	4.7664062500000000E+01
1.1722203659999650E+02	4.7664062500000000E+01
1.1727592410001671E+02	4.7664062500000000E+01
1.1732824550001533E+02	4.7664062500000000E+01
1.1738046040001791E+02	4.7664062500000000E+01
1.1743181969999569E+02	4.7664062500000000E+01
1.1748231670001405E+02	4.7664062500000000E+01
1.1753139010001905E+02	4.7664062500000000E+01
1.1758152420000988E+02	4.7664062500000000E+01
1.1763232510001399E+02	4.7664062500000000E+01
1.1768465040001320E+02	4.7664062500000000E+01
1.1773865060001845E+02	4.7664062500000000E+01
1.1779040500000701E+02	4.7664062500000000E+01
1.1784281309999642E+02	4.7664062500000000E+01
1.1789333550000447E+02	4.7664062500000000E+01
1.1794763680000324E+02	4.7664062500000000E+01
1.1800104350000038E+02	4.7664062500000000E+01
1.1805206139999791E+02	4.7664062500000000E+01
1.1810313420000602E+02	4.7664062500000000E+01
1.1815358750001178E+02	4.7664062500000000E+01
1.1820352609999827E+02	4.7664062500000000E+01
1.1825233730001491E+02	4.7664062500000000E+01
1.1830312100000447E+02	4.7664062500000000E+01
1.1835244640000747E+02	4.7664062500000000E+01
1.1840206839999883E+02	4.7664062500000000E+01
1.1844957090000389E+02	4.7664062500000000E+01
1.1849838350000209E+02	4.7664062500000000E+01
1.1854603789999965E+02	4.7664062500000000E+01
1.1859481880001840E+02	4.7664062500000000E+01
1.1864406930000405E+02	4.7664062500000000E+01
1.1869312890002038E+02	4.7664062500000000E+01
1.1874412849999499E+02	4.7664062500000000E+01
1.1879156080001849E+02	4.7664062500000000E+01
1.1883887470001355E+02	4.7664062500000000E+01
1.1888523220000206E+02	4.7664062500000000E+01
1.1893217410001671E+02	4.7664062500000000E+01
1.1897998930001631E+02	4.7664062500000000E+01
1.1902593920001527E+02	4.7664062500000000E+01
1.1907305830001133E+02	4.7664062500000000E+01
1.1912047140000504E+02	4.7664062500000000E+01
1.1916674630000489E+02	4.7664062500000000E+01
1.1921281540000928E+02	4.7664062500000000E+01
1.1925950640000519E+02	4.7664062500000000E+01
1.1930563690001145E+02	4.7664062500000000E+01
1.1936053979999269E+02	4.7664062500000000E+01
1.1940696640001261E+02	4.7664062500000000E+01
1.1945469109999249E+02	4.7664062500000000E+01
1.1950260259999777E+02	4.7664062500000000E+01
1.1954998199999682E+02	4.7664062500000000E+01
1.1959816650001449E+02	4.7664062500000000E+01
1.1964653970001382E+02	4.7664062500000000E+01
1.1969563339999877E+02	4.7664062500000000E+01
1.1974392850001459E+02	4.7664062500000000E+01
1.1979109040001640E+02	4.7664062500000000E+01
1.1983836160000646E+02	4.7664062500000000E+01
1.1988525920000393E+02	4.7664062500000000E+01
1.1993112560000736E+02	4.7664062500000000E+01
1.1997817859999486E+02	4.7664062500000000E+01
1.2002483840001514E+02	4.7664062500000000E+01
1.2007107840001117E+02	4.7664062500000000E+01
1.2011763320001774E+02	4.7664062500000000E+01
1.2016295870000613E+02	4.7664062500000000E+01
1.2020858930001850E+02	4.7664062500000000E+01
1.2025575020001270E+02	4.7664062500000000E+01
1.2030240600000252E+02	4.7664062500000000E+01
1.2034865780000109E+02	4.7664062500000000E+01
1.2039565069999662E+02	4.7664062500000000E+01
1.2044466549999197E+02	4.7664062500000000E+01
1.2049129490001360E+02	4.7664062500000000E+01
1.2053862629999639E+02	4.7664062500000000E+01
1.2058412410001620E+02	4.7664062500000000E+01
1.2063151550001930E+02	4.7664062500000000E+01
1.2068183580000186E+02	4.7664062500000000E+01
1.2073001140000997E+02	4.7664062500000000E+01
1.2077793579999707E+02	4.7664062500000000E+01
1.2082492099999217E+02	4.7664062500000000E+01
1.2087361470001633E+02	4.7664062500000000E+01
1.2092162720000488E+02	4.7664062500000000E+01
1.2096848880001926E+02	4.7664062500000000E+01
1.2101719310000772E+02	4.7664062500000000E+01
1.2106606790001388E+02	4.7664062500000000E+01
1.2111459909999394E+02	4.7664062500000000E+01
1.2116422050000983E+02	4.7664062500000000E+01
1.2121470919999410E+02	4.7664062500000000E+01
1.2126437789999181E+02	4.7664062500000000E+01
1.2131321480000042E+02	4.7664062500000000E+01
1.2136242290001246E+02	4.7664062500000000E+01
1.2141025169999921E+02	4.7664062500000000E+01
1.2145843880000757E+02	4.7664062500000000E+01
1.2150376429999596E+02	4.7664062500000000E+01
1.2155020369999693E+02	4.7664062500000000E+01
1.2159814469999401E+02	4.7664062500000000E+01
1.2164550720000989E+02	4.7664062500000000E+01
1.2169567420001840E+02	4.7664062500000000E+01
1.2174605360001442E+02	4.7664062500000000E+01
1.2179857830001856E+02	4.7664062500000000E+01
1.2184856949999812E+02	4.7664062500000000E+01
1.2190305580000859E+02	4.7664062500000000E+01
1.2195505640000920E+02	4.7664062500000000E+01
1.2200977830000920E+02	4.7664062500000000E+01
1.2207040470000356E+02	4.7664062500000000E+01
1.2213797390001127E+02	4.7664062500000000E+01
1.2220435390001512E+02	4.7664062500000000E+01
1.2225987979999627E+02	4.7664062500000000E+01
1.2231525360001251E+02	4.7664062500000000E+01
1.2236869370000204E+02	4.7664062500000000E+01
1.2242217619999428E+02	4.7664062500000000E+01
1.2247687210000004E+02	4.7664062500000000E+01
1.2252906319999602E+02	4.7664062500000000E+01
1.2258180200000061E+02	4.7664062500000000E+01
1.2263285340002039E+02	4.7664062500000000E+01
1.2268606880001607E+02	4.7664062500000000E+01
1.2274004080001032E+02	4.7664062500000000E+01
1.2279080940000131E+02	4.7664062500000000E+01
1.2284098440001253E+02	4.7664062500000000E+01
1.2289061400000355E+02	4.7664062500000000E+01
1.2294340910000028E+02	4.7664062500000000E+01
1.2299258479999844E+02	4.7664062500000000E+01
1.2304299210000318E+02	4.7664062500000000E+01
1.2309161820000736E+02	4.7664062500000000E+01
1.2314177340001334E+02	4.7664062500000000E+01
1.2319083070001216E+02	4.7664062500000000E+01
1.2324282450001920E+02	4.7664062500000000E+01
1.2329259810000076E+02	4.7664062500000000E+01
1.2334368310001446E+02	4.7664062500000000E+01
1.2339320600000792E+02	4.7664062500000000E+01
1.2344287590001477E+02	4.7664062500000000E+01
1.2349160030001076E+02	4.7664062500000000E+01
1.2354122119999374E+02	4.7664062500000000E+01
1.2358950319999713E+02	4.7664062500000000E+01
1.2363749590000953E+02	4.7664062500000000E+01
1.2368662009999389E+02	4.7664062500000000E+01
1.2374181239999598E+02	4.7664062500000000E+01
1.2379125650000060E+02	4.7664062500000000E+01
1.2384225750001497E+02	4.7664062500000000E+01
1.2389151020001736E+02	4.7664062500000000E+01
1.2394122870001593E+02	4.7664062500000000E+01
1.2399015220001456E+02	4.7664062500000000E+01
1.2403878719999921E+02	4.7664062500000000E+01
1.2408655040001031E+02	4.7664062500000000E+01
1.2413467030000174E+02	4.7664062500000000E+01
1.2418341210001381E+02	4.7664062500000000E+01
1.2423066400000243E+02	4.7664062500000000E+01
1.2427855879999697E+02	4.7664062500000000E+01
1.2432545140001457E+02	4.7664062500000000E+01
1.2437133330001961E+02	4.7664062500000000E+01
1.2441979499999434E+02	4.7664062500000000E+01
1.2446726810000837E+02	4.7664062500000000E+01
1.2451766410001437E+02	4.7664062500000000E+01
1.2457211520001874E+02	4.7664062500000000E+01
1.2462338840001030E+02	4.7664062500000000E+01
1.2467247799999313E+02	4.7664062500000000E+01
1.2472461060000933E+02	4.7664062500000000E+01
1.2477482449999661E+02	4.7664062500000000E+01
1.2482378969999263E+02	4.7664062500000000E+01
1.2487162489999901E+02	4.7664062500000000E+01
1.2492227239999920E+02	4.7664062500000000E+01
1.2497069250000641E+02	4.7664062500000000E+01
1.2502013350001653E+02	4.7664062500000000E+01
1.2506860990001587E+02	4.7664062500000000E+01
1.2511841170000844E+02	4.7664062500000000E+01
1.2516863250001916E+02	4.7664062500000000E+01
1.2522619780001696E+02	4.7664062500000000E+01
1.2528629419999197E+02	4.7664062500000000E+01
1.2534518279999611E+02	4.7664062500000000E+01
1.2540443200001027E+02	4.7664062500000000E+01
1.2546183179999935E+02	4.7664062500000000E+01
1.2551978719999897E+02	4.7664062500000000E+01
1.2557898419999401E+02	4.7664062500000000E+01
1.2563815800001612E+02	4.7664062500000000E+01
1.2569892670001718E+02	4.7664062500000000E+01
1.2575124909999431E+02	4.7664062500000000E+01
1.2580351880000671E+02	4.7664062500000000E+01
1.2585369869999704E+02	4.7664062500000000E+01
1.2590434320000350E+02	4.7664062500000000E+01
1.2595397230001981E+02	4.7664062500000000E+01
1.2600634779999382E+02	4.7664062500000000E+01
1.2606554250000045E+02	4.7664062500000000E+01
1.2612356360000558E+02	4.7664062500000000E+01
1.2617625839999528E+02	4.7664062500000000E+01
1.2622758860001341E+02	4.7664062500000000E+01
1.2627943320001941E+02	4.7664062500000000E+01
1.2632927280000877E+02	4.7664062500000000E+01
1.2637907320001977E+02	4.7664062500000000E+01
1.2642792829999235E+02	4.7664062500000000E+01
1.2647794430001522E+02	4.7664062500000000E+01
1.2652622759999940E+02	4.7664062500000000E+01
1.2657509110000683E+02	4.7664062500000000E+01
1.2662384469999233E+02	4.7664062500000000E+01
1.2667389259999618E+02	4.7664062500000000E+01
1.2672936890000710E+02	4.7664062500000000E+01
1.2677803459999268E+02	4.7664062500000000E+01
1.2682657020000624E+02	4.7664062500000000E+01
1.2687557619999279E+02	4.7664062500000000E+01
1.2692401030001929E+02	4.7664062500000000E+01
1.2697238419999485E+02	4.7664062500000000E+01
1.2702193030001945E+02	4.7664062500000000E+01
1.2706990960001713E+02	4.7664062500000000E+01
1.2711815009999555E+02	4.7664062500000000E+01
1.2716556960000889E+02	4.7664062500000000E+01
1.2721212060001562E+02	4.7664062500000000E+01
1.2725979640000151E+02	4.7664062500000000E+01
1.2730703429999994E+02	4.7664062500000000E+01
