0.0000000000000000E+00	4.0026784220374456E-01
5.0050050050050049E+03	4.0027021492803716E-01
1.0010010010010010E+04	4.0027346573165357E-01
1.5015015015015015E+04	4.0027288762238444E-01
2.0020020020020020E+04	4.0027422388370859E-01
2.5025025025025025E+04	4.0027316146532949E-01
3.0030030030030030E+04	4.0027416658605586E-01
3.5035035035035035E+04	4.0027596855313180E-01
4.0040040040040039E+04	4.0027350217983471E-01
4.5045045045045044E+04	4.0026834533764916E-01
5.0050050050050049E+04	4.0026695080855762E-01
5.5055055055055054E+04	4.0026234836936225E-01
6.0060060060060059E+04	4.0025796904556499E-01
6.5065065065065064E+04	4.0025673987742222E-01
7.0070070070070069E+04	4.0025712154369369E-01
7.5075075075075074E+04	4.0025426152425009E-01
8.0080080080080079E+04	4.0025168554547491E-01
8.5085085085085084E+04	4.0024661158136599E-01
9.0090090090090089E+04	4.0023944509871595E-01
9.5095095095095094E+04	4.0023561099158000E-01
1.0010010010010010E+05	4.0023398355936174E-01
1.0510510510510510E+05	4.0022683819921512E-01
1.1011011011011011E+05	4.0022098820665597E-01
1.1511511511511511E+05	4.0021855588659783E-01
1.2012012012012012E+05	4.0021440954190352E-01
1.2512512512512512E+05	4.0020477482557548E-01
1.3013013013013013E+05	4.0020058545278986E-01
1.3513513513513515E+05	4.0019817854201312E-01
1.4014014014014014E+05	4.0019340436725198E-01
1.4514514514514513E+05	4.0018803143498760E-01
1.5015015015015015E+05	4.0017982246627137E-01
1.5515515515515517E+05	4.0017230182630376E-01
1.6016016016016016E+05	4.0016722297622670E-01
1.6516516516516515E+05	4.0015840587505269E-01
1.7017017017017017E+05	4.0014898253419190E-01
1.7517517517517519E+05	4.0014087804035070E-01
1.8018018018018018E+05	4.0013398961892166E-01
1.8518518518518517E+05	4.0012588616945366E-01
1.9019019019019019E+05	4.0011746558530759E-01
1.9519519519519521E+05	4.0010798693719063E-01
2.0020020020020020E+05	4.0009657097053369E-01
2.0520520520520519E+05	4.0008768148113355E-01
2.1021021021021021E+05	4.0007577015862172E-01
2.1521521521521523E+05	4.0006311331249172E-01
2.2022022022022022E+05	4.0005107348517566E-01
2.2522522522522521E+05	4.0003884113148097E-01
2.3023023023023023E+05	4.0002584034405020E-01
2.3523523523523525E+05	4.0001156784480923E-01
2.4024024024024024E+05	3.9999681915942153E-01
2.4524524524524523E+05	3.9998241606275181E-01
2.5025025025025025E+05	3.9996673880070560E-01
2.5525525525525527E+05	3.9995130432247394E-01
2.6026026026026026E+05	3.0339187814822181E-06
2.6526526526526525E+05	5.4979955669619693E-06
2.7027027027027030E+05	3.9455472960568759E-06
2.7527527527527529E+05	4.0984402795335635E-06
2.8028028028028028E+05	-3.5073603416441873E-06
2.8528528528528527E+05	-3.5067548879184941E-06
2.9029029029029026E+05	-3.5061481758368479E-06
2.9529529529529531E+05	-3.5055401726056918E-06
3.0030030030030030E+05	-3.5049309088712149E-06
3.0530530530530529E+05	-3.5043203858030865E-06
3.1031031031031033E+05	-3.5037086617623694E-06
3.1531531531531533E+05	-3.5030956477952872E-06
3.2032032032032032E+05	-3.5024815703310660E-06
3.2532532532532531E+05	-3.5018663735037764E-06
3.3033033033033030E+05	-3.5012499838871257E-06
3.3533533533533535E+05	-3.5006323416098310E-06
3.4034034034034034E+05	-3.5000134578124358E-06
3.4534534534534533E+05	-3.4993933159704460E-06
3.5035035035035037E+05	-3.4987719330328839E-06
3.5535535535535536E+05	-3.4981491983999922E-06
3.6036036036036036E+05	-3.4975251731496666E-06
3.6536536536536535E+05	-3.4968998320299021E-06
3.7037037037037034E+05	-3.4962733350650905E-06
3.7537537537537538E+05	-3.4956454937665388E-06
3.8038038038038037E+05	-3.4950165627219958E-06
3.8538538538538537E+05	-3.4943861681770440E-06
3.9039039039039041E+05	-3.4937546056720337E-06
3.9539539539539540E+05	-3.4931216435042687E-06
4.0040040040040039E+05	-3.4924873263628215E-06
4.0540540540540538E+05	-3.4918517161142035E-06
4.1041041041041038E+05	-3.4912147301208170E-06
4.1541541541541542E+05	-3.4905766046425570E-06
4.2042042042042041E+05	-3.4899370678087091E-06
4.2542542542542540E+05	-3.4892963433340060E-06
4.3043043043043045E+05	-3.4886543743126318E-06
4.3543543543543544E+05	-3.4880111829985362E-06
4.4044044044044043E+05	-3.4873665548133747E-06
4.4544544544544542E+05	-3.4867206299330163E-06
4.5045045045045041E+05	-3.4860733199597513E-06
4.5545545545545546E+05	-3.4854248202658933E-06
4.6046046046046045E+05	-3.4847747592984229E-06
4.6546546546546544E+05	-3.4841234216067271E-06
4.7047047047047049E+05	-3.4834708270459549E-06
4.7547547547547548E+05	-3.4828167955364509E-06
4.8048048048048047E+05	-3.4821613738169868E-06
4.8548548548548546E+05	-3.4815046039986916E-06
4.9049049049049045E+05	-3.4808464314639472E-06
4.9549549549549550E+05	-3.4801868296193316E-06
5.0050050050050049E+05	-3.4795258279049324E-06
5.0550550550550548E+05	-3.4788635747050728E-06
5.1051051051051053E+05	-3.4781998517198569E-06
5.1551551551551552E+05	-3.4775347521472698E-06
5.2052052052052051E+05	-3.4768683807086330E-06
5.2552552552552556E+05	-3.4762004484759319E-06
5.3053053053053049E+05	-3.4755311535771706E-06
5.3553553553553554E+05	-3.4748605255366494E-06
5.4054054054054059E+05	-3.4741883902363541E-06
5.4554554554554552E+05	-3.4735148767149632E-06
5.5055055055055057E+05	-3.4728401829045824E-06
5.5555555555555550E+05	-3.4721639251562745E-06
5.6056056056056055E+05	-3.4714863500474812E-06
5.6556556556556560E+05	-3.4708074082053835E-06
5.7057057057057053E+05	-3.4701271258315857E-06
5.7557557557557558E+05	-3.4694453288336522E-06
5.8058058058058051E+05	-3.4687621749027511E-06
5.8558558558558556E+05	-3.4680774294567503E-06
5.9059059059059061E+05	-3.4673912983381013E-06
5.9559559559559554E+05	-3.4667038513953652E-06
6.0060060060060059E+05	-3.4660148671412133E-06
6.0560560560560564E+05	-3.4653245042420499E-06
6.1061061061061057E+05	-3.4646325547943653E-06
6.1561561561561562E+05	-3.4639392249217400E-06
6.2062062062062067E+05	-3.4632444167341238E-06
6.2562562562562560E+05	-3.4625480393638254E-06
6.3063063063063065E+05	-3.4618503574657420E-06
6.3563563563563558E+05	-3.4611511513937923E-06
6.4064064064064063E+05	-3.4604501845287255E-06
6.4564564564564568E+05	-3.4597476268093847E-06
6.5065065065065061E+05	-3.4590435561233639E-06
6.5565565565565566E+05	-3.4583378799644151E-06
6.6066066066066059E+05	-3.4576308953063410E-06
6.6566566566566564E+05	-3.4569223429766424E-06
6.7067067067067069E+05	-3.4562123504689879E-06
6.7567567567567562E+05	-3.4555009156751084E-06
6.8068068068068067E+05	-3.4547877073191251E-06
6.8568568568568572E+05	-3.4540732005124336E-06
6.9069069069069065E+05	-3.4533570285932189E-06
6.9569569569569570E+05	-3.4526393946205026E-06
7.0070070070070075E+05	-3.4519201315688057E-06
7.0570570570570568E+05	-3.4511993341118626E-06
7.1071071071071073E+05	-3.4504770906601181E-06
7.1571571571571566E+05	-3.4497530409965638E-06
7.2072072072072071E+05	-3.4490276014597453E-06
7.2572572572572576E+05	-3.4483004089935623E-06
7.3073073073073069E+05	-3.4475714761250040E-06
7.3573573573573574E+05	-3.4468411998054096E-06
7.4074074074074067E+05	-3.4461092177354514E-06
7.4574574574574572E+05	-3.4453755755545763E-06
7.5075075075075077E+05	-3.4446405061576136E-06
7.5575575575575570E+05	-3.4439036523063276E-06
7.6076076076076075E+05	-3.4431653241635353E-06
7.6576576576576580E+05	-3.4424251843433594E-06
7.7077077077077073E+05	-3.4416835433597753E-06
7.7577577577577578E+05	-3.4409404953546480E-06
7.8078078078078083E+05	-3.4401957568256563E-06
7.8578578578578576E+05	-3.4394494609697548E-06
7.9079079079079081E+05	-3.4387013347875663E-06
7.9579579579579574E+05	-3.4379555280723040E-06
8.0080080080080079E+05	-3.4372145039543301E-06
8.0580580580580584E+05	-3.4364769181136354E-06
8.1081081081081077E+05	-3.4357425747742640E-06
8.1581581581581582E+05	-3.4350099597991755E-06
8.2082082082082075E+05	-3.4342736551227699E-06
8.2582582582582580E+05	-3.4335312399046059E-06
8.3083083083083085E+05	-3.4327825199165970E-06
8.3583583583583578E+05	-3.4320284125650651E-06
8.4084084084084083E+05	-3.4312691587591971E-06
8.4584584584584588E+05	-3.4305044853687826E-06
8.5085085085085081E+05	-3.4297354994506691E-06
8.5585585585585586E+05	-3.4289637747574158E-06
8.6086086086086091E+05	-3.4281898153612012E-06
8.6586586586586584E+05	-3.4274141962574856E-06
8.7087087087087089E+05	-3.4266370227014544E-06
8.7587587587587582E+05	-3.4258587076810449E-06
8.8088088088088087E+05	-3.4250787980926832E-06
8.8588588588588592E+05	-3.4242975131041886E-06
8.9089089089089085E+05	-3.4235147430442034E-06
8.9589589589589590E+05	-3.4227302450240644E-06
9.0090090090090083E+05	-3.4219441639324825E-06
9.0590590590590588E+05	-3.4211565485403277E-06
9.1091091091091093E+05	-3.4203671141902324E-06
9.1591591591591586E+05	-3.4195760618261186E-06
9.2092092092092091E+05	-3.4187830998065875E-06
9.2592592592592596E+05	-3.4179883713518837E-06
9.3093093093093089E+05	-3.4171916972678639E-06
9.3593593593593594E+05	-3.4163933851158208E-06
9.4094094094094099E+05	-3.4155931983956195E-06
9.4594594594594592E+05	-3.4147912558207500E-06
9.5095095095095097E+05	-3.4139876165854503E-06
9.5595595595595590E+05	-3.4131821633913762E-06
9.6096096096096095E+05	-3.4123749211764943E-06
9.6596596596596600E+05	-3.4115657654682537E-06
9.7097097097097093E+05	-3.4107548720294566E-06
9.7597597597597598E+05	-3.4099419899512713E-06
9.8098098098098091E+05	-3.4091273036242897E-06
9.8598598598598596E+05	-3.4083109730717961E-06
9.9099099099099101E+05	-3.4074928447827104E-06
9.9599599599599594E+05	-3.4066728116422942E-06
1.0010010010010010E+06	-3.4058509990619008E-06
1.0060060060060060E+06	-3.4050274053275584E-06
1.0110110110110110E+06	-3.4042019576657795E-06
1.0160160160160160E+06	-3.4033746651582421E-06
1.0210210210210211E+06	-3.4025453605419595E-06
1.0260260260260260E+06	-3.4017143285327408E-06
1.0310310310310310E+06	-3.4008815084603905E-06
1.0360360360360360E+06	-3.4000468296320945E-06
1.0410410410410410E+06	-3.3992100789123844E-06
1.0460460460460461E+06	-3.3983714694590335E-06
1.0510510510510511E+06	-3.3975310133000180E-06
1.0560560560560559E+06	-3.3966886372570349E-06
1.0610610610610610E+06	-3.3958445109496811E-06
1.0660660660660660E+06	-3.3949983956962728E-06
1.0710710710710711E+06	-3.3941500981769995E-06
1.0760760760760761E+06	-3.3932997380867809E-06
1.0810810810810812E+06	-3.3924474552071226E-06
1.0860860860860860E+06	-3.3915929484038853E-06
1.0910910910910910E+06	-3.3907364518346296E-06
1.0960960960960961E+06	-3.3898780625486742E-06
1.1011011011011011E+06	-3.3890177153765126E-06
1.1061061061061062E+06	-3.3881553233772637E-06
1.1111111111111110E+06	-3.3872910141966086E-06
1.1161161161161161E+06	-3.3864247087288830E-06
1.1211211211211211E+06	-3.3855563296212996E-06
1.1261261261261262E+06	-3.3846859751780607E-06
1.1311311311311312E+06	-3.3838135447618910E-06
1.1361361361361360E+06	-3.3829392210465874E-06
1.1411411411411411E+06	-3.3820628065098009E-06
1.1461461461461461E+06	-3.3811843449775966E-06
1.1511511511511512E+06	-3.3803037220191063E-06
1.1561561561561562E+06	-3.3794211286006719E-06
1.1611611611611610E+06	-3.3785363142834297E-06
1.1661661661661661E+06	-3.3776496409159130E-06
1.1711711711711711E+06	-3.3767606753342724E-06
1.1761761761761762E+06	-3.3758696018072210E-06
1.1811811811811812E+06	-3.3749763618124414E-06
1.1861861861861863E+06	-3.3740811107318313E-06
1.1911911911911911E+06	-3.3731836474754428E-06
1.1961961961961961E+06	-3.3722839022077968E-06
1.2012012012012012E+06	-3.3713820756179003E-06
1.2062062062062062E+06	-3.3704778705131810E-06
1.2112112112112113E+06	-3.3695717142277201E-06
1.2162162162162161E+06	-3.3686635172718757E-06
1.2212212212212211E+06	-3.3677531152709265E-06
1.2262262262262262E+06	-3.3668406334780582E-06
1.2312312312312312E+06	-3.3659262430845460E-06
1.2362362362362363E+06	-3.3650096402094901E-06
1.2412412412412413E+06	-3.3640909132874238E-06
1.2462462462462462E+06	-3.3631699415882682E-06
1.2512512512512512E+06	-3.3622468116026379E-06
1.2562562562562563E+06	-3.3613213510740904E-06
1.2612612612612613E+06	-3.3603934801031806E-06
1.2662662662662663E+06	-3.3594632954540263E-06
1.2712712712712712E+06	-3.3585307878094006E-06
1.2762762762762762E+06	-3.3575958193058810E-06
1.2812812812812813E+06	-3.3566591392253659E-06
1.2862862862862863E+06	-3.3557198894026421E-06
1.2912912912912914E+06	-3.3547770357511529E-06
1.2962962962962962E+06	-3.3538383138532903E-06
1.3013013013013012E+06	-3.3529066427539651E-06
1.3063063063063063E+06	-3.3519799324721064E-06
1.3113113113113113E+06	-3.3510572575269683E-06
1.3163163163163164E+06	-3.3501315607003002E-06
1.3213213213213212E+06	-3.3491970404498752E-06
1.3263263263263262E+06	-3.3482538036658217E-06
1.3313313313313313E+06	-3.3473027136107727E-06
1.3363363363363363E+06	-3.3463443187181400E-06
1.3413413413413414E+06	-3.3453792195695935E-06
1.3463463463463464E+06	-3.3444097940787904E-06
1.3513513513513512E+06	-3.3434372469372088E-06
1.3563563563563563E+06	-3.3424625718089864E-06
1.3613613613613613E+06	-3.3414860240826605E-06
1.3663663663663664E+06	-3.3405080073913237E-06
1.3713713713713714E+06	-3.3395282080639499E-06
1.3763763763763763E+06	-3.3385464359982413E-06
1.3813813813813813E+06	-3.3375624538815975E-06
1.3863863863863864E+06	-3.3365760328259345E-06
1.3913913913913914E+06	-3.3355872925669343E-06
1.3963963963963964E+06	-3.3345960284307923E-06
1.4014014014014015E+06	-3.3336022474395859E-06
1.4064064064064063E+06	-3.3326060762427809E-06
1.4114114114114114E+06	-3.3316073742169419E-06
1.4164164164164164E+06	-3.3306063613488675E-06
1.4214214214214215E+06	-3.3296029340313674E-06
1.4264264264264265E+06	-3.3285970078453372E-06
1.4314314314314313E+06	-3.3275884690236306E-06
1.4364364364364364E+06	-3.3265774254419680E-06
1.4414414414414414E+06	-3.3255638982566498E-06
1.4464464464464465E+06	-3.3245479371880551E-06
1.4514514514514515E+06	-3.3235296270323770E-06
1.4564564564564563E+06	-3.3225088412163146E-06
1.4614614614614614E+06	-3.3214855286454623E-06
1.4664664664664664E+06	-3.3204597056603863E-06
1.4714714714714715E+06	-3.3194313093622966E-06
1.4764764764764765E+06	-3.3184004312785470E-06
1.4814814814814813E+06	-3.3173667460879699E-06
1.4864864864864864E+06	-3.3163304438162360E-06
1.4914914914914914E+06	-3.3152915307654355E-06
1.4964964964964965E+06	-3.3142500365056539E-06
1.5015015015015015E+06	-3.3132058619252915E-06
1.5065065065065066E+06	-3.3121590337643962E-06
1.5115115115115114E+06	-3.3111095672911646E-06
1.5165165165165165E+06	-3.3100572046199024E-06
1.5215215215215215E+06	-3.3090022070663647E-06
1.5265265265265265E+06	-3.3079449569934728E-06
1.5315315315315316E+06	-3.3068853136617818E-06
1.5365365365365364E+06	-3.3058229975032990E-06
1.5415415415415415E+06	-3.3047581470971729E-06
1.5465465465465465E+06	-3.3036905059151242E-06
1.5515515515515516E+06	-3.3026197881353717E-06
1.5565565565565566E+06	-3.3015470410623183E-06
1.5615615615615617E+06	-3.3004706319763129E-06
1.5665665665665665E+06	-3.2993913076011351E-06
1.5715715715715715E+06	-3.2983199045766461E-06
1.5765765765765766E+06	-3.2972557313088187E-06
1.5815815815815816E+06	-3.2961979021018291E-06
1.5865865865865867E+06	-3.2951460318426489E-06
1.5915915915915915E+06	-3.2940960847975875E-06
1.5965965965965965E+06	-3.2930378097410830E-06
1.6016016016016016E+06	-3.2919683612665357E-06
1.6066066066066066E+06	-3.2908887410663382E-06
1.6116116116116117E+06	-3.2897998964539723E-06
1.6166166166166165E+06	-3.2887020899629746E-06
1.6216216216216215E+06	-3.2875951722044783E-06
1.6266266266266266E+06	-3.2864804436632489E-06
1.6316316316316316E+06	-3.2853609433766643E-06
1.6366366366366367E+06	-3.2842383107712342E-06
1.6416416416416415E+06	-3.2831130595366445E-06
1.6466466466466465E+06	-3.2819855700945573E-06
1.6516516516516516E+06	-3.2808559768086558E-06
1.6566566566566566E+06	-3.2797239846402928E-06
1.6616616616616617E+06	-3.2785893902935716E-06
1.6666666666666667E+06	-3.2774516080153531E-06
1.6716716716716716E+06	-3.2763110221601640E-06
1.6766766766766766E+06	-3.2751675454919050E-06
1.6816816816816817E+06	-3.2740207810910995E-06
1.6866866866866867E+06	-3.2728711185646454E-06
1.6916916916916918E+06	-3.2717186121019863E-06
1.6966966966966966E+06	-3.2705632999029507E-06
1.7017017017017016E+06	-3.2694052096506239E-06
1.7067067067067067E+06	-3.2682443498690657E-06
1.7117117117117117E+06	-3.2670803159258687E-06
1.7167167167167168E+06	-3.2659129960060220E-06
1.7217217217217218E+06	-3.2647424479542561E-06
1.7267267267267266E+06	-3.2635688500910021E-06
1.7317317317317317E+06	-3.2623921654274494E-06
1.7367367367367367E+06	-3.2612125866202097E-06
1.7417417417417418E+06	-3.2600301835494296E-06
1.7467467467467468E+06	-3.2588423659634524E-06
1.7517517517517516E+06	-3.2576598488359768E-06
1.7567567567567567E+06	-3.2564872266703547E-06
1.7617617617617617E+06	-3.2553217934077118E-06
1.7667667667667668E+06	-3.2541587698931305E-06
1.7717717717717718E+06	-3.2529848708285054E-06
1.7767767767767766E+06	-3.2517981787766596E-06
1.7817817817817817E+06	-3.2506011497719919E-06
1.7867867867867867E+06	-3.2493905094474786E-06
1.7917917917917918E+06	-3.2481841276517506E-06
1.7967967967967968E+06	-3.2469897089944852E-06
1.8018018018018017E+06	-3.2458026514328994E-06
1.8068068068068067E+06	-3.2446102602030255E-06
1.8118118118118118E+06	-3.2434054289311886E-06
1.8168168168168168E+06	-3.2421863922235958E-06
1.8218218218218219E+06	-3.2409682738336722E-06
1.8268268268268269E+06	-3.2397584184581047E-06
1.8318318318318317E+06	-3.2385535368356389E-06
1.8368368368368368E+06	-3.2373545030218741E-06
1.8418418418418418E+06	-3.2361499246970993E-06
1.8468468468468469E+06	-3.2349413526246908E-06
1.8518518518518519E+06	-3.2337219446781092E-06
1.8568568568568567E+06	-3.2324961715932023E-06
1.8618618618618618E+06	-3.2312757459951196E-06
1.8668668668668668E+06	-3.2300461847911807E-06
1.8718718718718719E+06	-3.2288179804390035E-06
1.8768768768768769E+06	-3.2275847708204804E-06
1.8818818818818820E+06	-3.2263454230860832E-06
1.8868868868868868E+06	-3.2251080253921174E-06
1.8918918918918918E+06	-3.2238607148974883E-06
1.8968968968968969E+06	-3.2226138339716869E-06
1.9019019019019019E+06	-3.2213643297644221E-06
1.9069069069069070E+06	-3.2201022023761915E-06
1.9119119119119118E+06	-3.2188274388862512E-06
1.9169169169169168E+06	-3.2175553661861884E-06
1.9219219219219219E+06	-3.2162935162190620E-06
1.9269269269269269E+06	-3.2150274350198318E-06
1.9319319319319320E+06	-3.2137582436063853E-06
1.9369369369369368E+06	-3.2124803217431941E-06
1.9419419419419419E+06	-3.2111901917623211E-06
1.9469469469469469E+06	-3.2098894221410741E-06
1.9519519519519520E+06	-3.2085973818629011E-06
1.9569569569569570E+06	-3.2073111504972111E-06
1.9619619619619618E+06	-3.2060183286673767E-06
1.9669669669669669E+06	-3.2047233558699500E-06
1.9719719719719719E+06	-3.2034227452538786E-06
1.9769769769769770E+06	-3.2021196686477651E-06
1.9819819819819820E+06	-3.2008115149724844E-06
1.9869869869869871E+06	-3.1994998015987418E-06
1.9919919919919919E+06	-3.1981850743705799E-06
1.9969969969969969E+06	-3.1968654625655522E-06
2.0020020020020020E+06	-3.1955433217608550E-06
2.0070070070070070E+06	-3.1942156884656343E-06
2.0120120120120121E+06	-3.1928840796260225E-06
2.0170170170170169E+06	-3.1915500141666434E-06
2.0220220220220219E+06	-3.1902087551706116E-06
2.0270270270270270E+06	-3.1888659510417836E-06
2.0320320320320320E+06	-3.1875196298141731E-06
2.0370370370370371E+06	-3.1861704718046481E-06
2.0420420420420421E+06	-3.1848160698442320E-06
2.0470470470470469E+06	-3.1834583370634390E-06
2.0520520520520520E+06	-3.1820969040923704E-06
2.0570570570570570E+06	-3.1807308499066360E-06
2.0620620620620621E+06	-3.1793616405618236E-06
2.0670670670670671E+06	-3.1779872531419870E-06
2.0720720720720720E+06	-3.1766092371183036E-06
2.0770770770770770E+06	-3.1752281649906815E-06
2.0820820820820821E+06	-3.1738419249642191E-06
2.0870870870870871E+06	-3.1724521689784554E-06
2.0920920920920921E+06	-3.1710593339528703E-06
2.0970970970970970E+06	-3.1696608242438829E-06
2.1021021021021022E+06	-3.1682595840415137E-06
2.1071071071071071E+06	-3.1668535194809425E-06
2.1121121121121119E+06	-3.1654431443128538E-06
2.1171171171171172E+06	-3.1640298382052028E-06
2.1221221221221220E+06	-3.1626110150681818E-06
2.1271271271271273E+06	-3.1611885833477118E-06
2.1321321321321321E+06	-3.1597625917458694E-06
2.1371371371371369E+06	-3.1583313378763475E-06
2.1421421421421422E+06	-3.1568969548671123E-06
2.1471471471471470E+06	-3.1554576997858146E-06
2.1521521521521523E+06	-3.1540138674028190E-06
2.1571571571571571E+06	-3.1525669445647953E-06
2.1621621621621624E+06	-3.1511146549224669E-06
2.1671671671671672E+06	-3.1496584335922742E-06
2.1721721721721720E+06	-3.1481987228374907E-06
2.1771771771771773E+06	-3.1467332017362096E-06
2.1821821821821821E+06	-3.1452645679471739E-06
2.1871871871871874E+06	-3.1437913467283065E-06
2.1921921921921922E+06	-3.1423128431733555E-06
2.1971971971971970E+06	-3.1408311466563194E-06
2.2022022022022023E+06	-3.1393449561292193E-06
2.2072072072072071E+06	-3.1378533207483283E-06
2.2122122122122124E+06	-3.1363579693220839E-06
2.2172172172172172E+06	-3.1348587919869860E-06
2.2222222222222220E+06	-3.1333543829618168E-06
2.2272272272272273E+06	-3.1318459033997657E-06
2.2322322322322321E+06	-3.1303323832242949E-06
2.2372372372372374E+06	-3.1288139504111646E-06
2.2422422422422422E+06	-3.1272924364835476E-06
2.2472472472472470E+06	-3.1257652536381087E-06
2.2522522522522523E+06	-3.1242333486721142E-06
2.2572572572572571E+06	-3.1226974207811424E-06
2.2622622622622624E+06	-3.1211567267108459E-06
2.2672672672672672E+06	-3.1196112029842090E-06
2.2722722722722720E+06	-3.1180618922474548E-06
2.2772772772772773E+06	-3.1165066047176571E-06
2.2822822822822821E+06	-3.1149475880372803E-06
2.2872872872872874E+06	-3.1133836208429858E-06
2.2922922922922922E+06	-3.1118147607413315E-06
2.2972972972972970E+06	-3.1102417463504073E-06
2.3023023023023023E+06	-3.1086626302287096E-06
2.3073073073073071E+06	-3.1070791561700741E-06
2.3123123123123124E+06	-3.1054917806873249E-06
2.3173173173173172E+06	-3.1038982264869980E-06
2.3223223223223221E+06	-3.1023002888729375E-06
2.3273273273273273E+06	-3.1006983696030359E-06
2.3323323323323322E+06	-3.0990902443749754E-06
2.3373373373373374E+06	-3.0974786737280380E-06
2.3423423423423423E+06	-3.0958608530213411E-06
2.3473473473473475E+06	-3.0942380120139441E-06
2.3523523523523523E+06	-3.0926117021009059E-06
2.3573573573573572E+06	-3.0909785789463757E-06
2.3623623623623624E+06	-3.0893409156965085E-06
2.3673673673673673E+06	-3.0876994009082036E-06
2.3723723723723725E+06	-3.0860511125402576E-06
2.3773773773773774E+06	-3.0843982218884849E-06
2.3823823823823822E+06	-3.0827411708241306E-06
2.3873873873873875E+06	-3.0810776366090533E-06
2.3923923923923923E+06	-3.0794105664878267E-06
2.3973973973973976E+06	-3.0777370852055770E-06
2.4024024024024024E+06	-3.0760577724899766E-06
2.4074074074074072E+06	-3.0743737103296312E-06
2.4124124124124125E+06	-3.0726849078132764E-06
2.4174174174174173E+06	-3.0709908833281558E-06
2.4224224224224226E+06	-3.0692915603826178E-06
2.4274274274274274E+06	-3.0675867763800628E-06
2.4324324324324322E+06	-3.0658759084471051E-06
2.4374374374374375E+06	-3.0641597108981459E-06
2.4424424424424423E+06	-3.0624387315871159E-06
2.4474474474474476E+06	-3.0607127170795691E-06
2.4524524524524524E+06	-3.0589801771458051E-06
2.4574574574574572E+06	-3.0572425309270852E-06
2.4624624624624625E+06	-3.0555002280522054E-06
2.4674674674674673E+06	-3.0537513344683988E-06
2.4724724724724726E+06	-3.0519974725357952E-06
2.4774774774774774E+06	-3.0502384334174585E-06
2.4824824824824827E+06	-3.0484725711205369E-06
2.4874874874874875E+06	-3.0467028387794367E-06
2.4924924924924923E+06	-3.0449258225859987E-06
2.4974974974974976E+06	-3.0431428048285418E-06
2.5025025025025024E+06	-3.0413548240942034E-06
2.5075075075075077E+06	-3.0395622796511356E-06
2.5125125125125125E+06	-3.0377619081422696E-06
2.5175175175175173E+06	-3.0359574882236868E-06
2.5225225225225226E+06	-3.0341463903259716E-06
2.5275275275275274E+06	-3.0323289467564995E-06
2.5325325325325327E+06	-3.0305063099235780E-06
2.5375375375375375E+06	-3.0286780018934381E-06
2.5425425425425423E+06	-3.0268427065668231E-06
2.5475475475475476E+06	-3.0250021253411500E-06
2.5525525525525524E+06	-3.0231560215212392E-06
2.5575575575575577E+06	-3.0213027577653433E-06
2.5625625625625625E+06	-3.0194437104313005E-06
2.5675675675675673E+06	-3.0175795542914614E-06
2.5725725725725726E+06	-3.0157079968302782E-06
2.5775775775775774E+06	-3.0138304372429968E-06
2.5825825825825827E+06	-3.0119474238652985E-06
2.5875875875875875E+06	-3.0100580805459654E-06
2.5925925925925924E+06	-3.0081616248468318E-06
2.5975975975975976E+06	-3.0062594935897423E-06
2.6026026026026024E+06	-3.0043523643969014E-06
2.6076076076076077E+06	-3.0024370696476502E-06
2.6126126126126125E+06	-3.0005162563017059E-06
2.6176176176176174E+06	-2.9985897870476971E-06
2.6226226226226226E+06	-2.9966554975641721E-06
2.6276276276276275E+06	-2.9947152332780627E-06
2.6326326326326327E+06	-2.9927692037438577E-06
2.6376376376376376E+06	-2.9908160768943339E-06
2.6426426426426424E+06	-2.9888559491028705E-06
2.6476476476476477E+06	-2.9868892747569387E-06
2.6526526526526525E+06	-2.9849176893167506E-06
2.6576576576576577E+06	-2.9829380544641804E-06
2.6626626626626626E+06	-2.9809513550883106E-06
2.6676676676676678E+06	-2.9789581966135358E-06
2.6726726726726727E+06	-2.9769594330618641E-06
2.6776776776776775E+06	-2.9749536304968535E-06
2.6826826826826828E+06	-2.9729399552162066E-06
2.6876876876876876E+06	-2.9709203357229705E-06
2.6926926926926929E+06	-2.9688946925044152E-06
2.6976976976976977E+06	-2.9668605380785383E-06
2.7027027027027025E+06	-2.9648194197872453E-06
2.7077077077077078E+06	-2.9627715331961663E-06
2.7127127127127126E+06	-2.9607173131221188E-06
2.7177177177177179E+06	-2.9586559972618811E-06
2.7227227227227227E+06	-2.9565867483591449E-06
2.7277277277277275E+06	-2.9545103144016831E-06
2.7327327327327328E+06	-2.9524270512985138E-06
2.7377377377377376E+06	-2.9503367588110265E-06
2.7427427427427429E+06	-2.9482397298648452E-06
2.7477477477477477E+06	-2.9461353080569293E-06
2.7527527527527525E+06	-2.9440227852370571E-06
2.7577577577577578E+06	-2.9419040509476459E-06
2.7627627627627626E+06	-2.9397773296849744E-06
2.7677677677677679E+06	-2.9376435817743567E-06
2.7727727727727727E+06	-2.9355017358927538E-06
2.7777777777777775E+06	-2.9333524142605746E-06
2.7827827827827828E+06	-2.9311960044243418E-06
2.7877877877877876E+06	-2.9290329197756661E-06
2.7927927927927929E+06	-2.9268614291391811E-06
2.7977977977977977E+06	-2.9246815822166380E-06
2.8028028028028030E+06	-2.9224944677766724E-06
2.8078078078078078E+06	-2.9202992738752400E-06
2.8128128128128126E+06	-2.9180979013612671E-06
2.8178178178178179E+06	-2.9158875606091951E-06
2.8228228228228227E+06	-2.9136696610049286E-06
2.8278278278278280E+06	-2.9114436163802581E-06
2.8328328328328328E+06	-2.9092096737682460E-06
2.8378378378378376E+06	-2.9069681031815631E-06
2.8428428428428429E+06	-2.9047179848070677E-06
2.8478478478478477E+06	-2.9024613043843480E-06
2.8528528528528530E+06	-2.9001948560453702E-06
2.8578578578578578E+06	-2.8979206714594793E-06
2.8628628628628626E+06	-2.8956379650230057E-06
2.8678678678678679E+06	-2.8933474411232852E-06
2.8728728728728727E+06	-2.8910489097944511E-06
2.8778778778778780E+06	-2.8887418432355584E-06
2.8828828828828828E+06	-2.8864277994619605E-06
2.8878878878878877E+06	-2.8841048398536795E-06
2.8928928928928929E+06	-2.8817726185727870E-06
2.8978978978978978E+06	-2.8794329431629010E-06
2.9029029029029030E+06	-2.8770844808602348E-06
2.9079079079079079E+06	-2.8747278672937770E-06
2.9129129129129127E+06	-2.8723615460909361E-06
2.9179179179179179E+06	-2.8699870467452897E-06
2.9229229229229228E+06	-2.8676038206075007E-06
2.9279279279279280E+06	-2.8652122725876606E-06
2.9329329329329329E+06	-2.8628123938068767E-06
2.9379379379379377E+06	-2.8604026050918846E-06
2.9429429429429430E+06	-2.8579837953531121E-06
2.9479479479479478E+06	-2.8555562662275924E-06
2.9529529529529531E+06	-2.8531196695505688E-06
2.9579579579579579E+06	-2.8506744743054414E-06
2.9629629629629627E+06	-2.8482204355270682E-06
2.9679679679679680E+06	-2.8457573704605603E-06
2.9729729729729728E+06	-2.8432850107512157E-06
2.9779779779779781E+06	-2.8408032698191193E-06
2.9829829829829829E+06	-2.8383119597727688E-06
2.9879879879879882E+06	-2.8358113797045234E-06
2.9929929929929930E+06	-2.8333015218527953E-06
2.9979979979979978E+06	-2.8307824417833922E-06
3.0030030030030031E+06	-2.8282545451890822E-06
3.0080080080080079E+06	-2.8257166553292555E-06
3.0130130130130132E+06	-2.8231696569188931E-06
3.0180180180180180E+06	-2.8206120936585045E-06
3.0230230230230228E+06	-2.8180449433889245E-06
3.0280280280280281E+06	-2.8154781951900142E-06
3.0330330330330329E+06	-2.8128915358602645E-06
3.0380380380380382E+06	-2.8102953191624119E-06
3.0430430430430430E+06	-2.8076890994150044E-06
3.0480480480480478E+06	-2.8050731256422905E-06
3.0530530530530531E+06	-2.8024470435314040E-06
3.0580580580580579E+06	-2.7998112429465976E-06
3.0630630630630632E+06	-2.7971653122960715E-06
3.0680680680680680E+06	-2.7945098795123368E-06
3.0730730730730728E+06	-2.7918439069999033E-06
3.0780780780780781E+06	-2.7891677161283815E-06
3.0830830830830829E+06	-2.7864805815808449E-06
3.0880880880880882E+06	-2.7837830850063547E-06
3.0930930930930930E+06	-2.7810753248092661E-06
3.0980980980980978E+06	-2.7783571191425319E-06
3.1031031031031031E+06	-2.7756283806445042E-06
3.1081081081081079E+06	-2.7728891096901628E-06
3.1131131131131132E+06	-2.7701391233506010E-06
3.1181181181181180E+06	-2.7673784424291089E-06
3.1231231231231233E+06	-2.7646067983994024E-06
3.1281281281281281E+06	-2.7618245846458455E-06
3.1331331331331329E+06	-2.7590316486187527E-06
3.1381381381381382E+06	-2.7562278308776671E-06
3.1431431431431430E+06	-2.7534129820782435E-06
3.1481481481481483E+06	-2.7505874527955742E-06
3.1531531531531531E+06	-2.7477500753514603E-06
3.1581581581581580E+06	-2.7449026767438298E-06
3.1631631631631632E+06	-2.7420427484956496E-06
3.1681681681681680E+06	-2.7391715125892287E-06
3.1731731731731733E+06	-2.7362891407056224E-06
3.1781781781781781E+06	-2.7333951289322348E-06
3.1831831831831830E+06	-2.7304897542359286E-06
3.1881881881881882E+06	-2.7275726109728566E-06
3.1931931931931931E+06	-2.7246439318001183E-06
3.1981981981981983E+06	-2.7217036668174462E-06
3.2032032032032032E+06	-2.7187516252196635E-06
3.2082082082082080E+06	-2.7157875933562855E-06
3.2132132132132133E+06	-2.7128116629448761E-06
3.2182182182182181E+06	-2.7098239972627390E-06
3.2232232232232234E+06	-2.7068240227891300E-06
3.2282282282282282E+06	-2.7038117754473269E-06
3.2332332332332330E+06	-2.7007876727123164E-06
3.2382382382382383E+06	-2.6977514905223430E-06
3.2432432432432431E+06	-2.6947037696440447E-06
3.2482482482482484E+06	-2.6916421169839593E-06
3.2532532532532532E+06	-2.6885681943877035E-06
3.2582582582582580E+06	-2.6854822212069426E-06
3.2632632632632633E+06	-2.6823833977405302E-06
3.2682682682682681E+06	-2.6792721918250193E-06
3.2732732732732734E+06	-2.6761483398774675E-06
3.2782782782782782E+06	-2.6730120834609642E-06
3.2832832832832830E+06	-2.6698623081006730E-06
3.2882882882882883E+06	-2.6667001435491700E-06
3.2932932932932931E+06	-2.6635247897214349E-06
3.2982982982982984E+06	-2.6603359964394668E-06
3.3033033033033032E+06	-2.6571344111920672E-06
3.3083083083083085E+06	-2.6539196800815086E-06
3.3133133133133133E+06	-2.6506915756815654E-06
3.3183183183183181E+06	-2.6474500402488321E-06
3.3233233233233234E+06	-2.6441950657799101E-06
3.3283283283283282E+06	-2.6409265613914331E-06
3.3333333333333335E+06	-2.6376443003386024E-06
3.3383383383383383E+06	-2.6343483739358036E-06
3.3433433433433431E+06	-2.6310388983498375E-06
3.3483483483483484E+06	-2.6277154423595123E-06
3.3533533533533532E+06	-2.6243781314587062E-06
3.3583583583583585E+06	-2.6210268021197806E-06
3.3633633633633633E+06	-2.6176607872201745E-06
3.3683683683683681E+06	-2.6142810051173646E-06
3.3733733733733734E+06	-2.6108872490645093E-06
3.3783783783783782E+06	-2.6074789807430584E-06
3.3833833833833835E+06	-2.6040575821853878E-06
3.3883883883883883E+06	-2.6006199794549417E-06
3.3933933933933931E+06	-2.5971685472208721E-06
3.3983983983983984E+06	-2.5937027791998670E-06
3.4034034034034032E+06	-2.5902222374418576E-06
3.4084084084084085E+06	-2.5867271193473343E-06
3.4134134134134133E+06	-2.5832170374006262E-06
3.4184184184184182E+06	-2.5796917519771176E-06
3.4234234234234234E+06	-2.5761513527038998E-06
3.4284284284284282E+06	-2.5725973203176511E-06
3.4334334334334335E+06	-2.5690268891050341E-06
3.4384384384384383E+06	-2.5654415085533914E-06
3.4434434434434436E+06	-2.5618417823617533E-06
3.4484484484484484E+06	-2.5582256402761300E-06
3.4534534534534533E+06	-2.5545941819908156E-06
3.4584584584584585E+06	-2.5509478863789332E-06
3.4634634634634634E+06	-2.5472855498234005E-06
3.4684684684684686E+06	-2.5436077191103267E-06
3.4734734734734735E+06	-2.5399136772666650E-06
3.4784784784784783E+06	-2.5362043602771023E-06
3.4834834834834835E+06	-2.5324777832495083E-06
3.4884884884884884E+06	-2.5287369766318369E-06
3.4934934934934936E+06	-2.5249797277409554E-06
3.4984984984984985E+06	-2.5212065035632499E-06
3.5035035035035033E+06	-2.5174171531092102E-06
3.5085085085085086E+06	-2.5136110357956920E-06
3.5135135135135134E+06	-2.5097884062866704E-06
3.5185185185185187E+06	-2.5059508673017148E-06
3.5235235235235235E+06	-2.5020968333906490E-06
3.5285285285285283E+06	-2.4982258229695198E-06
3.5335335335335336E+06	-2.4943381070545073E-06
3.5385385385385384E+06	-2.4904333979905358E-06
3.5435435435435437E+06	-2.4865128892917744E-06
3.5485485485485485E+06	-2.4825751542184693E-06
3.5535535535535533E+06	-2.4786216721771096E-06
3.5585585585585586E+06	-2.4746517011685412E-06
3.5635635635635634E+06	-2.4706646247004644E-06
3.5685685685685687E+06	-2.4666607479723909E-06
3.5735735735735735E+06	-2.4626400795275518E-06
3.5785785785785783E+06	-2.4586014602361264E-06
3.5835835835835836E+06	-2.4545467285986330E-06
3.5885885885885884E+06	-2.4504747532153326E-06
3.5935935935935937E+06	-2.4463867335919876E-06
3.5985985985985985E+06	-2.4422818207679493E-06
3.6036036036036033E+06	-2.4381598662110651E-06
3.6086086086086086E+06	-2.4340204900447965E-06
3.6136136136136134E+06	-2.4298650484902945E-06
3.6186186186186187E+06	-2.4256911297811425E-06
3.6236236236236235E+06	-2.4215007367794975E-06
3.6286286286286288E+06	-2.4172941767472171E-06
3.6336336336336336E+06	-2.4130701244076641E-06
3.6386386386386384E+06	-2.4088294958502801E-06
3.6436436436436437E+06	-2.4045721954207237E-06
3.6486486486486485E+06	-2.4002985235038575E-06
3.6536536536536538E+06	-2.3960086964095631E-06
3.6586586586586586E+06	-2.3917031405643313E-06
3.6636636636636634E+06	-2.3873806823593400E-06
3.6686686686686687E+06	-2.3830412953041889E-06
3.6736736736736735E+06	-2.3786873260175325E-06
3.6786786786786788E+06	-2.3743185080810878E-06
3.6836836836836836E+06	-2.3699351802676638E-06
3.6886886886886884E+06	-2.3655365491576082E-06
3.6936936936936937E+06	-2.3611275522112735E-06
3.6986986986986985E+06	-2.3567106166748259E-06
3.7037037037037038E+06	-2.3551178366552236E-06
3.7087087087087086E+06	-2.3550735404957373E-06
3.7137137137137135E+06	-2.3550504206847921E-06
3.7187187187187187E+06	-2.3550348910483041E-06
3.7237237237237236E+06	-2.3550232451116705E-06
3.7287287287287288E+06	-2.3550140642619628E-06
3.7337337337337337E+06	-2.3550068199054780E-06
3.7387387387387385E+06	-2.3550010002134982E-06
3.7437437437437437E+06	-2.3549963345196487E-06
3.7487487487487486E+06	-2.3549927434188594E-06
3.7537537537537538E+06	-2.3549899201047172E-06
3.7587587587587587E+06	-2.3549876120174796E-06
3.7637637637637639E+06	-2.3549857239678329E-06
3.7687687687687688E+06	-2.3549840380984585E-06
3.7737737737737736E+06	-2.3549821488596842E-06
3.7787787787787789E+06	-2.3549796481880373E-06
3.7837837837837837E+06	-2.3549758802214662E-06
3.7887887887887890E+06	-2.3549700193915390E-06
3.7937937937937938E+06	-2.3549616524994429E-06
3.7987987987987986E+06	-2.3549509786975712E-06
3.8038038038038039E+06	-2.3549383735267150E-06
3.8088088088088087E+06	-2.3549241770647222E-06
3.8138138138138140E+06	-2.3549086835645178E-06
3.8188188188188188E+06	-2.3548922297772253E-06
3.8238238238238236E+06	-2.3548750501781751E-06
3.8288288288288289E+06	-2.3548573473323195E-06
3.8338338338338337E+06	-2.3548392527408065E-06
3.8388388388388390E+06	-2.3548208661496360E-06
3.8438438438438438E+06	-2.3548022875722739E-06
3.8488488488488486E+06	-2.3547835762289721E-06
3.8538538538538539E+06	-2.3547647928023592E-06
3.8588588588588587E+06	-2.3547460064134265E-06
3.8638638638638640E+06	-2.3547272500068462E-06
3.8688688688688688E+06	-2.3547085445696620E-06
3.8738738738738736E+06	-2.3546898976862599E-06
3.8788788788788789E+06	-2.3546713219050116E-06
3.8838838838838837E+06	-2.3546528967637538E-06
3.8888888888888890E+06	-2.3546346368589974E-06
3.8938938938938938E+06	-2.3546164339681177E-06
3.8988988988988986E+06	-2.3545984164887207E-06
3.9039039039039039E+06	-2.3545807028365500E-06
3.9089089089089087E+06	-2.3545631524822172E-06
3.9139139139139140E+06	-2.3545460288078545E-06
3.9189189189189188E+06	-2.3545290854247481E-06
3.9239239239239236E+06	-2.3545124587606967E-06
3.9289289289289289E+06	-2.3544959817167722E-06
3.9339339339339337E+06	-2.3544798351928689E-06
3.9389389389389390E+06	-2.3544639150298877E-06
3.9439439439439438E+06	-2.3544492592691014E-06
3.9489489489489491E+06	-2.3544360516523470E-06
3.9539539539539539E+06	-2.3544242964113945E-06
3.9589589589589587E+06	-2.3544138419181744E-06
3.9639639639639640E+06	-2.3544043459372456E-06
3.9689689689689688E+06	-2.3543955325829545E-06
3.9739739739739741E+06	-2.3543873503949523E-06
3.9789789789789789E+06	-2.3543797477612084E-06
3.9839839839839838E+06	-2.3543725865131509E-06
3.9889889889889890E+06	-2.3543657665983165E-06
3.9939939939939938E+06	-2.3543592766048196E-06
3.9989989989989991E+06	-2.3543531217051667E-06
4.0040040040040039E+06	-2.3543472684166839E-06
4.0090090090090088E+06	-2.3543416479129957E-06
4.0140140140140140E+06	-2.3543362042074334E-06
4.0190190190190189E+06	-2.3543309148536404E-06
4.0240240240240241E+06	-2.3543257702517057E-06
4.0290290290290290E+06	-2.3543207571354006E-06
4.0340340340340338E+06	-2.3543158523247643E-06
4.0390390390390391E+06	-2.3543110221876187E-06
4.0440440440440439E+06	-2.3543062288332058E-06
4.0490490490490492E+06	-2.3543014397122352E-06
4.0540540540540540E+06	-2.3542966286138957E-06
4.0590590590590588E+06	-2.3542917732829922E-06
4.0640640640640641E+06	-2.3542868534902090E-06
4.0690690690690689E+06	-2.3542818508581465E-06
4.0740740740740742E+06	-2.3542767465727075E-06
4.0790790790790790E+06	-2.3542715220850945E-06
4.0840840840840843E+06	-2.3542661596223865E-06
4.0890890890890891E+06	-2.3542606457452436E-06
4.0940940940940939E+06	-2.3542549721984914E-06
4.0990990990990992E+06	-2.3542491305956348E-06
4.1041041041041040E+06	-2.3542431122391669E-06
4.1091091091091093E+06	-2.3542369086104129E-06
4.1141141141141141E+06	-2.3542305213720473E-06
4.1191191191191189E+06	-2.3542239641872666E-06
4.1241241241241242E+06	-2.3542172485236164E-06
4.1291291291291290E+06	-2.3542103830062214E-06
4.1341341341341343E+06	-2.3542033737060787E-06
4.1391391391391391E+06	-2.3541962230544560E-06
4.1441441441441439E+06	-2.3541889321279849E-06
4.1491491491491492E+06	-2.3541815014847798E-06
4.1541541541541540E+06	-2.3541739330830360E-06
4.1591591591591593E+06	-2.3541662378024431E-06
4.1641641641641641E+06	-2.3541584327841423E-06
4.1691691691691689E+06	-2.3541505305627718E-06
4.1741741741741742E+06	-2.3541425228345904E-06
4.1791791791791790E+06	-2.3541343860132951E-06
4.1841841841841843E+06	-2.3541261205353866E-06
4.1891891891891891E+06	-2.3541178025583061E-06
4.1941941941941939E+06	-2.3541094900617783E-06
4.1991991991991987E+06	-2.3541011311488432E-06
4.2042042042042045E+06	-2.3540926587847954E-06
4.2092092092092093E+06	-2.3540841730134743E-06
4.2142142142142141E+06	-2.3540757807215004E-06
4.2192192192192189E+06	-2.3540675640152437E-06
4.2242242242242238E+06	-2.3540594433044685E-06
4.2292292292292295E+06	-2.3540516896281745E-06
4.2342342342342343E+06	-2.3540442673267773E-06
4.2392392392392391E+06	-2.3540371727424892E-06
4.2442442442442439E+06	-2.3540305425224600E-06
4.2492492492492488E+06	-2.3540241344252503E-06
4.2542542542542545E+06	-2.3540180309649829E-06
4.2592592592592593E+06	-2.3540122192191035E-06
4.2642642642642641E+06	-2.3540065133813068E-06
4.2692692692692690E+06	-2.3540011169926015E-06
4.2742742742742738E+06	-2.3539957800206868E-06
4.2792792792792795E+06	-2.3539906753818759E-06
4.2842842842842843E+06	-2.3539856598736950E-06
4.2892892892892892E+06	-2.3539807954626013E-06
4.2942942942942940E+06	-2.3539760483986122E-06
4.2992992992992988E+06	-2.3539714009272815E-06
4.3043043043043045E+06	-2.3539668789610467E-06
4.3093093093093093E+06	-2.3539624235009874E-06
4.3143143143143142E+06	-2.3539580936482332E-06
4.3193193193193190E+06	-2.3539538138588341E-06
4.3243243243243247E+06	-2.3539496430052285E-06
4.3293293293293295E+06	-2.3539455289378235E-06
4.3343343343343344E+06	-2.3539414759158762E-06
4.3393393393393392E+06	-2.3539375164478536E-06
4.3443443443443440E+06	-2.3539335449333796E-06
4.3493493493493497E+06	-2.3539297170901816E-06
4.3543543543543546E+06	-2.3539258124043240E-06
4.3593593593593594E+06	-2.3539220662864664E-06
4.3643643643643642E+06	-2.3539182406299542E-06
4.3693693693693690E+06	-2.3539145034184616E-06
4.3743743743743747E+06	-2.3539107747793499E-06
4.3793793793793796E+06	-2.3539070046464213E-06
4.3843843843843844E+06	-2.3539033382659849E-06
4.3893893893893892E+06	-2.3538995713041186E-06
4.3943943943943940E+06	-2.3538958564474412E-06
4.3993993993993998E+06	-2.3538921472199597E-06
4.4044044044044046E+06	-2.3538883429345351E-06
4.4094094094094094E+06	-2.3538846179841981E-06
4.4144144144144142E+06	-2.3538808177624226E-06
4.4194194194194190E+06	-2.3538769506495998E-06
4.4244244244244248E+06	-2.3538731514948931E-06
4.4294294294294296E+06	-2.3538692306406263E-06
4.4344344344344344E+06	-2.3538652627805883E-06
4.4394394394394392E+06	-2.3538613303391039E-06
4.4444444444444440E+06	-2.3538572966400805E-06
4.4494494494494498E+06	-2.3538531839818888E-06
4.4544544544544546E+06	-2.3538491198942908E-06
4.4594594594594594E+06	-2.3538449735618185E-06
4.4644644644644642E+06	-2.3538407319775822E-06
4.4694694694694690E+06	-2.3538364930957032E-06
4.4744744744744748E+06	-2.3538322542466841E-06
4.4794794794794796E+06	-2.3538278923189441E-06
4.4844844844844844E+06	-2.3538234587475849E-06
4.4894894894894892E+06	-2.3538190140036104E-06
4.4944944944944941E+06	-2.3538145063524213E-06
4.4994994994994998E+06	-2.3538098563885052E-06
4.5045045045045046E+06	-2.3538050876567819E-06
4.5095095095095094E+06	-2.3538002611017856E-06
4.5145145145145142E+06	-2.3537953454459296E-06
4.5195195195195191E+06	-2.3537902915610931E-06
4.5245245245245248E+06	-2.3537850912166745E-06
4.5295295295295296E+06	-2.3537798337251845E-06
4.5345345345345344E+06	-2.3537745450729809E-06
4.5395395395395393E+06	-2.3537692130797730E-06
4.5445445445445441E+06	-2.3537637948697889E-06
4.5495495495495498E+06	-2.3537582647396275E-06
4.5545545545545546E+06	-2.3537526530682746E-06
4.5595595595595594E+06	-2.3537469871086412E-06
4.5645645645645643E+06	-2.3537412356054835E-06
4.5695695695695691E+06	-2.3537353431552671E-06
4.5745745745745748E+06	-2.3537294035859368E-06
4.5795795795795796E+06	-2.3537235506088800E-06
4.5845845845845845E+06	-2.3537178387737499E-06
4.5895895895895893E+06	-2.3537123111393211E-06
4.5945945945945941E+06	-2.3537069797156844E-06
4.5995995995995998E+06	-2.3537018319958079E-06
4.6046046046046047E+06	-2.3536968760397785E-06
4.6096096096096095E+06	-2.3536920929399424E-06
4.6146146146146143E+06	-2.3536874647273983E-06
4.6196196196196191E+06	-2.3536829922319389E-06
4.6246246246246248E+06	-2.3536786499111503E-06
4.6296296296296297E+06	-2.3536744240216747E-06
4.6346346346346345E+06	-2.3536703154542744E-06
4.6396396396396393E+06	-2.3536663008943170E-06
4.6446446446446441E+06	-2.3536623689923413E-06
4.6496496496496499E+06	-2.3536585217240186E-06
4.6546546546546547E+06	-2.3536547394424229E-06
4.6596596596596595E+06	-2.3536510121646452E-06
4.6646646646646643E+06	-2.3536473450717758E-06
4.6696696696696701E+06	-2.3536437243794941E-06
4.6746746746746749E+06	-2.3536401416051382E-06
4.6796796796796797E+06	-2.3536366061921276E-06
4.6846846846846845E+06	-2.3536331127919081E-06
4.6896896896896893E+06	-2.3536296505160180E-06
4.6946946946946951E+06	-2.3536262233684341E-06
4.6996996996996999E+06	-2.3536228292816041E-06
4.7047047047047047E+06	-2.3536194482183262E-06
4.7097097097097095E+06	-2.3536160701330060E-06
4.7147147147147143E+06	-2.3536126946635460E-06
4.7197197197197201E+06	-2.3536093120249232E-06
4.7247247247247249E+06	-2.3536059250905711E-06
4.7297297297297297E+06	-2.3536025548521375E-06
4.7347347347347345E+06	-2.3535992112873038E-06
4.7397397397397393E+06	-2.3535958766354264E-06
4.7447447447447451E+06	-2.3535925307933781E-06
4.7497497497497499E+06	-2.3535891588839844E-06
4.7547547547547547E+06	-2.3535857535468916E-06
4.7597597597597595E+06	-2.3535823314781626E-06
4.7647647647647643E+06	-2.3535789221012524E-06
4.7697697697697701E+06	-2.3535755287214954E-06
4.7747747747747749E+06	-2.3535721173154831E-06
4.7797797797797797E+06	-2.3535686445160455E-06
4.7847847847847845E+06	-2.3535651217468567E-06
4.7897897897897894E+06	-2.3535616087042540E-06
4.7947947947947951E+06	-2.3535581159370615E-06
4.7997997997997999E+06	-2.3535545893657409E-06
4.8048048048048047E+06	-2.3535509802613819E-06
4.8098098098098096E+06	-2.3535473310535387E-06
4.8148148148148144E+06	-2.3535437092780733E-06
4.8198198198198201E+06	-2.3535400784193486E-06
4.8248248248248249E+06	-2.3535363586629735E-06
4.8298298298298297E+06	-2.3535325743644844E-06
4.8348348348348346E+06	-2.3535288201926868E-06
4.8398398398398394E+06	-2.3535250570553101E-06
4.8448448448448451E+06	-2.3535211868361164E-06
4.8498498498498499E+06	-2.3535172734017633E-06
4.8548548548548548E+06	-2.3535133954458845E-06
4.8598598598598596E+06	-2.3535094535640035E-06
4.8648648648648644E+06	-2.3535054095989819E-06
4.8698698698698701E+06	-2.3535013935864702E-06
4.8748748748748749E+06	-2.3534973412940733E-06
4.8798798798798798E+06	-2.3534931496732667E-06
4.8848848848848846E+06	-2.3534889684818366E-06
4.8898898898898894E+06	-2.3534847616016281E-06
4.8948948948948951E+06	-2.3534804001493370E-06
4.8998998998999000E+06	-2.3534760481540130E-06
4.9049049049049048E+06	-2.3534716323436722E-06
4.9099099099099096E+06	-2.3534670606157217E-06
4.9149149149149144E+06	-2.3534625189700757E-06
4.9199199199199202E+06	-2.3534578388674339E-06
4.9249249249249250E+06	-2.3534530709317136E-06
4.9299299299299298E+06	-2.3534482937302398E-06
4.9349349349349346E+06	-2.3534433160689936E-06
4.9399399399399394E+06	-2.3534383569839232E-06
4.9449449449449452E+06	-2.3534332380301894E-06
4.9499499499499500E+06	-2.3534280835760825E-06
4.9549549549549548E+06	-2.3534228903713206E-06
4.9599599599599596E+06	-2.3534175760021743E-06
4.9649649649649654E+06	-2.3534122711175071E-06
4.9699699699699702E+06	-2.3534067633294690E-06
4.9749749749749750E+06	-2.3534012319042717E-06
4.9799799799799798E+06	-2.3533954431494495E-06
4.9849849849849846E+06	-2.3533896940054217E-06
4.9899899899899904E+06	-2.3533838349582990E-06
4.9949949949949952E+06	-2.3533781724814355E-06
5.0000000000000000E+06	-2.3533725398820927E-06
