0.0000000000000000E+00	7.4203493026370360E-01
5.0050050050050049E+03	7.4211721343299042E-01
1.0010010010010010E+04	7.4221863795062171E-01
1.5015015015015015E+04	7.4232155775663666E-01
2.0020020020020020E+04	7.4242070580209674E-01
2.5025025025025025E+04	7.4252410947471903E-01
3.0030030030030030E+04	7.4264493516363761E-01
3.5035035035035035E+04	7.4275086221538378E-01
4.0040040040040039E+04	7.4283591829754836E-01
4.5045045045045044E+04	7.4296659362146311E-01
5.0050050050050049E+04	7.4306000099531588E-01
5.5055055055055054E+04	7.4315236077716984E-01
6.0060060060060059E+04	7.4325608143337596E-01
6.5065065065065064E+04	7.4336303757506927E-01
7.0070070070070069E+04	7.4346134030691624E-01
7.5075075075075074E+04	7.4356604912712543E-01
8.0080080080080079E+04	7.4365717718823598E-01
8.5085085085085084E+04	7.4376778447467184E-01
9.0090090090090089E+04	7.4385933541498250E-01
9.5095095095095094E+04	7.4395554311177825E-01
1.0010010010010010E+05	7.4405996001708763E-01
1.0510510510510510E+05	7.4415713148821450E-01
1.1011011011011011E+05	7.4426359619877258E-01
1.1511511511511511E+05	7.4437983643435957E-01
1.2012012012012012E+05	7.4448115308908158E-01
1.2512512512512512E+05	7.4460585488518360E-01
1.3013013013013013E+05	7.4469702422447037E-01
1.3513513513513515E+05	7.4481300540242257E-01
1.4014014014014014E+05	7.4492095174166817E-01
1.4514514514514513E+05	7.4504380320752295E-01
1.5015015015015015E+05	7.4513825049867333E-01
1.5515515515515517E+05	7.4524330012334261E-01
1.6016016016016016E+05	7.4534831307357974E-01
1.6516516516516515E+05	7.4546141940436617E-01
1.7017017017017017E+05	7.4556660508488304E-01
1.7517517517517519E+05	7.4566902613219044E-01
1.8018018018018018E+05	7.4577931820807974E-01
1.8518518518518517E+05	7.4588965027895970E-01
1.9019019019019019E+05	7.4599959831660512E-01
1.9519519519519521E+05	7.4613146708885891E-01
2.0020020020020020E+05	7.4623466339141009E-01
2.0520520520520519E+05	7.4633550417848837E-01
2.1021021021021021E+05	7.4644648811422110E-01
2.1521521521521523E+05	7.4656919776239139E-01
2.2022022022022022E+05	7.4667885580856841E-01
2.2522522522522521E+05	7.4678924088930521E-01
2.3023023023023023E+05	7.4690411466276196E-01
2.3523523523523525E+05	7.4700877593391768E-01
2.4024024024024024E+05	7.4711059465379548E-01
2.4524524524524523E+05	7.4722095687817769E-01
2.5025025025025025E+05	7.4732304126225746E-01
2.5525525525525527E+05	7.4743658216109465E-01
2.6026026026026026E+05	7.4756047529593117E-01
2.6526526526526525E+05	7.4764729341488922E-01
2.7027027027027030E+05	7.4774547363671884E-01
2.7527527527527529E+05	7.4783982429173823E-01
2.8028028028028028E+05	7.4794829083689829E-01
2.8528528528528527E+05	7.4804767672030625E-01
2.9029029029029026E+05	7.4815299591515338E-01
2.9529529529529531E+05	7.4824836533405792E-01
3.0030030030030030E+05	7.4834896397957618E-01
3.0530530530530529E+05	7.4844669163179312E-01
3.1031031031031033E+05	7.4854976245940519E-01
3.1531531531531533E+05	7.4865132256109801E-01
3.2032032032032032E+05	7.4875529519844974E-01
3.2532532532532531E+05	7.4885340342656537E-01
3.3033033033033030E+05	7.4896327197161205E-01
3.3533533533533535E+05	7.4905547236882020E-01
3.4034034034034034E+05	7.4916342752040765E-01
3.4534534534534533E+05	7.4926948605788435E-01
3.5035035035035037E+05	7.4936908772496147E-01
3.5535535535535536E+05	7.4947587549522177E-01
3.6036036036036036E+05	7.4959082828419699E-01
3.6536536536536535E+05	7.4969179999286317E-01
3.7037037037037034E+05	7.4978484319173178E-01
3.7537537537537538E+05	7.4989175470933467E-01
3.8038038038038037E+05	7.5000140196802567E-01
3.8538538538538537E+05	7.5009627208238394E-01
3.9039039039039041E+05	7.5022310044752005E-01
3.9539539539539540E+05	7.5030792560100745E-01
4.0040040040040039E+05	7.5041281915231073E-01
4.0540540540540538E+05	7.5052504057410208E-01
4.1041041041041038E+05	7.5061939947395440E-01
4.1541541541541542E+05	7.5072975745833981E-01
4.2042042042042041E+05	7.5082530744777176E-01
4.2542542542542540E+05	7.5093657424623450E-01
4.3043043043043045E+05	7.5104569219407602E-01
4.3543543543543544E+05	7.5115193999689867E-01
4.4044044044044043E+05	7.5126521482446740E-01
4.4544544544544542E+05	7.5136370021912358E-01
4.5045045045045041E+05	7.5146698696815406E-01
4.5545545545545546E+05	7.5157277757013119E-01
4.6046046046046045E+05	7.5167323423056487E-01
4.6546546546546544E+05	7.5176944999449702E-01
4.7047047047047049E+05	7.5187026793253819E-01
4.7547547547547548E+05	7.5197191824526854E-01
4.8048048048048047E+05	7.5206578925486789E-01
4.8548548548548546E+05	7.5216790446687554E-01
4.9049049049049045E+05	7.5226388771424801E-01
4.9549549549549550E+05	7.5237245612835513E-01
5.0050050050050049E+05	7.5248166331173005E-01
5.0550550550550548E+05	7.5258544168532215E-01
5.1051051051051053E+05	7.5269138146356307E-01
5.1551551551551552E+05	7.5278736448845041E-01
5.2052052052052051E+05	7.5288861524587891E-01
5.2552552552552556E+05	7.5299165384007849E-01
5.3053053053053049E+05	7.5308541630791437E-01
5.3553553553553554E+05	7.5318483025969829E-01
5.4054054054054059E+05	7.5329356286179550E-01
5.4554554554554552E+05	7.5341015588843430E-01
5.5055055055055057E+05	7.5352889586435501E-01
5.5555555555555550E+05	7.5361376681058667E-01
5.6056056056056055E+05	7.5371428237366878E-01
5.6556556556556560E+05	7.5381989184991005E-01
5.7057057057057053E+05	7.5391854946338810E-01
5.7557557557557558E+05	7.5403265237596817E-01
5.8058058058058051E+05	7.5415959494970874E-01
5.8558558558558556E+05	7.5424509467538825E-01
5.9059059059059061E+05	7.5434232664758594E-01
5.9559559559559554E+05	7.5444787985247541E-01
6.0060060060060059E+05	7.5454747253687704E-01
6.0560560560560564E+05	7.5466684742141554E-01
6.1061061061061057E+05	7.5476827394680857E-01
6.1561561561561562E+05	7.5487109274139685E-01
6.2062062062062067E+05	7.5498028746355184E-01
6.2562562562562560E+05	7.5508017799401073E-01
6.3063063063063065E+05	7.5518079074840594E-01
6.3563563563563558E+05	7.5531696037470641E-01
6.4064064064064063E+05	7.5539821682512687E-01
6.4564564564564568E+05	7.5551835016869051E-01
6.5065065065065061E+05	7.5560867503456297E-01
6.5565565565565566E+05	7.5572407491368454E-01
6.6066066066066059E+05	7.5581576029032660E-01
6.6566566566566564E+05	7.5592892129367939E-01
6.7067067067067069E+05	7.5605016267204284E-01
6.7567567567567562E+05	7.5616630125074780E-01
6.8068068068068067E+05	7.5626932397332347E-01
6.8568568568568572E+05	7.5638660124754120E-01
6.9069069069069065E+05	7.5650729634746028E-01
6.9569569569569570E+05	7.5661870418244459E-01
7.0070070070070075E+05	7.5673372419588125E-01
7.0570570570570568E+05	7.5684118080866869E-01
7.1071071071071073E+05	7.5695710790876558E-01
7.1571571571571566E+05	7.5706526068977353E-01
7.2072072072072071E+05	7.5718085818158154E-01
7.2572572572572576E+05	7.5730302552137851E-01
7.3073073073073069E+05	7.5741789085175504E-01
7.3573573573573574E+05	7.5752033488400872E-01
7.4074074074074067E+05	7.5765113268253770E-01
7.4574574574574572E+05	7.5774796221079366E-01
7.5075075075075077E+05	7.5787058822583353E-01
7.5575575575575570E+05	7.5798255557217231E-01
7.6076076076076075E+05	7.5810502041059635E-01
7.6576576576576580E+05	7.5821625576023821E-01
7.7077077077077073E+05	7.5832336627174246E-01
7.7577577577577578E+05	7.5844177911465416E-01
7.8078078078078083E+05	7.5854800166044634E-01
7.8578578578578576E+05	7.5866366051419243E-01
7.9079079079079081E+05	7.5877805418341715E-01
7.9579579579579574E+05	7.5889132439867257E-01
8.0080080080080079E+05	7.5899624825714262E-01
8.0580580580580584E+05	7.5910817116741358E-01
8.1081081081081077E+05	7.5921055989597652E-01
8.1581581581581582E+05	7.5932711474886339E-01
8.2082082082082075E+05	7.5943700066314146E-01
8.2582582582582580E+05	7.5954068911312245E-01
8.3083083083083085E+05	7.5964988391348709E-01
8.3583583583583578E+05	7.5975825036565170E-01
8.4084084084084083E+05	7.5987096506777319E-01
8.4584584584584588E+05	7.6001369227702242E-01
8.5085085085085081E+05	7.6010062356464969E-01
8.5585585585585586E+05	7.6023269418784023E-01
8.6086086086086091E+05	7.6034108415157486E-01
8.6586586586586584E+05	7.6045779439313377E-01
8.7087087087087089E+05	7.6059021075858868E-01
8.7587587587587582E+05	7.6070445910786300E-01
8.8088088088088087E+05	7.6082161764698752E-01
8.8588588588588592E+05	7.6093647827847111E-01
8.9089089089089085E+05	7.6105484404896251E-01
8.9589589589589590E+05	7.6118692042726066E-01
9.0090090090090083E+05	7.6130287808416786E-01
9.0590590590590588E+05	7.6141325193274245E-01
9.1091091091091093E+05	7.6152341862857875E-01
9.1591591591591586E+05	7.6164747826067047E-01
9.2092092092092091E+05	7.6177102879394809E-01
9.2592592592592596E+05	7.6189450420539195E-01
9.3093093093093089E+05	7.6202187949321720E-01
9.3593593593593594E+05	7.6214222083198080E-01
9.4094094094094099E+05	7.6226244167227630E-01
9.4594594594594592E+05	7.6237297494877732E-01
9.5095095095095097E+05	7.6249909025522755E-01
9.5595595595595590E+05	7.6262514075614352E-01
9.6096096096096095E+05	7.6273547369749906E-01
9.6596596596596600E+05	7.6286254705928291E-01
9.7097097097097093E+05	7.6297811741512733E-01
9.7597597597597598E+05	7.6310265067544614E-01
9.8098098098098091E+05	7.6322048337781145E-01
9.8598598598598596E+05	7.6333590085195924E-01
9.9099099099099101E+05	7.6346119432199755E-01
9.9599599599599594E+05	7.6357921837455933E-01
1.0010010010010010E+06	7.6369048683868734E-01
1.0060060060060060E+06	7.6382051536621054E-01
1.0110110110110110E+06	7.6392594406954017E-01
1.0160160160160160E+06	7.6403283784037068E-01
1.0210210210210211E+06	7.6413823226484068E-01
1.0260260260260260E+06	7.6426382378892865E-01
1.0310310310310310E+06	7.6439756218333588E-01
1.0360360360360360E+06	7.6450209996688800E-01
1.0410410410410410E+06	7.6461980890653003E-01
1.0460460460460461E+06	7.6472742173216268E-01
1.0510510510510511E+06	7.6485456279822606E-01
1.0560560560560559E+06	7.6497443768315765E-01
1.0610610610610610E+06	7.6509251832497227E-01
1.0660660660660660E+06	7.6521215905051487E-01
1.0710710710710711E+06	7.6532819552669518E-01
1.0760760760760761E+06	7.6545013058771072E-01
1.0810810810810812E+06	7.6556402930909173E-01
1.0860860860860860E+06	7.6568620186461900E-01
1.0910910910910910E+06	7.6582265298241980E-01
1.0960960960960961E+06	7.6592415214496912E-01
1.1011011011011011E+06	7.6603681301419191E-01
1.1061061061061062E+06	7.6614457676669911E-01
1.1111111111111110E+06	7.6626626304119205E-01
1.1161161161161161E+06	7.6638254798832217E-01
1.1211211211211211E+06	7.6650010147501746E-01
1.1261261261261262E+06	7.6661135626440058E-01
1.1311311311311312E+06	7.6672904972355060E-01
1.1361361361361360E+06	7.6683513764026068E-01
1.1411411411411411E+06	7.6694892395356618E-01
1.1461461461461461E+06	7.6705717312457045E-01
1.1511511511511512E+06	7.6717615320226940E-01
1.1561561561561562E+06	7.6729331812386037E-01
1.1611611611611610E+06	7.6741408701754366E-01
1.1661661661661661E+06	7.6751587947787347E-01
1.1711711711711711E+06	7.6764053741212801E-01
1.1761761761761762E+06	7.6775360785920765E-01
1.1811811811811812E+06	7.6786446451533719E-01
1.1861861861861863E+06	7.6799189570653270E-01
1.1911911911911911E+06	7.6811221700517729E-01
1.1961961961961961E+06	7.6822490557714751E-01
1.2012012012012012E+06	7.6833805672704658E-01
1.2062062062062062E+06	7.6848724486844633E-01
1.2112112112112113E+06	7.6859438474995934E-01
1.2162162162162161E+06	7.6870742623896948E-01
1.2212212212212211E+06	7.6882267529949477E-01
1.2262262262262262E+06	7.6893050981081468E-01
1.2312312312312312E+06	7.6905855537062262E-01
1.2362362362362363E+06	7.6916535269945296E-01
1.2412412412412413E+06	7.6928778905093220E-01
1.2462462462462462E+06	7.6941387894429214E-01
1.2512512512512512E+06	7.6952504054935844E-01
1.2562562562562563E+06	7.6962775828150598E-01
1.2612612612612613E+06	7.6974351375347816E-01
1.2662662662662663E+06	7.6985635140202735E-01
1.2712712712712712E+06	7.6997315990487669E-01
1.2762762762762762E+06	7.7008789322590221E-01
1.2812812812812813E+06	7.7021500469508741E-01
1.2862862862862863E+06	7.7032296451532245E-01
1.2912912912912914E+06	7.7043062121366812E-01
1.2962962962962962E+06	7.7054576369125605E-01
1.3013013013013012E+06	7.7065507230729491E-01
1.3063063063063063E+06	7.7077173153470324E-01
1.3113113113113113E+06	7.7089807999678794E-01
1.3163163163163164E+06	7.7102345708746689E-01
1.3213213213213212E+06	7.7115553468891007E-01
1.3263263263263262E+06	7.7128368508738709E-01
1.3313313313313313E+06	7.7142410110867410E-01
1.3363363363363363E+06	7.7152091691496194E-01
1.3413413413413414E+06	7.7163217705373699E-01
1.3463463463463464E+06	7.7175611237119268E-01
1.3513513513513512E+06	7.7185945663452638E-01
1.3563563563563563E+06	7.7195664657522178E-01
1.3613613613613613E+06	7.7208176053502309E-01
1.3663663663663664E+06	7.7219405208699698E-01
1.3713713713713714E+06	7.7232249008882958E-01
1.3763763763763763E+06	7.7245157031441969E-01
1.3813813813813813E+06	7.7257401535064751E-01
1.3863863863863864E+06	7.7270248700949151E-01
1.3913913913913914E+06	7.7283282745110127E-01
1.3963963963963964E+06	7.7294522735264770E-01
1.4014014014014015E+06	7.7306890610184598E-01
1.4064064064064063E+06	7.7319875622455836E-01
1.4114114114114114E+06	7.7330116361857493E-01
1.4164164164164164E+06	7.7341867482682036E-01
1.4214214214214215E+06	7.7355326540844482E-01
1.4264264264264265E+06	7.7367836658824041E-01
1.4314314314314313E+06	7.7379122791027943E-01
1.4364364364364364E+06	7.7391331821622333E-01
1.4414414414414414E+06	7.7404171816791911E-01
1.4464464464464465E+06	7.7416413640978110E-01
1.4514514514514515E+06	7.7428335489438083E-01
1.4564564564564563E+06	7.7439463872586811E-01
1.4614614614614614E+06	7.7450783556923497E-01
1.4664664664664664E+06	7.7461883210347182E-01
1.4714714714714715E+06	7.7474121087045078E-01
1.4764764764764765E+06	7.7485432247864650E-01
1.4814814814814813E+06	7.7497432687608503E-01
1.4864864864864864E+06	7.7508307982491276E-01
1.4914914914914914E+06	7.7519831608478418E-01
1.4964964964964965E+06	7.7531493565903586E-01
1.5015015015015015E+06	7.7543583758115608E-01
1.5065065065065066E+06	7.7554367263784474E-01
1.5115115115115114E+06	7.7566010270649588E-01
1.5165165165165165E+06	7.7576955182656027E-01
1.5215215215215215E+06	7.7588927635031879E-01
1.5265265265265265E+06	7.7600787576417019E-01
1.5315315315315316E+06	7.7613154735452283E-01
1.5365365365365364E+06	7.7624475780946511E-01
1.5415415415415415E+06	7.7635452513449044E-01
1.5465465465465465E+06	7.7645533884249263E-01
1.5515515515515516E+06	7.7657185567687204E-01
1.5565565565565566E+06	7.7669078713413564E-01
1.5615615615615617E+06	7.7680734049725897E-01
1.5665665665665665E+06	7.7693416571145746E-01
1.5715715715715715E+06	7.7705930104594056E-01
1.5765765765765766E+06	7.7717031752806753E-01
1.5815815815815816E+06	7.7729230069193112E-01
1.5865865865865867E+06	7.7741764463140262E-01
1.5915915915915915E+06	7.7754292450665963E-01
1.5965965965965965E+06	7.7767390803782943E-01
1.6016016016016016E+06	7.7779448316161981E-01
1.6066066066066066E+06	7.7789069320629867E-01
1.6116116116116117E+06	7.7800197612506439E-01
1.6166166166166165E+06	7.7810587947299426E-01
1.6216216216216215E+06	7.7820435461139292E-01
1.6266266266266266E+06	7.7831728660433641E-01
1.6316316316316316E+06	7.7843748422675085E-01
1.6366366366366367E+06	7.7855531604264450E-01
1.6416416416416415E+06	7.7868264883408256E-01
1.6466466466466465E+06	7.7880939447833097E-01
1.6516516516516516E+06	7.7890733903219611E-01
1.6566566566566566E+06	7.7899805812831335E-01
1.6616616616616617E+06	7.7910151962499419E-01
1.6666666666666667E+06	7.7919311245694989E-01
1.6716716716716716E+06	7.7929670425150421E-01
1.6766766766766766E+06	7.7938287058586886E-01
1.6816816816816817E+06	7.7949373372274100E-01
1.6866866866866867E+06	7.7960106426580089E-01
1.6916916916916918E+06	7.7971106165862003E-01
1.6966966966966966E+06	7.7983171349304414E-01
1.7017017017017016E+06	7.7993998782870400E-01
1.7067067067067067E+06	7.8005659688300544E-01
1.7117117117117117E+06	7.8017241037866958E-01
1.7167167167167168E+06	7.8027973099271164E-01
1.7217217217217218E+06	7.8039073340682508E-01
1.7267267267267266E+06	7.8048762144913830E-01
1.7317317317317317E+06	7.8057570038373147E-01
1.7367367367367367E+06	7.8066050455586500E-01
1.7417417417417418E+06	7.8075267369472123E-01
1.7467467467467468E+06	7.8084737551450356E-01
1.7517517517517516E+06	7.8094520542385282E-01
1.7567567567567567E+06	7.8105276302354332E-01
1.7617617617617617E+06	7.8114350515870679E-01
1.7667667667667668E+06	7.8125049572416538E-01
1.7717717717717718E+06	7.8134825525332519E-01
1.7767767767767766E+06	7.8144869995420430E-01
1.7817817817817817E+06	7.8152778622801755E-01
1.7867867867867867E+06	7.8163195110532724E-01
1.7917917917917918E+06	7.8173920814357267E-01
1.7967967967967968E+06	7.8185010530069754E-01
1.8018018018018017E+06	7.8196915828187330E-01
1.8068068068068067E+06	7.8209410942843005E-01
1.8118118118118118E+06	7.8219187965335413E-01
1.8168168168168168E+06	7.8228685134948428E-01
1.8218218218218219E+06	7.8237872400711461E-01
1.8268268268268269E+06	7.8248887179539606E-01
1.8318318318318317E+06	7.8260454072709440E-01
1.8368368368368368E+06	7.8272667492964032E-01
1.8418418418418418E+06	7.8281676296333325E-01
1.8468468468468469E+06	7.8292359464449446E-01
1.8518518518518519E+06	7.8299336733056912E-01
1.8568568568568567E+06	7.8310009769456923E-01
1.8618618618618618E+06	7.8318568724293935E-01
1.8668668668668668E+06	7.8325501086482718E-01
1.8718718718718719E+06	7.8333684774550705E-01
1.8768768768768769E+06	7.8344166501280421E-01
1.8818818818818820E+06	7.8356348452494251E-01
1.8868868868868868E+06	7.8365101802513182E-01
1.8918918918918918E+06	7.8373567956960288E-01
1.8968968968968969E+06	7.8383816744217050E-01
1.9019019019019019E+06	7.8392385458971914E-01
1.9069069069069070E+06	7.8402242617122930E-01
1.9119119119119118E+06	7.8410512298903945E-01
1.9169169169169168E+06	7.8419303226423387E-01
1.9219219219219219E+06	7.8429256941822345E-01
1.9269269269269269E+06	7.8438843807534131E-01
1.9319319319319320E+06	7.8447099852464341E-01
1.9369369369369368E+06	7.8455929426079862E-01
1.9419419419419419E+06	7.8465336196134350E-01
1.9469469469469469E+06	7.8475034314450853E-01
1.9519519519519520E+06	7.8482559080550196E-01
1.9569569569569570E+06	7.8492569176588878E-01
1.9619619619619618E+06	7.8503522479107024E-01
1.9669669669669669E+06	7.8512871798296335E-01
1.9719719719719719E+06	7.8524604670782172E-01
1.9769769769769770E+06	7.8530006693415777E-01
1.9819819819819820E+06	7.8538615216777785E-01
1.9869869869869871E+06	7.8547721887663724E-01
1.9919919919919919E+06	7.8555001117586820E-01
1.9969969969969969E+06	7.8562653244011971E-01
2.0020020020020020E+06	7.8572113988081682E-01
2.0070070070070070E+06	7.8579241971698954E-01
2.0120120120120121E+06	7.8588583373403420E-01
2.0170170170170169E+06	7.8594233965496441E-01
2.0220220220220219E+06	7.8600186847977560E-01
2.0270270270270270E+06	7.8605312728892562E-01
2.0320320320320320E+06	7.8612249691170022E-01
2.0370370370370371E+06	7.8618783424499428E-01
2.0420420420420421E+06	7.8624291609451635E-01
2.0470470470470469E+06	7.8630675446526088E-01
2.0520520520520520E+06	7.8637759471918534E-01
2.0570570570570570E+06	7.8644783400587881E-01
2.0620620620620621E+06	7.8652623834539648E-01
2.0670670670670671E+06	7.8660926923274388E-01
2.0720720720720720E+06	7.8667487429482785E-01
2.0770770770770770E+06	7.8674059614423930E-01
2.0820820820820821E+06	7.8680559434254915E-01
2.0870870870870871E+06	7.8686648535492154E-01
2.0920920920920921E+06	7.8694660859085197E-01
2.0970970970970970E+06	7.8701173757966936E-01
2.1021021021021022E+06	7.8706938270446136E-01
2.1071071071071071E+06	7.8713387471435514E-01
2.1121121121121119E+06	7.8720000245226651E-01
2.1171171171171172E+06	7.8725078094538747E-01
2.1221221221221220E+06	7.8729617886222736E-01
2.1271271271271273E+06	7.8736541256339299E-01
2.1321321321321321E+06	7.8743961361868053E-01
2.1371371371371369E+06	7.8749677168977772E-01
2.1421421421421422E+06	7.8753579209216173E-01
2.1471471471471470E+06	7.8758172387471670E-01
2.1521521521521523E+06	7.8765334714337754E-01
2.1571571571571571E+06	7.8769755791222174E-01
2.1621621621621624E+06	7.8772668273196733E-01
2.1671671671671672E+06	7.8779108791828778E-01
2.1721721721721720E+06	7.8781976475809190E-01
2.1771771771771773E+06	7.8784135014810608E-01
2.1821821821821821E+06	7.8786695465097412E-01
2.1871871871871874E+06	7.8789567353834555E-01
2.1921921921921922E+06	7.8792892853783647E-01
2.1971971971971970E+06	7.8797626379078511E-01
2.2022022022022023E+06	7.8800123086391238E-01
2.2072072072072071E+06	7.8801421298955576E-01
2.2122122122122124E+06	7.8804298545320506E-01
2.2172172172172172E+06	7.8808760013705281E-01
2.2222222222222220E+06	7.8810683959555172E-01
2.2272272272272273E+06	7.8812087882770920E-01
2.2322322322322321E+06	7.8813561630434992E-01
2.2372372372372374E+06	7.8814540321273630E-01
2.2422422422422422E+06	7.8817795251256895E-01
2.2472472472472470E+06	7.8819907722649829E-01
2.2522522522522523E+06	7.8822363284851416E-01
2.2572572572572571E+06	7.8826374757073725E-01
2.2622622622622624E+06	7.8825266343872136E-01
2.2672672672672672E+06	7.8824791896903001E-01
2.2722722722722720E+06	7.8825291286518062E-01
2.2772772772772773E+06	7.8826852447629570E-01
2.2822822822822821E+06	7.8828616589357536E-01
2.2872872872872874E+06	7.8827250606643084E-01
2.2922922922922922E+06	7.8825664113545046E-01
2.2972972972972970E+06	7.8824397115612077E-01
2.3023023023023023E+06	7.8822408950161360E-01
2.3073073073073071E+06	7.8821651549000904E-01
2.3123123123123124E+06	7.8819076079646044E-01
2.3173173173173172E+06	7.8816217604943661E-01
2.3223223223223221E+06	7.8811072200518217E-01
2.3273273273273273E+06	7.8806025196164942E-01
2.3323323323323322E+06	7.8801391389218900E-01
2.3373373373373374E+06	7.8796611848752685E-01
2.3423423423423423E+06	7.8791994434677870E-01
2.3473473473473475E+06	7.8786436866919718E-01
2.3523523523523523E+06	7.8780646079213645E-01
2.3573573573573572E+06	7.8775387751658299E-01
2.3623623623623624E+06	7.8771413387602285E-01
2.3673673673673673E+06	7.8765801516991274E-01
2.3723723723723725E+06	7.8759320687700074E-01
2.3773773773773774E+06	7.8753367349299430E-01
2.3823823823823822E+06	7.8749160303751209E-01
2.3873873873873875E+06	7.8745456546601500E-01
2.3923923923923923E+06	7.8738167256589231E-01
2.3973973973973976E+06	7.8730119388577358E-01
2.4024024024024024E+06	7.8724185228684174E-01
2.4074074074074072E+06	7.8718368945691874E-01
2.4124124124124125E+06	7.8709227339273602E-01
2.4174174174174173E+06	7.8699473263111142E-01
2.4224224224224226E+06	7.8688859614287499E-01
2.4274274274274274E+06	7.8677775388015370E-01
2.4324324324324322E+06	7.8669474116259741E-01
2.4374374374374375E+06	7.8660564734761662E-01
2.4424424424424423E+06	7.8649831060622677E-01
2.4474474474474476E+06	7.8638700956850205E-01
2.4524524524524524E+06	7.8625594665079945E-01
2.4574574574574572E+06	7.8613192301466239E-01
2.4624624624624625E+06	7.8599428804881621E-01
2.4674674674674673E+06	7.8585893191318934E-01
2.4724724724724726E+06	7.8573701759967485E-01
2.4774774774774774E+06	7.8563330317905800E-01
2.4824824824824827E+06	7.8549993332213153E-01
2.4874874874874875E+06	7.8535782720045733E-01
2.4924924924924923E+06	7.8521131391022569E-01
2.4974974974974976E+06	7.8505341004564289E-01
2.5025025025025024E+06	7.8489625902227045E-01
2.5075075075075077E+06	7.8471756509710744E-01
2.5125125125125125E+06	7.8455227685616746E-01
2.5175175175175173E+06	7.8437284122198359E-01
2.5225225225225226E+06	7.8420367513797395E-01
2.5275275275275274E+06	7.8400929627366911E-01
2.5325325325325327E+06	7.8380696716601017E-01
2.5375375375375375E+06	7.8359524137503000E-01
2.5425425425425423E+06	7.8339723938507755E-01
2.5475475475475476E+06	7.8320152836249135E-01
2.5525525525525524E+06	7.8300726467219861E-01
2.5575575575575577E+06	7.8279545632950798E-01
2.5625625625625625E+06	7.8256738322846153E-01
2.5675675675675673E+06	7.8234269773520082E-01
2.5725725725725726E+06	7.8212825104878114E-01
2.5775775775775774E+06	7.8192421427671377E-01
2.5825825825825827E+06	7.8166144216706968E-01
2.5875875875875875E+06	7.8139269283060198E-01
2.5925925925925924E+06	7.8115093400568458E-01
2.5975975975975976E+06	7.8091153803207958E-01
2.6026026026026024E+06	7.8065268703401880E-01
2.6076076076076077E+06	7.8037742862806325E-01
2.6126126126126125E+06	7.8009947925071688E-01
2.6176176176176174E+06	7.7980529759061112E-01
2.6226226226226226E+06	7.7948279223425965E-01
2.6276276276276275E+06	7.7916188746978177E-01
2.6326326326326327E+06	7.7887734733523106E-01
2.6376376376376376E+06	7.7854379214189962E-01
2.6426426426426424E+06	7.7816547279202253E-01
2.6476476476476477E+06	7.7780827023006871E-01
2.6526526526526525E+06	7.7744255513374227E-01
2.6576576576576577E+06	7.7703517368586716E-01
2.6626626626626626E+06	7.7663208959133345E-01
2.6676676676676678E+06	7.7622981507109068E-01
2.6726726726726727E+06	7.7577865061925466E-01
2.6776776776776775E+06	7.7532966438737483E-01
2.6826826826826828E+06	7.7488784932011034E-01
2.6876876876876876E+06	7.7446848247499700E-01
2.6926926926926929E+06	7.7403745616286590E-01
2.6976976976976977E+06	7.7359065584968745E-01
2.7027027027027025E+06	7.7312163286111901E-01
2.7077077077077078E+06	7.7266257239007385E-01
2.7127127127127126E+06	7.7215729571620451E-01
2.7177177177177179E+06	7.7163431624370127E-01
2.7227227227227227E+06	7.7108546464499383E-01
2.7277277277277275E+06	7.7054661105549926E-01
2.7327327327327328E+06	7.6999781893495067E-01
2.7377377377377376E+06	7.6920381942704752E-01
2.7427427427427429E+06	7.6859436203729725E-01
2.7477477477477477E+06	7.6797770347762806E-01
2.7527527527527525E+06	7.6735814129126312E-01
2.7577577577577578E+06	7.6666687009357293E-01
2.7627627627627626E+06	7.6597351893323284E-01
2.7677677677677679E+06	7.6529279570754616E-01
2.7727727727727727E+06	7.6460121424606509E-01
2.7777777777777775E+06	7.6389179189031897E-01
2.7827827827827828E+06	7.6316118796302457E-01
2.7877877877877876E+06	7.6236210190031639E-01
2.7927927927927929E+06	7.6153165565460301E-01
2.7977977977977977E+06	7.6068143070698380E-01
2.8028028028028030E+06	7.5984539598877632E-01
2.8078078078078078E+06	7.5899850784545286E-01
2.8128128128128126E+06	7.5808707738092618E-01
2.8178178178178179E+06	7.5716410021861691E-01
2.8228228228228227E+06	7.5628489327006032E-01
2.8278278278278280E+06	7.5532258614765080E-01
2.8328328328328328E+06	7.5428765315456237E-01
2.8378378378378376E+06	7.5324044831200321E-01
2.8428428428428429E+06	7.5221328533916765E-01
2.8478478478478477E+06	7.5118197965146127E-01
2.8528528528528530E+06	7.5009855990173036E-01
2.8578578578578578E+06	7.4896757344263409E-01
2.8628628628628626E+06	7.4779393196160804E-01
2.8678678678678679E+06	7.4666834990108277E-01
2.8728728728728727E+06	7.4545651592459172E-01
2.8778778778778780E+06	7.4414550253910783E-01
2.8828828828828828E+06	7.4281276582304379E-01
2.8878878878878877E+06	7.4145765988558343E-01
2.8928928928928929E+06	7.4005610104618247E-01
2.8978978978978978E+06	7.3865332722536947E-01
2.9029029029029030E+06	7.3712592067282168E-01
2.9079079079079079E+06	7.3558233780803239E-01
2.9129129129129127E+06	7.3404251250721875E-01
2.9179179179179179E+06	7.3247206434358958E-01
2.9229229229229228E+06	7.3082240880699545E-01
2.9279279279279280E+06	7.2912301868006180E-01
2.9329329329329329E+06	7.2729118254123304E-01
2.9379379379379377E+06	7.2548512522556174E-01
2.9429429429429430E+06	7.2362543156843917E-01
2.9479479479479478E+06	7.2170412245677862E-01
2.9529529529529531E+06	7.1966741401858558E-01
2.9579579579579579E+06	7.1747940462069404E-01
2.9629629629629627E+06	7.1523274644026824E-01
2.9679679679679680E+06	7.1292717626896107E-01
2.9729729729729728E+06	7.1051571463932017E-01
2.9779779779779781E+06	7.0799665454995830E-01
2.9829829829829829E+06	7.0542180818887401E-01
2.9879879879879882E+06	7.0271906819116081E-01
2.9929929929929930E+06	6.9991256472991648E-01
2.9979979979979978E+06	6.9704168284801726E-01
3.0030030030030031E+06	6.9395972973858122E-01
3.0080080080080079E+06	6.9077175945213820E-01
3.0130130130130132E+06	6.8740171407493456E-01
3.0180180180180180E+06	6.8392050645661184E-01
3.0230230230230228E+06	6.8020746689477862E-01
3.0280280280280281E+06	3.5279595203902281E-06
3.0330330330330329E+06	-4.0313728276601566E-08
3.0380380380380382E+06	-4.0276519378405437E-08
3.0430430430430430E+06	-4.0239167707662719E-08
3.0480480480480478E+06	-4.0201676528709820E-08
3.0530530530530531E+06	-4.0164039805888670E-08
3.0580580580580579E+06	-4.0126263643399291E-08
3.0630630630630632E+06	-4.0088342858310157E-08
3.0680680680680680E+06	-4.0050286330777473E-08
3.0730730730730728E+06	-4.0012077472189822E-08
3.0780780780780781E+06	-3.9973723862974636E-08
3.0830830830830829E+06	-3.9935211587859696E-08
3.0880880880880882E+06	-3.9896552325167696E-08
3.0930930930930930E+06	-3.9857744923789805E-08
3.0980980980980978E+06	-3.9818788006438595E-08
3.1031031031031031E+06	-3.9779681093803159E-08
3.1081081081081079E+06	-3.9740421901178783E-08
3.1131131131131132E+06	-3.9701009519287821E-08
3.1181181181181180E+06	-3.9661444169069923E-08
3.1231231231231233E+06	-3.9621722206854558E-08
3.1281281281281281E+06	-3.9581847434970613E-08
3.1331331331331329E+06	-3.9541820433563561E-08
3.1381381381381382E+06	-3.9501636219255943E-08
3.1431431431431430E+06	-3.9461294675833248E-08
3.1481481481481483E+06	-3.9420799867542796E-08
3.1531531531531531E+06	-3.9380134982084743E-08
3.1581581581581580E+06	-3.9339326414885933E-08
3.1631631631631632E+06	-3.9298338698666809E-08
3.1681681681681680E+06	-3.9257189487039368E-08
3.1731731731731733E+06	-3.9215879565347207E-08
3.1781781781781781E+06	-3.9174403622875402E-08
3.1831831831831830E+06	-3.9132763613549458E-08
3.1881881881881882E+06	-3.9090955829935327E-08
3.1931931931931931E+06	-3.9048982595193491E-08
3.1981981981981983E+06	-3.9006844018349443E-08
3.2032032032032032E+06	-3.8964535710848630E-08
3.2082082082082080E+06	-3.8922056257202263E-08
3.2132132132132133E+06	-3.8879406001014134E-08
3.2182182182182181E+06	-3.8836587182046931E-08
3.2232232232232234E+06	-3.8793592323179696E-08
3.2282282282282282E+06	-3.8750421646660896E-08
3.2332332332332330E+06	-3.8707080617007760E-08
3.2382382382382383E+06	-3.8663566630452957E-08
3.2432432432432431E+06	-3.8619887785107895E-08
3.2482482482482484E+06	-3.8576008124817012E-08
3.2532532532532532E+06	-3.8531954118612647E-08
3.2582582582582580E+06	-3.8487725945665251E-08
3.2632632632632633E+06	-3.8443315010912663E-08
3.2682682682682681E+06	-3.8398725326994886E-08
3.2732732732732734E+06	-3.8353955541988242E-08
3.2782782782782782E+06	-3.8309006600970794E-08
3.2832832832832830E+06	-3.8263864800415749E-08
3.2882882882882883E+06	-3.8218545601068579E-08
3.2932932932932931E+06	-3.8173037497798387E-08
3.2982982982982984E+06	-3.8127336568350309E-08
3.3033033033033032E+06	-3.8081452205587152E-08
3.3083083083083085E+06	-3.8035379258211967E-08
3.3133133133133133E+06	-3.7989114695444702E-08
3.3183183183183181E+06	-3.7942657821296630E-08
3.3233233233233234E+06	-3.7896008380056186E-08
3.3283283283283282E+06	-3.7849164893619749E-08
3.3333333333333335E+06	-3.7802124262080891E-08
3.3383383383383383E+06	-3.7754887830458190E-08
3.3433433433433431E+06	-3.7707457191856362E-08
3.3483483483483484E+06	-3.7659826122827644E-08
3.3533533533533532E+06	-3.7611996346726179E-08
3.3583583583583585E+06	-3.7563966056265574E-08
3.3633633633633633E+06	-3.7515725168424374E-08
3.3683683683683681E+06	-3.7467286677520180E-08
3.3733733733733734E+06	-3.7418647911921669E-08
3.3783783783783782E+06	-3.7369801706210023E-08
3.3833833833833835E+06	-3.7320767021621326E-08
3.3883883883883883E+06	-3.7271499729066398E-08
3.3933933933933931E+06	-3.7222034442567474E-08
3.3983983983983984E+06	-3.7172364237471683E-08
3.4034034034034032E+06	-3.7122481867391488E-08
3.4084084084084085E+06	-3.7072390145129065E-08
3.4134134134134133E+06	-3.7022084386455949E-08
3.4184184184184182E+06	-3.6971561076063808E-08
3.4234234234234234E+06	-3.6920821095320743E-08
3.4284284284284282E+06	-3.6869885140082545E-08
3.4334334334334335E+06	-3.6818714212105549E-08
3.4384384384384383E+06	-3.6767329356492884E-08
3.4434434434434436E+06	-3.6715738881470122E-08
3.4484484484484484E+06	-3.6663913136960601E-08
3.4534534534534533E+06	-3.6611867966233900E-08
3.4584584584584585E+06	-3.6559610555561663E-08
3.4634634634634634E+06	-3.6507122306406489E-08
3.4684684684684686E+06	-3.6454412476096423E-08
3.4734734734734735E+06	-3.6401471088551283E-08
3.4784784784784783E+06	-3.6348309992705698E-08
3.4834834834834835E+06	-3.6294900764275674E-08
3.4884884884884884E+06	-3.6241288677925743E-08
3.4934934934934936E+06	-3.6187440248365426E-08
3.4984984984984985E+06	-3.6133363642637303E-08
3.5035035035035033E+06	-3.6079055429462886E-08
3.5085085085085086E+06	-3.6024506718919870E-08
3.5135135135135134E+06	-3.5969721726516740E-08
3.5185185185185187E+06	-3.5914722906721498E-08
3.5235235235235235E+06	-3.5859487859420205E-08
3.5285285285285283E+06	-3.5804009310374399E-08
3.5335335335335336E+06	-3.5748292216192088E-08
3.5385385385385384E+06	-3.5692330243658707E-08
3.5435435435435437E+06	-3.5636142952532801E-08
3.5485485485485485E+06	-3.5579707423186132E-08
3.5535535535535533E+06	-3.5523047165810152E-08
3.5585585585585586E+06	-3.5466150429236153E-08
3.5635635635635634E+06	-3.5409008430696632E-08
3.5685685685685687E+06	-3.5351626573402095E-08
3.5735735735735735E+06	-3.5294002482820505E-08
3.5785785785785783E+06	-3.5236121846167439E-08
3.5835835835835836E+06	-3.5178010623270873E-08
3.5885885885885884E+06	-3.5119651942679779E-08
3.5935935935935937E+06	-3.5061063653308600E-08
3.5985985985985985E+06	-3.5002232457593892E-08
3.6036036036036033E+06	-3.4943157589257453E-08
3.6086086086086086E+06	-3.4883833411385221E-08
3.6136136136136134E+06	-3.4824278657277441E-08
3.6186186186186187E+06	-3.4764458520147891E-08
3.6236236236236235E+06	-3.4704402692393821E-08
3.6286286286286288E+06	-3.4644115349467731E-08
3.6336336336336336E+06	-3.4583577843247869E-08
3.6386386386386384E+06	-3.4522801321150044E-08
3.6436436436436437E+06	-3.4461787386687795E-08
3.6486486486486485E+06	-3.4400537461424599E-08
3.6536536536536538E+06	-3.4339056864953265E-08
3.6586586586586586E+06	-3.4277350479925780E-08
3.6636636636636634E+06	-3.4215402310654622E-08
3.6686686686686687E+06	-3.4153211121523929E-08
3.6736736736736735E+06	-3.4090810750364547E-08
3.6786786786786788E+06	-3.4028198097682899E-08
3.6836836836836836E+06	-3.3965377359390426E-08
3.6886886886886884E+06	-3.3902336550122570E-08
3.6936936936936937E+06	-3.3839148086844346E-08
3.6986986986986985E+06	-3.3775845898272648E-08
3.7037037037037038E+06	-3.3753018617032536E-08
3.7087087087087086E+06	-3.3752383029460312E-08
3.7137137137137135E+06	-3.3752052384697271E-08
3.7187187187187187E+06	-3.3751829424231408E-08
3.7237237237237236E+06	-3.3751662397240977E-08
3.7287287287287288E+06	-3.3751531399096285E-08
3.7337337337337337E+06	-3.3751427030729875E-08
3.7387387387387385E+06	-3.3751343553167349E-08
3.7437437437437437E+06	-3.3751277323350448E-08
3.7487487487487486E+06	-3.3751225413128049E-08
3.7537537537537538E+06	-3.3751184649519907E-08
3.7587587587587587E+06	-3.3751152137350427E-08
3.7637637637637639E+06	-3.3751125133298262E-08
3.7687687687687688E+06	-3.3751100327421043E-08
3.7737737737737736E+06	-3.3751073533237206E-08
3.7787787787787789E+06	-3.3751038163157797E-08
3.7837837837837837E+06	-3.3750983775288807E-08
3.7887887887887890E+06	-3.3750899382310822E-08
3.7937937937937938E+06	-3.3750779972272269E-08
3.7987987987987986E+06	-3.3750627271157282E-08
3.8038038038038039E+06	-3.3750446277366005E-08
3.8088088088088087E+06	-3.3750242373814240E-08
3.8138138138138140E+06	-3.3750020501597990E-08
3.8188188188188188E+06	-3.3749784954666150E-08
3.8238238238238236E+06	-3.3749539034269997E-08
3.8288288288288289E+06	-3.3749285389333276E-08
3.8338338338338337E+06	-3.3749026027728969E-08
3.8388388388388390E+06	-3.3748762547450162E-08
3.8438438438438438E+06	-3.3748496231373824E-08
3.8488488488488486E+06	-3.3748228100280117E-08
3.8538538538538539E+06	-3.3747958945065515E-08
3.8588588588588587E+06	-3.3747689522977182E-08
3.8638638638638640E+06	-3.3747420393528979E-08
3.8688688688688688E+06	-3.3747152045251001E-08
3.8738738738738736E+06	-3.3746884907160455E-08
3.8788788788788789E+06	-3.3746619179114982E-08
3.8838838838838837E+06	-3.3746355079610404E-08
3.8888888888888890E+06	-3.3746092802822572E-08
3.8938938938938938E+06	-3.3745832344890934E-08
3.8988988988988986E+06	-3.3745574356362590E-08
3.9039039039039039E+06	-3.3745319787619053E-08
3.9089089089089087E+06	-3.3745069007634507E-08
3.9139139139139140E+06	-3.3744822904902230E-08
3.9189189189189188E+06	-3.3744580700285211E-08
3.9239239239239236E+06	-3.3744341811846941E-08
3.9289289289289289E+06	-3.3744106369318477E-08
3.9339339339339337E+06	-3.3743874201611517E-08
3.9389389389389390E+06	-3.3743646725750959E-08
3.9439439439439438E+06	-3.3743436391506033E-08
3.9489489489489491E+06	-3.3743246796982616E-08
3.9539539539539539E+06	-3.3743078982105564E-08
3.9589589589589587E+06	-3.3742928882251925E-08
3.9639639639639640E+06	-3.3742792319859420E-08
3.9689689689689688E+06	-3.3742666449705262E-08
3.9739739739739741E+06	-3.3742549529894559E-08
3.9789789789789789E+06	-3.3742440152080908E-08
3.9839839839839838E+06	-3.3742337139557496E-08
3.9889889889889890E+06	-3.3742239643398794E-08
3.9939939939939938E+06	-3.3742147059039192E-08
3.9989989989989991E+06	-3.3742058897990023E-08
4.0040040040040039E+06	-3.3741974633823363E-08
4.0090090090090088E+06	-3.3741893730642687E-08
4.0140140140140140E+06	-3.3741815709648275E-08
4.0190190190190189E+06	-3.3741740179775168E-08
4.0240240240240241E+06	-3.3741666769214632E-08
4.0290290290290290E+06	-3.3741595091021008E-08
4.0340340340340338E+06	-3.3741524739821538E-08
4.0390390390390391E+06	-3.3741455295862507E-08
4.0440440440440439E+06	-3.3741386347429398E-08
4.0490490490490492E+06	-3.3741317533726408E-08
4.0540540540540540E+06	-3.3741248515470890E-08
4.0590590590590588E+06	-3.3741178958255409E-08
4.0640640640640641E+06	-3.3741108538767673E-08
4.0690690690690689E+06	-3.3741036965301083E-08
4.0740740740740742E+06	-3.3740963949987091E-08
4.0790790790790790E+06	-3.3740889204661522E-08
4.0840840840840843E+06	-3.3740812445422576E-08
4.0890890890890891E+06	-3.3740733467939290E-08
4.0940940940940939E+06	-3.3740652162406576E-08
4.0990990990990992E+06	-3.3740568423763899E-08
4.1041041041041040E+06	-3.3740482146267725E-08
4.1091091091091093E+06	-3.3740393226009843E-08
4.1141141141141141E+06	-3.3740301668241143E-08
4.1191191191191189E+06	-3.3740207620829450E-08
4.1241241241241242E+06	-3.3740111238256381E-08
4.1291291291291290E+06	-3.3740012670252526E-08
4.1341341341341343E+06	-3.3739912061607805E-08
4.1391391391391391E+06	-3.3739809521300907E-08
4.1441441441441439E+06	-3.3739705078065175E-08
4.1491491491491492E+06	-3.3739598747737830E-08
4.1541541541541540E+06	-3.3739490545439745E-08
4.1591591591591593E+06	-3.3739380500822283E-08
4.1641641641641641E+06	-3.3739268660198372E-08
4.1691691691691689E+06	-3.3739155093701069E-08
4.1741741741741742E+06	-3.3739039939627755E-08
4.1791791791791790E+06	-3.3738923325038041E-08
4.1841841841841843E+06	-3.3738805385671759E-08
4.1891891891891891E+06	-3.3738686416494876E-08
4.1941941941941939E+06	-3.3738566806325830E-08
4.1991991991991987E+06	-3.3738446647935931E-08
4.2042042042042045E+06	-3.3738325749026439E-08
4.2092092092092093E+06	-3.3738204410156864E-08
4.2142142142142141E+06	-3.3738083488507734E-08
4.2192192192192189E+06	-3.3737965780724435E-08
4.2242242242242238E+06	-3.3737850033042668E-08
4.2292292292292295E+06	-3.3737738295302814E-08
4.2342342342342343E+06	-3.3737631908243809E-08
4.2392392392392391E+06	-3.3737530847696250E-08
4.2442442442442439E+06	-3.3737435057998426E-08
4.2492492492492488E+06	-3.3737343686485502E-08
4.2542542542542545E+06	-3.3737256253692749E-08
4.2592592592592593E+06	-3.3737172442005868E-08
4.2642642642642641E+06	-3.3737091443865149E-08
4.2692692692692690E+06	-3.3737013327915439E-08
4.2742742742742738E+06	-3.3736937483276881E-08
4.2792792792792795E+06	-3.3736863877887676E-08
4.2842842842842843E+06	-3.3736792248707269E-08
4.2892892892892892E+06	-3.3736722424193898E-08
4.2942942942942940E+06	-3.3736654386742864E-08
4.2992992992992988E+06	-3.3736587850617786E-08
4.3043043043043045E+06	-3.3736522913457297E-08
4.3093093093093093E+06	-3.3736459230187254E-08
4.3143143143143142E+06	-3.3736396988689155E-08
4.3193193193193190E+06	-3.3736335826208480E-08
4.3243243243243247E+06	-3.3736275936573452E-08
4.3293293293293295E+06	-3.3736216982710600E-08
4.3343343343343344E+06	-3.3736159055066048E-08
4.3393393393393392E+06	-3.3736101965368090E-08
4.3443443443443440E+06	-3.3736045598187859E-08
4.3493493493493497E+06	-3.3735990016972332E-08
4.3543543543543546E+06	-3.3735934850961616E-08
4.3593593593593594E+06	-3.3735880393059399E-08
4.3643643643643642E+06	-3.3735826126014299E-08
4.3693693693693690E+06	-3.3735772352962863E-08
4.3743743743743747E+06	-3.3735718730922790E-08
4.3793793793793796E+06	-3.3735665249509530E-08
4.3843843843843844E+06	-3.3735611986709438E-08
4.3893893893893892E+06	-3.3735558547915964E-08
4.3943943943943940E+06	-3.3735505198254390E-08
4.3993993993993998E+06	-3.3735451650744403E-08
4.4044044044044046E+06	-3.3735397815922534E-08
4.4094094094094094E+06	-3.3735343862862932E-08
4.4144144144144142E+06	-3.3735289429822627E-08
4.4194194194194190E+06	-3.3735234578165690E-08
4.4244244244244248E+06	-3.3735179391709339E-08
4.4294294294294296E+06	-3.3735123477554813E-08
4.4344344344344344E+06	-3.3735067016838018E-08
4.4394394394394392E+06	-3.3735010041100666E-08
4.4444444444444440E+06	-3.3734952319802188E-08
4.4494494494494498E+06	-3.3734893971235532E-08
4.4544544544544546E+06	-3.3734835149459878E-08
4.4594594594594594E+06	-3.3734775584462774E-08
4.4644644644644642E+06	-3.3734715346396343E-08
4.4694694694694690E+06	-3.3734654578703649E-08
4.4744744744744748E+06	-3.3734593202725137E-08
4.4794794794794796E+06	-3.3734530966240413E-08
4.4844844844844844E+06	-3.3734467902200874E-08
4.4894894894894892E+06	-3.3734403945057750E-08
4.4944944944944941E+06	-3.3734338856149958E-08
4.4994994994994998E+06	-3.3734272411703762E-08
4.5045045045045046E+06	-3.3734204585296413E-08
4.5095095095095094E+06	-3.3734135329496574E-08
4.5145145145145142E+06	-3.3734064443576368E-08
4.5195195195195191E+06	-3.3733991772914835E-08
4.5245245245245248E+06	-3.3733917628221520E-08
4.5295295295295296E+06	-3.3733842611887448E-08
4.5345345345345344E+06	-3.3733766871165903E-08
4.5395395395395393E+06	-3.3733690121082860E-08
4.5445445445445441E+06	-3.3733612086952682E-08
4.5495495495495498E+06	-3.3733532844456782E-08
4.5545545545545546E+06	-3.3733452568134869E-08
4.5595595595595594E+06	-3.3733371702697756E-08
4.5645645645645643E+06	-3.3733289466699965E-08
4.5695695695695691E+06	-3.3733205048627954E-08
4.5745745745745748E+06	-3.3733119885268249E-08
4.5795795795795796E+06	-3.3733035758148343E-08
4.5845845845845845E+06	-3.3732953740303060E-08
4.5895895895895893E+06	-3.3732874376288022E-08
4.5945945945945941E+06	-3.3732797821138998E-08
4.5995995995995998E+06	-3.3732724056152520E-08
4.6046046046046047E+06	-3.3732652981495010E-08
4.6096096096096095E+06	-3.3732584405679291E-08
4.6146146146146143E+06	-3.3732518141442320E-08
4.6196196196196191E+06	-3.3732454001660608E-08
4.6246246246246248E+06	-3.3732391760591405E-08
4.6296296296296297E+06	-3.3732331248063422E-08
4.6346346346346345E+06	-3.3732272308826295E-08
4.6396396396396393E+06	-3.3732214764340531E-08
4.6446446446446441E+06	-3.3732158473296896E-08
4.6496496496496499E+06	-3.3732103312018467E-08
4.6546546546546547E+06	-3.3732049147279792E-08
4.6596596596596595E+06	-3.3731995877710127E-08
4.6646646646646643E+06	-3.3731943417441744E-08
4.6696696696696701E+06	-3.3731891661002697E-08
4.6746746746746749E+06	-3.3731840530592823E-08
4.6796796796796797E+06	-3.3731789972009703E-08
4.6846846846846845E+06	-3.3731739902138582E-08
4.6896896896896893E+06	-3.3731690256206894E-08
4.6946946946946951E+06	-3.3731640998998498E-08
4.6996996996996999E+06	-3.3731592073585719E-08
4.7047047047047047E+06	-3.3731543400677670E-08
4.7097097097097095E+06	-3.3731494923795247E-08
4.7147147147147143E+06	-3.3731446597226324E-08
4.7197197197197201E+06	-3.3731398354242672E-08
4.7247247247247249E+06	-3.3731350160248858E-08
4.7297297297297297E+06	-3.3731302017299016E-08
4.7347347347347345E+06	-3.3731253908799633E-08
4.7397397397397393E+06	-3.3731205783814089E-08
4.7447447447447451E+06	-3.3731157593591881E-08
4.7497497497497499E+06	-3.3731109282176444E-08
4.7547547547547547E+06	-3.3731060785272882E-08
4.7597597597597595E+06	-3.3731012089507404E-08
4.7647647647647643E+06	-3.3730963230416981E-08
4.7697697697697701E+06	-3.3730914208763716E-08
4.7747747747747749E+06	-3.3730864952481577E-08
4.7797797797797797E+06	-3.3730815358778861E-08
4.7847847847847845E+06	-3.3730765396166091E-08
4.7897897897897894E+06	-3.3730715139010691E-08
4.7947947947947951E+06	-3.3730664613418360E-08
4.7997997997997999E+06	-3.3730613732966334E-08
4.8048048048048047E+06	-3.3730562376834912E-08
4.8098098098098096E+06	-3.3730510551522662E-08
4.8148148148148144E+06	-3.3730458368663876E-08
4.8198198198198201E+06	-3.3730405802060519E-08
4.8248248248248249E+06	-3.3730352703957315E-08
4.8298298298298297E+06	-3.3730299044217626E-08
4.8348348348348346E+06	-3.3730244983495438E-08
4.8398398398398394E+06	-3.3730190503887783E-08
4.8448448448448451E+06	-3.3730135410139115E-08
4.8498498498498499E+06	-3.3730079731221805E-08
4.8548548548548548E+06	-3.3730023641823680E-08
4.8598598598598596E+06	-3.3729967012509338E-08
4.8648648648648644E+06	-3.3729909669747819E-08
4.8698698698698701E+06	-3.3729851782711112E-08
4.8748748748748749E+06	-3.3729793292480558E-08
4.8798798798798798E+06	-3.3729733922762314E-08
4.8848848848848846E+06	-3.3729673835907742E-08
4.8898898898898894E+06	-3.3729613033717666E-08
4.8948948948948951E+06	-3.3729551192706273E-08
4.8998998998999000E+06	-3.3729488500521742E-08
4.9049049049049048E+06	-3.3729424909652333E-08
4.9099099099099096E+06	-3.3729360122360096E-08
4.9149149149149144E+06	-3.3729294420366959E-08
4.9199199199199202E+06	-3.3729227566998171E-08
4.9249249249249250E+06	-3.3729159468032732E-08
4.9299299299299298E+06	-3.3729090337269441E-08
4.9349349349349346E+06	-3.3729019763908396E-08
4.9399399399399394E+06	-3.3728948061882024E-08
4.9449449449449452E+06	-3.3728875111716109E-08
4.9499499499499500E+06	-3.3728801169624227E-08
4.9549549549549548E+06	-3.3728726547038761E-08
4.9599599599599596E+06	-3.3728650790933722E-08
4.9649649649649654E+06	-3.3728574164833280E-08
4.9699699699699702E+06	-3.3728495874771713E-08
4.9749749749749750E+06	-3.3728415868907778E-08
4.9799799799799798E+06	-3.3728333648592033E-08
4.9849849849849846E+06	-3.3728250516728389E-08
4.9899899899899904E+06	-3.3728167287812206E-08
4.9949949949949952E+06	-3.3728085461451301E-08
5.0000000000000000E+06	-3.3728005353050467E-08
