0.0000000000000000E+00	1.0263273216213684E+00
5.0050050050050049E+03	1.0265110190188815E+00
1.0010010010010010E+04	1.0266613727121006E+00
1.5015015015015015E+04	1.0268080656165137E+00
2.0020020020020020E+04	1.0269594047844655E+00
2.5025025025025025E+04	1.0271259678582856E+00
3.0030030030030030E+04	1.0272762543578149E+00
3.5035035035035035E+04	1.0274365797452958E+00
4.0040040040040039E+04	1.0276141852995178E+00
4.5045045045045044E+04	1.0277589058134544E+00
5.0050050050050049E+04	1.0279168858372834E+00
5.5055055055055054E+04	1.0280815930216665E+00
6.0060060060060059E+04	1.0282404558442857E+00
6.5065065065065064E+04	1.0283961869368734E+00
7.0070070070070069E+04	1.0285578629582011E+00
7.5075075075075074E+04	1.0287066844717256E+00
8.0080080080080079E+04	1.0288714886980175E+00
8.5085085085085084E+04	1.0290152445363838E+00
9.0090090090090089E+04	1.0291914082532219E+00
9.5095095095095094E+04	1.0293554322348211E+00
1.0010010010010010E+05	1.0295218910474087E+00
1.0510510510510510E+05	1.0296925897757532E+00
1.1011011011011011E+05	1.0298657621332530E+00
1.1511511511511511E+05	1.0300190683484720E+00
1.2012012012012012E+05	1.0301813005851039E+00
1.2512512512512512E+05	1.0303339859456127E+00
1.3013013013013013E+05	1.0305283215580145E+00
1.3513513513513515E+05	1.0306802382149585E+00
1.4014014014014014E+05	1.0308545110261671E+00
1.4514514514514513E+05	1.0309942336137883E+00
1.5015015015015015E+05	1.0311842173276928E+00
1.5515515515515517E+05	1.0313574355647572E+00
1.6016016016016016E+05	1.0315193047119056E+00
1.6516516516516515E+05	1.0316780309269959E+00
1.7017017017017017E+05	1.0318568154038814E+00
1.7517517517517519E+05	1.0320264149615308E+00
1.8018018018018018E+05	1.0322039616665561E+00
1.8518518518518517E+05	1.0323753367472503E+00
1.9019019019019019E+05	1.0325520617214305E+00
1.9519519519519521E+05	1.0327129081365485E+00
2.0020020020020020E+05	1.0328938339501186E+00
2.0520520520520519E+05	1.0330765871136296E+00
2.1021021021021021E+05	1.0332507313838051E+00
2.1521521521521523E+05	1.0334240995406929E+00
2.2022022022022022E+05	1.0336023093516247E+00
2.2522522522522521E+05	1.0337819570191997E+00
2.3023023023023023E+05	1.0339538356115763E+00
2.3523523523523525E+05	1.0341357537525211E+00
2.4024024024024024E+05	1.0343131600538404E+00
2.4524524524524523E+05	1.0344917697475582E+00
2.5025025025025025E+05	1.0346663828896618E+00
2.5525525525525527E+05	1.0348513109323352E+00
2.6026026026026026E+05	1.0350030710359706E+00
2.6526526526526525E+05	1.0351996107341750E+00
2.7027027027027030E+05	1.0353633159117830E+00
2.7527527527527529E+05	1.0355450904612020E+00
2.8028028028028028E+05	1.0357107722195942E+00
2.8528528528528527E+05	1.0358991652489231E+00
2.9029029029029026E+05	1.0360655694249590E+00
2.9529529529529531E+05	1.0362545828061698E+00
3.0030030030030030E+05	1.0364247108633071E+00
3.0530530530530529E+05	1.0366115876660569E+00
3.1031031031031033E+05	1.0367799240889335E+00
3.1531531531531533E+05	1.0369661771936816E+00
3.2032032032032032E+05	1.0371321570436309E+00
3.2532532532532531E+05	1.0373069368237382E+00
3.3033033033033030E+05	1.0374736505940274E+00
3.3533533533533535E+05	1.0376550632461277E+00
3.4034034034034034E+05	1.0378229572802500E+00
3.4534534534534533E+05	1.0380038555546012E+00
3.5035035035035037E+05	1.0381767225957570E+00
3.5535535535535536E+05	1.0383606174530382E+00
3.6036036036036036E+05	1.0385290028187319E+00
3.6536536536536535E+05	1.0387236145112999E+00
3.7037037037037034E+05	1.0389023518288296E+00
3.7537537537537538E+05	1.0390886890672042E+00
3.8038038038038037E+05	1.0392522972756644E+00
3.8538538538538537E+05	1.0394346951302473E+00
3.9039039039039041E+05	1.0396071801297473E+00
3.9539539539539540E+05	1.0398195464018760E+00
4.0040040040040039E+05	1.0399947696562222E+00
4.0540540540540538E+05	1.0401697200562916E+00
4.1041041041041038E+05	1.0403629561367649E+00
4.1541541541541542E+05	1.0405373607984256E+00
4.2042042042042041E+05	1.0407347099224322E+00
4.2542542542542540E+05	1.0409115371976270E+00
4.3043043043043045E+05	1.0410985916693740E+00
4.3543543543543544E+05	1.0412849781470734E+00
4.4044044044044043E+05	1.0414613408862590E+00
4.4544544544544542E+05	1.0416584514383584E+00
4.5045045045045041E+05	1.0418511445579408E+00
4.5545545545545546E+05	1.0420499516554069E+00
4.6046046046046045E+05	1.0422340353913753E+00
4.6546546546546544E+05	1.0424242484141109E+00
4.7047047047047049E+05	1.0426128255853391E+00
4.7547547547547548E+05	1.0428088557489761E+00
4.8048048048048047E+05	1.0429981544521245E+00
4.8548548548548546E+05	1.0431963687303085E+00
4.9049049049049045E+05	1.0434021573237577E+00
4.9549549549549550E+05	1.0435865438859249E+00
5.0050050050050049E+05	1.0437790359770809E+00
5.0550550550550548E+05	1.0439714753120128E+00
5.1051051051051053E+05	1.0441705116584734E+00
5.1551551551551552E+05	1.0443737127669761E+00
5.2052052052052051E+05	1.0445745961780495E+00
5.2552552552552556E+05	1.0447614157215952E+00
5.3053053053053049E+05	1.0449549380851482E+00
5.3553553553553554E+05	1.0451621412227174E+00
5.4054054054054059E+05	1.0453540398446064E+00
5.4554554554554552E+05	1.0455452263610323E+00
5.5055055055055057E+05	1.0457381071348875E+00
5.5555555555555550E+05	1.0459643033667154E+00
5.6056056056056055E+05	1.0461739168251916E+00
5.6556556556556560E+05	1.0463654513494498E+00
5.7057057057057053E+05	1.0465866256579990E+00
5.7557557557557558E+05	1.0467950132510488E+00
5.8058058058058051E+05	1.0469804843082551E+00
5.8558558558558556E+05	1.0472002797423021E+00
5.9059059059059061E+05	1.0473992741558922E+00
5.9559559559559554E+05	1.0476072848703180E+00
6.0060060060060059E+05	1.0478055454790833E+00
6.0560560560560564E+05	1.0479984043642387E+00
6.1061061061061057E+05	1.0481973830896991E+00
6.1561561561561562E+05	1.0483993532661195E+00
6.2062062062062067E+05	1.0486022871608540E+00
6.2562562562562560E+05	1.0488015284985435E+00
6.3063063063063065E+05	1.0490154706255062E+00
6.3563563563563558E+05	1.0492087612085714E+00
6.4064064064064063E+05	1.0494394961496645E+00
6.4564564564564568E+05	1.0496257306000356E+00
6.5065065065065061E+05	1.0498392432782697E+00
6.5565565565565566E+05	1.0500265859280324E+00
6.6066066066066059E+05	1.0502578923185630E+00
6.6566566566566564E+05	1.0504689334472399E+00
6.7067067067067069E+05	1.0506696352711349E+00
6.7567567567567562E+05	1.0508929401261740E+00
6.8068068068068067E+05	1.0510976035394233E+00
6.8568568568568572E+05	1.0513052862704546E+00
6.9069069069069065E+05	1.0515040055525267E+00
6.9569569569569570E+05	1.0517253667221829E+00
7.0070070070070075E+05	1.0519279359807263E+00
7.0570570570570568E+05	1.0521331189710033E+00
7.1071071071071073E+05	1.0523546269828534E+00
7.1571571571571566E+05	1.0525600572640836E+00
7.2072072072072071E+05	1.0527823240539929E+00
7.2572572572572576E+05	1.0529953323507433E+00
7.3073073073073069E+05	1.0531920929243144E+00
7.3573573573573574E+05	1.0534319604695181E+00
7.4074074074074067E+05	1.0536462983333081E+00
7.4574574574574572E+05	1.0538796366747512E+00
7.5075075075075077E+05	1.0541061640152325E+00
7.5575575575575570E+05	1.0543298449628975E+00
7.6076076076076075E+05	1.0545498518979881E+00
7.6576576576576580E+05	1.0547601705622813E+00
7.7077077077077073E+05	1.0549715150204095E+00
7.7577577577577578E+05	1.0551981120218805E+00
7.8078078078078083E+05	1.0554167437791582E+00
7.8578578578578576E+05	1.0556509689571425E+00
7.9079079079079081E+05	1.0558767845064443E+00
7.9579579579579574E+05	1.0561031125543994E+00
8.0080080080080079E+05	1.0563385188502572E+00
8.0580580580580584E+05	1.0565529080012674E+00
8.1081081081081077E+05	1.0567850161271291E+00
8.1581581581581582E+05	1.0569927300810895E+00
8.2082082082082075E+05	1.0572019442796852E+00
8.2582582582582580E+05	1.0574449354145841E+00
8.3083083083083085E+05	1.0576571400565826E+00
8.3583583583583578E+05	1.0578938212513742E+00
8.4084084084084083E+05	1.0581337680040652E+00
8.4584584584584588E+05	1.0583496625546243E+00
8.5085085085085081E+05	1.0586133388410028E+00
8.5585585585585586E+05	1.0588444441168670E+00
8.6086086086086091E+05	1.0590892752739662E+00
8.6586586586586584E+05	1.0593130931555195E+00
8.7087087087087089E+05	1.0595454766661809E+00
8.7587587587587582E+05	1.0597896240552198E+00
8.8088088088088087E+05	1.0600110638551157E+00
8.8588588588588592E+05	1.0602333886468167E+00
8.9089089089089085E+05	1.0604654227646879E+00
8.9589589589589590E+05	1.0607059341677636E+00
9.0090090090090083E+05	1.0609360099422280E+00
9.0590590590590588E+05	1.0611918968069296E+00
9.1091091091091093E+05	1.0614246186604714E+00
9.1591591591591586E+05	1.0616716403693374E+00
9.2092092092092091E+05	1.0619226556928321E+00
9.2592592592592596E+05	1.0621598203582676E+00
9.3093093093093089E+05	1.0623873523921263E+00
9.3593593593593594E+05	1.0626312647033220E+00
9.4094094094094099E+05	1.0628789573365245E+00
9.4594594594594592E+05	1.0631389101793152E+00
9.5095095095095097E+05	1.0633763494925608E+00
9.5595595595595590E+05	1.0636046031645314E+00
9.6096096096096095E+05	1.0638666831484436E+00
9.6596596596596600E+05	1.0640951324290322E+00
9.7097097097097093E+05	1.0643620762185371E+00
9.7597597597597598E+05	1.0645896518981539E+00
9.8098098098098091E+05	1.0648400573535188E+00
9.8598598598598596E+05	1.0650993680084708E+00
9.9099099099099101E+05	1.0653397814000640E+00
9.9599599599599594E+05	1.0655668541144938E+00
1.0010010010010010E+06	1.0658145324912167E+00
1.0060060060060060E+06	1.0660511864566182E+00
1.0110110110110110E+06	1.0662972434710409E+00
1.0160160160160160E+06	1.0665547224621816E+00
1.0210210210210211E+06	1.0668195992949896E+00
1.0260260260260260E+06	1.0670710064013729E+00
1.0310310310310310E+06	1.0673066669972973E+00
1.0360360360360360E+06	1.0675689677333233E+00
1.0410410410410410E+06	1.0678329990289988E+00
1.0460460460460461E+06	1.0680795076338503E+00
1.0510510510510511E+06	1.0683250060648188E+00
1.0560560560560559E+06	1.0686000183468352E+00
1.0610610610610610E+06	1.0688465530763391E+00
1.0660660660660660E+06	1.0691002637107130E+00
1.0710710710710711E+06	1.0693687565252932E+00
1.0760760760760761E+06	1.0696248272290474E+00
1.0810810810810812E+06	1.0698751369409196E+00
1.0860860860860860E+06	1.0701500975266174E+00
1.0910910910910910E+06	1.0704108807693009E+00
1.0960960960960961E+06	1.0706769334041060E+00
1.1011011011011011E+06	1.0709199595776184E+00
1.1061061061061062E+06	1.0711778474960132E+00
1.1111111111111110E+06	1.0714523895186954E+00
1.1161161161161161E+06	1.0717363425355111E+00
1.1211211211211211E+06	1.0720147831380651E+00
1.1261261261261262E+06	1.0722840121669897E+00
1.1311311311311312E+06	1.0725380579243191E+00
1.1361361361361360E+06	1.0728012098622721E+00
1.1411411411411411E+06	1.0730775266545478E+00
1.1461461461461461E+06	1.0733444109608543E+00
1.1511511511511512E+06	1.0736100994570348E+00
1.1561561561561562E+06	1.0738826557187859E+00
1.1611611611611610E+06	1.0741543084314267E+00
1.1661661661661661E+06	1.0744215419356224E+00
1.1711711711711711E+06	1.0746982305820467E+00
1.1761761761761762E+06	1.0749867460407811E+00
1.1811811811811812E+06	1.0752787687049570E+00
1.1861861861861863E+06	1.0755507116532677E+00
1.1911911911911911E+06	1.0758159333200203E+00
1.1961961961961961E+06	1.0761097077211617E+00
1.2012012012012012E+06	1.0763726528411983E+00
1.2062062062062062E+06	1.0766465780837575E+00
1.2112112112112113E+06	1.0769508783615076E+00
1.2162162162162161E+06	1.0772245384878132E+00
1.2212212212212211E+06	1.0775030750701426E+00
1.2262262262262262E+06	1.0778001064451501E+00
1.2312312312312312E+06	1.0780674216767439E+00
1.2362362362362363E+06	1.0783627392940942E+00
1.2412412412412413E+06	1.0786304662323341E+00
1.2462462462462462E+06	1.0789200439150231E+00
1.2512512512512512E+06	1.0792145045217596E+00
1.2562562562562563E+06	1.0795020544267226E+00
1.2612612612612613E+06	1.0797758475861949E+00
1.2662662662662663E+06	1.0800736243612945E+00
1.2712712712712712E+06	1.0803383266971653E+00
1.2762762762762762E+06	1.0806328426096863E+00
1.2812812812812813E+06	1.0809307827604686E+00
1.2862862862862863E+06	1.0812174140449426E+00
1.2912912912912914E+06	1.0814961996170733E+00
1.2962962962962962E+06	1.0818033953399881E+00
1.3013013013013012E+06	1.0820854272772935E+00
1.3063063063063063E+06	1.0823532111379435E+00
1.3113113113113113E+06	1.0826328186875258E+00
1.3163163163163164E+06	1.0829173308629030E+00
1.3213213213213212E+06	1.0831893475160563E+00
1.3263263263263262E+06	1.0834777621737515E+00
1.3313313313313313E+06	1.0837819855094986E+00
1.3363363363363363E+06	1.0840893646333716E+00
1.3413413413413414E+06	1.0843732377658288E+00
1.3463463463463464E+06	1.0846505027720115E+00
1.3513513513513512E+06	1.0849821239184612E+00
1.3563563563563563E+06	1.0853000766282463E+00
1.3613613613613613E+06	1.0855864377478406E+00
1.3663663663663664E+06	1.0858779686948545E+00
1.3713713713713714E+06	1.0861811361359581E+00
1.3763763763763763E+06	1.0864932497770341E+00
1.3813813813813813E+06	1.0868104283076077E+00
1.3863863863863864E+06	1.0871197493217237E+00
1.3913913913913914E+06	1.0874197547347311E+00
1.3963963963963964E+06	1.0877235706466468E+00
1.4014014014014015E+06	1.0880212932337876E+00
1.4064064064064063E+06	1.0883114401293259E+00
1.4114114114114114E+06	1.0886488547076665E+00
1.4164164164164164E+06	1.0889818343848898E+00
1.4214214214214215E+06	1.0892913503051702E+00
1.4264264264264265E+06	1.0896079969527772E+00
1.4314314314314313E+06	1.0899384654609143E+00
1.4364364364364364E+06	1.0902759107186084E+00
1.4414414414414414E+06	1.0905857473094893E+00
1.4464464464464465E+06	1.0909113178798300E+00
1.4514514514514515E+06	1.0912373686036403E+00
1.4564564564564563E+06	1.0915862750768832E+00
1.4614614614614614E+06	1.0919059388176693E+00
1.4664664664664664E+06	1.0922374815369800E+00
1.4714714714714715E+06	1.0925734746198255E+00
1.4764764764764765E+06	1.0928886275244134E+00
1.4814814814814813E+06	1.0932136763497275E+00
1.4864864864864864E+06	1.0935343598302503E+00
1.4914914914914914E+06	1.0938782306323722E+00
1.4964964964964965E+06	1.0942191415064162E+00
1.5015015015015015E+06	1.0945356432032307E+00
1.5065065065065066E+06	1.0948841773993112E+00
1.5115115115115114E+06	1.0952013608820885E+00
1.5165165165165165E+06	1.0955558841429178E+00
1.5215215215215215E+06	1.0959002383669210E+00
1.5265265265265265E+06	1.0962308477275984E+00
1.5315315315315316E+06	1.0965587757095017E+00
1.5365365365365364E+06	1.0969163414647332E+00
1.5415415415415415E+06	1.0972669256594763E+00
1.5465465465465465E+06	1.0975922545630956E+00
1.5515515515515516E+06	1.0979289645093704E+00
1.5565565565565566E+06	1.0982484817048084E+00
1.5615615615615617E+06	1.0986097389153939E+00
1.5665665665665665E+06	1.0989555876679513E+00
1.5715715715715715E+06	1.0993045572584372E+00
1.5765765765765766E+06	1.0996726543134834E+00
1.5815815815815816E+06	1.0999978009894611E+00
1.5865865865865867E+06	1.1003294875031899E+00
1.5915915915915915E+06	1.1006799857195653E+00
1.5965965965965965E+06	1.1010402221899511E+00
1.6016016016016016E+06	1.1013528616774122E+00
1.6066066066066066E+06	1.1017027908793986E+00
1.6116116116116117E+06	1.1020306623792411E+00
1.6166166166166165E+06	1.1024006199085550E+00
1.6216216216216215E+06	1.1027563623350654E+00
1.6266266266266266E+06	1.1031396882146847E+00
1.6316316316316316E+06	1.1034874499788860E+00
1.6366366366366367E+06	1.1038541895028602E+00
1.6416416416416415E+06	1.1041971410820821E+00
1.6466466466466465E+06	1.1045435302285167E+00
1.6516516516516516E+06	1.1049300297188513E+00
1.6566566566566566E+06	1.1053095661667649E+00
1.6616616616616617E+06	1.1056823751978366E+00
1.6666666666666667E+06	1.1060558157858935E+00
1.6716716716716716E+06	1.1064254427445681E+00
1.6766766766766766E+06	1.1068038604835877E+00
1.6816816816816817E+06	1.1071944847824775E+00
1.6866866866866867E+06	1.1075845287568133E+00
1.6916916916916918E+06	1.1079382213162059E+00
1.6966966966966966E+06	1.1083055341986339E+00
1.7017017017017016E+06	1.1086604804132156E+00
1.7067067067067067E+06	1.1090246347737434E+00
1.7117117117117117E+06	1.1093799563088225E+00
1.7167167167167168E+06	1.1097627935978749E+00
1.7217217217217218E+06	1.1101515299214542E+00
1.7267267267267266E+06	1.1105079425564341E+00
1.7317317317317317E+06	1.1108840390602219E+00
1.7367367367367367E+06	1.1112468011972076E+00
1.7417417417417418E+06	1.1116544918096547E+00
1.7467467467467468E+06	1.1120564255522221E+00
1.7517517517517516E+06	1.1124647559983094E+00
1.7567567567567567E+06	1.1128441896314969E+00
1.7617617617617617E+06	1.1132391139895026E+00
1.7667667667667668E+06	1.1136132534067760E+00
1.7717717717717718E+06	1.1140225338444378E+00
1.7767767767767766E+06	1.1143852438228408E+00
1.7817817817817817E+06	1.1147635594871388E+00
1.7867867867867867E+06	1.1151842649966308E+00
1.7917917917917918E+06	1.1155562659481251E+00
1.7967967967967968E+06	1.1159237725567093E+00
1.8018018018018017E+06	1.1163276868885286E+00
1.8068068068068067E+06	1.1166942620938187E+00
1.8118118118118118E+06	1.1170669841161303E+00
1.8168168168168168E+06	1.1174972426892351E+00
1.8218218218218219E+06	1.1178757913937440E+00
1.8268268268268269E+06	1.1182570094249191E+00
1.8318318318318317E+06	1.1186707372614850E+00
1.8368368368368368E+06	1.1190493639476167E+00
1.8418418418418418E+06	1.1194355589656464E+00
1.8468468468468469E+06	1.1198133347959673E+00
1.8518518518518519E+06	1.1202195941743187E+00
1.8568568568568567E+06	1.1206062328185094E+00
1.8618618618618618E+06	1.1209889007247775E+00
1.8668668668668668E+06	1.1214196255606821E+00
1.8718718718718719E+06	1.1218470480219529E+00
1.8768768768768769E+06	1.1222810082749357E+00
1.8818818818818820E+06	1.1227076538311607E+00
1.8868868868868868E+06	1.1231332352942134E+00
1.8918918918918918E+06	1.1235240446453363E+00
1.8968968968968969E+06	1.1239152842588191E+00
1.9019019019019019E+06	1.1243334300577359E+00
1.9069069069069070E+06	1.1247318716677046E+00
1.9119119119119118E+06	1.1251785778794261E+00
1.9169169169169168E+06	1.1255910074379898E+00
1.9219219219219219E+06	1.1259860498924370E+00
1.9269269269269269E+06	1.1263889687026134E+00
1.9319319319319320E+06	1.1268374768475542E+00
1.9369369369369368E+06	1.1272427768730438E+00
1.9419419419419419E+06	1.1276769803621183E+00
1.9469469469469469E+06	1.1281386272686980E+00
1.9519519519519520E+06	1.1285840111694307E+00
1.9569569569569570E+06	1.1290138117229858E+00
1.9619619619619618E+06	1.1294518600829178E+00
1.9669669669669669E+06	1.1299076012046658E+00
1.9719719719719719E+06	1.1303421849880841E+00
1.9769769769769770E+06	1.1307887809632013E+00
1.9819819819819820E+06	1.1312217627590133E+00
1.9869869869869871E+06	1.1316630954057689E+00
1.9919919919919919E+06	1.1321109697831815E+00
1.9969969969969969E+06	1.1325365261428633E+00
2.0020020020020020E+06	1.1329796704666713E+00
2.0070070070070070E+06	1.1334339327228247E+00
2.0120120120120121E+06	1.1338868239076934E+00
2.0170170170170169E+06	1.1343703959148941E+00
2.0220220220220219E+06	1.1348444057403846E+00
2.0270270270270270E+06	1.1353104027964789E+00
2.0320320320320320E+06	1.1357477942079630E+00
2.0370370370370371E+06	1.1361846484673679E+00
2.0420420420420421E+06	1.1366268554171699E+00
2.0470470470470469E+06	1.1370908966425479E+00
2.0520520520520520E+06	1.1375845122462160E+00
2.0570570570570570E+06	1.1380680855968108E+00
2.0620620620620621E+06	1.1385493800058570E+00
2.0670670670670671E+06	1.1390082187109576E+00
2.0720720720720720E+06	1.1394498874457841E+00
2.0770770770770770E+06	1.1398968994130694E+00
2.0820820820820821E+06	1.1403340053486797E+00
2.0870870870870871E+06	1.1407983895788147E+00
2.0920920920920921E+06	1.1412780729211920E+00
2.0970970970970970E+06	1.1417712298714600E+00
2.1021021021021022E+06	1.1422585153321112E+00
2.1071071071071071E+06	1.1427280021656887E+00
2.1121121121121119E+06	1.1431838698109811E+00
2.1171171171171172E+06	1.1436441546564229E+00
2.1221221221221220E+06	1.1441393235936401E+00
2.1271271271271273E+06	1.1446509882214231E+00
2.1321321321321321E+06	1.1451176209507596E+00
2.1371371371371369E+06	1.1456377389282071E+00
2.1421421421421422E+06	1.1461331411463174E+00
2.1471471471471470E+06	1.1466150518013061E+00
2.1521521521521523E+06	1.1470856838264860E+00
2.1571571571571571E+06	1.1475559934015582E+00
2.1621621621621624E+06	1.1480511744139867E+00
2.1671671671671672E+06	1.1485416062407816E+00
2.1721721721721720E+06	1.1490678337700879E+00
2.1771771771771773E+06	1.1495550340008331E+00
2.1821821821821821E+06	1.1500836714581073E+00
2.1871871871871874E+06	1.1506166912073039E+00
2.1921921921921922E+06	1.1511474510220279E+00
2.1971971971971970E+06	1.1516393146864821E+00
2.2022022022022023E+06	1.1521689298637752E+00
2.2072072072072071E+06	1.1527109831064768E+00
2.2122122122122124E+06	1.1532326046644621E+00
2.2172172172172172E+06	1.1537298139386463E+00
2.2222222222222220E+06	1.1542516345429656E+00
2.2272272272272273E+06	1.1547874760814334E+00
2.2322322322322321E+06	1.1552927043207450E+00
2.2372372372372374E+06	1.1558201617853185E+00
2.2422422422422422E+06	1.1563554967861076E+00
2.2472472472472470E+06	1.1569123164960768E+00
2.2522522522522523E+06	1.1574320742417121E+00
2.2572572572572571E+06	1.1579692959442416E+00
2.2622622622622624E+06	1.1585158746567377E+00
2.2672672672672672E+06	1.1590761044645763E+00
2.2722722722722720E+06	1.1595933008832355E+00
2.2772772772772773E+06	1.1601470004952745E+00
2.2822822822822821E+06	1.1606726412879451E+00
2.2872872872872874E+06	1.1612284649396054E+00
2.2922922922922922E+06	1.1617598679899002E+00
2.2972972972972970E+06	1.1622834518100675E+00
2.3023023023023023E+06	1.1628761859266505E+00
2.3073073073073071E+06	1.1634307331388081E+00
2.3123123123123124E+06	1.1640225195189449E+00
2.3173173173173172E+06	1.1645688675117540E+00
2.3223223223223221E+06	1.1651344926365925E+00
2.3273273273273273E+06	1.1657053002417097E+00
2.3323323323323322E+06	1.1662927507988301E+00
2.3373373373373374E+06	1.1668424576834826E+00
2.3423423423423423E+06	1.1673996086166722E+00
2.3473473473473475E+06	1.1679565437934820E+00
2.3523523523523523E+06	1.1685616147091822E+00
2.3573573573573572E+06	1.1691654992114278E+00
2.3623623623623624E+06	1.1697472270986713E+00
2.3673673673673673E+06	1.1703604864092498E+00
2.3723723723723725E+06	1.1709374536905315E+00
2.3773773773773774E+06	1.1715527642092540E+00
2.3823823823823822E+06	1.1721437853323831E+00
2.3873873873873875E+06	1.1727566868333845E+00
2.3923923923923923E+06	1.1733867265380020E+00
2.3973973973973976E+06	1.1739748396027814E+00
2.4024024024024024E+06	1.1745989696209833E+00
2.4074074074074072E+06	1.1751837752482384E+00
2.4124124124124125E+06	1.1758006037848150E+00
2.4174174174174173E+06	1.1763949293114253E+00
2.4224224224224226E+06	1.1770375944350968E+00
2.4274274274274274E+06	1.1776595405868668E+00
2.4324324324324322E+06	1.1782988016329905E+00
2.4374374374374375E+06	1.1788975352166100E+00
2.4424424424424423E+06	1.1795139742661205E+00
2.4474474474474476E+06	1.1801598111631999E+00
2.4524524524524524E+06	1.1808015883760608E+00
2.4574574574574572E+06	1.1814474411092333E+00
2.4624624624624625E+06	1.1821019133025030E+00
2.4674674674674673E+06	1.1827203194996965E+00
2.4724724724724726E+06	1.1833408356652253E+00
2.4774774774774774E+06	1.1840078286683522E+00
2.4824824824824827E+06	1.1846258485065289E+00
2.4874874874874875E+06	1.1852506762109951E+00
2.4924924924924923E+06	1.1858851407649242E+00
2.4974974974974976E+06	1.1865302926432051E+00
2.5025025025025024E+06	1.1871731528540737E+00
2.5075075075075077E+06	1.1878063995839967E+00
2.5125125125125125E+06	1.1884798293946348E+00
2.5175175175175173E+06	1.1891756011261496E+00
2.5225225225225226E+06	1.1898497697528665E+00
2.5275275275275274E+06	1.1905482859334200E+00
2.5325325325325327E+06	1.1912555901481978E+00
2.5375375375375375E+06	1.1919360261651584E+00
2.5425425425425423E+06	1.1925871691737207E+00
2.5475475475475476E+06	1.1932613747808758E+00
2.5525525525525524E+06	1.1939619292018429E+00
2.5575575575575577E+06	1.1946987758513361E+00
2.5625625625625625E+06	1.1954161364909828E+00
2.5675675675675673E+06	1.1961190830698460E+00
2.5725725725725726E+06	1.1968253760143477E+00
2.5775775775775774E+06	1.1975422299422442E+00
2.5825825825825827E+06	1.1982921779792934E+00
2.5875875875875875E+06	1.1990361390713735E+00
2.5925925925925924E+06	1.1997807422785691E+00
2.5975975975975976E+06	1.2005022882525052E+00
2.6026026026026024E+06	1.2011980690004989E+00
2.6076076076076077E+06	1.2019140354537245E+00
2.6126126126126125E+06	1.2026479074387992E+00
2.6176176176176174E+06	1.2034048554402741E+00
2.6226226226226226E+06	1.2041554997132546E+00
2.6276276276276275E+06	1.2048856976579982E+00
2.6326326326326327E+06	1.2055860788116579E+00
2.6376376376376376E+06	1.2063077565863232E+00
2.6426426426426424E+06	1.2070387137092833E+00
2.6476476476476477E+06	1.2077999720936874E+00
2.6526526526526525E+06	1.2085487543914071E+00
2.6576576576576577E+06	1.2092771356037739E+00
2.6626626626626626E+06	1.2100079388423790E+00
2.6676676676676678E+06	1.2107210216967690E+00
2.6726726726726727E+06	1.2114540069178137E+00
2.6776776776776775E+06	1.2121934053131567E+00
2.6826826826826828E+06	1.2129525539386778E+00
2.6876876876876876E+06	1.2137109507009263E+00
2.6926926926926929E+06	1.2144548380507025E+00
2.6976976976976977E+06	1.2151906033887367E+00
2.7027027027027025E+06	1.2159681182860547E+00
2.7077077077077078E+06	1.2167622915333003E+00
2.7127127127127126E+06	1.2175511851901397E+00
2.7177177177177179E+06	1.2183791994197364E+00
2.7227227227227227E+06	1.2192028881425216E+00
2.7277277277277275E+06	1.2200376169265383E+00
2.7327327327327328E+06	1.2208729874881827E+00
2.7377377377377376E+06	1.2221011370442894E+00
2.7427427427427429E+06	1.2229433016203268E+00
2.7477477477477477E+06	1.2237248377835011E+00
2.7527527527527525E+06	1.2244732653448009E+00
2.7577577577577578E+06	1.2253812505213029E+00
2.7627627627627626E+06	1.2262392855467994E+00
2.7677677677677679E+06	1.2270816747081736E+00
2.7727727727727727E+06	1.2279564204466829E+00
2.7777777777777775E+06	1.2288287071118900E+00
2.7827827827827828E+06	1.2296370172280753E+00
2.7877877877877876E+06	1.2304573523126761E+00
2.7927927927927929E+06	1.2312871266235950E+00
2.7977977977977977E+06	1.2321733148074787E+00
2.8028028028028030E+06	1.2330433764030835E+00
2.8078078078078078E+06	1.2339535792797058E+00
2.8128128128128126E+06	1.2348323281477520E+00
2.8178178178178179E+06	1.2357364174282468E+00
2.8228228228228227E+06	1.2366444245597206E+00
2.8278278278278280E+06	1.2375163951186616E+00
2.8328328328328328E+06	1.2384095052947566E+00
2.8378378378378376E+06	1.2392691617389946E+00
2.8428428428428429E+06	1.2401842564727499E+00
2.8478478478478477E+06	1.2410644145825660E+00
2.8528528528528530E+06	1.2419964145685793E+00
2.8578578578578578E+06	1.2428975742580743E+00
2.8628628628628626E+06	1.2438241684143414E+00
2.8678678678678679E+06	1.2447301806244415E+00
2.8728728728728727E+06	1.2456438942373627E+00
2.8778778778778780E+06	1.2465819993529139E+00
2.8828828828828828E+06	1.2475278473177989E+00
2.8878878878878877E+06	1.2484580335126831E+00
2.8928928928928929E+06	1.2494138682201692E+00
2.8978978978978978E+06	1.2503814292299527E+00
2.9029029029029030E+06	1.2513148257856503E+00
2.9079079079079079E+06	1.2522619798454093E+00
2.9129129129129127E+06	1.2532177148071300E+00
2.9179179179179179E+06	1.2542097734897573E+00
2.9229229229229228E+06	1.2551754782732329E+00
2.9279279279279280E+06	1.2561459229229117E+00
2.9329329329329329E+06	1.2571629418851973E+00
2.9379379379379377E+06	1.2581324538046605E+00
2.9429429429429430E+06	1.2591267140072389E+00
2.9479479479479478E+06	1.2601304745158537E+00
2.9529529529529531E+06	1.2611161342145576E+00
2.9579579579579579E+06	1.2621574528311361E+00
2.9629629629629627E+06	1.2631624617858574E+00
2.9679679679679680E+06	1.2641575765144242E+00
2.9729729729729728E+06	1.2651679566055676E+00
2.9779779779779781E+06	1.2662226505309375E+00
2.9829829829829829E+06	1.2672788797848689E+00
2.9879879879879882E+06	1.2683049461489895E+00
2.9929929929929930E+06	1.2693726263242988E+00
2.9979979979979978E+06	1.2704438465821755E+00
3.0030030030030031E+06	1.2714853271910538E+00
3.0080080080080079E+06	1.2725720590017982E+00
3.0130130130130132E+06	1.2736863642557306E+00
3.0180180180180180E+06	1.2747465677777383E+00
3.0230230230230228E+06	1.2758204145379908E+00
3.0280280280280281E+06	1.2769559809688473E+00
3.0330330330330329E+06	1.2780222499806329E+00
3.0380380380380382E+06	1.2790517789620803E+00
3.0430430430430430E+06	1.2800879277745936E+00
3.0480480480480478E+06	1.2811728852800044E+00
3.0530530530530531E+06	1.2822799565917444E+00
3.0580580580580579E+06	1.2833538053296976E+00
3.0630630630630632E+06	1.2844017212806089E+00
3.0680680680680680E+06	1.2855274805180832E+00
3.0730730730730728E+06	1.2865979227294990E+00
3.0780780780780781E+06	1.2877237474515029E+00
3.0830830830830829E+06	1.2888249324280805E+00
3.0880880880880882E+06	1.2899289343474054E+00
3.0930930930930930E+06	1.2910709978548138E+00
3.0980980980980978E+06	1.2921602663423011E+00
3.1031031031031031E+06	1.2933259969866338E+00
3.1081081081081079E+06	1.2944940022674525E+00
3.1131131131131132E+06	1.2956470169624501E+00
3.1181181181181180E+06	1.2968213267401341E+00
3.1231231231231233E+06	1.2980257043424226E+00
3.1281281281281281E+06	1.2991500890356060E+00
3.1331331331331329E+06	1.3003668027571085E+00
3.1381381381381382E+06	1.3015791106705052E+00
3.1431431431431430E+06	1.3028157716987969E+00
3.1481481481481483E+06	1.3039774152528301E+00
3.1531531531531531E+06	1.3052139775488554E+00
3.1581581581581580E+06	1.3064173314651544E+00
3.1631631631631632E+06	1.3076559596393356E+00
3.1681681681681680E+06	1.3088852093959116E+00
3.1731731731731733E+06	1.3101673627930364E+00
3.1781781781781781E+06	1.3114678781758531E+00
3.1831831831831830E+06	1.3126932962931941E+00
3.1881881881881882E+06	1.3138942604014747E+00
3.1931931931931931E+06	1.3151228674491573E+00
3.1981981981981983E+06	1.3164524747323849E+00
3.2032032032032032E+06	1.3177842470218681E+00
3.2082082082082080E+06	1.3190305781603011E+00
3.2132132132132133E+06	1.3203826828399809E+00
3.2182182182182181E+06	1.3216265077249454E+00
3.2232232232232234E+06	1.3230004417490426E+00
3.2282282282282282E+06	1.3243138708930879E+00
3.2332332332332330E+06	1.3257113669568095E+00
3.2382382382382383E+06	1.3269822502702986E+00
3.2432432432432431E+06	1.3283640654542568E+00
3.2482482482482484E+06	1.3296391754794372E+00
3.2532532532532532E+06	1.3309957902148684E+00
3.2582582582582580E+06	1.3322846588245403E+00
3.2632632632632633E+06	1.3337127006355216E+00
3.2682682682682681E+06	1.3350252768747641E+00
3.2732732732732734E+06	1.3364208300772777E+00
3.2782782782782782E+06	1.3377693393057148E+00
3.2832832832832830E+06	1.3391065501401369E+00
3.2882882882882883E+06	1.3405640894565309E+00
3.2932932932932931E+06	1.3420669501658120E+00
3.2982982982982984E+06	1.3435754533300752E+00
3.3033033033033032E+06	1.3451002388136639E+00
3.3083083083083085E+06	1.3466465619553767E+00
3.3133133133133133E+06	1.3482088782779820E+00
3.3183183183183181E+06	1.3497899713248016E+00
3.3233233233233234E+06	1.3513659884429483E+00
3.3283283283283282E+06	1.3528671647377557E+00
3.3333333333333335E+06	1.3543818551032827E+00
3.3383383383383383E+06	1.3559883565156050E+00
3.3433433433433431E+06	1.3576184215226250E+00
3.3483483483483484E+06	1.3591664203357525E+00
3.3533533533533532E+06	1.3606633989648214E+00
3.3583583583583585E+06	1.3622746502571288E+00
3.3633633633633633E+06	1.3639352048344238E+00
3.3683683683683681E+06	1.3654915584466811E+00
3.3733733733733734E+06	1.3670048762501001E+00
3.3783783783783782E+06	1.3686347949818616E+00
3.3833833833833835E+06	1.3703150028244109E+00
3.3883883883883883E+06	1.3718704108761823E+00
3.3933933933933931E+06	1.3734045250343392E+00
3.3983983983983984E+06	1.3750603805231192E+00
3.4034034034034032E+06	1.3767557397874688E+00
3.4084084084084085E+06	1.3783256980683634E+00
3.4134134134134133E+06	1.3798826167992995E+00
3.4184184184184182E+06	1.3815109446363307E+00
3.4234234234234234E+06	1.3832379356688613E+00
3.4284284284284282E+06	1.3848740368989649E+00
3.4334334334334335E+06	1.3864758403345898E+00
3.4384384384384383E+06	1.3880996741193830E+00
3.4434434434434436E+06	1.3897471903141094E+00
3.4484484484484484E+06	1.3914155431068742E+00
3.4534534534534533E+06	1.3931299594594619E+00
3.4584584584584585E+06	1.3950009038858309E+00
3.4634634634634634E+06	1.3967639781442840E+00
3.4684684684684686E+06	1.3985620147927136E+00
3.4734734734734735E+06	1.4004777687867427E+00
3.4784784784784783E+06	1.4024234805565847E+00
3.4834834834834835E+06	1.4042803303982125E+00
3.4884884884884884E+06	1.4062391637321692E+00
3.4934934934934936E+06	1.4080892557538278E+00
3.4984984984984985E+06	1.4100860469763519E+00
3.5035035035035033E+06	1.4120916846252214E+00
3.5085085085085086E+06	1.4139038829552304E+00
3.5135135135135134E+06	1.4157161191808729E+00
3.5185185185185187E+06	1.4176659645843084E+00
3.5235235235235235E+06	1.4195186821637660E+00
3.5285285285285283E+06	1.4214307411684666E+00
3.5335335335335336E+06	1.4234480566097374E+00
3.5385385385385384E+06	1.4253541243483032E+00
3.5435435435435437E+06	1.4274561954032923E+00
3.5485485485485485E+06	1.4294515555902028E+00
3.5535535535535533E+06	1.4315570327814766E+00
3.5585585585585586E+06	1.4336756814238456E+00
3.5635635635635634E+06	1.4357079682738569E+00
3.5685685685685687E+06	1.4379032000629963E+00
3.5735735735735735E+06	1.4399369909134458E+00
3.5785785785785783E+06	1.4420266977287159E+00
3.5835835835835836E+06	1.4440792913385789E+00
3.5885885885885884E+06	1.4463417506359946E+00
3.5935935935935937E+06	1.4484494300679056E+00
3.5985985985985985E+06	1.4505924374900023E+00
3.6036036036036033E+06	1.4527564612445814E+00
3.6086086086086086E+06	1.4549177839500973E+00
3.6136136136136134E+06	1.4572746900457549E+00
3.6186186186186187E+06	1.4596185410867448E+00
3.6236236236236235E+06	1.4619583686937914E+00
3.6286286286286288E+06	1.4643697818360375E+00
3.6336336336336336E+06	1.4667190985132481E+00
3.6386386386386384E+06	1.4690413860017535E+00
3.6436436436436437E+06	1.4714715304559731E+00
3.6486486486486485E+06	1.4739721121366145E+00
3.6536536536536538E+06	1.4765269923942617E+00
3.6586586586586586E+06	1.4788516819674888E+00
3.6636636636636634E+06	1.4814256199323950E+00
3.6686686686686687E+06	1.4840473555574256E+00
3.6736736736736735E+06	1.4864209856604014E+00
3.6786786786786788E+06	1.4890735410432112E+00
3.6836836836836836E+06	1.4917408294323422E+00
3.6886886886886884E+06	1.4942591426084497E+00
3.6936936936936937E+06	1.4966949655488189E+00
3.6986986986986985E+06	1.4991822905542862E+00
3.7037037037037038E+06	1.4999605039682198E+00
3.7087087087087086E+06	1.4999936664843181E+00
3.7137137137137135E+06	1.5000043256898139E+00
3.7187187187187187E+06	1.5000126597592041E+00
3.7237237237237236E+06	1.5000232190674261E+00
3.7287287287287288E+06	1.5000302015522073E+00
3.7337337337337337E+06	1.5000294781787491E+00
3.7387387387387385E+06	1.5000380197121266E+00
3.7437437437437437E+06	1.5000403571693708E+00
3.7487487487487486E+06	1.5000412244431818E+00
3.7537537537537538E+06	1.5000418482340270E+00
3.7587587587587587E+06	1.5000449292578459E+00
3.7637637637637639E+06	1.5000484220763490E+00
3.7687687687687688E+06	1.5000442701193872E+00
3.7737737737737736E+06	1.5000486966447373E+00
3.7787787787787789E+06	1.5000516020479497E+00
3.7837837837837837E+06	1.5000523260751104E+00
3.7887887887887890E+06	1.5000552743991311E+00
3.7937937937937938E+06	1.5000621851320040E+00
3.7987987987987986E+06	1.5000694393607983E+00
3.8038038038038039E+06	1.5000737043303118E+00
3.8088088088088087E+06	1.5000857233947407E+00
3.8138138138138140E+06	1.5000970278302359E+00
3.8188188188188188E+06	1.5001032431239911E+00
3.8238238238238236E+06	1.5001161366106677E+00
3.8288288288288289E+06	1.5001276759763489E+00
3.8338338338338337E+06	1.5001391071781187E+00
3.8388388388388390E+06	1.5001497072464673E+00
3.8438438438438438E+06	1.5001626487995505E+00
3.8488488488488486E+06	1.5001763462911153E+00
3.8538538538538539E+06	1.5001874632723247E+00
3.8588588588588587E+06	1.5001985653806087E+00
3.8638638638638640E+06	1.5002108938682188E+00
3.8688688688688688E+06	1.5002195250887582E+00
3.8738738738738736E+06	1.5002328308454889E+00
3.8788788788788789E+06	1.5002458139698991E+00
3.8838838838838837E+06	1.5002571579907722E+00
3.8888888888888890E+06	1.5002678305696755E+00
3.8938938938938938E+06	1.5002805468384950E+00
3.8988988988988986E+06	1.5002922917119874E+00
3.9039039039039039E+06	1.5003009969719248E+00
3.9089089089089087E+06	1.5003147009659747E+00
3.9139139139139140E+06	1.5003273142265594E+00
3.9189189189189188E+06	1.5003348482696601E+00
3.9239239239239236E+06	1.5003468847335317E+00
3.9289289289289289E+06	1.5003576810963177E+00
3.9339339339339337E+06	1.5003666516276708E+00
3.9389389389389390E+06	1.5003797923429247E+00
3.9439439439439438E+06	1.5003871143258958E+00
3.9489489489489491E+06	1.5003957558647176E+00
3.9539539539539539E+06	1.5004037176398277E+00
3.9589589589589587E+06	1.5004091124800736E+00
3.9639639639639640E+06	1.5004169726315857E+00
3.9689689689689688E+06	1.5004192433357686E+00
3.9739739739739741E+06	1.5004266603633023E+00
3.9789789789789789E+06	1.5004321211102083E+00
3.9839839839839838E+06	1.5004345570308899E+00
3.9889889889889890E+06	1.5004407874034955E+00
3.9939939939939938E+06	1.5004441843753991E+00
3.9989989989989991E+06	1.5004478825476317E+00
4.0040040040040039E+06	1.5004525321000446E+00
4.0090090090090088E+06	1.5004552161291529E+00
4.0140140140140140E+06	1.5004613308344739E+00
4.0190190190190189E+06	1.5004607274868615E+00
4.0240240240240241E+06	1.5004665758340878E+00
4.0290290290290290E+06	1.5004687514743269E+00
4.0340340340340338E+06	1.5004710070071914E+00
4.0390390390390391E+06	1.5004755701214347E+00
4.0440440440440439E+06	1.5004783524055778E+00
4.0490490490490492E+06	1.5004807502578272E+00
4.0540540540540540E+06	1.5004850698546037E+00
4.0590590590590588E+06	1.5004873819161118E+00
4.0640640640640641E+06	1.5004916508587300E+00
4.0690690690690689E+06	1.5004923596659352E+00
4.0740740740740742E+06	1.5004977380274680E+00
4.0790790790790790E+06	1.5005002269200411E+00
4.0840840840840843E+06	1.5005011636024916E+00
4.0890890890890891E+06	1.5005088794516392E+00
4.0940940940940939E+06	1.5005106825836536E+00
4.0990990990990992E+06	1.5005119128419311E+00
4.1041041041041040E+06	1.5005190617007533E+00
4.1091091091091093E+06	1.5005221486788234E+00
4.1141141141141141E+06	1.5005242614240089E+00
4.1191191191191189E+06	1.5005298452631854E+00
4.1241241241241242E+06	1.5005347376085929E+00
4.1291291291291290E+06	1.5005393831938378E+00
4.1341341341341343E+06	1.5005407300335269E+00
4.1391391391391391E+06	1.5005475863676614E+00
4.1441441441441439E+06	1.5005515728916436E+00
4.1491491491491492E+06	1.5005546621744985E+00
4.1541541541541540E+06	1.5005634264310241E+00
4.1591591591591593E+06	1.5005662646392168E+00
4.1641641641641641E+06	1.5005685811161611E+00
4.1691691691691689E+06	1.5005774948246633E+00
4.1741741741741742E+06	1.5005808856538900E+00
4.1791791791791790E+06	1.5005851768873935E+00
4.1841841841841843E+06	1.5005953308260778E+00
4.1891891891891891E+06	1.5005993679192424E+00
4.1941941941941939E+06	1.5006031122067343E+00
4.1991991991991987E+06	1.5006073894319698E+00
4.2042042042042045E+06	1.5006142423040105E+00
4.2092092092092093E+06	1.5006182063590665E+00
4.2142142142142141E+06	1.5006216796440595E+00
4.2192192192192189E+06	1.5006304166873263E+00
4.2242242242242238E+06	1.5006342149003205E+00
4.2292292292292295E+06	1.5006369871304097E+00
4.2342342342342343E+06	1.5006459071501348E+00
4.2392392392392391E+06	1.5006497440175546E+00
4.2442442442442439E+06	1.5006531733456143E+00
4.2492492492492488E+06	1.5006608793329257E+00
4.2542542542542545E+06	1.5006618207252402E+00
4.2592592592592593E+06	1.5006619725639008E+00
4.2642642642642641E+06	1.5006685226606757E+00
4.2692692692692690E+06	1.5006722253304272E+00
4.2742742742742738E+06	1.5006729835979125E+00
4.2792792792792795E+06	1.5006774598164525E+00
4.2842842842842843E+06	1.5006836706778708E+00
4.2892892892892892E+06	1.5006840488134878E+00
4.2942942942942940E+06	1.5006855532707679E+00
4.2992992992992988E+06	1.5006923686426565E+00
4.3043043043043045E+06	1.5006929107449605E+00
4.3093093093093093E+06	1.5006929673931124E+00
4.3143143143143142E+06	1.5007022507390941E+00
4.3193193193193190E+06	1.5007023196030667E+00
4.3243243243243247E+06	1.5007004983806767E+00
4.3293293293293295E+06	1.5007086498657070E+00
4.3343343343343344E+06	1.5007108180885063E+00
4.3393393393393392E+06	1.5007094292304097E+00
4.3443443443443440E+06	1.5007156604175327E+00
4.3493493493493497E+06	1.5007181723003820E+00
4.3543543543543546E+06	1.5007175947615250E+00
4.3593593593593594E+06	1.5007246581591691E+00
4.3643643643643642E+06	1.5007258138151935E+00
4.3693693693693690E+06	1.5007248000272797E+00
4.3743743743743747E+06	1.5007279519962853E+00
4.3793793793793796E+06	1.5007342103513217E+00
4.3843843843843844E+06	1.5007332872342527E+00
4.3893893893893892E+06	1.5007330736877715E+00
4.3943943943943940E+06	1.5007428562545926E+00
4.3993993993993998E+06	1.5007404223817060E+00
4.4044044044044046E+06	1.5007397316465987E+00
4.4094094094094094E+06	1.5007485695515246E+00
4.4144144144144142E+06	1.5007492169644914E+00
4.4194194194194190E+06	1.5007464639728052E+00
4.4244244244244248E+06	1.5007567201876186E+00
4.4294294294294296E+06	1.5007563492611260E+00
4.4344344344344344E+06	1.5007544491370137E+00
4.4394394394394392E+06	1.5007621450639699E+00
4.4444444444444440E+06	1.5007649300845709E+00
4.4494494494494498E+06	1.5007637383131458E+00
4.4544544544544546E+06	1.5007693416555119E+00
4.4594594594594594E+06	1.5007730642394699E+00
4.4644644644644642E+06	1.5007722152912015E+00
4.4694694694694690E+06	1.5007749419730232E+00
4.4744744744744748E+06	1.5007814900520617E+00
4.4794794794794796E+06	1.5007807601809622E+00
4.4844844844844844E+06	1.5007824182502278E+00
4.4894894894894892E+06	1.5007905302887554E+00
4.4944944944944941E+06	1.5007904746042642E+00
4.4994994994994998E+06	1.5007932265275146E+00
4.5045045045045046E+06	1.5007981555128982E+00
4.5095095095095094E+06	1.5008008579465211E+00
4.5145145145145142E+06	1.5007987935447926E+00
4.5195195195195191E+06	1.5008081594766982E+00
4.5245245245245248E+06	1.5008100096700436E+00
4.5295295295295296E+06	1.5008087605534597E+00
4.5345345345345344E+06	1.5008168756462106E+00
4.5395395395395393E+06	1.5008226733978316E+00
4.5445445445445441E+06	1.5008188058233112E+00
4.5495495495495498E+06	1.5008276437785271E+00
4.5545545545545546E+06	1.5008319310226550E+00
4.5595595595595594E+06	1.5008324938027167E+00
4.5645645645645643E+06	1.5008368263730163E+00
4.5695695695695691E+06	1.5008433902154914E+00
4.5745745745745748E+06	1.5008433453324945E+00
4.5795795795795796E+06	1.5008473507148656E+00
4.5845845845845845E+06	1.5008552942220421E+00
4.5895895895895893E+06	1.5008547272932551E+00
4.5945945945945941E+06	1.5008580546101200E+00
4.5995995995995998E+06	1.5008656838833119E+00
4.6046046046046047E+06	1.5008657818401372E+00
4.6096096096096095E+06	1.5008673948031959E+00
4.6146146146146143E+06	1.5008746102261947E+00
4.6196196196196191E+06	1.5008755194768650E+00
4.6246246246246248E+06	1.5008751081122469E+00
4.6296296296296297E+06	1.5008826007808642E+00
4.6346346346346345E+06	1.5008842797540232E+00
4.6396396396396393E+06	1.5008820150362026E+00
4.6446446446446441E+06	1.5008899688121535E+00
4.6496496496496499E+06	1.5008927718491230E+00
4.6546546546546547E+06	1.5008892400274256E+00
4.6596596596596595E+06	1.5008967559235420E+00
4.6646646646646643E+06	1.5009023779985871E+00
4.6696696696696701E+06	1.5008971675751233E+00
4.6746746746746749E+06	1.5009027844752325E+00
4.6796796796796797E+06	1.5009073614231738E+00
4.6846846846846845E+06	1.5009049654411766E+00
4.6896896896896893E+06	1.5009087217110766E+00
4.6946946946946951E+06	1.5009135429930671E+00
4.6996996996996999E+06	1.5009117912050385E+00
4.7047047047047047E+06	1.5009170934223768E+00
4.7097097097097095E+06	1.5009205971238107E+00
4.7147147147147143E+06	1.5009189803988954E+00
4.7197197197197201E+06	1.5009210706668306E+00
4.7247247247247249E+06	1.5009267103583552E+00
4.7297297297297297E+06	1.5009276044285578E+00
4.7347347347347345E+06	1.5009276138437972E+00
4.7397397397397393E+06	1.5009321490642182E+00
4.7447447447447451E+06	1.5009330715221638E+00
4.7497497497497499E+06	1.5009326558533258E+00
4.7547547547547547E+06	1.5009382938391440E+00
4.7597597597597595E+06	1.5009412664187183E+00
4.7647647647647643E+06	1.5009422578808900E+00
4.7697697697697701E+06	1.5009451611544591E+00
4.7747747747747749E+06	1.5009477675948464E+00
4.7797797797797797E+06	1.5009456758941282E+00
4.7847847847847845E+06	1.5009507611377413E+00
4.7897897897897894E+06	1.5009540045437486E+00
4.7947947947947951E+06	1.5009522917442226E+00
4.7997997997997999E+06	1.5009581488637558E+00
4.8048048048048047E+06	1.5009622689940296E+00
4.8098098098098096E+06	1.5009626379167369E+00
4.8148148148148144E+06	1.5009647306919114E+00
4.8198198198198201E+06	1.5009690766336377E+00
4.8248248248248249E+06	1.5009666312522481E+00
4.8298298298298297E+06	1.5009705121661394E+00
4.8348348348348346E+06	1.5009754076396551E+00
4.8398398398398394E+06	1.5009736462529515E+00
4.8448448448448451E+06	1.5009782606112951E+00
4.8498498498498499E+06	1.5009825376335839E+00
4.8548548548548548E+06	1.5009812983496966E+00
4.8598598598598596E+06	1.5009852582725967E+00
4.8648648648648644E+06	1.5009894898542229E+00
4.8698698698698701E+06	1.5009899358419201E+00
4.8748748748748749E+06	1.5009931369247180E+00
4.8798798798798798E+06	1.5009975178061996E+00
4.8848848848848846E+06	1.5009977855913865E+00
4.8898898898898894E+06	1.5010007555243186E+00
4.8948948948948951E+06	1.5010049929949247E+00
4.8998998998999000E+06	1.5010070284344377E+00
4.9049049049049048E+06	1.5010095467451339E+00
4.9099099099099096E+06	1.5010132068935447E+00
4.9149149149149144E+06	1.5010160023875097E+00
4.9199199199199202E+06	1.5010176488032616E+00
4.9249249249249250E+06	1.5010226792544756E+00
4.9299299299299298E+06	1.5010275624205278E+00
4.9349349349349346E+06	1.5010279121734378E+00
4.9399399399399394E+06	1.5010329243182858E+00
4.9449449449449452E+06	1.5010359601478209E+00
4.9499499499499500E+06	1.5010371701656111E+00
4.9549549549549548E+06	1.5010412661022441E+00
4.9599599599599596E+06	1.5010450535587316E+00
4.9649649649649654E+06	1.5010463957013698E+00
4.9699699699699702E+06	1.5010520040638597E+00
4.9749749749749750E+06	1.5010585440425870E+00
4.9799799799799798E+06	1.5010578185106362E+00
4.9849849849849846E+06	1.5010621091658454E+00
4.9899899899899904E+06	1.5010669216981209E+00
4.9949949949949952E+06	1.5010688888358033E+00
5.0000000000000000E+06	1.5010746172061591E+00
