0.0000000000000000E+00	1.5641222755292474E+00
5.0050050050050049E+03	1.5643978569876740E+00
1.0010010010010010E+04	1.5646182136746596E+00
1.5015015015015015E+04	1.5648811220101295E+00
2.0020020020020020E+04	1.5651238544516350E+00
2.5025025025025025E+04	1.5653765233073580E+00
3.0030030030030030E+04	1.5656257082483098E+00
3.5035035035035035E+04	1.5658544675208894E+00
4.0040040040040039E+04	1.5661092446485276E+00
4.5045045045045044E+04	1.5663681248002490E+00
5.0050050050050049E+04	1.5666103614919131E+00
5.5055055055055054E+04	1.5668578296333320E+00
6.0060060060060059E+04	1.5670959003409692E+00
6.5065065065065064E+04	1.5673334398677876E+00
7.0070070070070069E+04	1.5676042379200525E+00
7.5075075075075074E+04	1.5678502456996672E+00
8.0080080080080079E+04	1.5680885797070288E+00
8.5085085085085084E+04	1.5683485082789563E+00
9.0090090090090089E+04	1.5685853061043600E+00
9.5095095095095094E+04	1.5688518914105003E+00
1.0010010010010010E+05	1.5690931719808150E+00
1.0510510510510510E+05	1.5693413003657275E+00
1.1011011011011011E+05	1.5696034120423061E+00
1.1511511511511511E+05	1.5698529819197489E+00
1.2012012012012012E+05	1.5700955399800169E+00
1.2512512512512512E+05	1.5703381101215452E+00
1.3013013013013013E+05	1.5705870714344543E+00
1.3513513513513515E+05	1.5708363557975715E+00
1.4014014014014014E+05	1.5710809817171301E+00
1.4514514514514513E+05	1.5713282453837754E+00
1.5015015015015015E+05	1.5715999241141601E+00
1.5515515515515517E+05	1.5718295364904000E+00
1.6016016016016016E+05	1.5720815762234954E+00
1.6516516516516515E+05	1.5723236446002375E+00
1.7017017017017017E+05	1.5725851840975855E+00
1.7517517517517519E+05	1.5728337456911143E+00
1.8018018018018018E+05	1.5731110874056624E+00
1.8518518518518517E+05	1.5733579343065636E+00
1.9019019019019019E+05	1.5736236844055582E+00
1.9519519519519521E+05	1.5739032199310914E+00
2.0020020020020020E+05	1.5741382724340718E+00
2.0520520520520519E+05	1.5743861636006113E+00
2.1021021021021021E+05	1.5746409986122583E+00
2.1521521521521523E+05	1.5749036033862116E+00
2.2022022022022022E+05	1.5751740175079196E+00
2.2522522522522521E+05	1.5754159194556527E+00
2.3023023023023023E+05	1.5756639917795678E+00
2.3523523523523525E+05	1.5759519680389034E+00
2.4024024024024024E+05	1.5761933700867194E+00
2.4524524524524523E+05	1.5764747359355959E+00
2.5025025025025025E+05	1.5767615531014014E+00
2.5525525525525527E+05	1.5770387411686602E+00
2.6026026026026026E+05	1.5772866863077246E+00
2.6526526526526525E+05	1.5775742442270224E+00
2.7027027027027030E+05	1.5778340136654356E+00
2.7527527527527529E+05	1.5780931193480001E+00
2.8028028028028028E+05	1.5783558695657018E+00
2.8528528528528527E+05	1.5786533129056830E+00
2.9029029029029026E+05	1.5789127071257694E+00
2.9529529529529531E+05	1.5791808628670063E+00
3.0030030030030030E+05	1.5794588381615204E+00
3.0530530530530529E+05	1.5797292168470352E+00
3.1031031031031033E+05	1.5799834621839994E+00
3.1531531531531533E+05	1.5802836666571192E+00
3.2032032032032032E+05	1.5805581571436167E+00
3.2532532532532531E+05	1.5808245682993756E+00
3.3033033033033030E+05	1.5810884793071973E+00
3.3533533533533535E+05	1.5813884702929304E+00
3.4034034034034034E+05	1.5816536122844216E+00
3.4534534534534533E+05	1.5819573972463148E+00
3.5035035035035037E+05	1.5822220999243688E+00
3.5535535535535536E+05	1.5824903106686594E+00
3.6036036036036036E+05	1.5827616964190445E+00
3.6536536536536535E+05	1.5830759536855843E+00
3.7037037037037034E+05	1.5833410878785974E+00
3.7537537537537538E+05	1.5836391701168657E+00
3.8038038038038037E+05	1.5839427388740726E+00
3.8538538538538537E+05	1.5842391326149614E+00
3.9039039039039041E+05	1.5845506692171740E+00
3.9539539539539540E+05	1.5848469609782028E+00
4.0040040040040039E+05	1.5851331017663717E+00
4.0540540540540538E+05	1.5854232942109023E+00
4.1041041041041038E+05	1.5856930975371228E+00
4.1541541541541542E+05	1.5859901959702425E+00
4.2042042042042041E+05	1.5863079316131987E+00
4.2542542542542540E+05	1.5866036925473574E+00
4.3043043043043045E+05	1.5868827589404422E+00
4.3543543543543544E+05	1.5871667061674644E+00
4.4044044044044043E+05	1.5874651758205776E+00
4.4544544544544542E+05	1.5877558399764686E+00
4.5045045045045041E+05	1.5880576826540636E+00
4.5545545545545546E+05	1.5883265829252726E+00
4.6046046046046045E+05	1.5886079581878654E+00
4.6546546546546544E+05	1.5889441647294291E+00
4.7047047047047049E+05	1.5892286484709550E+00
4.7547547547547548E+05	1.5895465847965529E+00
4.8048048048048047E+05	1.5898181707934842E+00
4.8548548548548546E+05	1.5901043748247683E+00
4.9049049049049045E+05	1.5903957337199479E+00
4.9549549549549550E+05	1.5906705403984382E+00
5.0050050050050049E+05	1.5909708739929285E+00
5.0550550550550548E+05	1.5912872267640927E+00
5.1051051051051053E+05	1.5915904269913412E+00
5.1551551551551552E+05	1.5918672126032483E+00
5.2052052052052051E+05	1.5921889293544305E+00
5.2552552552552556E+05	1.5924997202336297E+00
5.3053053053053049E+05	1.5928174525682022E+00
5.3553553553553554E+05	1.5931217069018084E+00
5.4054054054054059E+05	1.5934104837519423E+00
5.4554554554554552E+05	1.5937437740289564E+00
5.5055055055055057E+05	1.5940306956133852E+00
5.5555555555555550E+05	1.5943663474136678E+00
5.6056056056056055E+05	1.5946735068013933E+00
5.6556556556556560E+05	1.5949576092997333E+00
5.7057057057057053E+05	1.5952443256171709E+00
5.7557557557557558E+05	1.5955427187555038E+00
5.8058058058058051E+05	1.5958659921159697E+00
5.8558558558558556E+05	1.5961958548185207E+00
5.9059059059059061E+05	1.5964909538727650E+00
5.9559559559559554E+05	1.5968318335146579E+00
6.0060060060060059E+05	1.5971292514755100E+00
6.0560560560560564E+05	1.5974295923320567E+00
6.1061061061061057E+05	1.5977560452914916E+00
6.1561561561561562E+05	1.5980954766958719E+00
6.2062062062062067E+05	1.5984372224833638E+00
6.2562562562562560E+05	1.5987783850231025E+00
6.3063063063063065E+05	1.5991039917152892E+00
6.3563563563563558E+05	1.5994602162054401E+00
6.4064064064064063E+05	1.5997748192990959E+00
6.4564564564564568E+05	1.6000743495971597E+00
6.5065065065065061E+05	1.6004188966369270E+00
6.5565565565565566E+05	1.6007406002276718E+00
6.6066066066066059E+05	1.6010725393271203E+00
6.6566566566566564E+05	1.6013836656674534E+00
6.7067067067067069E+05	1.6017407865485966E+00
6.7567567567567562E+05	1.6020506462929240E+00
6.8068068068068067E+05	1.6023641379739555E+00
6.8568568568568572E+05	1.6026922985820788E+00
6.9069069069069065E+05	1.6030473406726555E+00
6.9569569569569570E+05	1.6034076317950325E+00
7.0070070070070075E+05	1.6037566225365985E+00
7.0570570570570568E+05	1.6041123311315133E+00
7.1071071071071073E+05	1.6044687026055364E+00
7.1571571571571566E+05	1.6048236424470528E+00
7.2072072072072071E+05	1.6051799618619711E+00
7.2572572572572576E+05	1.6055399878562018E+00
7.3073073073073069E+05	1.6058975329185661E+00
7.3573573573573574E+05	1.6062499338597720E+00
7.4074074074074067E+05	1.6066239916426217E+00
7.4574574574574572E+05	1.6069855407779969E+00
7.5075075075075077E+05	1.6073424328804322E+00
7.5575575575575570E+05	1.6077008277738556E+00
7.6076076076076075E+05	1.6080677912479306E+00
7.6576576576576580E+05	1.6084200466599421E+00
7.7077077077077073E+05	1.6087779685488004E+00
7.7577577577577578E+05	1.6091346801140951E+00
7.8078078078078083E+05	1.6094705141533134E+00
7.8578578578578576E+05	1.6098259977859319E+00
7.9079079079079081E+05	1.6101560470549978E+00
7.9579579579579574E+05	1.6104992712839399E+00
8.0080080080080079E+05	1.6108525106803742E+00
8.0580580580580584E+05	1.6112102971736888E+00
8.1081081081081077E+05	1.6115420094967421E+00
8.1581581581581582E+05	1.6118686901320167E+00
8.2082082082082075E+05	1.6122445313124063E+00
8.2582582582582580E+05	1.6125713135117061E+00
8.3083083083083085E+05	1.6129374754591754E+00
8.3583583583583578E+05	1.6132948154888436E+00
8.4084084084084083E+05	1.6136494435730673E+00
8.4584584584584588E+05	1.6140084649399844E+00
8.5085085085085081E+05	1.6143705557977288E+00
8.5585585585585586E+05	1.6147379485709772E+00
8.6086086086086091E+05	1.6150816093105143E+00
8.6586586586586584E+05	1.6154597595558069E+00
8.7087087087087089E+05	1.6158088107039095E+00
8.7587587587587582E+05	1.6162026489053019E+00
8.8088088088088087E+05	1.6165378749941812E+00
8.8588588588588592E+05	1.6169372129641268E+00
8.9089089089089085E+05	1.6172897599296432E+00
8.9589589589589590E+05	1.6176731775926638E+00
9.0090090090090083E+05	1.6180458306550973E+00
9.0590590590590588E+05	1.6183972441138741E+00
9.1091091091091093E+05	1.6187836969702232E+00
9.1591591591591586E+05	1.6191516672789188E+00
9.2092092092092091E+05	1.6195246622132999E+00
9.2592592592592596E+05	1.6199002065180526E+00
9.3093093093093089E+05	1.6202927914381555E+00
9.3593593593593594E+05	1.6206912647042533E+00
9.4094094094094099E+05	1.6210780232502862E+00
9.4594594594594592E+05	1.6214565376601380E+00
9.5095095095095097E+05	1.6218121798828262E+00
9.5595595595595590E+05	1.6222040885307836E+00
9.6096096096096095E+05	1.6226005431774682E+00
9.6596596596596600E+05	1.6229931292377204E+00
9.7097097097097093E+05	1.6233949424113605E+00
9.7597597597597598E+05	1.6237741817170916E+00
9.8098098098098091E+05	1.6241511428438105E+00
9.8598598598598596E+05	1.6245355544722240E+00
9.9099099099099101E+05	1.6249423559439715E+00
9.9599599599599594E+05	1.6253338017058372E+00
1.0010010010010010E+06	1.6257153865543938E+00
1.0060060060060060E+06	1.6261265300395853E+00
1.0110110110110110E+06	1.6264974411768034E+00
1.0160160160160160E+06	1.6268981725524296E+00
1.0210210210210211E+06	1.6273136836432689E+00
1.0260260260260260E+06	1.6277307744337026E+00
1.0310310310310310E+06	1.6281481694621305E+00
1.0360360360360360E+06	1.6285726942889436E+00
1.0410410410410410E+06	1.6289683790586391E+00
1.0460460460460461E+06	1.6293415843983465E+00
1.0510510510510511E+06	1.6297812889617100E+00
1.0560560560560559E+06	1.6301534473694761E+00
1.0610610610610610E+06	1.6305947988970002E+00
1.0660660660660660E+06	1.6309734201868573E+00
1.0710710710710711E+06	1.6313670834682319E+00
1.0760760760760761E+06	1.6317997727078655E+00
1.0810810810810812E+06	1.6322395894788562E+00
1.0860860860860860E+06	1.6326653125690107E+00
1.0910910910910910E+06	1.6330634674562616E+00
1.0960960960960961E+06	1.6334530588680278E+00
1.1011011011011011E+06	1.6339085671652629E+00
1.1061061061061062E+06	1.6342949640040332E+00
1.1111111111111110E+06	1.6347226687630416E+00
1.1161161161161161E+06	1.6351722541388967E+00
1.1211211211211211E+06	1.6355883701449490E+00
1.1261261261261262E+06	1.6359971870096555E+00
1.1311311311311312E+06	1.6364280869451513E+00
1.1361361361361360E+06	1.6368853179974832E+00
1.1411411411411411E+06	1.6372762797413902E+00
1.1461461461461461E+06	1.6377377160869739E+00
1.1511511511511512E+06	1.6381336556922699E+00
1.1561561561561562E+06	1.6385449701981984E+00
1.1611611611611610E+06	1.6389665748980045E+00
1.1661661661661661E+06	1.6394086827492396E+00
1.1711711711711711E+06	1.6398232532794845E+00
1.1761761761761762E+06	1.6402170859915364E+00
1.1811811811811812E+06	1.6406826980135691E+00
1.1861861861861863E+06	1.6410944844475504E+00
1.1911911911911911E+06	1.6415633758118653E+00
1.1961961961961961E+06	1.6420046183708255E+00
1.2012012012012012E+06	1.6424718095670676E+00
1.2062062062062062E+06	1.6429396893852830E+00
1.2112112112112113E+06	1.6433574055949502E+00
1.2162162162162161E+06	1.6438415761150953E+00
1.2212212212212211E+06	1.6442582771004213E+00
1.2262262262262262E+06	1.6446956201305989E+00
1.2312312312312312E+06	1.6451136973090699E+00
1.2362362362362363E+06	1.6455500483192689E+00
1.2412412412412413E+06	1.6460494537545947E+00
1.2462462462462462E+06	1.6464763823769097E+00
1.2512512512512512E+06	1.6469144460827176E+00
1.2562562562562563E+06	1.6473776562511053E+00
1.2612612612612613E+06	1.6478476893999181E+00
1.2662662662662663E+06	1.6482640128747996E+00
1.2712712712712712E+06	1.6487445161226355E+00
1.2762762762762762E+06	1.6491704646468364E+00
1.2812812812812813E+06	1.6496532258239083E+00
1.2862862862862863E+06	1.6501609651242266E+00
1.2912912912912914E+06	1.6506046880495642E+00
1.2962962962962962E+06	1.6510581753538098E+00
1.3013013013013012E+06	1.6515013482887544E+00
1.3063063063063063E+06	1.6519979165938925E+00
1.3113113113113113E+06	1.6524946054405034E+00
1.3163163163163164E+06	1.6529330290214608E+00
1.3213213213213212E+06	1.6533889221040066E+00
1.3263263263263262E+06	1.6538461771512198E+00
1.3313313313313313E+06	1.6543366969316804E+00
1.3363363363363363E+06	1.6548745359277188E+00
1.3413413413413414E+06	1.6553152025016356E+00
1.3463463463463464E+06	1.6558354889106854E+00
1.3513513513513512E+06	1.6563089841527514E+00
1.3563563563563563E+06	1.6567825782739607E+00
1.3613613613613613E+06	1.6573112726952339E+00
1.3663663663663664E+06	1.6577552335906338E+00
1.3713713713713714E+06	1.6582303685751594E+00
1.3763763763763763E+06	1.6587053081505403E+00
1.3813813813813813E+06	1.6591721629689413E+00
1.3863863863863864E+06	1.6596776562788129E+00
1.3913913913913914E+06	1.6601307121297313E+00
1.3963963963963964E+06	1.6606050695766703E+00
1.4014014014014015E+06	1.6610680416346120E+00
1.4064064064064063E+06	1.6615364340988477E+00
1.4114114114114114E+06	1.6620581205991272E+00
1.4164164164164164E+06	1.6626079496987090E+00
1.4214214214214215E+06	1.6631570915391887E+00
1.4264264264264265E+06	1.6636076735780010E+00
1.4314314314314313E+06	1.6641422205798795E+00
1.4364364364364364E+06	1.6646677991462469E+00
1.4414414414414414E+06	1.6651383888543925E+00
1.4464464464464465E+06	1.6656950680970122E+00
1.4514514514514515E+06	1.6662320505873052E+00
1.4564564564564563E+06	1.6667731159369463E+00
1.4614614614614614E+06	1.6672650734959937E+00
1.4664664664664664E+06	1.6677375353873216E+00
1.4714714714714715E+06	1.6682159986833796E+00
1.4764764764764765E+06	1.6687448859241734E+00
1.4814814814814813E+06	1.6692441224952501E+00
1.4864864864864864E+06	1.6697749036869571E+00
1.4914914914914914E+06	1.6702693924092182E+00
1.4964964964964965E+06	1.6708057526245335E+00
1.5015015015015015E+06	1.6712919713794714E+00
1.5065065065065066E+06	1.6717789736609188E+00
1.5115115115115114E+06	1.6722967373111817E+00
1.5165165165165165E+06	1.6728369616569416E+00
1.5215215215215215E+06	1.6733958331917311E+00
1.5265265265265265E+06	1.6739163543377578E+00
1.5315315315315316E+06	1.6744709255619343E+00
1.5365365365365364E+06	1.6750175040057080E+00
1.5415415415415415E+06	1.6755969216600159E+00
1.5465465465465465E+06	1.6761271193111615E+00
1.5515515515515516E+06	1.6766522202076053E+00
1.5565565565565566E+06	1.6772325892142657E+00
1.5615615615615617E+06	1.6777541304895593E+00
1.5665665665665665E+06	1.6782886911522683E+00
1.5715715715715715E+06	1.6788692533904828E+00
1.5765765765765766E+06	1.6794182335545129E+00
1.5815815815815816E+06	1.6799619204158949E+00
1.5865865865865867E+06	1.6805070136079969E+00
1.5915915915915915E+06	1.6810827608119518E+00
1.5965965965965965E+06	1.6816288758371150E+00
1.6016016016016016E+06	1.6821529358478469E+00
1.6066066066066066E+06	1.6826863789349511E+00
1.6116116116116117E+06	1.6832143184434898E+00
1.6166166166166165E+06	1.6838051671078271E+00
1.6216216216216215E+06	1.6843365292751558E+00
1.6266266266266266E+06	1.6849181597826259E+00
1.6316316316316316E+06	1.6854716777720697E+00
1.6366366366366367E+06	1.6860558899542692E+00
1.6416416416416415E+06	1.6866194770026846E+00
1.6466466466466465E+06	1.6872086212780484E+00
1.6516516516516516E+06	1.6877894602193504E+00
1.6566566566566566E+06	1.6883732749954221E+00
1.6616616616616617E+06	1.6889526216652617E+00
1.6666666666666667E+06	1.6895667514718384E+00
1.6716716716716716E+06	1.6901579918658876E+00
1.6766766766766766E+06	1.6907824836153242E+00
1.6816816816816817E+06	1.6913719767557038E+00
1.6866866866866867E+06	1.6919860754197864E+00
1.6916916916916918E+06	1.6925505242055625E+00
1.6966966966966966E+06	1.6931183859302175E+00
1.7017017017017016E+06	1.6937173382842112E+00
1.7067067067067067E+06	1.6943018190605033E+00
1.7117117117117117E+06	1.6948945349801925E+00
1.7167167167167168E+06	1.6954804554053742E+00
1.7217217217217218E+06	1.6960673235462120E+00
1.7267267267267266E+06	1.6966926852086590E+00
1.7317317317317317E+06	1.6972923899428807E+00
1.7367367367367367E+06	1.6979401699574834E+00
1.7417417417417418E+06	1.6985693862254094E+00
1.7467467467467468E+06	1.6991835349560336E+00
1.7517517517517516E+06	1.6998051782169095E+00
1.7567567567567567E+06	1.7003861868943329E+00
1.7617617617617617E+06	1.7009833879305092E+00
1.7667667667667668E+06	1.7015974869004233E+00
1.7717717717717718E+06	1.7022079045165677E+00
1.7767767767767766E+06	1.7028798353593528E+00
1.7817817817817817E+06	1.7034795164454501E+00
1.7867867867867867E+06	1.7040729201650204E+00
1.7917917917917918E+06	1.7047432204798287E+00
1.7967967967967968E+06	1.7053892460099722E+00
1.8018018018018017E+06	1.7060017703561789E+00
1.8068068068068067E+06	1.7066207334931469E+00
1.8118118118118118E+06	1.7072332877051484E+00
1.8168168168168168E+06	1.7078397416578870E+00
1.8218218218218219E+06	1.7084809400947381E+00
1.8268268268268269E+06	1.7090945688602119E+00
1.8318318318318317E+06	1.7097177601381646E+00
1.8368368368368368E+06	1.7103338940227986E+00
1.8418418418418418E+06	1.7109428830958049E+00
1.8468468468468469E+06	1.7116131324500701E+00
1.8518518518518519E+06	1.7122886755062765E+00
1.8568568568568567E+06	1.7129032886389042E+00
1.8618618618618618E+06	1.7135727615965255E+00
1.8668668668668668E+06	1.7141926580695208E+00
1.8718718718718719E+06	1.7148119642757400E+00
1.8768768768768769E+06	1.7154977284654804E+00
1.8818818818818820E+06	1.7162018858517363E+00
1.8868868868868868E+06	1.7168384963651973E+00
1.8918918918918918E+06	1.7175579062807895E+00
1.8968968968968969E+06	1.7182049230496641E+00
1.9019019019019019E+06	1.7189243269788392E+00
1.9069069069069070E+06	1.7196241745515608E+00
1.9119119119119118E+06	1.7202681599663732E+00
1.9169169169169168E+06	1.7209366456408381E+00
1.9219219219219219E+06	1.7216343186453977E+00
1.9269269269269269E+06	1.7223501237030425E+00
1.9319319319319320E+06	1.7230046368892380E+00
1.9369369369369368E+06	1.7237066353857891E+00
1.9419419419419419E+06	1.7243696718762642E+00
1.9469469469469469E+06	1.7250801766981827E+00
1.9519519519519520E+06	1.7258353638411874E+00
1.9569569569569570E+06	1.7264787305839280E+00
1.9619619619619618E+06	1.7271325265453235E+00
1.9669669669669669E+06	1.7278672272384863E+00
1.9719719719719719E+06	1.7285226641027223E+00
1.9769769769769770E+06	1.7292687922228680E+00
1.9819819819819820E+06	1.7299308667905293E+00
1.9869869869869871E+06	1.7306039788997398E+00
1.9919919919919919E+06	1.7313388171330966E+00
1.9969969969969969E+06	1.7320871433447820E+00
2.0020020020020020E+06	1.7327633712826258E+00
2.0070070070070070E+06	1.7335117532476878E+00
2.0120120120120121E+06	1.7342367912460044E+00
2.0170170170170169E+06	1.7349389052105837E+00
2.0220220220220219E+06	1.7356188510448571E+00
2.0270270270270270E+06	1.7363621751156408E+00
2.0320320320320320E+06	1.7370647300889033E+00
2.0370370370370371E+06	1.7377461416524755E+00
2.0420420420420421E+06	1.7385229939918072E+00
2.0470470470470469E+06	1.7393217464550741E+00
2.0520520520520520E+06	1.7400924116148229E+00
2.0570570570570570E+06	1.7407904629921314E+00
2.0620620620620621E+06	1.7414863853407965E+00
2.0670670670670671E+06	1.7422515372839900E+00
2.0720720720720720E+06	1.7429678110576794E+00
2.0770770770770770E+06	1.7436682534033099E+00
2.0820820820820821E+06	1.7444803214614806E+00
2.0870870870870871E+06	1.7451965213357918E+00
2.0920920920920921E+06	1.7459587226280830E+00
2.0970970970970970E+06	1.7467586951201137E+00
2.1021021021021022E+06	1.7475476551120668E+00
2.1071071071071071E+06	1.7483763903566669E+00
2.1121121121121119E+06	1.7492116027836211E+00
2.1171171171171172E+06	1.7499360611919581E+00
2.1221221221221220E+06	1.7506917037229337E+00
2.1271271271271273E+06	1.7514153555732193E+00
2.1321321321321321E+06	1.7522674687046889E+00
2.1371371371371369E+06	1.7530890578591001E+00
2.1421421421421422E+06	1.7538988230142853E+00
2.1471471471471470E+06	1.7547642496704818E+00
2.1521521521521523E+06	1.7554955935244181E+00
2.1571571571571571E+06	1.7562967405928247E+00
2.1621621621621624E+06	1.7570569157762228E+00
2.1671671671671672E+06	1.7578787650476622E+00
2.1721721721721720E+06	1.7586396236750024E+00
2.1771771771771773E+06	1.7594054833923614E+00
2.1821821821821821E+06	1.7602402637302361E+00
2.1871871871871874E+06	1.7610240431040338E+00
2.1921921921921922E+06	1.7618595628192808E+00
2.1971971971971970E+06	1.7626546359502178E+00
2.2022022022022023E+06	1.7634753895164881E+00
2.2072072072072071E+06	1.7642728702817281E+00
2.2122122122122124E+06	1.7651070769189177E+00
2.2172172172172172E+06	1.7659114412762664E+00
2.2222222222222220E+06	1.7667837665228094E+00
2.2272272272272273E+06	1.7675753092876303E+00
2.2322322322322321E+06	1.7684035031163166E+00
2.2372372372372374E+06	1.7692110467060023E+00
2.2422422422422422E+06	1.7701056564341118E+00
2.2472472472472470E+06	1.7709162617306133E+00
2.2522522522522523E+06	1.7717909288282374E+00
2.2572572572572571E+06	1.7726764819359784E+00
2.2622622622622624E+06	1.7735147427825824E+00
2.2672672672672672E+06	1.7743909548623829E+00
2.2722722722722720E+06	1.7752459306926618E+00
2.2772772772772773E+06	1.7761908482335143E+00
2.2822822822822821E+06	1.7771313699052866E+00
2.2872872872872874E+06	1.7780426186019644E+00
2.2922922922922922E+06	1.7789667633701554E+00
2.2972972972972970E+06	1.7799308607521396E+00
2.3023023023023023E+06	1.7808742228311154E+00
2.3073073073073071E+06	1.7817591227677676E+00
2.3123123123123124E+06	1.7826660913197314E+00
2.3173173173173172E+06	1.7835446201926182E+00
2.3223223223223221E+06	1.7845498258647445E+00
2.3273273273273273E+06	1.7854398556545308E+00
2.3323323323323322E+06	1.7863012806364647E+00
2.3373373373373374E+06	1.7871793291254956E+00
2.3423423423423423E+06	1.7881571461695125E+00
2.3473473473473475E+06	1.7891310707610906E+00
2.3523523523523523E+06	1.7900084929166438E+00
2.3573573573573572E+06	1.7910130202463965E+00
2.3623623623623624E+06	1.7919181401737756E+00
2.3673673673673673E+06	1.7929100167409520E+00
2.3723723723723725E+06	1.7938578039273461E+00
2.3773773773773774E+06	1.7947615484070114E+00
2.3823823823823822E+06	1.7957102258610591E+00
2.3873873873873875E+06	1.7966671128613443E+00
2.3923923923923923E+06	1.7976185688435617E+00
2.3973973973973976E+06	1.7985536605262069E+00
2.4024024024024024E+06	1.7994892660754893E+00
2.4074074074074072E+06	1.8005415530129207E+00
2.4124124124124125E+06	1.8015373816371574E+00
2.4174174174174173E+06	1.8024631613070528E+00
2.4224224224224226E+06	1.8035224306186752E+00
2.4274274274274274E+06	1.8045033073129757E+00
2.4324324324324322E+06	1.8054846166672840E+00
2.4374374374374375E+06	1.8065427917041894E+00
2.4424424424424423E+06	1.8075102553653133E+00
2.4474474474474476E+06	1.8085701719775242E+00
2.4524524524524524E+06	1.8095880713993164E+00
2.4574574574574572E+06	1.8105787855947504E+00
2.4624624624624625E+06	1.8116556112691047E+00
2.4674674674674673E+06	1.8126878175235970E+00
2.4724724724724726E+06	1.8136679356901710E+00
2.4774774774774774E+06	1.8147407760552736E+00
2.4824824824824827E+06	1.8158619305445021E+00
2.4874874874874875E+06	1.8169293661239170E+00
2.4924924924924923E+06	1.8179845245578055E+00
2.4974974974974976E+06	1.8190441716397805E+00
2.5025025025025024E+06	1.8201522086805819E+00
2.5075075075075077E+06	1.8212926997016559E+00
2.5125125125125125E+06	1.8223275308798692E+00
2.5175175175175173E+06	1.8234036856258022E+00
2.5225225225225226E+06	1.8245053445753616E+00
2.5275275275275274E+06	1.8255999505423115E+00
2.5325325325325327E+06	1.8266693555574147E+00
2.5375375375375375E+06	1.8278178862106647E+00
2.5425425425425423E+06	1.8289717735275044E+00
2.5475475475475476E+06	1.8301405882101949E+00
2.5525525525525524E+06	1.8312826838108045E+00
2.5575575575575577E+06	1.8323412345712409E+00
2.5625625625625625E+06	1.8335393434620222E+00
2.5675675675675673E+06	1.8346299112802342E+00
2.5725725725725726E+06	1.8357402981839122E+00
2.5775775775775774E+06	1.8368691625105384E+00
2.5825825825825827E+06	1.8380442818921836E+00
2.5875875875875875E+06	1.8391767117273574E+00
2.5925925925925924E+06	1.8402839688364014E+00
2.5975975975975976E+06	1.8415129978366200E+00
2.6026026026026024E+06	1.8426483836608134E+00
2.6076076076076077E+06	1.8437890298515176E+00
2.6126126126126125E+06	1.8449403053985460E+00
2.6176176176176174E+06	1.8460964988945485E+00
2.6226226226226226E+06	1.8472324590092166E+00
2.6276276276276275E+06	1.8484880012549412E+00
2.6326326326326327E+06	1.8496529229244296E+00
2.6376376376376376E+06	1.8508177981849694E+00
2.6426426426426424E+06	1.8520100070865655E+00
2.6476476476476477E+06	1.8532197637753813E+00
2.6526526526526525E+06	1.8544555231389990E+00
2.6576576576576577E+06	1.8556538927839816E+00
2.6626626626626626E+06	1.8568793003706014E+00
2.6676676676676678E+06	1.8581138906690493E+00
2.6726726726726727E+06	1.8593410960771066E+00
2.6776776776776775E+06	1.8606112668526322E+00
2.6826826826826828E+06	1.8619136043384323E+00
2.6876876876876876E+06	1.8632001066558495E+00
2.6926926926926929E+06	1.8644440863255412E+00
2.6976976976976977E+06	1.8657089694685594E+00
2.7027027027027025E+06	1.8669902870038628E+00
2.7077077077077078E+06	1.8682586274569963E+00
2.7127127127127126E+06	1.8695780389999663E+00
2.7177177177177179E+06	1.8709125675526241E+00
2.7227227227227227E+06	1.8722242022001625E+00
2.7277277277277275E+06	1.8735753902517229E+00
2.7327327327327328E+06	1.8749022461096436E+00
2.7377377377377376E+06	1.8762607370922668E+00
2.7427427427427429E+06	1.8776344879655766E+00
2.7477477477477477E+06	1.8790189729723026E+00
2.7527527527527525E+06	1.8803224553325764E+00
2.7577577577577578E+06	1.8816703972272966E+00
2.7627627627627626E+06	1.8829802977143812E+00
2.7677677677677679E+06	1.8843939296423162E+00
2.7727727727727727E+06	1.8857913661223689E+00
2.7777777777777775E+06	1.8871997753629195E+00
2.7827827827827828E+06	1.8886533822298364E+00
2.7877877877877876E+06	1.8900535550905520E+00
2.7927927927927929E+06	1.8915144456833319E+00
2.7977977977977977E+06	1.8929911324257787E+00
2.8028028028028030E+06	1.8944050021484935E+00
2.8078078078078078E+06	1.8958590009132132E+00
2.8128128128128126E+06	1.8972453642283353E+00
2.8178178178178179E+06	1.8985943877513496E+00
2.8228228228228227E+06	1.9000340256574524E+00
2.8278278278278280E+06	1.9014116357052124E+00
2.8328328328328328E+06	1.9028239064528381E+00
2.8378378378378376E+06	1.9043408270742879E+00
2.8428428428428429E+06	1.9058428567420176E+00
2.8478478478478477E+06	1.9073235464791640E+00
2.8528528528528530E+06	1.9088608116064032E+00
2.8578578578578578E+06	1.9102711267340249E+00
2.8628628628628626E+06	1.9116878164442763E+00
2.8678678678678679E+06	1.9132758609910296E+00
2.8728728728728727E+06	1.9148799768193756E+00
2.8778778778778780E+06	1.9163400374329365E+00
2.8828828828828828E+06	1.9178433869724749E+00
2.8878878878878877E+06	1.9193623602775296E+00
2.8928928928928929E+06	1.9208368599431933E+00
2.8978978978978978E+06	1.9224986132285971E+00
2.9029029029029030E+06	1.9240826388249395E+00
2.9079079079079079E+06	1.9257467672830502E+00
2.9129129129129127E+06	1.9272346997652150E+00
2.9179179179179179E+06	1.9287595974182834E+00
2.9229229229229228E+06	1.9304564355638434E+00
2.9279279279279280E+06	1.9320380439724600E+00
2.9329329329329329E+06	1.9337432735973585E+00
2.9379379379379377E+06	1.9352867723939700E+00
2.9429429429429430E+06	1.9368607026105813E+00
2.9479479479479478E+06	1.9385696796565719E+00
2.9529529529529531E+06	1.9401474247155226E+00
2.9579579579579579E+06	1.9418512378312274E+00
2.9629629629629627E+06	1.9434832121778056E+00
2.9679679679679680E+06	1.9452010242350553E+00
2.9729729729729728E+06	1.9468177304280645E+00
2.9779779779779781E+06	1.9486258185695440E+00
2.9829829829829829E+06	1.9503416933177051E+00
2.9879879879879882E+06	1.9521413587048082E+00
2.9929929929929930E+06	1.9538847145661913E+00
2.9979979979979978E+06	1.9556239349064952E+00
3.0030030030030031E+06	1.9573176315564127E+00
3.0080080080080079E+06	1.9591399108737901E+00
3.0130130130130132E+06	1.9608792813582436E+00
3.0180180180180180E+06	1.9627704549312290E+00
3.0230230230230228E+06	1.9646291043271056E+00
3.0280280280280281E+06	1.9665539702226666E+00
3.0330330330330329E+06	1.9684827146739254E+00
3.0380380380380382E+06	1.9702924464525255E+00
3.0430430430430430E+06	1.9720760267171176E+00
3.0480480480480478E+06	1.9738159165470512E+00
3.0530530530530531E+06	1.9755470225335392E+00
3.0580580580580579E+06	1.9774921593118877E+00
3.0630630630630632E+06	1.9792852319034624E+00
3.0680680680680680E+06	1.9812512922661500E+00
3.0730730730730728E+06	1.9832563350285988E+00
3.0780780780780781E+06	1.9852507638890413E+00
3.0830830830830829E+06	1.9872436854414077E+00
3.0880880880880882E+06	1.9892716498491712E+00
3.0930930930930930E+06	1.9913325153768349E+00
3.0980980980980978E+06	1.9934136977559593E+00
3.1031031031031031E+06	1.9955181259998926E+00
3.1081081081081079E+06	1.9975784292217467E+00
3.1131131131131132E+06	1.9996985311165734E+00
3.1181181181181180E+06	2.0018250789658443E+00
3.1231231231231233E+06	2.0040171382403749E+00
3.1281281281281281E+06	2.0061074391455667E+00
3.1331331331331329E+06	2.0080737656591419E+00
3.1381381381381382E+06	2.0100388089900925E+00
3.1431431431431430E+06	2.0121595853309904E+00
3.1481481481481483E+06	2.0143821325845326E+00
3.1531531531531531E+06	2.0166226340041433E+00
3.1581581581581580E+06	2.0188038324052924E+00
3.1631631631631632E+06	2.0208140366712417E+00
3.1681681681681680E+06	2.0228092369328969E+00
3.1731731731731733E+06	2.0248854322349330E+00
3.1781781781781781E+06	2.0270953434630403E+00
3.1831831831831830E+06	2.0294286200461995E+00
3.1881881881881882E+06	2.0316473931050774E+00
3.1931931931931931E+06	2.0337082311325365E+00
3.1981981981981983E+06	2.0357526009315250E+00
3.2032032032032032E+06	2.0378216092140224E+00
3.2082082082082080E+06	2.0399954068982984E+00
3.2132132132132133E+06	2.0423041613016784E+00
3.2182182182182181E+06	2.0446376151799872E+00
3.2232232232232234E+06	2.0468242445711669E+00
3.2282282282282282E+06	2.0489554005193229E+00
3.2332332332332330E+06	2.0510951842275871E+00
3.2382382382382383E+06	2.0533307756779760E+00
3.2432432432432431E+06	2.0556023868884692E+00
3.2482482482482484E+06	2.0580614308662990E+00
3.2532532532532532E+06	2.0603469681262006E+00
3.2582582582582580E+06	2.0627795149518819E+00
3.2632632632632633E+06	2.0650344414304280E+00
3.2682682682682681E+06	2.0674878225490136E+00
3.2732732732732734E+06	2.0700227985748354E+00
3.2782782782782782E+06	2.0723919831365087E+00
3.2832832832832830E+06	2.0747385521052268E+00
3.2882882882882883E+06	2.0773121295940715E+00
3.2932932932932931E+06	2.0799079926434212E+00
3.2982982982982984E+06	2.0825425139039782E+00
3.3033033033033032E+06	2.0849431808029402E+00
3.3083083083083085E+06	2.0876089697191040E+00
3.3133133133133133E+06	2.0902361068990292E+00
3.3183183183183181E+06	2.0928518895544217E+00
3.3233233233233234E+06	2.0954268990822413E+00
3.3283283283283282E+06	2.0979515147726615E+00
3.3333333333333335E+06	2.1004755959210240E+00
3.3383383383383383E+06	2.1032198829431281E+00
3.3433433433433431E+06	2.1057551178733647E+00
3.3483483483483484E+06	2.1082646323425007E+00
3.3533533533533532E+06	2.1108410505149373E+00
3.3583583583583585E+06	2.1135644017015891E+00
3.3633633633633633E+06	2.1162253708777925E+00
3.3683683683683681E+06	2.1188599420940646E+00
3.3733733733733734E+06	2.1215544487786504E+00
3.3783783783783782E+06	2.1244339669634833E+00
3.3833833833833835E+06	2.1272933623765704E+00
3.3883883883883883E+06	2.1299947663716683E+00
3.3933933933933931E+06	2.1329073753156509E+00
3.3983983983983984E+06	2.1357013707288868E+00
3.4034034034034032E+06	2.1385986019744565E+00
3.4084084084084085E+06	2.1415588803266656E+00
3.4134134134134133E+06	2.1444175071662013E+00
3.4184184184184182E+06	2.1473456295716504E+00
3.4234234234234234E+06	2.1502950711741247E+00
3.4284284284284282E+06	2.1531855954701453E+00
3.4334334334334335E+06	2.1561749508618551E+00
3.4384384384384383E+06	2.1592085204764619E+00
3.4434434434434436E+06	2.1622009064230792E+00
3.4484484484484484E+06	2.1652537256707265E+00
3.4534534534534533E+06	2.1683719560110388E+00
3.4584584584584585E+06	2.1714512290315744E+00
3.4634634634634634E+06	2.1745929755220721E+00
3.4684684684684686E+06	2.1776981267359057E+00
3.4734734734734735E+06	2.1808979825649342E+00
3.4784784784784783E+06	2.1840999812433735E+00
3.4834834834834835E+06	2.1873425548547076E+00
3.4884884884884884E+06	2.1905471071033347E+00
3.4934934934934936E+06	2.1937532156883659E+00
3.4984984984984985E+06	2.1970442814802182E+00
3.5035035035035033E+06	2.2002997079916251E+00
3.5085085085085086E+06	2.2036492188959587E+00
3.5135135135135134E+06	2.2070474972564189E+00
3.5185185185185187E+06	2.2103353552995575E+00
3.5235235235235235E+06	2.2138210770046705E+00
3.5285285285285283E+06	2.2173184572981857E+00
3.5335335335335336E+06	2.2207925081712685E+00
3.5385385385385384E+06	2.2242646354988445E+00
3.5435435435435437E+06	2.2276675294153656E+00
3.5485485485485485E+06	2.2312370114639593E+00
3.5535535535535533E+06	2.2347842843664409E+00
3.5585585585585586E+06	2.2385111014837933E+00
3.5635635635635634E+06	2.2421785321659846E+00
3.5685685685685687E+06	2.2459646807881493E+00
3.5735735735735735E+06	2.2496359127317684E+00
3.5785785785785783E+06	2.2533369334280384E+00
3.5835835835835836E+06	2.2568942156835989E+00
3.5885885885885884E+06	2.2605646841580724E+00
3.5935935935935937E+06	2.2644381723964608E+00
3.5985985985985985E+06	2.2681045497897228E+00
3.6036036036036033E+06	2.2720750785732013E+00
3.6086086086086086E+06	2.2760707872204700E+00
3.6136136136136134E+06	2.2801729591923787E+00
3.6186186186186187E+06	2.2842041172658165E+00
3.6236236236236235E+06	2.2883231065078204E+00
3.6286286286286288E+06	2.2925309098527036E+00
3.6336336336336336E+06	2.2968094286166578E+00
3.6386386386386384E+06	2.3010253852771960E+00
3.6436436436436437E+06	2.3052980333686017E+00
3.6486486486486485E+06	2.3094048471742341E+00
3.6536536536536538E+06	2.3136279748577557E+00
3.6586586586586586E+06	2.3180485210097492E+00
3.6636636636636634E+06	2.3224299946863129E+00
3.6686686686686687E+06	2.3267498165350422E+00
3.6736736736736735E+06	2.3310608018433778E+00
3.6786786786786788E+06	2.3353060404916435E+00
3.6836836836836836E+06	2.3398409306088324E+00
3.6886886886886884E+06	2.3443777237449415E+00
3.6936936936936937E+06	2.3487942911110502E+00
3.6986986986986985E+06	2.3531264622789343E+00
3.7037037037037038E+06	2.3547750351591326E+00
3.7087087087087086E+06	2.3547368026877025E+00
3.7137137137137135E+06	2.3548221285333684E+00
3.7187187187187187E+06	2.3548814222880519E+00
3.7237237237237236E+06	2.3548253506410086E+00
3.7287287287287288E+06	2.3548026634662151E+00
3.7337337337337337E+06	2.3549301980035682E+00
3.7387387387387385E+06	2.3548524282915326E+00
3.7437437437437437E+06	2.3548400142336603E+00
3.7487487487487486E+06	2.3548872437395372E+00
3.7537537537537538E+06	2.3549154427520258E+00
3.7587587587587587E+06	2.3548723185321809E+00
3.7637637637637639E+06	2.3548373884374092E+00
3.7687687687687688E+06	2.3549459102021850E+00
3.7737737737737736E+06	2.3548831727486057E+00
3.7787787787787789E+06	2.3548467011482161E+00
3.7837837837837837E+06	2.3549040882187287E+00
3.7887887887887890E+06	2.3549154226177302E+00
3.7937937937937938E+06	2.3548874404665696E+00
3.7987987987987986E+06	2.3548865703947013E+00
3.8038038038038039E+06	2.3549876258606925E+00
3.8088088088088087E+06	2.3549419435787424E+00
3.8138138138138140E+06	2.3549193590679747E+00
3.8188188188188188E+06	2.3550211503792018E+00
3.8238238238238236E+06	2.3549976240914945E+00
3.8288288288288289E+06	2.3549955430396707E+00
3.8338338338338337E+06	2.3550232983794235E+00
3.8388388388388390E+06	2.3550747229329310E+00
3.8438438438438438E+06	2.3550655838427574E+00
3.8488488488488486E+06	2.3550465101864555E+00
3.8538538538538539E+06	2.3551115776393954E+00
3.8588588588588587E+06	2.3551204475028360E+00
3.8638638638638640E+06	2.3551105378003809E+00
3.8688688688688688E+06	2.3551995799414769E+00
3.8738738738738736E+06	2.3551947098050694E+00
3.8788788788788789E+06	2.3551934214722747E+00
3.8838838838838837E+06	2.3552145749208409E+00
3.8888888888888890E+06	2.3552473451981459E+00
3.8938938938938938E+06	2.3552527679132442E+00
3.8988988988988986E+06	2.3552562464603972E+00
3.9039039039039039E+06	2.3553356417194173E+00
3.9089089089089087E+06	2.3553061489918226E+00
3.9139139139139140E+06	2.3552860690863850E+00
3.9189189189189188E+06	2.3553755845285891E+00
3.9239239239239236E+06	2.3553484164702176E+00
3.9289289289289289E+06	2.3553553184786868E+00
3.9339339339339337E+06	2.3554064968410531E+00
3.9389389389389390E+06	2.3553710809008015E+00
3.9439439439439438E+06	2.3554140539945485E+00
3.9489489489489491E+06	2.3554206173056884E+00
3.9539539539539539E+06	2.3554325729631538E+00
3.9589589589589587E+06	2.3554583126330004E+00
3.9639639639639640E+06	2.3554360282547062E+00
3.9689689689689688E+06	2.3555061482460764E+00
3.9739739739739741E+06	2.3554726646100099E+00
3.9789789789789789E+06	2.3554686245005332E+00
3.9839839839839838E+06	2.3555242426011338E+00
3.9889889889889890E+06	2.3554812016281992E+00
3.9939939939939938E+06	2.3555024971603737E+00
3.9989989989989991E+06	2.3555155689847940E+00
4.0040040040040039E+06	2.3555055763037540E+00
4.0090090090090088E+06	2.3555246312946450E+00
4.0140140140140140E+06	2.3554926065567492E+00
4.0190190190190189E+06	2.3555617645159224E+00
4.0240240240240241E+06	2.3555173785071770E+00
4.0290290290290290E+06	2.3555386253309991E+00
4.0340340340340338E+06	2.3555738928389971E+00
4.0390390390390391E+06	2.3555385917069276E+00
4.0440440440440439E+06	2.3555548919387523E+00
4.0490490490490492E+06	2.3555795680880465E+00
4.0540540540540540E+06	2.3555475909407431E+00
4.0590590590590588E+06	2.3555705560936069E+00
4.0640640640640641E+06	2.3555598240307134E+00
4.0690690690690689E+06	2.3556011928348171E+00
4.0740740740740742E+06	2.3555662962953829E+00
4.0790790790790790E+06	2.3555873381916443E+00
4.0840840840840843E+06	2.3556383570791288E+00
4.0890890890890891E+06	2.3555618320156348E+00
4.0940940940940939E+06	2.3556015389532448E+00
4.0990990990990992E+06	2.3556521108724517E+00
4.1041041041041040E+06	2.3555879198594427E+00
4.1091091091091093E+06	2.3556176628920986E+00
4.1141141141141141E+06	2.3556593673520232E+00
4.1191191191191189E+06	2.3556263480366173E+00
4.1241241241241242E+06	2.3556276549003798E+00
4.1291291291291290E+06	2.3556374257714676E+00
4.1341341341341343E+06	2.3556879710038405E+00
4.1391391391391391E+06	2.3556442016042261E+00
4.1441441441441439E+06	2.3556726277063795E+00
4.1491491491491492E+06	2.3557208499193010E+00
4.1541541541541540E+06	2.3556419775979349E+00
4.1591591591591593E+06	2.3556975041313679E+00
4.1641641641641641E+06	2.3557597021208094E+00
4.1691691691691689E+06	2.3556736399613634E+00
4.1741741741741742E+06	2.3557191936797328E+00
4.1791791791791790E+06	2.3557608476120158E+00
4.1841841841841843E+06	2.3556830472752508E+00
4.1891891891891891E+06	2.3557110536125658E+00
4.1941941941941939E+06	2.3557506254276768E+00
4.1991991991991987E+06	2.3557689495210754E+00
4.2042042042042045E+06	2.3557417666691522E+00
4.2092092092092093E+06	2.3557841727804547E+00
4.2142142142142141E+06	2.3558302050004296E+00
4.2192192192192189E+06	2.3557585258538305E+00
4.2242242242242238E+06	2.3558028829027946E+00
4.2292292292292295E+06	2.3558610361592067E+00
4.2342342342342343E+06	2.3557731493239347E+00
4.2392392392392391E+06	2.3558066652072447E+00
4.2442442442442439E+06	2.3558490692620269E+00
4.2492492492492488E+06	2.3557706391562072E+00
4.2542542542542545E+06	2.3558215230332258E+00
4.2592592592592593E+06	2.3559027911391714E+00
4.2642642642642641E+06	2.3558370904794299E+00
4.2692692692692690E+06	2.3558346953856750E+00
4.2742742742742738E+06	2.3559054689112124E+00
4.2792792792792795E+06	2.3558828853871763E+00
4.2842842842842843E+06	2.3558264440545340E+00
4.2892892892892892E+06	2.3558916083194794E+00
4.2942942942942940E+06	2.3559307908384639E+00
4.2992992992992988E+06	2.3558409246517940E+00
4.3043043043043045E+06	2.3558984533393805E+00
4.3093093093093093E+06	2.3559672251859420E+00
4.3143143143143142E+06	2.3558401458045597E+00
4.3193193193193190E+06	2.3558949146585246E+00
4.3243243243243247E+06	2.3559933395008161E+00
4.3293293293293295E+06	2.3558700217091406E+00
4.3343343343343344E+06	2.3558931177618794E+00
4.3393393393393392E+06	2.3559860270434232E+00
4.3443443443443440E+06	2.3559023768420007E+00
4.3493493493493497E+06	2.3558995848511355E+00
4.3543543543543546E+06	2.3559780598349978E+00
4.3593593593593594E+06	2.3559053173093401E+00
4.3643643643643642E+06	2.3559013326425786E+00
4.3693693693693690E+06	2.3559866993213041E+00
4.3743743743743747E+06	2.3559771905165587E+00
4.3793793793793796E+06	2.3558948644934512E+00
4.3843843843843844E+06	2.3559679723337279E+00
4.3893893893893892E+06	2.3560275292894826E+00
4.3943943943943940E+06	2.3558899011204493E+00
4.3993993993993998E+06	2.3559738865455908E+00
4.4044044044044046E+06	2.3560524200703119E+00
4.4094094094094094E+06	2.3559176011262211E+00
4.4144144144144142E+06	2.3559554848070645E+00
4.4194194194194190E+06	2.3560726056769714E+00
4.4244244244244248E+06	2.3559263753248736E+00
4.4294294294294296E+06	2.3559655964286970E+00
4.4344344344344344E+06	2.3560773729880946E+00
4.4394394394394392E+06	2.3559701800620769E+00
4.4444444444444440E+06	2.3559592946884611E+00
4.4494494494494498E+06	2.3560579333171225E+00
4.4544544544544546E+06	2.3559975972537801E+00
4.4594594594594594E+06	2.3559659039867897E+00
4.4644644644644642E+06	2.3560566548393052E+00
4.4694694694694690E+06	2.3560557721741309E+00
4.4744744744744748E+06	2.3559751463996390E+00
4.4794794794794796E+06	2.3560571665319028E+00
4.4844844844844844E+06	2.3560862085548950E+00
4.4894894894894892E+06	2.3559797815206709E+00
4.4944944944944941E+06	2.3560431677791898E+00
4.4994994994994998E+06	2.3560856724018828E+00
4.5045045045045046E+06	2.3560075473452549E+00
4.5095095095095094E+06	2.3560338435329040E+00
4.5145145145145142E+06	2.3561550032505756E+00
4.5195195195195191E+06	2.3560259373940413E+00
4.5245245245245248E+06	2.3560489417111921E+00
4.5295295295295296E+06	2.3561668370716751E+00
4.5345345345345344E+06	2.3560595820640269E+00
4.5395395395395393E+06	2.3560303916119438E+00
4.5445445445445441E+06	2.3561871534474110E+00
4.5495495495495498E+06	2.3560813299419592E+00
4.5545545545545546E+06	2.3560567038570315E+00
4.5595595595595594E+06	2.3561548897843796E+00
4.5645645645645643E+06	2.3561193505382620E+00
4.5695695695695691E+06	2.3560644089220610E+00
4.5745745745745748E+06	2.3561647083367800E+00
4.5795795795795796E+06	2.3561570416943169E+00
4.5845845845845845E+06	2.3560801451355853E+00
4.5895895895895893E+06	2.3561725611558706E+00
4.5945945945945941E+06	2.3561868328540383E+00
4.5995995995995998E+06	2.3561005014780676E+00
4.6046046046046047E+06	2.3561662027745021E+00
4.6096096096096095E+06	2.3562140060082535E+00
4.6146146146146143E+06	2.3561214308810792E+00
4.6196196196196191E+06	2.3561601058939465E+00
4.6246246246246248E+06	2.3562445771106688E+00
4.6296296296296297E+06	2.3561421458429623E+00
4.6346346346346345E+06	2.3561570708190049E+00
4.6396396396396393E+06	2.3562739092139942E+00
4.6446446446446441E+06	2.3561639077865255E+00
4.6496496496496499E+06	2.3561540935536898E+00
4.6546546546546547E+06	2.3562922685788692E+00
4.6596596596596595E+06	2.3561896002970677E+00
4.6646646646646643E+06	2.3561395306675843E+00
4.6696696696696701E+06	2.3562954246416945E+00
4.6746746746746749E+06	2.3562210162085058E+00
4.6796796796796797E+06	2.3561739216696069E+00
4.6846846846846845E+06	2.3562886011258088E+00
4.6896896896896893E+06	2.3562464527834002E+00
4.6946946946946951E+06	2.3561868906442438E+00
4.6996996996996999E+06	2.3562825621650854E+00
4.7047047047047047E+06	2.3562346380995551E+00
4.7097097097097095E+06	2.3561903114790015E+00
4.7147147147147143E+06	2.3562729419879487E+00
4.7197197197197201E+06	2.3562797651537055E+00
4.7247247247247249E+06	2.3562099656158888E+00
4.7297297297297297E+06	2.3562529349225572E+00
4.7347347347347345E+06	2.3562954228644628E+00
4.7397397397397393E+06	2.3562342383970645E+00
4.7447447447447451E+06	2.3562640746914889E+00
4.7497497497497499E+06	2.3563285443555055E+00
4.7547547547547547E+06	2.3562536798703402E+00
4.7597597597597595E+06	2.3562464452965881E+00
4.7647647647647643E+06	2.3563023804744088E+00
4.7697697697697701E+06	2.3562617742587597E+00
4.7747747747747749E+06	2.3562481697571642E+00
4.7797797797797797E+06	2.3563521957535065E+00
4.7847847847847845E+06	2.3562901215879686E+00
4.7897897897897894E+06	2.3562662480382435E+00
4.7947947947947951E+06	2.3563664770404196E+00
4.7997997997997999E+06	2.3562944424676262E+00
4.8048048048048047E+06	2.3562556930888472E+00
4.8098098098098096E+06	2.3563324347799841E+00
4.8148148148148144E+06	2.3563115134990920E+00
4.8198198198198201E+06	2.3562674604946552E+00
4.8248248248248249E+06	2.3563800529575722E+00
4.8298298298298297E+06	2.3563430935310601E+00
4.8348348348348346E+06	2.3562919892820116E+00
4.8398398398398394E+06	2.3563877789352632E+00
4.8448448448448451E+06	2.3563469871058338E+00
4.8498498498498499E+06	2.3563068984276936E+00
4.8548548548548548E+06	2.3563929669679333E+00
4.8598598598598596E+06	2.3563693178568057E+00
4.8648648648648644E+06	2.3563329853653903E+00
4.8698698698698701E+06	2.3563855943172998E+00
4.8748748748748749E+06	2.3563754469075038E+00
4.8798798798798798E+06	2.3563432742825889E+00
4.8848848848848846E+06	2.3563960338996250E+00
4.8898898898898894E+06	2.3563990982165648E+00
4.8948948948948951E+06	2.3563696679262920E+00
4.8998998998999000E+06	2.3563880761427782E+00
4.9049049049049048E+06	2.3564032118057510E+00
4.9099099099099096E+06	2.3563868019312997E+00
4.9149149149149144E+06	2.3563964944478255E+00
4.9199199199199202E+06	2.3564319087393608E+00
4.9249249249249250E+06	2.3563979339839145E+00
4.9299299299299298E+06	2.3563755098772323E+00
4.9349349349349346E+06	2.3564320651551007E+00
4.9399399399399394E+06	2.3564061801478422E+00
4.9449449449449452E+06	2.3564033430326936E+00
4.9499499499499500E+06	2.3564485887906788E+00
4.9549549549549548E+06	2.3564392399065821E+00
4.9599599599599596E+06	2.3564297622501167E+00
4.9649649649649654E+06	2.3564844830230167E+00
4.9699699699699702E+06	2.3564506490783046E+00
4.9749749749749750E+06	2.3564113195956367E+00
4.9799799799799798E+06	2.3564913204309024E+00
4.9849849849849846E+06	2.3564773713723604E+00
4.9899899899899904E+06	2.3564551185620060E+00
4.9949949949949952E+06	2.3565063055492272E+00
5.0000000000000000E+06	2.3564754396650458E+00
