0.0000000000000000E+00	3.8313318941814362E-01
5.0050050050050049E+03	3.8341833379159967E-01
1.0010010010010010E+04	3.8370069486453739E-01
1.5015015015015015E+04	3.8398137630109619E-01
2.0020020020020020E+04	3.8426288675582110E-01
2.5025025025025025E+04	3.8454809772145698E-01
3.0030030030030030E+04	3.8484009766663463E-01
3.5035035035035035E+04	3.8513758701661149E-01
4.0040040040040039E+04	3.8542962289093652E-01
4.5045045045045044E+04	3.8570590782790559E-01
5.0050050050050049E+04	3.8597201138641402E-01
5.5055055055055054E+04	3.8624120360008718E-01
6.0060060060060059E+04	3.8652105382956820E-01
6.5065065065065064E+04	3.8681045733112590E-01
7.0070070070070069E+04	3.8710668936477455E-01
7.5075075075075074E+04	3.8740262413252941E-01
8.0080080080080079E+04	3.8769023595735014E-01
8.5085085085085084E+04	3.8797010337926835E-01
9.0090090090090089E+04	3.8825062885405731E-01
9.5095095095095094E+04	3.8853674572804014E-01
1.0010010010010010E+05	3.8882376067371610E-01
1.0510510510510510E+05	3.8910671984831119E-01
1.1011011011011011E+05	3.8939070595945185E-01
1.1511511511511511E+05	3.8968535558542960E-01
1.2012012012012012E+05	3.8999152046842789E-01
1.2512512512512512E+05	3.9029894470422277E-01
1.3013013013013013E+05	3.9059921150114080E-01
1.3513513513513515E+05	3.9089273566453170E-01
1.4014014014014014E+05	3.9118166777791780E-01
1.4514514514514513E+05	3.9146625391086282E-01
1.5015015015015015E+05	3.9174561698288357E-01
1.5515515515515517E+05	3.9202113309419234E-01
1.6016016016016016E+05	3.9229763682619262E-01
1.6516516516516515E+05	3.9258000281719335E-01
1.7017017017017017E+05	3.9287212486590289E-01
1.7517517517517519E+05	3.9317708688327963E-01
1.8018018018018018E+05	3.9349176714335377E-01
1.8518518518518517E+05	3.9380924680436230E-01
1.9019019019019019E+05	3.9412329896355730E-01
1.9519519519519521E+05	3.9442875302631081E-01
2.0020020020020020E+05	3.9472315575574923E-01
2.0520520520520519E+05	3.9501298804861146E-01
2.1021021021021021E+05	3.9530596075966523E-01
2.1521521521521523E+05	3.9560405240457913E-01
2.2022022022022022E+05	3.9590626744221025E-01
2.2522522522522521E+05	3.9621080937518049E-01
2.3023023023023023E+05	3.9651501422023017E-01
2.3523523523523525E+05	3.9681774204431919E-01
2.4024024024024024E+05	3.9712171046155259E-01
2.4524524524524523E+05	3.9742914501098109E-01
2.5025025025025025E+05	3.9773611649440460E-01
2.5525525525525527E+05	3.9803713415302083E-01
2.6026026026026026E+05	3.9833598127558834E-01
2.6526526526526525E+05	3.9864340388140090E-01
2.7027027027027030E+05	3.9896298738252456E-01
2.7527527527527529E+05	3.9928688232641202E-01
2.8028028028028028E+05	3.9960839036453588E-01
2.8528528528528527E+05	3.9992793657329179E-01
2.9029029029029026E+05	4.0024694285794093E-01
2.9529529529529531E+05	4.0056317487850096E-01
3.0030030030030030E+05	4.0087277039529190E-01
3.0530530530530529E+05	4.0117283082249366E-01
3.1031031031031033E+05	4.0146141660398560E-01
3.1531531531531533E+05	4.0174153528869383E-01
3.2032032032032032E+05	4.0202524969893016E-01
3.2532532532532531E+05	4.0232207065379477E-01
3.3033033033033030E+05	4.0262871685237628E-01
3.3533533533533535E+05	4.0293962010402373E-01
3.4034034034034034E+05	4.0325363641026629E-01
3.4534534534534533E+05	4.0357138098551976E-01
3.5035035035035037E+05	4.0389052626567234E-01
3.5535535535535536E+05	4.0420643275018936E-01
3.6036036036036036E+05	4.0451642761136025E-01
3.6536536536536535E+05	4.0482069815908789E-01
3.7037037037037034E+05	4.0512267555336917E-01
3.7537537537537538E+05	4.0543331565429075E-01
3.8038038038038037E+05	4.0576021527495187E-01
3.8538538538538537E+05	4.0609092882090148E-01
3.9039039039039041E+05	4.0640992220225380E-01
3.9539539539539540E+05	4.0672183855691796E-01
4.0040040040040039E+05	4.0704019481291276E-01
4.0540540540540538E+05	4.0736330254133368E-01
4.1041041041041038E+05	4.0767738448661622E-01
4.1541541541541542E+05	4.0797879739105086E-01
4.2042042042042041E+05	4.0827752615706764E-01
4.2542542542542540E+05	4.0858178842338078E-01
4.3043043043043045E+05	4.0889430274499050E-01
4.3543543543543544E+05	4.0921580083690168E-01
4.4044044044044043E+05	4.0954281198530340E-01
4.4544544544544542E+05	4.0987118084109558E-01
4.5045045045045041E+05	4.1019752329451031E-01
4.5545545545545546E+05	4.1051932614822328E-01
4.6046046046046045E+05	4.1083897842198713E-01
4.6546546546546544E+05	4.1116106074858921E-01
4.7047047047047049E+05	4.1148889952464185E-01
4.7547547547547548E+05	4.1182469068064304E-01
4.8048048048048047E+05	4.1216481981512537E-01
4.8548548548548546E+05	4.1250028607855921E-01
4.9049049049049045E+05	4.1282750080532837E-01
4.9549549549549550E+05	4.1315037351221112E-01
5.0050050050050049E+05	4.1347235500872770E-01
5.0550550550550548E+05	4.1379508534480947E-01
5.1051051051051053E+05	4.1412120996497892E-01
5.1551551551551552E+05	4.1445642270961858E-01
5.2052052052052051E+05	4.1480230440520954E-01
5.2552552552552556E+05	4.1514459297541023E-01
5.3053053053053049E+05	4.1546994872295429E-01
5.3553553553553554E+05	4.1578537049234615E-01
5.4054054054054059E+05	4.1610220797401137E-01
5.4554554554554552E+05	4.1642181786551369E-01
5.5055055055055057E+05	4.1674193829677147E-01
5.5555555555555550E+05	4.1706210285705481E-01
5.6056056056056055E+05	4.1738311272295525E-01
5.6556556556556560E+05	4.1770978622679933E-01
5.7057057057057053E+05	4.1804834098811144E-01
5.7557557557557558E+05	4.1839364918664734E-01
5.8058058058058051E+05	4.1873343814224190E-01
5.8558558558558556E+05	4.1906285291179918E-01
5.9059059059059061E+05	4.1938317369428213E-01
5.9559559559559554E+05	4.1970231209391001E-01
6.0060060060060059E+05	4.2003300814363098E-01
6.0560560560560564E+05	4.2037516584284795E-01
6.1061061061061057E+05	4.2071700381862986E-01
6.1561561561561562E+05	4.2105327014757649E-01
6.2062062062062067E+05	4.2138587303751951E-01
6.2562562562562560E+05	4.2172355225281372E-01
6.3063063063063065E+05	4.2208129941505113E-01
6.3563563563563558E+05	4.2245817845905048E-01
6.4064064064064063E+05	4.2283559061657844E-01
6.4564564564564568E+05	4.2319903568203188E-01
6.5065065065065061E+05	4.2354018686647560E-01
6.5565565565565566E+05	4.2386364707079077E-01
6.6066066066066059E+05	4.2418919076480593E-01
6.6566566566566564E+05	4.2452785440693830E-01
6.7067067067067069E+05	4.2487837931552075E-01
6.7567567567567562E+05	4.2523475507456993E-01
6.8068068068068067E+05	4.2558617303455160E-01
6.8568568568568572E+05	4.2592974842701375E-01
6.9069069069069065E+05	4.2627283986959963E-01
6.9569569569569570E+05	4.2662098499416201E-01
7.0070070070070075E+05	4.2697660536536153E-01
7.0570570570570568E+05	4.2733842481003304E-01
7.1071071071071073E+05	4.2770122446966025E-01
7.1571571571571566E+05	4.2806330661460607E-01
7.2072072072072071E+05	4.2842685474206293E-01
7.2572572572572576E+05	4.2878872943366064E-01
7.3073073073073069E+05	4.2914063848484213E-01
7.3573573573573574E+05	4.2948587430327800E-01
7.4074074074074067E+05	4.2983857693770638E-01
7.4574574574574572E+05	4.3020174498708497E-01
7.5075075075075077E+05	4.3056814601223076E-01
7.5575575575575570E+05	4.3093265306859824E-01
7.6076076076076075E+05	4.3129154069572895E-01
7.6576576576576580E+05	4.3163290289318440E-01
7.7077077077077073E+05	4.3194498639857398E-01
7.7577577577577578E+05	4.3228512957169390E-01
7.8078078078078083E+05	4.3270417951280682E-01
7.8578578578578576E+05	4.3279390148321811E-01
7.9079079079079081E+05	4.3207227058220959E-01
7.9579579579579574E+05	4.3107921186782233E-01
8.0080080080080079E+05	4.3028422306870412E-01
8.0580580580580584E+05	4.2955727317864306E-01
8.1081081081081077E+05	4.2896686846576082E-01
8.1581581581581582E+05	4.2983597634910664E-01
8.2082082082082075E+05	4.3143633873998871E-01
8.2582582582582580E+05	4.3298817869868222E-01
8.3083083083083085E+05	4.3437069641024617E-01
8.3583583583583578E+05	4.3567430031051974E-01
8.4084084084084083E+05	4.3686184768577485E-01
8.4584584584584588E+05	4.3769803783018441E-01
8.5085085085085081E+05	4.3824803291658793E-01
8.5585585585585586E+05	4.3869146951284022E-01
8.6086086086086091E+05	4.3905203988380076E-01
8.6586586586586584E+05	4.3933357870983702E-01
8.7087087087087089E+05	4.3960428047896177E-01
8.7587587587587582E+05	4.3991197723652281E-01
8.8088088088088087E+05	4.4024287657178041E-01
8.8588588588588592E+05	4.4057928745875924E-01
8.9089089089089085E+05	4.4090874936100022E-01
8.9589589589589590E+05	4.4123879776328184E-01
9.0090090090090083E+05	4.4159212398361253E-01
9.0590590590590588E+05	4.4196777834290490E-01
9.1091091091091093E+05	4.4235244064055973E-01
9.1591591591591586E+05	4.4274280047497722E-01
9.2092092092092091E+05	4.4313604265311990E-01
9.2592592592592596E+05	4.4351767545670995E-01
9.3093093093093089E+05	4.4388194679010784E-01
9.3593593593593594E+05	4.4424841067106430E-01
9.4094094094094099E+05	4.4462584665487692E-01
9.4594594594594592E+05	4.4500320487067113E-01
9.5095095095095097E+05	4.4537836008842185E-01
9.5595595595595590E+05	4.4575803140052916E-01
9.6096096096096095E+05	4.4614234553370558E-01
9.6596596596596600E+05	4.4652753264114192E-01
9.7097097097097093E+05	4.4691008060143600E-01
9.7597597597597598E+05	4.4728631122508966E-01
9.8098098098098091E+05	4.4765174979244060E-01
9.8598598598598596E+05	4.4800908319606769E-01
9.9099099099099101E+05	4.4837418609373553E-01
9.9599599599599594E+05	4.4874972576524180E-01
1.0010010010010010E+06	4.4912361025750219E-01
1.0060060060060060E+06	4.4949990198526074E-01
1.0110110110110110E+06	4.4988822713732746E-01
1.0160160160160160E+06	4.5026819156569470E-01
1.0210210210210211E+06	4.5062628152423706E-01
1.0260260260260260E+06	4.5099999408859787E-01
1.0310310310310310E+06	4.5140297999841805E-01
1.0360360360360360E+06	4.5179913776168573E-01
1.0410410410410410E+06	4.5217852906415845E-01
1.0460460460460461E+06	4.5255516189001027E-01
1.0510510510510511E+06	4.5293283428903308E-01
1.0560560560560559E+06	4.5331535537225331E-01
1.0610610610610610E+06	4.5372173889909634E-01
1.0660660660660660E+06	4.5415286132938865E-01
1.0710710710710711E+06	4.5457779272413401E-01
1.0760760760760761E+06	4.5499422081570950E-01
1.0810810810810812E+06	4.5542016053520779E-01
1.0860860860860860E+06	4.5584034596571443E-01
1.0910910910910910E+06	4.5623763773536213E-01
1.0960960960960961E+06	4.5662963872199236E-01
1.1011011011011011E+06	4.5702474509185781E-01
1.1061061061061062E+06	4.5741128399776343E-01
1.1111111111111110E+06	4.5780583633617750E-01
1.1161161161161161E+06	4.5823312676332978E-01
1.1211211211211211E+06	4.5865358115324706E-01
1.1261261261261262E+06	4.5903836970336437E-01
1.1311311311311312E+06	4.5942664919109710E-01
1.1361361361361360E+06	4.5983702097908741E-01
1.1411411411411411E+06	4.6025750013849182E-01
1.1461461461461461E+06	4.6067030534327047E-01
1.1511511511511512E+06	4.6106615736626827E-01
1.1561561561561562E+06	4.6146665499939676E-01
1.1611611611611610E+06	4.6188562640437397E-01
1.1661661661661661E+06	4.6231848275618009E-01
1.1711711711711711E+06	4.6274790400445881E-01
1.1761761761761762E+06	4.6315845086208152E-01
1.1811811811811812E+06	4.6356455245016448E-01
1.1861861861861863E+06	4.6398483492813969E-01
1.1911911911911911E+06	4.6443078176833680E-01
1.1961961961961961E+06	4.6487468406301202E-01
1.2012012012012012E+06	4.6528085353198029E-01
1.2062062062062062E+06	4.6568063967652940E-01
1.2112112112112113E+06	4.6609244018669138E-01
1.2162162162162161E+06	4.6648857100015623E-01
1.2212212212212211E+06	4.6687234316741250E-01
1.2262262262262262E+06	4.6726650188378605E-01
1.2312312312312312E+06	4.6767529679913800E-01
1.2362362362362363E+06	4.6809632523466527E-01
1.2412412412412413E+06	4.6852483601778355E-01
1.2462462462462462E+06	4.6895920313026884E-01
1.2512512512512512E+06	4.6939939638048694E-01
1.2562562562562563E+06	4.6984441950190209E-01
1.2612612612612613E+06	4.7029876674483251E-01
1.2662662662662663E+06	4.7076393310663878E-01
1.2712712712712712E+06	4.7116625428526426E-01
1.2762762762762762E+06	4.7152916581520260E-01
1.2812812812812813E+06	4.7217066601401425E-01
1.2862862862862863E+06	4.7252649197456537E-01
1.2912912912912914E+06	4.7153893966229321E-01
1.2962962962962962E+06	4.7024459024354437E-01
1.3013013013013012E+06	4.6922759979453371E-01
1.3063063063063063E+06	4.6828818658230331E-01
1.3113113113113113E+06	4.6859800012689262E-01
1.3163163163163164E+06	4.7058832720604410E-01
1.3213213213213212E+06	4.7252137103957492E-01
1.3263263263263262E+06	4.7424236051644719E-01
1.3313313313313313E+06	4.7578965167014653E-01
1.3363363363363363E+06	4.7699539038945910E-01
1.3413413413413414E+06	4.7777567674194610E-01
1.3463463463463464E+06	4.7831215928243298E-01
1.3513513513513512E+06	4.7869753256979886E-01
1.3563563563563563E+06	4.7898827078365391E-01
1.3613613613613613E+06	4.7925876378710303E-01
1.3663663663663664E+06	4.7957044298618368E-01
1.3713713713713714E+06	4.7995226520751733E-01
1.3763763763763763E+06	4.8037247544400336E-01
1.3813813813813813E+06	4.8080702875710601E-01
1.3863863863863864E+06	4.8124787755408499E-01
1.3913913913913914E+06	4.8169452856200845E-01
1.3963963963963964E+06	4.8214670478559241E-01
1.4014014014014015E+06	4.8259954701421320E-01
1.4064064064064063E+06	4.8303508099445525E-01
1.4114114114114114E+06	4.8346421266033002E-01
1.4164164164164164E+06	4.8392242109284000E-01
1.4214214214214215E+06	4.8438182625185444E-01
1.4264264264264265E+06	4.8482641820064359E-01
1.4314314314314313E+06	4.8527824203283004E-01
1.4364364364364364E+06	4.8572199872406790E-01
1.4414414414414414E+06	4.8614703827698635E-01
1.4464464464464465E+06	4.8657355533269514E-01
1.4514514514514515E+06	4.8701695994270322E-01
1.4564564564564563E+06	4.8747575132322102E-01
1.4614614614614614E+06	4.8792788898063177E-01
1.4664664664664664E+06	4.8837226523074745E-01
1.4714714714714715E+06	4.8882661641393288E-01
1.4764764764764765E+06	4.8931543392217020E-01
1.4814814814814813E+06	4.8980628181944480E-01
1.4864864864864864E+06	4.9026753675980789E-01
1.4914914914914914E+06	4.9071702619367003E-01
1.4964964964964965E+06	4.9117513844357852E-01
1.5015015015015015E+06	4.9165587348101430E-01
1.5065065065065066E+06	4.9215794758056391E-01
1.5115115115115114E+06	4.9263407125980274E-01
1.5165165165165165E+06	4.9305681542533625E-01
1.5215215215215215E+06	4.9346217563689054E-01
1.5265265265265265E+06	4.9388253743415161E-01
1.5315315315315316E+06	4.9432890398582613E-01
1.5365365365365364E+06	4.9479199283514363E-01
1.5415415415415415E+06	4.9528581073928246E-01
1.5465465465465465E+06	4.9575266399121692E-01
1.5515515515515516E+06	4.9615973642612426E-01
1.5565565565565566E+06	4.9689375815464260E-01
1.5615615615615617E+06	4.9708949131076580E-01
1.5665665665665665E+06	4.9567195230885380E-01
1.5715715715715715E+06	4.9429652973879368E-01
1.5765765765765766E+06	4.9315968007769989E-01
1.5815815815815816E+06	4.9206234653744824E-01
1.5865865865865867E+06	4.9106601905213709E-01
1.5915915915915915E+06	4.9212347796264078E-01
1.5965965965965965E+06	4.9447853352289889E-01
1.6016016016016016E+06	4.9657339843226189E-01
1.6066066066066066E+06	4.9849478674628100E-01
1.6116116116116117E+06	5.0028699437143775E-01
1.6166166166166165E+06	5.0204753202439567E-01
1.6216216216216215E+06	5.0342130586790101E-01
1.6266266266266266E+06	5.0422403859666665E-01
1.6316316316316316E+06	5.0473399775326333E-01
1.6366366366366367E+06	5.0514435204777441E-01
1.6416416416416415E+06	5.0550158532112233E-01
1.6466466466466465E+06	5.0583914398840424E-01
1.6516516516516516E+06	5.0623775957515216E-01
1.6566566566566566E+06	5.0670114621496543E-01
1.6616616616616617E+06	5.0719108795951351E-01
1.6666666666666667E+06	5.0768168888684806E-01
1.6716716716716716E+06	5.0819366832834578E-01
1.6766766766766766E+06	5.0870233383180352E-01
1.6816816816816817E+06	5.0918869841448078E-01
1.6866866866866867E+06	5.0965730265893583E-01
1.6916916916916918E+06	5.1010384901745065E-01
1.6966966966966966E+06	5.1054015358375238E-01
1.7017017017017016E+06	5.1100450053415636E-01
1.7067067067067067E+06	5.1154245468005743E-01
1.7117117117117117E+06	5.1211514436393213E-01
1.7167167167167168E+06	5.1263535157446760E-01
1.7217217217217218E+06	5.1308060158753355E-01
1.7267267267267266E+06	5.1357940435796268E-01
1.7317317317317317E+06	5.1403016720834194E-01
1.7367367367367367E+06	5.1462057631802571E-01
1.7417417417417418E+06	5.1532972882543160E-01
1.7467467467467468E+06	5.1431263165835295E-01
1.7517517517517516E+06	5.1264165961069119E-01
1.7567567567567567E+06	5.1133361540722444E-01
1.7617617617617617E+06	5.1031109810339792E-01
1.7667667667667668E+06	5.1224010597538883E-01
1.7717717717717718E+06	5.1471614106464059E-01
1.7767767767767766E+06	5.1678692282667160E-01
1.7817817817817817E+06	5.1902685379819924E-01
1.7867867867867867E+06	5.1830571783939117E-01
1.7917917917917918E+06	5.1624838454584765E-01
1.7967967967967968E+06	5.1471272103878196E-01
1.8018018018018017E+06	5.1498063300880237E-01
1.8068068068068067E+06	5.1741764062908957E-01
1.8118118118118118E+06	5.1998577701993121E-01
1.8168168168168168E+06	5.2023971811450664E-01
1.8218218218218219E+06	5.1835355160450025E-01
1.8268268268268269E+06	5.1782177421574449E-01
1.8318318318318317E+06	5.1633597742473580E-01
1.8368368368368368E+06	5.1677690746657501E-01
1.8418418418418418E+06	5.1740945910596392E-01
1.8468468468468469E+06	5.1892840311287380E-01
1.8518518518518519E+06	5.2112234798397794E-01
1.8568568568568567E+06	5.1969877077116489E-01
1.8618618618618618E+06	5.2066846392570998E-01
1.8668668668668668E+06	5.2132245120043741E-01
1.8718718718718719E+06	5.2103194983705892E-01
1.8768768768768769E+06	5.2309024078099198E-01
1.8818818818818820E+06	5.2220495613339635E-01
1.8868868868868868E+06	5.2329970844574991E-01
1.8918918918918918E+06	5.2436171644894802E-01
1.8968968968968969E+06	5.2366376647696455E-01
1.9019019019019019E+06	5.2578510459142158E-01
1.9069069069069070E+06	5.2820353258447850E-01
1.9119119119119118E+06	5.2876909476996004E-01
1.9169169169169168E+06	5.2661601255570867E-01
1.9219219219219219E+06	5.2645523255030402E-01
1.9269269269269269E+06	5.2712735069531236E-01
1.9319319319319320E+06	5.2802956361371056E-01
1.9369369369369368E+06	5.3033866170373856E-01
1.9419419419419419E+06	5.3253584798297016E-01
1.9469469469469469E+06	5.3183807654562198E-01
1.9519519519519520E+06	5.2980560726575032E-01
1.9569569569569570E+06	5.3070634535058703E-01
1.9619619619619618E+06	5.3117434533761543E-01
1.9669669669669669E+06	5.3183487185941136E-01
1.9719719719719719E+06	5.3231838015444577E-01
1.9769769769769770E+06	5.3327578725534763E-01
1.9819819819819820E+06	5.3338647858764388E-01
1.9869869869869871E+06	5.3426798654446805E-01
1.9919919919919919E+06	5.3454123752556748E-01
1.9969969969969969E+06	5.3537338772316101E-01
2.0020020020020020E+06	5.3600839360934716E-01
2.0070070070070070E+06	5.3642498074445810E-01
2.0120120120120121E+06	5.3710186736674126E-01
2.0170170170170169E+06	5.3790145774289044E-01
2.0220220220220219E+06	5.3883773238023247E-01
2.0270270270270270E+06	5.3866135273304872E-01
2.0320320320320320E+06	5.3927548458331542E-01
2.0370370370370371E+06	5.4021874388902746E-01
2.0420420420420421E+06	5.4032918206748792E-01
2.0470470470470469E+06	5.4132686247193007E-01
2.0520520520520520E+06	5.4147912827357991E-01
2.0570570570570570E+06	5.4240908929643106E-01
2.0620620620620621E+06	5.4317732137101093E-01
2.0670670670670671E+06	5.4327873061454868E-01
2.0720720720720720E+06	5.4411823489456079E-01
2.0770770770770770E+06	5.4487110811598960E-01
2.0820820820820821E+06	5.4498814441082655E-01
2.0870870870870871E+06	5.4582905587421160E-01
2.0920920920920921E+06	5.4642033781539601E-01
2.0970970970970970E+06	5.4683071929972693E-01
2.1021021021021022E+06	5.4782109802175116E-01
2.1071071071071071E+06	5.4791434398587890E-01
2.1121121121121119E+06	5.4877708133054381E-01
2.1171171171171172E+06	5.4942984718288201E-01
2.1221221221221220E+06	5.4974181804366029E-01
2.1271271271271273E+06	5.5061866083511724E-01
2.1321321321321321E+06	5.5103090035896085E-01
2.1371371371371369E+06	5.5157143317702795E-01
2.1421421421421422E+06	5.5252843563041620E-01
2.1471471471471470E+06	5.5271994642743538E-01
2.1521521521521523E+06	5.5339865864150739E-01
2.1571571571571571E+06	5.5439736017251606E-01
2.1621621621621624E+06	5.5445532267141728E-01
2.1671671671671672E+06	5.5537004466930973E-01
2.1721721721721720E+06	5.5600494022851377E-01
2.1771771771771773E+06	5.5631974775925186E-01
2.1821821821821821E+06	5.5730706301256894E-01
2.1871871871871874E+06	5.5775494220469957E-01
2.1921921921921922E+06	5.5814254059110080E-01
2.1971971971971970E+06	5.5908829302709240E-01
2.2022022022022023E+06	5.5953692070962635E-01
2.2072072072072071E+06	5.5994822602552963E-01
2.2122122122122124E+06	5.6080985290840857E-01
2.2172172172172172E+06	5.6107101668628068E-01
2.2222222222222220E+06	5.6205849933383745E-01
2.2272272272272273E+06	5.6286466490711107E-01
2.2322322322322321E+06	5.6300572092079759E-01
2.2372372372372374E+06	5.6374619760784928E-01
2.2422422422422422E+06	5.6474601026726112E-01
2.2472472472472470E+06	5.6483743938089748E-01
2.2522522522522523E+06	5.6570731618212733E-01
2.2572572572572571E+06	5.6659011816952498E-01
2.2622622622622624E+06	5.6668370462140283E-01
2.2672672672672672E+06	5.6765055911078566E-01
2.2722722722722720E+06	5.6841109024413639E-01
2.2772772772772773E+06	5.6865431756073337E-01
2.2822822822822821E+06	5.6971755311417305E-01
2.2872872872872874E+06	5.6983029884899317E-01
2.2922922922922922E+06	5.7086369574800266E-01
2.2972972972972970E+06	5.7128915174783312E-01
2.3023023023023023E+06	5.7191495343112930E-01
2.3073073073073071E+06	5.7278697869229989E-01
2.3123123123123124E+06	5.7311005782999591E-01
2.3173173173173172E+06	5.7384111174518315E-01
2.3223223223223221E+06	5.7476024313331886E-01
2.3273273273273273E+06	5.7502534744595901E-01
2.3323323323323322E+06	5.7576257347488236E-01
2.3373373373373374E+06	5.7679715966755229E-01
2.3423423423423423E+06	5.7690230116202723E-01
2.3473473473473475E+06	5.7780755488409496E-01
2.3523523523523523E+06	5.7867968532360092E-01
2.3573573573573572E+06	5.7889163693660661E-01
2.3623623623623624E+06	5.7982830200659619E-01
2.3673673673673673E+06	5.8025268941604824E-01
2.3723723723723725E+06	5.8103857991120755E-01
2.3773773773773774E+06	5.8183705873479685E-01
2.3823823823823822E+06	5.8250152047497150E-01
2.3873873873873875E+06	5.8280549247593061E-01
2.3923923923923923E+06	5.8399578114140827E-01
2.3973973973973976E+06	5.8439172917196591E-01
2.4024024024024024E+06	5.8485901879143620E-01
2.4074074074074072E+06	5.8570364232672489E-01
2.4124124124124125E+06	5.8661017033041929E-01
2.4174174174174173E+06	5.8680376397270251E-01
2.4224224224224226E+06	5.8789579686234261E-01
2.4274274274274274E+06	5.8873390344980980E-01
2.4324324324324322E+06	5.8895515608223792E-01
2.4374374374374375E+06	5.8961364976931185E-01
2.4424424424424423E+06	5.9059822149179153E-01
2.4474474474474476E+06	5.9124024645256534E-01
2.4524524524524524E+06	5.9158137347794260E-01
2.4574574574574572E+06	5.9248673754301440E-01
2.4624624624624625E+06	5.9348187232118355E-01
2.4674674674674673E+06	5.9360778855596796E-01
2.4724724724724726E+06	5.9470269706878853E-01
2.4774774774774774E+06	5.9502748915280967E-01
2.4824824824824827E+06	5.9581063541669577E-01
2.4874874874874875E+06	5.9687501532204879E-01
2.4924924924924923E+06	5.9741420196406936E-01
2.4974974974974976E+06	5.9772036421105790E-01
2.5025025025025024E+06	5.9872161161090676E-01
2.5075075075075077E+06	5.9937998775941759E-01
2.5125125125125125E+06	5.9993254964503473E-01
2.5175175175175173E+06	6.0110602598586071E-01
2.5225225225225226E+06	6.0124632574585490E-01
2.5275275275275274E+06	6.0216476331351532E-01
2.5325325325325327E+06	6.0315541988572785E-01
2.5375375375375375E+06	6.0376162848287840E-01
2.5425425425425423E+06	6.0409095959539960E-01
2.5475475475475476E+06	6.0517853051071047E-01
2.5525525525525524E+06	6.0614110189778247E-01
2.5575575575575577E+06	6.0628975537333440E-01
2.5625625625625625E+06	6.0726835670366341E-01
2.5675675675675673E+06	6.0835847540105437E-01
2.5725725725725726E+06	6.0846365897944643E-01
2.5775775775775774E+06	6.0940811835797914E-01
2.5825825825825827E+06	6.1046160616763523E-01
2.5875875875875875E+06	6.1076084212040604E-01
2.5925925925925924E+06	6.1151491905684963E-01
2.5975975975975976E+06	6.1245010489335550E-01
2.6026026026026024E+06	6.1300318826926636E-01
2.6076076076076077E+06	6.1363636566785018E-01
2.6126126126126125E+06	6.1469990335441993E-01
2.6176176176176174E+06	6.1542491463669624E-01
2.6226226226226226E+06	6.1582709192631302E-01
2.6276276276276275E+06	6.1680631610674919E-01
2.6326326326326327E+06	6.1782864122622916E-01
2.6376376376376376E+06	6.1846128401753053E-01
2.6426426426426424E+06	6.1876042717507218E-01
2.6476476476476477E+06	6.1966941719426416E-01
2.6526526526526525E+06	6.2091560026893300E-01
2.6576576576576577E+06	6.2113664161108018E-01
2.6626626626626626E+06	6.2183819656660066E-01
2.6676676676676678E+06	6.2267644598659744E-01
2.6726726726726727E+06	6.2382481460229455E-01
2.6776776776776775E+06	6.2415003706179917E-01
2.6826826826826828E+06	6.2487697349416915E-01
2.6876876876876876E+06	6.2596005104502783E-01
2.6926926926926929E+06	6.2683326036399611E-01
2.6976976976976977E+06	6.2720000496197670E-01
2.7027027027027025E+06	6.2801081455761942E-01
2.7077077077077078E+06	6.2887825715079315E-01
2.7127127127127126E+06	6.3000788541658759E-01
2.7177177177177179E+06	6.3090835817732982E-01
2.7227227227227227E+06	6.3117615490045409E-01
2.7277277277277275E+06	6.3195750407192941E-01
2.7327327327327328E+06	6.3288543691205634E-01
2.7377377377377376E+06	6.3381111945643442E-01
2.7427427427427429E+06	6.3480098901702298E-01
2.7477477477477477E+06	6.3509403811392084E-01
2.7527527527527525E+06	6.3585147513002849E-01
2.7577577577577578E+06	6.3710395382542717E-01
2.7627627627627626E+06	6.3794173327213455E-01
2.7677677677677679E+06	6.3854989167706810E-01
2.7727727727727727E+06	6.3900194650564024E-01
2.7777777777777775E+06	6.3988503324747092E-01
2.7827827827827828E+06	6.4088688983923026E-01
2.7877877877877876E+06	6.4197495970773955E-01
2.7927927927927929E+06	6.4252969394784676E-01
2.7977977977977977E+06	6.4302670323743949E-01
2.8028028028028030E+06	6.4409291991037487E-01
2.8078078078078078E+06	6.4500328667402518E-01
2.8128128128128126E+06	6.4606121661702032E-01
2.8178178178178179E+06	6.4681609109764593E-01
2.8228228228228227E+06	6.4730034936081815E-01
2.8278278278278280E+06	6.4788983626258390E-01
2.8328328328328328E+06	6.4884903971560903E-01
2.8378378378378376E+06	6.4997147895070295E-01
2.8428428428428429E+06	6.5080741741183179E-01
2.8478478478478477E+06	6.5204286310098103E-01
2.8528528528528530E+06	6.5275205258574709E-01
2.8578578578578578E+06	6.5302008834771719E-01
2.8628628628628626E+06	6.5377940123243750E-01
2.8678678678678679E+06	6.5470502922236218E-01
2.8728728728728727E+06	6.5581075326554017E-01
2.8778778778778780E+06	6.5662353372881987E-01
2.8828828828828828E+06	6.5770087965562862E-01
2.8878878878878877E+06	6.5793951160902708E-01
2.8928928928928929E+06	6.5890629156231328E-01
2.8978978978978978E+06	6.6006301741447715E-01
2.9029029029029030E+06	6.6106994557545673E-01
2.9079079079079079E+06	6.6153628919908514E-01
2.9129129129129127E+06	6.6221294661609975E-01
2.9179179179179179E+06	6.6335858313063112E-01
2.9229229229229228E+06	6.6436213437118385E-01
2.9279279279279280E+06	6.6534544026889131E-01
2.9329329329329329E+06	6.6602710878462701E-01
2.9379379379379377E+06	6.6655305108354146E-01
2.9429429429429430E+06	6.6747860273475812E-01
2.9479479479479478E+06	6.6843505197491004E-01
2.9529529529529531E+06	6.6931059198789633E-01
2.9579579579579579E+06	6.7039172387407131E-01
2.9629629629629627E+06	6.7141426809933158E-01
2.9679679679679680E+06	6.7240803145696482E-01
2.9729729729729728E+06	6.7323109587348040E-01
2.9779779779779781E+06	6.7350724144559526E-01
2.9829829829829829E+06	6.7447034056900246E-01
2.9879879879879882E+06	6.7546623306073594E-01
2.9929929929929930E+06	6.7630962919582360E-01
2.9979979979979978E+06	6.7736013555149877E-01
3.0030030030030031E+06	6.7852645518287469E-01
3.0080080080080079E+06	6.7947173273088723E-01
3.0130130130130132E+06	6.8014850094300017E-01
3.0180180180180180E+06	6.8081425725129119E-01
3.0230230230230228E+06	6.8155788426432451E-01
3.0280280280280281E+06	6.8252793680320167E-01
3.0330330330330329E+06	6.8340956167161260E-01
3.0380380380380382E+06	6.8436924047630276E-01
3.0430430430430430E+06	6.8526894670488969E-01
3.0480480480480478E+06	6.8620951352810700E-01
3.0530530530530531E+06	6.8718653776328964E-01
3.0580580580580579E+06	6.8816809593527306E-01
3.0630630630630632E+06	6.8918358039976391E-01
3.0680680680680680E+06	6.9030154031136282E-01
3.0730730730730728E+06	6.9134238585643115E-01
3.0780780780780781E+06	6.9200863730769691E-01
3.0830830830830829E+06	6.9277333407325292E-01
3.0880880880880882E+06	6.9349820625915015E-01
3.0930930930930930E+06	6.9455389862866057E-01
3.0980980980980978E+06	6.9560317305604402E-01
3.1031031031031031E+06	6.9634266569644587E-01
3.1081081081081079E+06	6.9711731545947608E-01
3.1131131131131132E+06	6.9813112204266281E-01
3.1181181181181180E+06	6.9923575075533928E-01
3.1231231231231233E+06	7.0001907161011001E-01
3.1281281281281281E+06	7.0100523101792389E-01
3.1331331331331329E+06	7.0212008770972545E-01
3.1381381381381382E+06	7.0302878879638087E-01
3.1431431431431430E+06	7.0403190971219154E-01
3.1481481481481483E+06	7.0525622276337951E-01
3.1531531531531531E+06	7.0618118381139960E-01
3.1581581581581580E+06	7.0706020458185459E-01
3.1631631631631632E+06	7.0790152173637377E-01
3.1681681681681680E+06	7.0878037329646970E-01
3.1731731731731733E+06	7.0945509524710559E-01
3.1781781781781781E+06	7.1044435690731067E-01
3.1831831831831830E+06	7.1144728241495758E-01
3.1881881881881882E+06	7.1238336652214940E-01
3.1931931931931931E+06	7.1332714552151366E-01
3.1981981981981983E+06	7.1426131091905587E-01
3.2032032032032032E+06	7.1521216823311862E-01
3.2082082082082080E+06	7.1618065577616741E-01
3.2132132132132133E+06	7.1719372752809063E-01
3.2182182182182181E+06	7.1826280023951261E-01
3.2232232232232234E+06	7.1926708165604969E-01
3.2282282282282282E+06	7.2021748096227967E-01
3.2332332332332330E+06	7.2123176960774416E-01
3.2382382382382383E+06	7.2226806576421831E-01
3.2432432432432431E+06	7.2352011597361432E-01
3.2482482482482484E+06	7.2440404826732974E-01
3.2532532532532532E+06	7.2516704333763093E-01
3.2582582582582580E+06	7.2613921697652528E-01
3.2632632632632633E+06	7.2706780156025075E-01
3.2682682682682681E+06	7.2800121433131515E-01
3.2732732732732734E+06	7.2891357258920775E-01
3.2782782782782782E+06	7.2996380954416118E-01
3.2832832832832830E+06	7.3086263670091633E-01
3.2882882882882883E+06	7.3194436962826537E-01
3.2932932932932931E+06	7.3311850406258194E-01
3.2982982982982984E+06	7.3392577857653574E-01
3.3033033033033032E+06	7.3487749605461161E-01
3.3083083083083085E+06	7.3568697883357392E-01
3.3133133133133133E+06	7.3679186896421056E-01
3.3183183183183181E+06	7.3773636533742115E-01
3.3233233233233234E+06	7.3860411783963675E-01
3.3283283283283282E+06	7.3972635076763649E-01
3.3333333333333335E+06	7.4106528395722304E-01
3.3383383383383383E+06	7.4185178970893939E-01
3.3433433433433431E+06	7.4261704374382931E-01
3.3483483483483484E+06	7.4370779436083401E-01
3.3533533533533532E+06	7.4495237377633028E-01
3.3583583583583585E+06	7.4629282187531953E-01
3.3633633633633633E+06	7.4735477474089984E-01
3.3683683683683681E+06	7.4821936606935446E-01
3.3733733733733734E+06	7.4916796894170612E-01
3.3783783783783782E+06	7.5003987786774329E-01
3.3833833833833835E+06	7.5118818459337844E-01
3.3883883883883883E+06	7.5188981240888375E-01
3.3933933933933931E+06	7.5262101091575428E-01
3.3983983983983984E+06	7.5374850251480052E-01
3.4034034034034032E+06	7.5451223966265313E-01
3.4084084084084085E+06	7.5578797771503070E-01
3.4134134134134133E+06	7.5708792760622889E-01
3.4184184184184182E+06	7.5826513476236768E-01
3.4234234234234234E+06	7.5905573133724824E-01
3.4284284284284282E+06	7.6022528127599465E-01
3.4334334334334335E+06	7.6093586055181273E-01
3.4384384384384383E+06	7.6184512585876518E-01
3.4434434434434436E+06	7.6282152571938544E-01
3.4484484484484484E+06	7.6368800029822159E-01
3.4534534534534533E+06	7.6434349694856762E-01
3.4584584584584585E+06	7.6538842384518135E-01
3.4634634634634634E+06	7.6648132331187446E-01
3.4684684684684686E+06	7.6771115219036579E-01
3.4734734734734735E+06	7.6885924341246903E-01
3.4784784784784783E+06	7.6996173622038522E-01
3.4834834834834835E+06	7.7047120823283310E-01
3.4884884884884884E+06	7.7131904827850162E-01
3.4934934934934936E+06	7.7213237462349782E-01
3.4984984984984985E+06	7.7312171911633309E-01
3.5035035035035033E+06	7.7464321406941095E-01
3.5085085085085086E+06	7.7544328591933509E-01
3.5135135135135134E+06	7.7590750703274924E-01
3.5185185185185187E+06	7.7674463010424655E-01
3.5235235235235235E+06	7.7772810896098488E-01
3.5285285285285283E+06	7.7933972524957607E-01
3.5335335335335336E+06	7.8027379423635346E-01
3.5385385385385384E+06	7.8070173187533065E-01
3.5435435435435437E+06	7.8182781233408660E-01
3.5485485485485485E+06	7.8229034365679817E-01
3.5535535535535533E+06	7.8289507232791555E-01
3.5585585585585586E+06	7.8372438882190065E-01
3.5635635635635634E+06	7.8462508404832687E-01
3.5685685685685687E+06	7.8563768762376385E-01
3.5735735735735735E+06	7.8707453529360827E-01
3.5785785785785783E+06	7.8783617390260652E-01
3.5835835835835836E+06	7.8848790841846739E-01
3.5885885885885884E+06	7.8892014078918571E-01
3.5935935935935937E+06	7.8948459788079206E-01
3.5985985985985985E+06	7.9039018392660410E-01
3.6036036036036033E+06	7.9168007021607578E-01
3.6086086086086086E+06	7.9237915681089011E-01
3.6136136136136134E+06	7.9315217291706297E-01
3.6186186186186187E+06	7.9356260021137814E-01
3.6236236236236235E+06	7.9411324304900366E-01
3.6286286286286288E+06	7.9509003251939536E-01
3.6336336336336336E+06	7.9609010458802631E-01
3.6386386386386384E+06	7.9652326792086725E-01
3.6436436436436437E+06	7.9692215654974941E-01
3.6486486486486485E+06	7.9741487396098576E-01
3.6536536536536538E+06	7.9760652279706001E-01
3.6586586586586586E+06	7.9861608615578206E-01
3.6636636636636634E+06	7.9938737307202512E-01
3.6686686686686687E+06	7.9946718397765226E-01
3.6736736736736735E+06	7.9975847207395478E-01
3.6786786786786788E+06	8.0001667021209200E-01
3.6836836836836836E+06	8.0079278962719036E-01
3.6886886886886884E+06	8.0078155122142147E-01
3.6936936936936937E+06	8.0026804509311544E-01
3.6986986986986985E+06	7.9954915523914782E-01
3.7037037037037038E+06	1.3785396872866890E-01
3.7087087087087086E+06	9.4926969929647623E-02
3.7137137137137135E+06	7.7847524170047422E-02
3.7187187187187187E+06	6.7805655110918642E-02
3.7237237237237236E+06	6.0657964176979946E-02
3.7287287287287288E+06	5.4828501024467860E-02
3.7337337337337337E+06	4.9698412882606728E-02
3.7387387387387385E+06	4.4963809524281820E-02
3.7437437437437437E+06	4.0612514853808436E-02
3.7487487487487486E+06	3.6737416132892123E-02
3.7537537537537538E+06	3.3556787424725745E-02
3.7587587587587587E+06	3.1389222113925579E-02
3.7637637637637639E+06	3.0627327857843872E-02
3.7687687687687688E+06	3.1791377849499647E-02
3.7737737737737736E+06	3.5287383534269467E-02
3.7787787787787789E+06	4.1225420850168309E-02
3.7837837837837837E+06	4.8959940520042974E-02
3.7887887887887890E+06	5.6902755160002094E-02
3.7937937937937938E+06	6.3711002880646878E-02
3.7987987987987986E+06	6.8948663572187693E-02
3.8038038038038039E+06	7.2749920429406034E-02
3.8088088088088087E+06	7.5464447254440487E-02
3.8138138138138140E+06	7.7395320935883208E-02
3.8188188188188188E+06	7.8769788620279238E-02
3.8238238238238236E+06	7.9737099379932314E-02
3.8288288288288289E+06	8.0403177732082512E-02
3.8338338338338337E+06	8.0846913874770374E-02
3.8388388388388390E+06	8.1121892001523033E-02
3.8438438438438438E+06	8.1261679380084453E-02
3.8488488488488486E+06	8.1293385538879950E-02
3.8538538538538539E+06	8.1236506485130505E-02
3.8588588588588587E+06	8.1109271976285729E-02
3.8638638638638640E+06	8.0924361244662318E-02
3.8688688688688688E+06	8.0691970139640454E-02
3.8738738738738736E+06	8.0421798390160934E-02
3.8788788788788789E+06	8.0118258833103237E-02
3.8838838838838837E+06	7.9782510571669726E-02
3.8888888888888890E+06	7.9415665123200502E-02
3.8938938938938938E+06	7.9020489935139618E-02
3.8988988988988986E+06	7.8607574472047095E-02
3.9039039039039039E+06	7.8189815568902102E-02
3.9089089089089087E+06	7.7780110393416729E-02
3.9139139139139140E+06	7.7387993050582707E-02
3.9189189189189188E+06	7.7002328742674805E-02
3.9239239239239236E+06	7.6606086581820304E-02
3.9289289289289289E+06	7.6192625436394767E-02
3.9339339339339337E+06	7.5717290747496654E-02
3.9389389389389390E+06	7.4633802098620639E-02
3.9439439439439438E+06	7.1428738351717494E-02
3.9489489489489491E+06	6.7503838627736429E-02
3.9539539539539539E+06	6.3973719928429054E-02
3.9589589589589587E+06	6.1136234517354657E-02
3.9639639639639640E+06	5.8794770522429006E-02
3.9689689689689688E+06	5.6815064372864960E-02
3.9739739739739741E+06	5.5128696068088130E-02
3.9789789789789789E+06	5.3618108441432007E-02
3.9839839839839838E+06	5.2283511451205474E-02
3.9889889889889890E+06	5.1098667912012154E-02
3.9939939939939938E+06	5.0006384356664810E-02
3.9989989989989991E+06	4.9028480244711396E-02
4.0040040040040039E+06	4.8190165466814879E-02
4.0090090090090088E+06	4.7477364870786722E-02
4.0140140140140140E+06	4.6873899024067398E-02
4.0190190190190189E+06	4.6385467064003261E-02
4.0240240240240241E+06	4.6025013355864557E-02
4.0290290290290290E+06	4.5799611196637467E-02
4.0340340340340338E+06	4.5703491822098812E-02
4.0390390390390391E+06	4.5729189640854172E-02
4.0440440440440439E+06	4.5868636839014904E-02
4.0490490490490492E+06	4.6111140282028944E-02
4.0540540540540540E+06	4.6445291622967226E-02
4.0590590590590588E+06	4.6859682209576904E-02
4.0640640640640641E+06	4.7342358165979925E-02
4.0690690690690689E+06	4.7879687916210549E-02
4.0740740740740742E+06	4.8457718236157937E-02
4.0790790790790790E+06	4.9062495901711342E-02
4.0840840840840843E+06	4.9680164110856982E-02
4.0890890890890891E+06	5.0300058463556320E-02
4.0940940940940939E+06	5.0915365877058839E-02
4.0990990990990992E+06	5.1519502930015754E-02
4.1041041041041040E+06	5.2105886201297510E-02
4.1091091091091093E+06	5.2667978440147825E-02
4.1141141141141141E+06	5.3201012555643461E-02
4.1191191191191189E+06	5.3702506744965676E-02
4.1241241241241242E+06	5.4170130513798119E-02
4.1291291291291290E+06	5.4601553367824476E-02
4.1341341341341343E+06	5.4994446477111020E-02
4.1391391391391391E+06	5.5347902209720599E-02
4.1441441441441439E+06	5.5665024319806626E-02
4.1491491491491492E+06	5.5949619256166545E-02
4.1541541541541540E+06	5.6205493467597720E-02
4.1591591591591593E+06	5.6436453402897602E-02
4.1641641641641641E+06	5.6646305510863609E-02
4.1691691691691689E+06	5.6838444154608092E-02
4.1741741741741742E+06	5.7014070262007166E-02
4.1791791791791790E+06	5.7173657852177109E-02
4.1841841841841843E+06	5.7317666891283030E-02
4.1891891891891891E+06	5.7442666242395649E-02
4.1941941941941939E+06	5.7536201042393514E-02
4.1991991991991987E+06	5.7599494867827832E-02
4.2042042042042045E+06	5.7655343303860671E-02
4.2092092092092093E+06	5.7681120842109829E-02
4.2142142142142141E+06	5.7292222164874125E-02
4.2192192192192189E+06	5.6661942391271314E-02
4.2242242242242238E+06	5.5955960463880648E-02
4.2292292292292295E+06	5.4706878605361622E-02
4.2342342342342343E+06	5.3355660621563973E-02
4.2392392392392391E+06	5.2054707441495658E-02
4.2442442442442439E+06	5.0872093849958160E-02
4.2492492492492488E+06	4.9807555782775223E-02
4.2542542542542545E+06	4.8886821537793522E-02
4.2592592592592593E+06	4.8063663043189535E-02
4.2642642642642641E+06	4.7310902489283400E-02
4.2692692692692690E+06	4.6632148314266236E-02
4.2742742742742738E+06	4.6018444800049838E-02
4.2792792792792795E+06	4.5442674337909793E-02
4.2842842842842843E+06	4.4895521893498928E-02
4.2892892892892892E+06	4.4385532388607929E-02
4.2942942942942940E+06	4.3916852381626910E-02
4.2992992992992988E+06	4.3480975259217347E-02
4.3043043043043045E+06	4.3067584529278981E-02
4.3093093093093093E+06	4.2672940538594890E-02
4.3143143143143142E+06	4.2303365385813446E-02
4.3193193193193190E+06	4.1966031410835346E-02
4.3243243243243247E+06	4.1666783780634375E-02
4.3293293293293295E+06	4.1405263339628101E-02
4.3343343343343344E+06	4.1179299409844661E-02
4.3393393393393392E+06	4.0986721095724252E-02
4.3443443443443440E+06	4.0825622360910231E-02
4.3493493493493497E+06	4.0695620347300496E-02
4.3543543543543546E+06	4.0596875625538792E-02
4.3593593593593594E+06	4.0529549438336733E-02
4.3643643643643642E+06	4.0493803028405953E-02
4.3693693693693690E+06	4.0489446265987494E-02
4.3743743743743747E+06	4.0514875961072998E-02
4.3793793793793796E+06	4.0568133755817165E-02
4.3843843843843844E+06	4.0647261292372672E-02
4.3893893893893892E+06	4.0750300212892179E-02
4.3943943943943940E+06	4.0875292289285416E-02
4.3993993993993998E+06	4.1020348714509020E-02
4.4044044044044046E+06	4.1183764298813375E-02
4.4094094094094094E+06	4.1363863862544821E-02
4.4144144144144142E+06	4.1558972226126770E-02
4.4194194194194190E+06	4.1767414209756333E-02
4.4244244244244248E+06	4.1987514633851489E-02
4.4294294294294296E+06	4.2217598364830071E-02
4.4344344344344344E+06	4.2456037023057093E-02
4.4394394394394392E+06	4.2701337016691293E-02
4.4444444444444440E+06	4.2952028898077692E-02
4.4494494494494498E+06	4.3206643219561316E-02
4.4544544544544546E+06	4.3463710533487181E-02
4.4594594594594594E+06	4.3721761392200305E-02
4.4644644644644642E+06	4.3979326348045716E-02
4.4694694694694690E+06	4.4234935953368436E-02
4.4744744744744748E+06	4.4487234924877973E-02
4.4794794794794796E+06	4.4736157389782163E-02
4.4844844844844844E+06	4.4982451771657529E-02
4.4894894894894892E+06	4.5226879297220586E-02
4.4944944944944941E+06	4.5470201193280498E-02
4.4994994994994998E+06	4.5713178686368601E-02
4.5045045045045046E+06	4.5956573003294296E-02
4.5095095095095094E+06	4.6201145370774160E-02
4.5145145145145142E+06	4.6447657015524703E-02
4.5195195195195191E+06	4.6696167657247649E-02
4.5245245245245248E+06	4.6941427694869954E-02
4.5295295295295296E+06	4.7175954007559126E-02
4.5345345345345344E+06	4.7398764539884133E-02
4.5395395395395393E+06	4.7616752259713943E-02
4.5445445445445441E+06	4.7836607358268134E-02
4.5495495495495498E+06	4.8057209590903566E-02
4.5545545545545546E+06	4.8232613492761617E-02
4.5595595595595594E+06	4.8368740032748062E-02
4.5645645645645643E+06	4.8888186786996746E-02
4.5695695695695691E+06	4.9205945977942186E-02
4.5745745745745748E+06	4.8973621424937552E-02
4.5795795795795796E+06	4.8375795787174200E-02
4.5845845845845845E+06	4.7604323571437138E-02
4.5895895895895893E+06	4.6775264047714531E-02
4.5945945945945941E+06	4.5927359430448220E-02
4.5995995995995998E+06	4.5128234315169463E-02
4.6046046046046047E+06	4.4369832733291245E-02
4.6096096096096095E+06	4.3661783763242555E-02
4.6146146146146143E+06	4.3024670606141110E-02
4.6196196196196191E+06	4.2445342589408713E-02
4.6246246246246248E+06	4.1911641894139220E-02
4.6296296296296297E+06	4.1427537140285971E-02
4.6346346346346345E+06	4.0997436117724294E-02
4.6396396396396393E+06	4.0616151532144297E-02
4.6446446446446441E+06	4.0275273248777874E-02
4.6496496496496499E+06	3.9968440949034581E-02
4.6546546546546547E+06	3.9694631235727425E-02
4.6596596596596595E+06	3.9453677139253088E-02
4.6646646646646643E+06	3.9245134876729995E-02
4.6696696696696701E+06	3.9066763631276535E-02
4.6746746746746749E+06	3.8915605146471501E-02
4.6796796796796797E+06	3.8788699291303116E-02
4.6846846846846845E+06	3.8683315804419707E-02
4.6896896896896893E+06	3.8598067567576694E-02
4.6946946946946951E+06	3.8532053889805885E-02
4.6996996996996999E+06	3.8484374753806352E-02
4.7047047047047047E+06	3.8454130203249483E-02
4.7097097097097095E+06	3.8440474971835982E-02
4.7147147147147143E+06	3.8442719114540509E-02
4.7197197197197201E+06	3.8460200072872340E-02
4.7247247247247249E+06	3.8492255288340750E-02
4.7297297297297297E+06	3.8538222202475117E-02
4.7347347347347345E+06	3.8597437569723329E-02
4.7397397397397393E+06	3.8669212105398129E-02
4.7447447447447451E+06	3.8752823080966926E-02
4.7497497497497499E+06	3.8847545570804796E-02
4.7547547547547547E+06	3.8952654649286808E-02
4.7597597597597595E+06	3.9067425390788016E-02
4.7647647647647643E+06	3.9191132869683509E-02
4.7697697697697701E+06	3.9323061891760554E-02
4.7747747747747749E+06	3.9462675458221227E-02
4.7797797797797797E+06	3.9609592590683883E-02
4.7847847847847845E+06	3.9763437582611499E-02
4.7897897897897894E+06	3.9923834727467092E-02
4.7947947947947951E+06	4.0090408318713668E-02
4.7997997997997999E+06	4.0262782649814206E-02
4.8048048048048047E+06	4.0440582014300473E-02
4.8098098098098096E+06	4.0623430894141943E-02
4.8148148148148144E+06	4.0810965640531702E-02
4.8198198198198201E+06	4.1002841325294991E-02
4.8248248248248249E+06	4.1198714669078089E-02
4.8298298298298297E+06	4.1398242392527325E-02
4.8348348348348346E+06	4.1601081216289006E-02
4.8398398398398394E+06	4.1806887861009445E-02
4.8448448448448451E+06	4.2015319047334951E-02
4.8498498498498499E+06	4.2226031495911830E-02
4.8548548548548548E+06	4.2438681927386396E-02
4.8598598598598596E+06	4.2652928562714652E-02
4.8648648648648644E+06	4.2868472046071408E-02
4.8698698698698701E+06	4.3085060372963564E-02
4.8748748748748749E+06	4.3302444028563619E-02
4.8798798798798798E+06	4.3520373498044038E-02
4.8848848848848846E+06	4.3738599266660481E-02
4.8898898898898894E+06	4.3956871819419020E-02
4.8948948948948951E+06	4.4174941641575281E-02
4.8998998998999000E+06	4.4392559218301722E-02
4.9049049049049048E+06	4.4609475034770828E-02
4.9099099099099096E+06	4.4825440814608847E-02
4.9149149149149144E+06	4.5040663869344112E-02
4.9199199199199202E+06	4.5256484787223175E-02
4.9249249249249250E+06	4.5474417402170141E-02
4.9299299299299298E+06	4.5695975548109127E-02
4.9349349349349346E+06	4.5922673058964254E-02
4.9399399399399394E+06	4.6154088367817994E-02
4.9449449449449452E+06	4.6379204370048652E-02
4.9499499499499500E+06	4.6593359759454847E-02
4.9549549549549548E+06	4.6809211343530395E-02
4.9599599599599596E+06	4.7042745768945252E-02
4.9649649649649654E+06	4.7341969632755776E-02
4.9699699699699702E+06	4.7793794297129585E-02
4.9749749749749750E+06	4.8320369755500255E-02
4.9799799799799798E+06	4.8604603208764488E-02
4.9849849849849846E+06	4.8523112308086265E-02
4.9899899899899904E+06	4.8131519322280984E-02
4.9949949949949952E+06	4.7536537490242552E-02
5.0000000000000000E+06	4.6830918987148411E-02
