2.7348686754703522E-01	3.7320312500000000E+01
3.4053338319063187E-01	3.7578125000000000E+01
4.0656807273626328E-01	3.7578125000000000E+01
4.7274486720561981E-01	3.7578125000000000E+01
5.3886708617210388E-01	3.7578125000000000E+01
6.0613242536783218E-01	3.7597656250000000E+01
6.7240680009126663E-01	3.7597656250000000E+01
7.3853877186775208E-01	3.7597656250000000E+01
8.0465900152921677E-01	3.7597656250000000E+01
8.7087549269199371E-01	3.7597656250000000E+01
9.3709197640419006E-01	3.7597656250000000E+01
1.0032620877027512E+00	3.7597656250000000E+01
1.0694417431950569E+00	3.7597656250000000E+01
1.1355957910418510E+00	3.7597656250000000E+01
1.2017955183982849E+00	3.7597656250000000E+01
1.2680172994732857E+00	3.7597656250000000E+01
1.3342343047261238E+00	3.7597656250000000E+01
1.4011273309588432E+00	3.7597656250000000E+01
1.4681015610694885E+00	3.7597656250000000E+01
1.5344095155596733E+00	3.7597656250000000E+01
1.6008024513721466E+00	3.7597656250000000E+01
1.6671034246683121E+00	3.7597656250000000E+01
1.7333371192216873E+00	3.7597656250000000E+01
1.7995656728744507E+00	3.7597656250000000E+01
1.8657985925674438E+00	3.7597656250000000E+01
1.9320010244846344E+00	3.7597656250000000E+01
1.9982331469655037E+00	3.7597656250000000E+01
2.0644502341747284E+00	3.7597656250000000E+01
2.1306470260024071E+00	3.7597656250000000E+01
2.1968501135706902E+00	3.7597656250000000E+01
2.2630343735218048E+00	3.7597656250000000E+01
2.3299496024847031E+00	3.7597656250000000E+01
2.3967945426702499E+00	3.7597656250000000E+01
2.4634742066264153E+00	3.7597656250000000E+01
2.5303263142704964E+00	3.7597656250000000E+01
2.5979155227541924E+00	3.7605468750000000E+01
2.6649038046598434E+00	3.7605468750000000E+01
2.7316928803920746E+00	3.7605468750000000E+01
2.7983620017766953E+00	3.7605468750000000E+01
2.8652271330356598E+00	3.7605468750000000E+01
2.9319324940443039E+00	3.7605468750000000E+01
2.9987290576100349E+00	3.7605468750000000E+01
3.0655763223767281E+00	3.7605468750000000E+01
3.1323522627353668E+00	3.7605468750000000E+01
3.1991641148924828E+00	3.7605468750000000E+01
3.2659432515501976E+00	3.7605468750000000E+01
3.3328468948602676E+00	3.7605468750000000E+01
3.3996791690587997E+00	3.7605468750000000E+01
3.4664235711097717E+00	3.7605468750000000E+01
3.5332167595624924E+00	3.7605468750000000E+01
3.5998558849096298E+00	3.7605468750000000E+01
3.6666327416896820E+00	3.7605468750000000E+01
3.7333864420652390E+00	3.7605468750000000E+01
3.8000657036900520E+00	3.7605468750000000E+01
3.8668337985873222E+00	3.7605468750000000E+01
3.9337144792079926E+00	3.7605468750000000E+01
4.0005618482828140E+00	3.7605468750000000E+01
4.0671820715069771E+00	3.7605468750000000E+01
4.1339987367391586E+00	3.7605468750000000E+01
4.2008666992187500E+00	3.7605468750000000E+01
4.2670300379395485E+00	3.7605468750000000E+01
4.3332117497920990E+00	3.7605468750000000E+01
4.3993536308407784E+00	3.7605468750000000E+01
4.4654890894889832E+00	3.7605468750000000E+01
4.5316956862807274E+00	3.7605468750000000E+01
4.5978961363434792E+00	3.7605468750000000E+01
4.6640545129776001E+00	3.7605468750000000E+01
4.7301967665553093E+00	3.7605468750000000E+01
4.7963744252920151E+00	3.7605468750000000E+01
4.8625746592879295E+00	3.7605468750000000E+01
4.9292107075452805E+00	3.7605468750000000E+01
4.9955093264579773E+00	3.7605468750000000E+01
5.0618607848882675E+00	3.7605468750000000E+01
5.1281648352742195E+00	3.7605468750000000E+01
5.1944039314985275E+00	3.7605468750000000E+01
5.2606078758835793E+00	3.7605468750000000E+01
5.3268591389060020E+00	3.7605468750000000E+01
5.3934897780418396E+00	3.7605468750000000E+01
5.4597813189029694E+00	3.7605468750000000E+01
5.5259430259466171E+00	3.7605468750000000E+01
5.5921650379896164E+00	3.7605468750000000E+01
5.6584045067429543E+00	3.7605468750000000E+01
5.7245952039957047E+00	3.7605468750000000E+01
5.7908175066113472E+00	3.7605468750000000E+01
5.8570593595504761E+00	3.7605468750000000E+01
5.9232785701751709E+00	3.7605468750000000E+01
5.9903169572353363E+00	3.7605468750000000E+01
6.0566680207848549E+00	3.7605468750000000E+01
6.1234095394611359E+00	3.7605468750000000E+01
6.1898298487067223E+00	3.7605468750000000E+01
6.2560757994651794E+00	3.7605468750000000E+01
6.3223006576299667E+00	3.7605468750000000E+01
6.3885062709450722E+00	3.7605468750000000E+01
6.4553139284253120E+00	3.7605468750000000E+01
6.5215254500508308E+00	3.7605468750000000E+01
6.5877693891525269E+00	3.7605468750000000E+01
6.6540296301245689E+00	3.7605468750000000E+01
6.7202727422118187E+00	3.7605468750000000E+01
6.7864965945482254E+00	3.7605468750000000E+01
6.8527805060148239E+00	3.7605468750000000E+01
6.9190441593527794E+00	3.7605468750000000E+01
6.9855106174945831E+00	3.7605468750000000E+01
7.0517236962914467E+00	3.7605468750000000E+01
7.1179533749818802E+00	3.7605468750000000E+01
7.1841918453574181E+00	3.7605468750000000E+01
7.2504733279347420E+00	3.7605468750000000E+01
7.3168596550822258E+00	3.7605468750000000E+01
7.3833751454949379E+00	3.7605468750000000E+01
7.4500321894884109E+00	3.7605468750000000E+01
7.5168856829404831E+00	3.7605468750000000E+01
7.5838435292243958E+00	3.7605468750000000E+01
7.6508459895849228E+00	3.7605468750000000E+01
7.7178928330540657E+00	3.7605468750000000E+01
7.7848684787750244E+00	3.7605468750000000E+01
7.8518227785825729E+00	3.7605468750000000E+01
7.9187186509370804E+00	3.7605468750000000E+01
7.9857170060276985E+00	3.7605468750000000E+01
8.0527592077851295E+00	3.7605468750000000E+01
8.1197361946105957E+00	3.7605468750000000E+01
8.1866458579897881E+00	3.7605468750000000E+01
8.2536229267716408E+00	3.7605468750000000E+01
8.3205710873007774E+00	3.7605468750000000E+01
8.3875329792499542E+00	3.7605468750000000E+01
8.4545093253254890E+00	3.7605468750000000E+01
8.5214548781514168E+00	3.7605468750000000E+01
8.5884102582931519E+00	3.7605468750000000E+01
8.6553751528263092E+00	3.7605468750000000E+01
8.7223316803574562E+00	3.7605468750000000E+01
8.7892720177769661E+00	3.7605468750000000E+01
8.8561667576432228E+00	3.7605468750000000E+01
8.9231623113155365E+00	3.7605468750000000E+01
8.9901053756475449E+00	3.7605468750000000E+01
9.0569810867309570E+00	3.7605468750000000E+01
9.1239084079861641E+00	3.7605468750000000E+01
9.1908767595887184E+00	3.7605468750000000E+01
9.2580544799566269E+00	3.7605468750000000E+01
9.3248480334877968E+00	3.7605468750000000E+01
9.3916000351309776E+00	3.7605468750000000E+01
9.4584091007709503E+00	3.7605468750000000E+01
9.5252965763211250E+00	3.7605468750000000E+01
9.5929258838295937E+00	3.7605468750000000E+01
9.6600369215011597E+00	3.7605468750000000E+01
9.7270574048161507E+00	3.7605468750000000E+01
9.7941322550177574E+00	3.7605468750000000E+01
9.8612313792109489E+00	3.7605468750000000E+01
9.9283603653311729E+00	3.7605468750000000E+01
9.9954840987920761E+00	3.7605468750000000E+01
1.0062624767422676E+01	3.7605468750000000E+01
1.0130061395466328E+01	3.7605468750000000E+01
1.0197248838841915E+01	3.7605468750000000E+01
1.0264401786029339E+01	3.7605468750000000E+01
1.0332185231149197E+01	3.7605468750000000E+01
1.0399317950010300E+01	3.7605468750000000E+01
1.0466454260051250E+01	3.7605468750000000E+01
1.0533545888960361E+01	3.7605468750000000E+01
1.0600657403469086E+01	3.7605468750000000E+01
1.0668344825506210E+01	3.7605468750000000E+01
1.0735485166311264E+01	3.7605468750000000E+01
1.0802601821720600E+01	3.7605468750000000E+01
1.0869717106223106E+01	3.7605468750000000E+01
1.0936832934617996E+01	3.7605468750000000E+01
1.1004071086645126E+01	3.7605468750000000E+01
1.1071177624166012E+01	3.7605468750000000E+01
1.1138284057378769E+01	3.7605468750000000E+01
1.1205406159162521E+01	3.7605468750000000E+01
1.1272518716752529E+01	3.7605468750000000E+01
1.1339663945138454E+01	3.7605468750000000E+01
1.1406794413924217E+01	3.7605468750000000E+01
1.1473908945918083E+01	3.7605468750000000E+01
1.1541734792292118E+01	3.7605468750000000E+01
1.1608852095901966E+01	3.7605468750000000E+01
1.1675937645137310E+01	3.7605468750000000E+01
1.1742989487946033E+01	3.7605468750000000E+01
1.1811271831393242E+01	3.7609375000000000E+01
1.1878456898033619E+01	3.7609375000000000E+01
1.1945530779659748E+01	3.7609375000000000E+01
1.2012646436691284E+01	3.7609375000000000E+01
1.2080325044691563E+01	3.7609375000000000E+01
1.2147807233035564E+01	3.7609375000000000E+01
1.2214892119169235E+01	3.7609375000000000E+01
1.2282353155314922E+01	3.7609375000000000E+01
1.2349480837583542E+01	3.7609375000000000E+01
1.2416593305766582E+01	3.7609375000000000E+01
1.2483692519366741E+01	3.7609375000000000E+01
1.2550765313208103E+01	3.7609375000000000E+01
1.2618562310934067E+01	3.7609375000000000E+01
1.2685671046376228E+01	3.7609375000000000E+01
1.2752743884921074E+01	3.7609375000000000E+01
1.2820269875228405E+01	3.7609375000000000E+01
1.2888326406478882E+01	3.7609375000000000E+01
1.2956267751753330E+01	3.7609375000000000E+01
1.3024342611432076E+01	3.7609375000000000E+01
1.3092356145381927E+01	3.7609375000000000E+01
1.3160426832735538E+01	3.7609375000000000E+01
1.3228346139192581E+01	3.7609375000000000E+01
1.3296361230313778E+01	3.7609375000000000E+01
1.3364269375801086E+01	3.7609375000000000E+01
1.3432136446237564E+01	3.7609375000000000E+01
1.3500017680227757E+01	3.7609375000000000E+01
1.3567821934819221E+01	3.7609375000000000E+01
1.3635560050606728E+01	3.7609375000000000E+01
1.3703170642256737E+01	3.7609375000000000E+01
1.3770894072949886E+01	3.7609375000000000E+01
1.3838650137186050E+01	3.7609375000000000E+01
1.3906423151493073E+01	3.7609375000000000E+01
1.3974090285599232E+01	3.7609375000000000E+01
1.4041919089853764E+01	3.7609375000000000E+01
1.4109565861523151E+01	3.7609375000000000E+01
1.4177370950579643E+01	3.7609375000000000E+01
1.4245047464966774E+01	3.7609375000000000E+01
1.4312794834375381E+01	3.7609375000000000E+01
1.4380480304360390E+01	3.7609375000000000E+01
1.4447571590542793E+01	3.7609375000000000E+01
1.4514527097344398E+01	3.7609375000000000E+01
1.4581370912492275E+01	3.7609375000000000E+01
1.4648292720317841E+01	3.7609375000000000E+01
1.4715275563299656E+01	3.7609375000000000E+01
1.4782141141593456E+01	3.7609375000000000E+01
1.4848894171416759E+01	3.7609375000000000E+01
1.4916300006210804E+01	3.7609375000000000E+01
1.4983122885227203E+01	3.7609375000000000E+01
1.5050021968781948E+01	3.7609375000000000E+01
1.5116966597735882E+01	3.7609375000000000E+01
1.5184622891247272E+01	3.7609375000000000E+01
1.5251579143106937E+01	3.7609375000000000E+01
1.5318377725780010E+01	3.7609375000000000E+01
1.5385160587728024E+01	3.7609375000000000E+01
1.5452101700007915E+01	3.7609375000000000E+01
1.5518985144793987E+01	3.7609375000000000E+01
1.5585798189043999E+01	3.7609375000000000E+01
1.5652753368020058E+01	3.7609375000000000E+01
1.5719650678336620E+01	3.7609375000000000E+01
1.5786602541804314E+01	3.7609375000000000E+01
1.5853561773896217E+01	3.7609375000000000E+01
1.5920525029301643E+01	3.7609375000000000E+01
1.5987445197999477E+01	3.7609375000000000E+01
1.6054431073367596E+01	3.7609375000000000E+01
1.6121423929929733E+01	3.7609375000000000E+01
1.6188408926129341E+01	3.7609375000000000E+01
1.6255356907844543E+01	3.7609375000000000E+01
1.6322275608778000E+01	3.7609375000000000E+01
1.6389277055859566E+01	3.7609375000000000E+01
1.6456284135580063E+01	3.7609375000000000E+01
1.6523356176912785E+01	3.7609375000000000E+01
1.6590428322553635E+01	3.7609375000000000E+01
1.6657521173357964E+01	3.7609375000000000E+01
1.6724643945693970E+01	3.7609375000000000E+01
1.6791761808097363E+01	3.7609375000000000E+01
1.6858804553747177E+01	3.7609375000000000E+01
1.6925904668867588E+01	3.7609375000000000E+01
1.6993016786873341E+01	3.7609375000000000E+01
1.7060258179903030E+01	3.7609375000000000E+01
1.7127374418079853E+01	3.7609375000000000E+01
1.7194511659443378E+01	3.7609375000000000E+01
1.7261633776128292E+01	3.7609375000000000E+01
1.7328729473054409E+01	3.7609375000000000E+01
1.7395838610827923E+01	3.7609375000000000E+01
1.7462995216250420E+01	3.7609375000000000E+01
1.7530106410384178E+01	3.7609375000000000E+01
1.7597206577658653E+01	3.7609375000000000E+01
1.7664305150508881E+01	3.7609375000000000E+01
1.7731429345905781E+01	3.7609375000000000E+01
1.7798544093966484E+01	3.7609375000000000E+01
1.7865714222192764E+01	3.7609375000000000E+01
1.7932898119091988E+01	3.7609375000000000E+01
1.8000053487718105E+01	3.7609375000000000E+01
1.8067182570695877E+01	3.7609375000000000E+01
1.8134363658726215E+01	3.7609375000000000E+01
1.8201513886451721E+01	3.7609375000000000E+01
1.8268680125474930E+01	3.7609375000000000E+01
1.8335839807987213E+01	3.7609375000000000E+01
1.8403647512197495E+01	3.7609375000000000E+01
1.8470814011991024E+01	3.7609375000000000E+01
1.8538612984120846E+01	3.7609375000000000E+01
1.8605726115405560E+01	3.7609375000000000E+01
1.8672871217131615E+01	3.7609375000000000E+01
1.8740017972886562E+01	3.7609375000000000E+01
1.8807534947991371E+01	3.7609375000000000E+01
1.8874717056751251E+01	3.7609375000000000E+01
1.8941871225833893E+01	3.7609375000000000E+01
1.9009045019745827E+01	3.7609375000000000E+01
1.9076192229986191E+01	3.7609375000000000E+01
1.9143384486436844E+01	3.7609375000000000E+01
1.9210590235888958E+01	3.7609375000000000E+01
1.9277764961123466E+01	3.7609375000000000E+01
1.9345606140792370E+01	3.7609375000000000E+01
1.9412787832319736E+01	3.7609375000000000E+01
1.9479969225823879E+01	3.7609375000000000E+01
1.9547111421823502E+01	3.7609375000000000E+01
1.9614295169711113E+01	3.7609375000000000E+01
1.9681455887854099E+01	3.7609375000000000E+01
1.9748634062707424E+01	3.7609375000000000E+01
1.9816100172698498E+01	3.7609375000000000E+01
1.9883272461593151E+01	3.7609375000000000E+01
1.9951085187494755E+01	3.7609375000000000E+01
2.0018279343843460E+01	3.7609375000000000E+01
2.0085499659180641E+01	3.7609375000000000E+01
2.0152698010206223E+01	3.7609375000000000E+01
2.0219896413385868E+01	3.7609375000000000E+01
2.0287067458033562E+01	3.7609375000000000E+01
2.0354366131126881E+01	3.7609375000000000E+01
2.0421524621546268E+01	3.7609375000000000E+01
2.0489349827170372E+01	3.7609375000000000E+01
2.0556510336697102E+01	3.7609375000000000E+01
2.0624102339148521E+01	3.7609375000000000E+01
2.0691287755966187E+01	3.7609375000000000E+01
2.0758441813290119E+01	3.7609375000000000E+01
2.0825649991631508E+01	3.7609375000000000E+01
2.0892834916710854E+01	3.7609375000000000E+01
2.0959961153566837E+01	3.7609375000000000E+01
2.1027106717228889E+01	3.7609375000000000E+01
2.1094653040170670E+01	3.7609375000000000E+01
2.1161837227642536E+01	3.7609375000000000E+01
2.1228962808847427E+01	3.7609375000000000E+01
2.1296135343611240E+01	3.7609375000000000E+01
2.1363284006714821E+01	3.7609375000000000E+01
2.1430429697036743E+01	3.7609375000000000E+01
2.1497576989233494E+01	3.7609375000000000E+01
2.1564716912806034E+01	3.7609375000000000E+01
2.1633022964000702E+01	3.7609375000000000E+01
2.1700282648205757E+01	3.7609375000000000E+01
2.1767473921179771E+01	3.7609375000000000E+01
2.1834638372063637E+01	3.7609375000000000E+01
2.1901814058423042E+01	3.7609375000000000E+01
2.1968930773437023E+01	3.7609375000000000E+01
2.2036069154739380E+01	3.7609375000000000E+01
2.2103188589215279E+01	3.7609375000000000E+01
2.2170333676040173E+01	3.7609375000000000E+01
2.2237483814358711E+01	3.7609375000000000E+01
2.2304608330130577E+01	3.7609375000000000E+01
2.2371833160519600E+01	3.7609375000000000E+01
2.2439018122851849E+01	3.7609375000000000E+01
2.2506191067397594E+01	3.7609375000000000E+01
2.2573385909199715E+01	3.7609375000000000E+01
2.2640547893941402E+01	3.7609375000000000E+01
2.2707696385681629E+01	3.7609375000000000E+01
2.2774839483201504E+01	3.7609375000000000E+01
2.2842040434479713E+01	3.7609375000000000E+01
2.2909192495048046E+01	3.7609375000000000E+01
2.2976352497935295E+01	3.7609375000000000E+01
2.3043503046035767E+01	3.7609375000000000E+01
2.3110634446144104E+01	3.7609375000000000E+01
2.3177787303924561E+01	3.7609375000000000E+01
2.3244929842650890E+01	3.7609375000000000E+01
2.3312079779803753E+01	3.7609375000000000E+01
2.3379217393696308E+01	3.7609375000000000E+01
2.3446372456848621E+01	3.7609375000000000E+01
2.3513456501066685E+01	3.7609375000000000E+01
2.3580584704875946E+01	3.7609375000000000E+01
2.3648340687155724E+01	3.7609375000000000E+01
2.3715427152812481E+01	3.7609375000000000E+01
2.3782528467476368E+01	3.7609375000000000E+01
2.3849607221782207E+01	3.7609375000000000E+01
2.3917439304292202E+01	3.7609375000000000E+01
2.3984539456665516E+01	3.7609375000000000E+01
2.4051643371582031E+01	3.7609375000000000E+01
2.4118797279894352E+01	3.7609375000000000E+01
2.4185920424759388E+01	3.7609375000000000E+01
2.4253010474145412E+01	3.7609375000000000E+01
2.4320641659200191E+01	3.7609375000000000E+01
2.4388402163982391E+01	3.7609375000000000E+01
2.4455489501357079E+01	3.7609375000000000E+01
2.4522536829113960E+01	3.7609375000000000E+01
2.4589884027838707E+01	3.7609375000000000E+01
2.4657364495098591E+01	3.7609375000000000E+01
2.4724335201084614E+01	3.7609375000000000E+01
2.4791938722133636E+01	3.7609375000000000E+01
2.4858877405524254E+01	3.7609375000000000E+01
2.4926162295043468E+01	3.7609375000000000E+01
2.4993081018328667E+01	3.7609375000000000E+01
2.5060442313551903E+01	3.7609375000000000E+01
2.5127383492887020E+01	3.7609375000000000E+01
2.5194352813065052E+01	3.7609375000000000E+01
2.5261317230761051E+01	3.7609375000000000E+01
2.5328254833817482E+01	3.7609375000000000E+01
2.5395284973084927E+01	3.7609375000000000E+01
2.5462305277585983E+01	3.7609375000000000E+01
2.5529375396668911E+01	3.7609375000000000E+01
2.5596428990364075E+01	3.7609375000000000E+01
2.5663510836660862E+01	3.7609375000000000E+01
2.5730600848793983E+01	3.7609375000000000E+01
2.5797701790928841E+01	3.7609375000000000E+01
2.5864829607307911E+01	3.7609375000000000E+01
2.5931931920349598E+01	3.7609375000000000E+01
2.5999052114784718E+01	3.7609375000000000E+01
2.6066186740994453E+01	3.7609375000000000E+01
2.6133319720625877E+01	3.7609375000000000E+01
2.6200473763048649E+01	3.7609375000000000E+01
2.6267632283270359E+01	3.7609375000000000E+01
2.6334799177944660E+01	3.7609375000000000E+01
2.6401929222047329E+01	3.7609375000000000E+01
2.6469050183892250E+01	3.7609375000000000E+01
2.6536581709980965E+01	3.7609375000000000E+01
2.6603701598942280E+01	3.7609375000000000E+01
2.6670797057449818E+01	3.7609375000000000E+01
2.6737875953316689E+01	3.7609375000000000E+01
2.6805023744702339E+01	3.7609375000000000E+01
2.6872152909636497E+01	3.7609375000000000E+01
2.6939491599798203E+01	3.7609375000000000E+01
2.7006655953824520E+01	3.7609375000000000E+01
2.7074362486600876E+01	3.7609375000000000E+01
2.7141484491527081E+01	3.7609375000000000E+01
2.7208595998585224E+01	3.7609375000000000E+01
2.7275747619569302E+01	3.7609375000000000E+01
2.7342892266809940E+01	3.7609375000000000E+01
2.7410204865038395E+01	3.7609375000000000E+01
2.7477382048964500E+01	3.7609375000000000E+01
2.7544566549360752E+01	3.7609375000000000E+01
2.7611741624772549E+01	3.7609375000000000E+01
2.7679587490856647E+01	3.7609375000000000E+01
2.7746776677668095E+01	3.7609375000000000E+01
2.7813926920294762E+01	3.7609375000000000E+01
2.7881769917905331E+01	3.7609375000000000E+01
2.7948920734226704E+01	3.7609375000000000E+01
2.8016103155910969E+01	3.7609375000000000E+01
2.8083330914378166E+01	3.7609375000000000E+01
2.8150849699974060E+01	3.7609375000000000E+01
2.8218033201992512E+01	3.7609375000000000E+01
2.8285887263715267E+01	3.7609375000000000E+01
2.8353089883923531E+01	3.7609375000000000E+01
2.8420280054211617E+01	3.7609375000000000E+01
2.8487939581274986E+01	3.7609375000000000E+01
2.8555140003561974E+01	3.7609375000000000E+01
2.8622321456670761E+01	3.7609375000000000E+01
2.8689523100852966E+01	3.7609375000000000E+01
2.8756707109510899E+01	3.7609375000000000E+01
2.8823860518634319E+01	3.7609375000000000E+01
2.8891048461198807E+01	3.7609375000000000E+01
2.8958215497434139E+01	3.7609375000000000E+01
2.9025409750640392E+01	3.7609375000000000E+01
2.9092584609985352E+01	3.7609375000000000E+01
2.9159811481833458E+01	3.7609375000000000E+01
2.9226979754865170E+01	3.7609375000000000E+01
2.9294177681207657E+01	3.7609375000000000E+01
2.9361368484795094E+01	3.7609375000000000E+01
2.9428520493209362E+01	3.7609375000000000E+01
2.9495704099535942E+01	3.7609375000000000E+01
2.9563280597329140E+01	3.7609375000000000E+01
2.9630477569997311E+01	3.7609375000000000E+01
2.9697650559246540E+01	3.7609375000000000E+01
2.9764825724065304E+01	3.7609375000000000E+01
2.9832070581614971E+01	3.7609375000000000E+01
2.9899196177721024E+01	3.7609375000000000E+01
2.9966404005885124E+01	3.7609375000000000E+01
3.0033949293196201E+01	3.7609375000000000E+01
3.0101080067455769E+01	3.7609375000000000E+01
3.0168250180780888E+01	3.7609375000000000E+01
3.0236092150211334E+01	3.7609375000000000E+01
3.0303308762609959E+01	3.7609375000000000E+01
3.0370473384857178E+01	3.7609375000000000E+01
3.0437641888856888E+01	3.7609375000000000E+01
3.0504831530153751E+01	3.7609375000000000E+01
3.0571986049413681E+01	3.7609375000000000E+01
3.0639204770326614E+01	3.7609375000000000E+01
3.0707038611173630E+01	3.7609375000000000E+01
3.0774508625268936E+01	3.7609375000000000E+01
3.0842014059424400E+01	3.7609375000000000E+01
3.0909541144967079E+01	3.7609375000000000E+01
3.0977061219513416E+01	3.7609375000000000E+01
3.1044770263135433E+01	3.7609375000000000E+01
3.1113006815314293E+01	3.7609375000000000E+01
3.1180593967437744E+01	3.7609375000000000E+01
3.1248553082346916E+01	3.7609375000000000E+01
3.1316117726266384E+01	3.7609375000000000E+01
3.1383675776422024E+01	3.7609375000000000E+01
3.1451363369822502E+01	3.7609375000000000E+01
3.1518998064100742E+01	3.7609375000000000E+01
3.1586673699319363E+01	3.7609375000000000E+01
3.1654583007097244E+01	3.7609375000000000E+01
3.1722237512469292E+01	3.7609375000000000E+01
3.1789933048188686E+01	3.7609375000000000E+01
3.1858160525560379E+01	3.7609375000000000E+01
3.1925855427980423E+01	3.7609375000000000E+01
3.1994257554411888E+01	3.7609375000000000E+01
3.2061908014118671E+01	3.7609375000000000E+01
3.2129609473049641E+01	3.7609375000000000E+01
3.2197523869574070E+01	3.7609375000000000E+01
3.2265202812850475E+01	3.7609375000000000E+01
3.2332965061068535E+01	3.7609375000000000E+01
3.2400750949978828E+01	3.7609375000000000E+01
3.2468588806688786E+01	3.7609375000000000E+01
3.2536448754370213E+01	3.7609375000000000E+01
3.2604388713836670E+01	3.7609375000000000E+01
3.2672331161797047E+01	3.7609375000000000E+01
3.2740314871072769E+01	3.7609375000000000E+01
3.2808343842625618E+01	3.7609375000000000E+01
3.2876417361199856E+01	3.7609375000000000E+01
3.2944494836032391E+01	3.7609375000000000E+01
3.3012703247368336E+01	3.7609375000000000E+01
3.3080955490469933E+01	3.7609375000000000E+01
3.3149179838597775E+01	3.7609375000000000E+01
3.3217434823513031E+01	3.7609375000000000E+01
3.3286354318261147E+01	3.7609375000000000E+01
3.3354923710227013E+01	3.7609375000000000E+01
3.3423214219510555E+01	3.7609375000000000E+01
3.3491529390215874E+01	3.7609375000000000E+01
3.3559814691543579E+01	3.7609375000000000E+01
3.3628096945583820E+01	3.7609375000000000E+01
3.3696799620985985E+01	3.7609375000000000E+01
3.3765127122402191E+01	3.7609375000000000E+01
3.3833405844867229E+01	3.7609375000000000E+01
3.3901678621768951E+01	3.7609375000000000E+01
3.3969950363039970E+01	3.7609375000000000E+01
3.4038257583975792E+01	3.7609375000000000E+01
3.4106549888849258E+01	3.7609375000000000E+01
3.4175498604774475E+01	3.7609375000000000E+01
3.4243813551962376E+01	3.7609375000000000E+01
3.4312134653329849E+01	3.7609375000000000E+01
3.4380386076867580E+01	3.7609375000000000E+01
3.4448654957115650E+01	3.7609375000000000E+01
3.4516964510083199E+01	3.7609375000000000E+01
3.4585217706859112E+01	3.7609375000000000E+01
3.4653524406254292E+01	3.7609375000000000E+01
3.4721769727766514E+01	3.7609375000000000E+01
3.4790011204779148E+01	3.7609375000000000E+01
3.4858897455036640E+01	3.7609375000000000E+01
3.4927130490541458E+01	3.7609375000000000E+01
3.4996079951524734E+01	3.7609375000000000E+01
3.5064980685710907E+01	3.7609375000000000E+01
3.5133249320089817E+01	3.7609375000000000E+01
3.5201489441096783E+01	3.7609375000000000E+01
3.5269934669137001E+01	3.7609375000000000E+01
3.5338179469108582E+01	3.7609375000000000E+01
3.5406420223414898E+01	3.7609375000000000E+01
3.5474594704806805E+01	3.7609375000000000E+01
3.5542848266661167E+01	3.7609375000000000E+01
3.5611333169043064E+01	3.7609375000000000E+01
3.5679503843188286E+01	3.7609375000000000E+01
3.5747748263180256E+01	3.7609375000000000E+01
3.5816444925963879E+01	3.7609375000000000E+01
3.5884992763400078E+01	3.7609375000000000E+01
3.5953719362616539E+01	3.7609375000000000E+01
3.6021878562867641E+01	3.7609375000000000E+01
3.6090024448931217E+01	3.7609375000000000E+01
3.6158158205449581E+01	3.7609375000000000E+01
3.6226283222436905E+01	3.7609375000000000E+01
3.6294424839317799E+01	3.7609375000000000E+01
3.6362533874809742E+01	3.7609375000000000E+01
3.6430824302136898E+01	3.7609375000000000E+01
3.6498978652060032E+01	3.7609375000000000E+01
3.6567138567566872E+01	3.7609375000000000E+01
3.6635347031056881E+01	3.7609375000000000E+01
3.6703882776200771E+01	3.7609375000000000E+01
3.6772137187421322E+01	3.7609375000000000E+01
3.6840339876711369E+01	3.7609375000000000E+01
3.6908592738211155E+01	3.7609375000000000E+01
3.6976803235709667E+01	3.7609375000000000E+01
3.7045074753463268E+01	3.7609375000000000E+01
3.7113987170159817E+01	3.7609375000000000E+01
3.7182246357202530E+01	3.7609375000000000E+01
3.7250469118356705E+01	3.7609375000000000E+01
3.7318764038383961E+01	3.7609375000000000E+01
3.7387019865214825E+01	3.7609375000000000E+01
3.7455946221947670E+01	3.7609375000000000E+01
3.7524193301796913E+01	3.7609375000000000E+01
3.7592432379722595E+01	3.7609375000000000E+01
3.7660708241164684E+01	3.7609375000000000E+01
3.7728971607983112E+01	3.7609375000000000E+01
3.7797259531915188E+01	3.7609375000000000E+01
3.7865543715655804E+01	3.7609375000000000E+01
3.7933863893151283E+01	3.7609375000000000E+01
3.8002161182463169E+01	3.7609375000000000E+01
3.8070503517985344E+01	3.7609375000000000E+01
3.8138753719627857E+01	3.7609375000000000E+01
3.8207049250602722E+01	3.7609375000000000E+01
3.8276021413505077E+01	3.7609375000000000E+01
3.8345503620803356E+01	3.7609375000000000E+01
3.8414246991276741E+01	3.7609375000000000E+01
3.8482566244900227E+01	3.7609375000000000E+01
3.8550931669771671E+01	3.7609375000000000E+01
3.8619212910532951E+01	3.7609375000000000E+01
3.8687529824674129E+01	3.7609375000000000E+01
3.8755871251225471E+01	3.7609375000000000E+01
3.8824193693697453E+01	3.7609375000000000E+01
3.8893025927245617E+01	3.7609375000000000E+01
3.8961360335350037E+01	3.7609375000000000E+01
3.9029671162366867E+01	3.7609375000000000E+01
3.9098037637770176E+01	3.7609375000000000E+01
3.9166334375739098E+01	3.7609375000000000E+01
3.9234665855765343E+01	3.7609375000000000E+01
3.9302988909184933E+01	3.7609375000000000E+01
3.9371306136250496E+01	3.7609375000000000E+01
3.9439631551504135E+01	3.7609375000000000E+01
3.9507957927882671E+01	3.7609375000000000E+01
3.9576335065066814E+01	3.7609375000000000E+01
3.9644676469266415E+01	3.7609375000000000E+01
3.9713013879954815E+01	3.7609375000000000E+01
3.9781360208988190E+01	3.7609375000000000E+01
3.9849707983434200E+01	3.7609375000000000E+01
3.9918065071105957E+01	3.7609375000000000E+01
3.9986465312540531E+01	3.7609375000000000E+01
4.0054873414337635E+01	3.7609375000000000E+01
4.0123219296336174E+01	3.7609375000000000E+01
4.0191576160490513E+01	3.7609375000000000E+01
4.0259930901229382E+01	3.7609375000000000E+01
4.0328277878463268E+01	3.7609375000000000E+01
4.0396730855107307E+01	3.7609375000000000E+01
4.0465158842504025E+01	3.7609375000000000E+01
4.0534040927886963E+01	3.7609375000000000E+01
4.0603135049343109E+01	3.7609375000000000E+01
4.0672218285501003E+01	3.7609375000000000E+01
4.0740575656294823E+01	3.7609375000000000E+01
4.0808979459106922E+01	3.7609375000000000E+01
4.0877344071865082E+01	3.7609375000000000E+01
4.0945775642991066E+01	3.7609375000000000E+01
4.1014664493501186E+01	3.7609375000000000E+01
4.1083237521350384E+01	3.7609375000000000E+01
4.1151705056428909E+01	3.7609375000000000E+01
4.1220492161810398E+01	3.7609375000000000E+01
4.1288964271545410E+01	3.7609375000000000E+01
4.1357407376170158E+01	3.7609375000000000E+01
4.1425892598927021E+01	3.7609375000000000E+01
4.1494370006024837E+01	3.7609375000000000E+01
4.1562846802175045E+01	3.7609375000000000E+01
4.1631276398897171E+01	3.7609375000000000E+01
4.1699769645929337E+01	3.7609375000000000E+01
4.1768271967768669E+01	3.7609375000000000E+01
4.1836815766990185E+01	3.7609375000000000E+01
4.1905379906296730E+01	3.7609375000000000E+01
4.1973991170525551E+01	3.7609375000000000E+01
4.2042621053755283E+01	3.7609375000000000E+01
4.2111336328089237E+01	3.7609375000000000E+01
4.2180038303136826E+01	3.7609375000000000E+01
4.2248716831207275E+01	3.7609375000000000E+01
4.2318098597228527E+01	3.7609375000000000E+01
4.2386843726038933E+01	3.7609375000000000E+01
4.2455530844628811E+01	3.7609375000000000E+01
4.2524247936904430E+01	3.7609375000000000E+01
4.2592965953052044E+01	3.7609375000000000E+01
4.2661675415933132E+01	3.7609375000000000E+01
4.2730423808097839E+01	3.7609375000000000E+01
4.2799141503870487E+01	3.7609375000000000E+01
4.2867842778563499E+01	3.7609375000000000E+01
4.2936573214828968E+01	3.7609375000000000E+01
4.3005361191928387E+01	3.7609375000000000E+01
4.3074127241969109E+01	3.7609375000000000E+01
4.3142963670194149E+01	3.7609375000000000E+01
4.3211846858263016E+01	3.7609375000000000E+01
4.3280747190117836E+01	3.7609375000000000E+01
4.3349660627543926E+01	3.7609375000000000E+01
4.3418661594390869E+01	3.7609375000000000E+01
4.3488173782825470E+01	3.7609375000000000E+01
4.3557890243828297E+01	3.7609375000000000E+01
4.3627476155757904E+01	3.7609375000000000E+01
4.3697002150118351E+01	3.7609375000000000E+01
4.3766341425478458E+01	3.7609375000000000E+01
4.3835895158350468E+01	3.7609375000000000E+01
4.3905493490397930E+01	3.7609375000000000E+01
4.3974934279918671E+01	3.7609375000000000E+01
4.4044351644814014E+01	3.7609375000000000E+01
4.4113646507263184E+01	3.7609375000000000E+01
4.4182935871183872E+01	3.7609375000000000E+01
4.4252545230090618E+01	3.7609375000000000E+01
4.4321775875985622E+01	3.7609375000000000E+01
4.4391182892024517E+01	3.7609375000000000E+01
4.4460832186043262E+01	3.7609375000000000E+01
4.4530332721769810E+01	3.7609375000000000E+01
4.4599942579865456E+01	3.7609375000000000E+01
4.4669470489025116E+01	3.7609375000000000E+01
4.4738763853907585E+01	3.7609375000000000E+01
4.4808371879160404E+01	3.7609375000000000E+01
4.4877733141183853E+01	3.7609375000000000E+01
4.4947054415941238E+01	3.7609375000000000E+01
4.5016379244625568E+01	3.7609375000000000E+01
4.5085470065474510E+01	3.7609375000000000E+01
4.5154791682958603E+01	3.7609375000000000E+01
4.5224033221602440E+01	3.7609375000000000E+01
4.5293226957321167E+01	3.7609375000000000E+01
4.5362427987158298E+01	3.7609375000000000E+01
4.5431569091975689E+01	3.7609375000000000E+01
4.5500825807452202E+01	3.7609375000000000E+01
4.5570027269423008E+01	3.7609375000000000E+01
4.5639258563518524E+01	3.7609375000000000E+01
4.5708527319133282E+01	3.7609375000000000E+01
4.5777754783630371E+01	3.7609375000000000E+01
4.5847016766667366E+01	3.7609375000000000E+01
4.5916271924972534E+01	3.7609375000000000E+01
4.5985497765243053E+01	3.7609375000000000E+01
4.6054553791880608E+01	3.7609375000000000E+01
4.6122968688607216E+01	3.7609375000000000E+01
4.6191346645355225E+01	3.7609375000000000E+01
4.6259737066924572E+01	3.7609375000000000E+01
4.6328326731920242E+01	3.7609375000000000E+01
4.6396642051637173E+01	3.7609375000000000E+01
4.6465007081627846E+01	3.7609375000000000E+01
4.6533271789550781E+01	3.7609375000000000E+01
4.6601583562791348E+01	3.7609375000000000E+01
4.6669884204864502E+01	3.7609375000000000E+01
4.6738708525896072E+01	3.7609375000000000E+01
4.6807011671364307E+01	3.7609375000000000E+01
4.6875305183231831E+01	3.7609375000000000E+01
4.6944033242762089E+01	3.7609375000000000E+01
4.7012338705360889E+01	3.7609375000000000E+01
4.7080999329686165E+01	3.7609375000000000E+01
4.7149256885051727E+01	3.7609375000000000E+01
4.7218167960643768E+01	3.7609375000000000E+01
4.7286428779363632E+01	3.7609375000000000E+01
4.7355149313807487E+01	3.7609375000000000E+01
4.7423379264771938E+01	3.7609375000000000E+01
4.7491558335721493E+01	3.7609375000000000E+01
4.7560383938252926E+01	3.7609375000000000E+01
4.7628481186926365E+01	3.7609375000000000E+01
4.7696584574878216E+01	3.7609375000000000E+01
4.7764740325510502E+01	3.7609375000000000E+01
4.7832775898277760E+01	3.7609375000000000E+01
4.7900728575885296E+01	3.7609375000000000E+01
4.7968644551932812E+01	3.7609375000000000E+01
4.8036701701581478E+01	3.7609375000000000E+01
4.8104973554611206E+01	3.7609375000000000E+01
4.8173448115587234E+01	3.7609375000000000E+01
4.8241544023156166E+01	3.7609375000000000E+01
4.8309716872870922E+01	3.7609375000000000E+01
4.8377980165183544E+01	3.7609375000000000E+01
4.8446107804775238E+01	3.7609375000000000E+01
4.8514313653111458E+01	3.7609375000000000E+01
4.8582444898784161E+01	3.7609375000000000E+01
4.8650567092001438E+01	3.7609375000000000E+01
4.8718491449952126E+01	3.7609375000000000E+01
4.8786379568278790E+01	3.7609375000000000E+01
4.8854388348758221E+01	3.7609375000000000E+01
4.8922555752098560E+01	3.7609375000000000E+01
4.8990382567048073E+01	3.7609375000000000E+01
4.9058234758675098E+01	3.7609375000000000E+01
4.9126010335981846E+01	3.7609375000000000E+01
4.9193549185991287E+01	3.7609375000000000E+01
4.9261370845139027E+01	3.7609375000000000E+01
4.9328999511897564E+01	3.7609375000000000E+01
4.9396442383527756E+01	3.7609375000000000E+01
4.9463790610432625E+01	3.7609375000000000E+01
4.9531778961420059E+01	3.7609375000000000E+01
4.9599198155105114E+01	3.7609375000000000E+01
4.9666583955287933E+01	3.7609375000000000E+01
4.9733997069299221E+01	3.7609375000000000E+01
4.9801657952368259E+01	3.7609375000000000E+01
4.9869668088853359E+01	3.7609375000000000E+01
4.9937625415623188E+01	3.7609375000000000E+01
5.0005553618073463E+01	3.7609375000000000E+01
5.0073439694941044E+01	3.7609375000000000E+01
5.0141599290072918E+01	3.7609375000000000E+01
5.0209872357547283E+01	3.7609375000000000E+01
5.0278151027858257E+01	3.7609375000000000E+01
5.0347027264535427E+01	3.7609375000000000E+01
5.0415456078946590E+01	3.7609375000000000E+01
5.0484026782214642E+01	3.7609375000000000E+01
5.0552807517349720E+01	3.7609375000000000E+01
5.0621598154306412E+01	3.7609375000000000E+01
5.0690436385571957E+01	3.7609375000000000E+01
5.0759804971516132E+01	3.7609375000000000E+01
5.0828646153211594E+01	3.7609375000000000E+01
5.0897543638944626E+01	3.7609375000000000E+01
5.0966455079615116E+01	3.7609375000000000E+01
5.1035507053136826E+01	3.7609375000000000E+01
5.1104432024061680E+01	3.7609375000000000E+01
5.1173330038785934E+01	3.7609375000000000E+01
5.1242256425321102E+01	3.7609375000000000E+01
5.1311205253005028E+01	3.7609375000000000E+01
5.1380145080387592E+01	3.7609375000000000E+01
5.1449093759059906E+01	3.7609375000000000E+01
5.1518057331442833E+01	3.7609375000000000E+01
5.1587047666311264E+01	3.7609375000000000E+01
5.1656046256422997E+01	3.7609375000000000E+01
5.1725080065429211E+01	3.7609375000000000E+01
5.1794099666178226E+01	3.7609375000000000E+01
5.1863116987049580E+01	3.7609375000000000E+01
5.1932523041963577E+01	3.7609375000000000E+01
5.2001592278480530E+01	3.7609375000000000E+01
5.2070641331374645E+01	3.7609375000000000E+01
5.2139729842543602E+01	3.7609375000000000E+01
5.2208782933652401E+01	3.7609375000000000E+01
5.2277872398495674E+01	3.7609375000000000E+01
5.2346937887370586E+01	3.7609375000000000E+01
5.2416044607758522E+01	3.7609375000000000E+01
5.2485130235552788E+01	3.7609375000000000E+01
5.2554197631776333E+01	3.7609375000000000E+01
5.2623956881463528E+01	3.7609375000000000E+01
5.2693020448088646E+01	3.7609375000000000E+01
5.2762133590877056E+01	3.7609375000000000E+01
5.2831250078976154E+01	3.7609375000000000E+01
5.2900358334183693E+01	3.7609375000000000E+01
5.2969921424984932E+01	3.7609375000000000E+01
5.3039034575223923E+01	3.7609375000000000E+01
5.3108166143298149E+01	3.7609375000000000E+01
5.3177314147353172E+01	3.7609375000000000E+01
5.3246400304138660E+01	3.7609375000000000E+01
5.3315508350729942E+01	3.7609375000000000E+01
5.3384617209434509E+01	3.7609375000000000E+01
5.3454381741583347E+01	3.7609375000000000E+01
5.3523508332669735E+01	3.7609375000000000E+01
5.3592579402029514E+01	3.7609375000000000E+01
5.3662164881825447E+01	3.7609375000000000E+01
5.3731218002736568E+01	3.7609375000000000E+01
5.3800312846899033E+01	3.7609375000000000E+01
5.3869372710585594E+01	3.7609375000000000E+01
5.3938405439257622E+01	3.7609375000000000E+01
5.4007416091859341E+01	3.7609375000000000E+01
5.4076413646340370E+01	3.7609375000000000E+01
5.4145372457802296E+01	3.7609375000000000E+01
5.4214314013719559E+01	3.7609375000000000E+01
5.4283213540911674E+01	3.7609375000000000E+01
5.4352081425487995E+01	3.7609375000000000E+01
5.4420935332775116E+01	3.7609375000000000E+01
5.4490372166037560E+01	3.7609375000000000E+01
5.4559133619070053E+01	3.7609375000000000E+01
5.4627893514931202E+01	3.7609375000000000E+01
5.4696619465947151E+01	3.7609375000000000E+01
5.4765341185033321E+01	3.7609375000000000E+01
5.4833971142768860E+01	3.7609375000000000E+01
5.4902623809874058E+01	3.7609375000000000E+01
5.4971234470605850E+01	3.7609375000000000E+01
5.5039762802422047E+01	3.7609375000000000E+01
5.5108317568898201E+01	3.7609375000000000E+01
5.5176918856799603E+01	3.7609375000000000E+01
5.5245488867163658E+01	3.7609375000000000E+01
5.5314069777727127E+01	3.7609375000000000E+01
5.5382571630179882E+01	3.7609375000000000E+01
5.5451089501380920E+01	3.7609375000000000E+01
5.5519589222967625E+01	3.7609375000000000E+01
5.5588101230561733E+01	3.7609375000000000E+01
5.5656562134623528E+01	3.7609375000000000E+01
5.5725010059773922E+01	3.7609375000000000E+01
5.5793452650308609E+01	3.7609375000000000E+01
5.5861926309764385E+01	3.7609375000000000E+01
5.5930381864309311E+01	3.7609375000000000E+01
5.5998872749507427E+01	3.7609375000000000E+01
5.6067334115505219E+01	3.7609375000000000E+01
5.6135810345411301E+01	3.7609375000000000E+01
5.6204232476651669E+01	3.7609375000000000E+01
5.6272705473005772E+01	3.7609375000000000E+01
5.6341143496334553E+01	3.7609375000000000E+01
5.6409599795937538E+01	3.7609375000000000E+01
5.6478050567209721E+01	3.7609375000000000E+01
5.6546473525464535E+01	3.7609375000000000E+01
5.6614890314638615E+01	3.7609375000000000E+01
5.6683258958160877E+01	3.7609375000000000E+01
5.6751668103039265E+01	3.7609375000000000E+01
5.6820051155984402E+01	3.7609375000000000E+01
5.6888434804975986E+01	3.7609375000000000E+01
5.6956828750669956E+01	3.7609375000000000E+01
5.7025240443646908E+01	3.7609375000000000E+01
5.7093606472015381E+01	3.7609375000000000E+01
5.7162012085318565E+01	3.7609375000000000E+01
5.7230410233139992E+01	3.7609375000000000E+01
5.7298813931643963E+01	3.7609375000000000E+01
5.7367192707955837E+01	3.7609375000000000E+01
5.7435580044984818E+01	3.7609375000000000E+01
5.7503976196050644E+01	3.7609375000000000E+01
5.7572398401796818E+01	3.7609375000000000E+01
5.7640872143208981E+01	3.7609375000000000E+01
5.7709379889070988E+01	3.7609375000000000E+01
5.7777915142476559E+01	3.7609375000000000E+01
5.7846496984362602E+01	3.7609375000000000E+01
5.7915538385510445E+01	3.7609375000000000E+01
5.7984645880758762E+01	3.7609375000000000E+01
5.8053320690989494E+01	3.7609375000000000E+01
5.8122016429901123E+01	3.7609375000000000E+01
5.8190806806087494E+01	3.7609375000000000E+01
5.8259595438838005E+01	3.7609375000000000E+01
5.8328445434570312E+01	3.7609375000000000E+01
5.8397286303341389E+01	3.7609375000000000E+01
5.8466183885931969E+01	3.7609375000000000E+01
5.8535112991929054E+01	3.7609375000000000E+01
5.8604025229811668E+01	3.7609375000000000E+01
5.8672999262809753E+01	3.7609375000000000E+01
5.8741957873106003E+01	3.7609375000000000E+01
5.8810995802283287E+01	3.7609375000000000E+01
5.8880018040537834E+01	3.7609375000000000E+01
5.8949096895754337E+01	3.7609375000000000E+01
5.9018157042562962E+01	3.7609375000000000E+01
5.9087258912622929E+01	3.7609375000000000E+01
5.9156380504369736E+01	3.7609375000000000E+01
5.9225766934454441E+01	3.7609375000000000E+01
5.9294878698885441E+01	3.7609375000000000E+01
5.9364018850028515E+01	3.7609375000000000E+01
5.9433865621685982E+01	3.7609375000000000E+01
5.9503398090600967E+01	3.7609375000000000E+01
5.9572546184062958E+01	3.7609375000000000E+01
5.9642344273626804E+01	3.7609375000000000E+01
5.9711936637759209E+01	3.7609375000000000E+01
5.9781106688082218E+01	3.7609375000000000E+01
5.9850284814834595E+01	3.7609375000000000E+01
5.9919455133378506E+01	3.7609375000000000E+01
5.9988639608025551E+01	3.7609375000000000E+01
6.0057810276746750E+01	3.7609375000000000E+01
6.0126944825053215E+01	3.7609375000000000E+01
6.0196073859930038E+01	3.7609375000000000E+01
6.0265196464955807E+01	3.7609375000000000E+01
6.0334373734891415E+01	3.7609375000000000E+01
6.0403550729155540E+01	3.7609375000000000E+01
6.0472731538116932E+01	3.7609375000000000E+01
6.0541917823255062E+01	3.7609375000000000E+01
6.0611093901097775E+01	3.7609375000000000E+01
6.0680256284773350E+01	3.7609375000000000E+01
6.0749418117105961E+01	3.7609375000000000E+01
6.0818588323891163E+01	3.7609375000000000E+01
6.0887775979936123E+01	3.7609375000000000E+01
6.0957329854369164E+01	3.7609375000000000E+01
6.1026505626738071E+01	3.7609375000000000E+01
6.1095663599669933E+01	3.7609375000000000E+01
6.1164835318922997E+01	3.7609375000000000E+01
6.1233995623886585E+01	3.7609375000000000E+01
6.1303167551755905E+01	3.7609375000000000E+01
6.1372315615415573E+01	3.7609375000000000E+01
6.1442101426422596E+01	3.7609375000000000E+01
6.1511277385056019E+01	3.7609375000000000E+01
6.1580454483628273E+01	3.7609375000000000E+01
6.1649603225290775E+01	3.7609375000000000E+01
6.1718764960765839E+01	3.7609375000000000E+01
6.1787948451936245E+01	3.7609375000000000E+01
6.1857093393802643E+01	3.7609375000000000E+01
6.1926218010485172E+01	3.7609375000000000E+01
6.1995368495583534E+01	3.7609375000000000E+01
6.2065145559608936E+01	3.7609375000000000E+01
6.2134275928139687E+01	3.7609375000000000E+01
6.2203407235443592E+01	3.7609375000000000E+01
6.2272545486688614E+01	3.7609375000000000E+01
6.2341665007174015E+01	3.7609375000000000E+01
6.2410758703947067E+01	3.7609375000000000E+01
6.2479885235428810E+01	3.7609375000000000E+01
6.2549015730619431E+01	3.7609375000000000E+01
6.2618146926164627E+01	3.7609375000000000E+01
6.2687381103634834E+01	3.7609375000000000E+01
6.2756475448608398E+01	3.7609375000000000E+01
6.2825583569705486E+01	3.7609375000000000E+01
6.2894674152135849E+01	3.7609375000000000E+01
6.2964154094457626E+01	3.7609375000000000E+01
6.3033233493566513E+01	3.7609375000000000E+01
6.3102271266281605E+01	3.7609375000000000E+01
6.3171268485486507E+01	3.7609375000000000E+01
6.3240302897989750E+01	3.7609375000000000E+01
6.3309275679290295E+01	3.7609375000000000E+01
6.3378178745508194E+01	3.7609375000000000E+01
6.3447056159377098E+01	3.7609375000000000E+01
6.3515895463526249E+01	3.7609375000000000E+01
6.3585464961826801E+01	3.7609375000000000E+01
6.3654375359416008E+01	3.7609375000000000E+01
6.3723292857408524E+01	3.7609375000000000E+01
6.3792216338217258E+01	3.7609375000000000E+01
6.3861032590270042E+01	3.7609375000000000E+01
6.3929779849946499E+01	3.7609375000000000E+01
6.3998480893671513E+01	3.7609375000000000E+01
6.4067120768129826E+01	3.7609375000000000E+01
6.4135716289281845E+01	3.7609375000000000E+01
6.4204294189810753E+01	3.7609375000000000E+01
6.4272867232561111E+01	3.7609375000000000E+01
6.4341351047158241E+01	3.7609375000000000E+01
6.4409964807331562E+01	3.7609375000000000E+01
6.4478427119553089E+01	3.7609375000000000E+01
6.4546879343688488E+01	3.7609375000000000E+01
6.4615303911268711E+01	3.7609375000000000E+01
6.4683724991977215E+01	3.7609375000000000E+01
6.4752084061503410E+01	3.7609375000000000E+01
6.4820886768400669E+01	3.7609375000000000E+01
6.4889256149530411E+01	3.7609375000000000E+01
6.4957599848508835E+01	3.7609375000000000E+01
6.5025986753404140E+01	3.7609375000000000E+01
6.5094352871179581E+01	3.7609375000000000E+01
6.5163284368813038E+01	3.7609375000000000E+01
6.5231637641787529E+01	3.7609375000000000E+01
6.5299975343048573E+01	3.7609375000000000E+01
6.5368333064019680E+01	3.7609375000000000E+01
6.5436820797622204E+01	3.7609375000000000E+01
6.5505154736340046E+01	3.7609375000000000E+01
6.5573448926210403E+01	3.7609375000000000E+01
6.5641821727156639E+01	3.7609375000000000E+01
6.5710178300738335E+01	3.7609375000000000E+01
6.5778495207428932E+01	3.7609375000000000E+01
6.5846865899860859E+01	3.7609375000000000E+01
6.5915226452052593E+01	3.7609375000000000E+01
6.5983595423400402E+01	3.7609375000000000E+01
6.6051973089575768E+01	3.7609375000000000E+01
6.6120340324938297E+01	3.7609375000000000E+01
6.6188727982342243E+01	3.7609375000000000E+01
6.6257096745073795E+01	3.7609375000000000E+01
6.6325474381446838E+01	3.7609375000000000E+01
6.6393847689032555E+01	3.7609375000000000E+01
6.6462365545332432E+01	3.7609375000000000E+01
6.6530789688229561E+01	3.7609375000000000E+01
6.6599158488214016E+01	3.7609375000000000E+01
6.6667585350573063E+01	3.7609375000000000E+01
6.6736984431743622E+01	3.7609375000000000E+01
6.6805786654353142E+01	3.7609375000000000E+01
6.6874215319752693E+01	3.7609375000000000E+01
6.6942761965095997E+01	3.7609375000000000E+01
6.7011221975088120E+01	3.7609375000000000E+01
6.7079640462994576E+01	3.7609375000000000E+01
6.7148097731173038E+01	3.7609375000000000E+01
6.7216528140008450E+01	3.7609375000000000E+01
6.7284991197288036E+01	3.7609375000000000E+01
6.7353477127850056E+01	3.7609375000000000E+01
6.7472566410899162E+01	3.7699218750000000E+01
6.7590563483536243E+01	3.7699218750000000E+01
6.7700844749808311E+01	3.7699218750000000E+01
6.7794778928160667E+01	3.7699218750000000E+01
6.7853869527578354E+01	3.7699218750000000E+01
6.7880822718143463E+01	3.7699218750000000E+01
6.7907704427838326E+01	3.7699218750000000E+01
6.7934557698667049E+01	3.7699218750000000E+01
6.7961399793624878E+01	3.7699218750000000E+01
6.7988148547708988E+01	3.7703125000000000E+01
6.8014878340065479E+01	3.7703125000000000E+01
