1.7488189786672592E-01	3.7007812500000000E+01
2.3355047404766083E-01	3.7007812500000000E+01
2.9127635806798935E-01	3.7007812500000000E+01
3.4914002567529678E-01	3.7007812500000000E+01
4.0693558007478714E-01	3.7007812500000000E+01
4.6466206014156342E-01	3.7007812500000000E+01
5.2248982340097427E-01	3.7007812500000000E+01
5.8108612895011902E-01	3.7140625000000000E+01
6.3909695297479630E-01	3.7140625000000000E+01
6.9702828675508499E-01	3.7140625000000000E+01
7.5488942861557007E-01	3.7140625000000000E+01
8.1278736889362335E-01	3.7140625000000000E+01
8.7068074941635132E-01	3.7140625000000000E+01
9.2856195569038391E-01	3.7140625000000000E+01
9.8648531734943390E-01	3.7140625000000000E+01
1.0443888902664185E+00	3.7140625000000000E+01
1.1023067831993103E+00	3.7140625000000000E+01
1.1602811738848686E+00	3.7140625000000000E+01
1.2182073742151260E+00	3.7140625000000000E+01
1.2761108055710793E+00	3.7140625000000000E+01
1.3340419158339500E+00	3.7140625000000000E+01
1.3919686898589134E+00	3.7140625000000000E+01
1.4499462917447090E+00	3.7140625000000000E+01
1.5078698620200157E+00	3.7140625000000000E+01
1.5657783448696136E+00	3.7140625000000000E+01
1.6236612349748611E+00	3.7140625000000000E+01
1.6815488860011101E+00	3.7140625000000000E+01
1.7394401058554649E+00	3.7140625000000000E+01
1.7973608970642090E+00	3.7140625000000000E+01
1.8552848622202873E+00	3.7140625000000000E+01
1.9131771177053452E+00	3.7140625000000000E+01
1.9711359143257141E+00	3.7140625000000000E+01
2.0290509909391403E+00	3.7140625000000000E+01
2.0869893953204155E+00	3.7140625000000000E+01
2.1449484452605247E+00	3.7140625000000000E+01
2.2028414905071259E+00	3.7140625000000000E+01
2.2607580497860909E+00	3.7140625000000000E+01
2.3186824172735214E+00	3.7140625000000000E+01
2.3765462040901184E+00	3.7140625000000000E+01
2.4344761744141579E+00	3.7140625000000000E+01
2.4923783466219902E+00	3.7140625000000000E+01
2.5508230775594711E+00	3.7156250000000000E+01
2.6089192777872086E+00	3.7156250000000000E+01
2.6668381839990616E+00	3.7156250000000000E+01
2.7248180285096169E+00	3.7156250000000000E+01
2.7827927693724632E+00	3.7156250000000000E+01
2.8407510817050934E+00	3.7156250000000000E+01
2.8987288177013397E+00	3.7156250000000000E+01
2.9566817656159401E+00	3.7156250000000000E+01
3.0146326497197151E+00	3.7156250000000000E+01
3.0725529044866562E+00	3.7156250000000000E+01
3.1303230002522469E+00	3.7156250000000000E+01
3.1880769282579422E+00	3.7156250000000000E+01
3.2458538115024567E+00	3.7156250000000000E+01
3.3035968542098999E+00	3.7156250000000000E+01
3.3613154515624046E+00	3.7156250000000000E+01
3.4190554320812225E+00	3.7156250000000000E+01
3.4767885282635689E+00	3.7156250000000000E+01
3.5345260575413704E+00	3.7156250000000000E+01
3.5922575965523720E+00	3.7156250000000000E+01
3.6499901786446571E+00	3.7156250000000000E+01
3.7077102735638618E+00	3.7156250000000000E+01
3.7654531821608543E+00	3.7156250000000000E+01
3.8231825381517410E+00	3.7156250000000000E+01
3.8809397146105766E+00	3.7156250000000000E+01
3.9386802092194557E+00	3.7156250000000000E+01
3.9964507892727852E+00	3.7156250000000000E+01
4.0541882887482643E+00	3.7156250000000000E+01
4.1119266971945763E+00	3.7156250000000000E+01
4.1696682050824165E+00	3.7156250000000000E+01
4.2274141982197762E+00	3.7156250000000000E+01
4.2851640135049820E+00	3.7156250000000000E+01
4.3429183065891266E+00	3.7156250000000000E+01
4.4006735906004906E+00	3.7156250000000000E+01
4.4584224447607994E+00	3.7156250000000000E+01
4.5161605030298233E+00	3.7156250000000000E+01
4.5738844424486160E+00	3.7156250000000000E+01
4.6316323280334473E+00	3.7156250000000000E+01
4.6893835961818695E+00	3.7156250000000000E+01
4.7470939233899117E+00	3.7156250000000000E+01
4.8048373907804489E+00	3.7156250000000000E+01
4.8625574186444283E+00	3.7156250000000000E+01
4.9203166365623474E+00	3.7156250000000000E+01
4.9780497178435326E+00	3.7156250000000000E+01
5.0358083024621010E+00	3.7156250000000000E+01
5.0935414507985115E+00	3.7156250000000000E+01
5.1512977480888367E+00	3.7156250000000000E+01
5.2090792804956436E+00	3.7156250000000000E+01
5.2668287754058838E+00	3.7156250000000000E+01
5.3245984837412834E+00	3.7156250000000000E+01
5.3823487162590027E+00	3.7156250000000000E+01
5.4401007667183876E+00	3.7156250000000000E+01
5.4978788420557976E+00	3.7156250000000000E+01
5.5556163862347603E+00	3.7156250000000000E+01
5.6133481189608574E+00	3.7156250000000000E+01
5.6711083501577377E+00	3.7156250000000000E+01
5.7288559749722481E+00	3.7156250000000000E+01
5.7865725085139275E+00	3.7156250000000000E+01
5.8442964851856232E+00	3.7156250000000000E+01
5.9020261690020561E+00	3.7156250000000000E+01
5.9603641256690025E+00	3.7156250000000000E+01
6.0182455331087112E+00	3.7156250000000000E+01
6.0759857222437859E+00	3.7156250000000000E+01
6.1337302625179291E+00	3.7156250000000000E+01
6.1914663985371590E+00	3.7156250000000000E+01
6.2492621988058090E+00	3.7156250000000000E+01
6.3069784566760063E+00	3.7156250000000000E+01
6.3647050186991692E+00	3.7156250000000000E+01
6.4224414452910423E+00	3.7156250000000000E+01
6.4802193641662598E+00	3.7156250000000000E+01
6.5380007177591324E+00	3.7156250000000000E+01
6.5957622602581978E+00	3.7156250000000000E+01
6.6535134613513947E+00	3.7156250000000000E+01
6.7112567946314812E+00	3.7156250000000000E+01
6.7690041065216064E+00	3.7156250000000000E+01
6.8267606645822525E+00	3.7156250000000000E+01
6.8845196664333344E+00	3.7156250000000000E+01
6.9422714486718178E+00	3.7156250000000000E+01
7.0000180453062057E+00	3.7156250000000000E+01
7.0577779635787010E+00	3.7156250000000000E+01
7.1155608072876930E+00	3.7156250000000000E+01
7.1733250990509987E+00	3.7156250000000000E+01
7.2311400845646858E+00	3.7156250000000000E+01
7.2889308109879494E+00	3.7156250000000000E+01
7.3466990143060684E+00	3.7156250000000000E+01
7.4045047238469124E+00	3.7156250000000000E+01
7.4622889235615730E+00	3.7156250000000000E+01
7.5200745910406113E+00	3.7156250000000000E+01
7.5778653919696808E+00	3.7156250000000000E+01
7.6356703042984009E+00	3.7156250000000000E+01
7.6935038417577744E+00	3.7156250000000000E+01
7.7512911111116409E+00	3.7156250000000000E+01
7.8090916424989700E+00	3.7156250000000000E+01
7.8668875396251678E+00	3.7156250000000000E+01
7.9246772751212120E+00	3.7156250000000000E+01
7.9824686571955681E+00	3.7156250000000000E+01
8.0402526706457138E+00	3.7156250000000000E+01
8.0980969220399857E+00	3.7156250000000000E+01
8.1558802425861359E+00	3.7156250000000000E+01
8.2136539146304131E+00	3.7156250000000000E+01
8.2714152038097382E+00	3.7156250000000000E+01
8.3291833400726318E+00	3.7156250000000000E+01
8.3870165348052979E+00	3.7156250000000000E+01
8.4448709040880203E+00	3.7156250000000000E+01
8.5027614980936050E+00	3.7156250000000000E+01
8.5605855137109756E+00	3.7156250000000000E+01
8.6184106320142746E+00	3.7156250000000000E+01
8.6762109920382500E+00	3.7156250000000000E+01
8.7339958548545837E+00	3.7156250000000000E+01
8.7918350696563721E+00	3.7156250000000000E+01
8.8497437909245491E+00	3.7156250000000000E+01
8.9077260047197342E+00	3.7156250000000000E+01
8.9655895382165909E+00	3.7156250000000000E+01
9.0235118418931961E+00	3.7156250000000000E+01
9.0813593715429306E+00	3.7156250000000000E+01
9.1392434462904930E+00	3.7156250000000000E+01
9.1972068101167679E+00	3.7156250000000000E+01
9.2553271949291229E+00	3.7156250000000000E+01
9.3135615736246109E+00	3.7156250000000000E+01
9.3715334981679916E+00	3.7156250000000000E+01
9.4296839237213135E+00	3.7156250000000000E+01
9.4877024441957474E+00	3.7156250000000000E+01
9.5458114296197891E+00	3.7156250000000000E+01
9.6040966436266899E+00	3.7156250000000000E+01
9.6625166535377502E+00	3.7156250000000000E+01
9.7209738492965698E+00	3.7156250000000000E+01
9.7793559953570366E+00	3.7156250000000000E+01
9.8378254249691963E+00	3.7156250000000000E+01
9.8961975425481796E+00	3.7156250000000000E+01
9.9546238631010056E+00	3.7156250000000000E+01
1.0013124980032444E+01	3.7156250000000000E+01
1.0071691080927849E+01	3.7156250000000000E+01
1.0130250267684460E+01	3.7156250000000000E+01
1.0188804239034653E+01	3.7156250000000000E+01
1.0247378259897232E+01	3.7156250000000000E+01
1.0305933035910130E+01	3.7156250000000000E+01
1.0364485181868076E+01	3.7156250000000000E+01
1.0423036687076092E+01	3.7156250000000000E+01
1.0481628403067589E+01	3.7156250000000000E+01
1.0540166810154915E+01	3.7156250000000000E+01
1.0598700232803822E+01	3.7156250000000000E+01
1.0657262034714222E+01	3.7156250000000000E+01
1.0715827673673630E+01	3.7156250000000000E+01
1.0774343259632587E+01	3.7156250000000000E+01
1.0832849517464638E+01	3.7156250000000000E+01
1.0891255550086498E+01	3.7156250000000000E+01
1.0949604116380215E+01	3.7156250000000000E+01
1.1008082076907158E+01	3.7156250000000000E+01
1.1066475339233875E+01	3.7156250000000000E+01
1.1124985314905643E+01	3.7156250000000000E+01
1.1183496586978436E+01	3.7156250000000000E+01
1.1242021836340427E+01	3.7156250000000000E+01
1.1300564564764500E+01	3.7156250000000000E+01
1.1359186731278896E+01	3.7156250000000000E+01
1.1417755939066410E+01	3.7156250000000000E+01
1.1476388089358807E+01	3.7156250000000000E+01
1.1534969411790371E+01	3.7156250000000000E+01
1.1593516767024994E+01	3.7156250000000000E+01
1.1652094706892967E+01	3.7156250000000000E+01
1.1710678189992905E+01	3.7156250000000000E+01
1.1769642956554890E+01	3.7156250000000000E+01
1.1828366644680500E+01	3.7156250000000000E+01
1.1887088201940060E+01	3.7156250000000000E+01
1.1945835627615452E+01	3.7156250000000000E+01
1.2004606634378433E+01	3.7156250000000000E+01
1.2063363544642925E+01	3.7156250000000000E+01
1.2122176051139832E+01	3.7156250000000000E+01
1.2180999085307121E+01	3.7156250000000000E+01
1.2239813663065434E+01	3.7156250000000000E+01
1.2298647515475750E+01	3.7156250000000000E+01
1.2357462942600250E+01	3.7156250000000000E+01
1.2416263431310654E+01	3.7156250000000000E+01
1.2475040785968304E+01	3.7156250000000000E+01
1.2533762387931347E+01	3.7156250000000000E+01
1.2592511296272278E+01	3.7156250000000000E+01
1.2651264749467373E+01	3.7156250000000000E+01
1.2710028029978275E+01	3.7156250000000000E+01
1.2768785707652569E+01	3.7156250000000000E+01
1.2827491909265518E+01	3.7156250000000000E+01
1.2886218205094337E+01	3.7156250000000000E+01
1.2944907486438751E+01	3.7156250000000000E+01
1.3003583200275898E+01	3.7156250000000000E+01
1.3062301188707352E+01	3.7156250000000000E+01
1.3120974056422710E+01	3.7156250000000000E+01
1.3179631076753139E+01	3.7156250000000000E+01
1.3238288663327694E+01	3.7156250000000000E+01
1.3296929553151131E+01	3.7156250000000000E+01
1.3355527058243752E+01	3.7156250000000000E+01
1.3414084754884243E+01	3.7156250000000000E+01
1.3472690850496292E+01	3.7156250000000000E+01
1.3531326532363892E+01	3.7156250000000000E+01
1.3589816689491272E+01	3.7156250000000000E+01
1.3648123718798161E+01	3.7156250000000000E+01
1.3706262767314911E+01	3.7156250000000000E+01
1.3764272242784500E+01	3.7156250000000000E+01
1.3822431109845638E+01	3.7156250000000000E+01
1.3880427740514278E+01	3.7156250000000000E+01
1.3938706658780575E+01	3.7156250000000000E+01
1.3997141942381859E+01	3.7156250000000000E+01
1.4055576950311661E+01	3.7156250000000000E+01
1.4114047616720200E+01	3.7156250000000000E+01
1.4172579303383827E+01	3.7156250000000000E+01
1.4230978064239025E+01	3.7156250000000000E+01
1.4289426431059837E+01	3.7156250000000000E+01
1.4347815148532391E+01	3.7156250000000000E+01
1.4406098157167435E+01	3.7156250000000000E+01
1.4464331254363060E+01	3.7156250000000000E+01
1.4522431410849094E+01	3.7156250000000000E+01
1.4580368027091026E+01	3.7156250000000000E+01
1.4638494744896889E+01	3.7156250000000000E+01
1.4696473345160484E+01	3.7156250000000000E+01
1.4754445709288120E+01	3.7156250000000000E+01
1.4812584526836872E+01	3.7156250000000000E+01
1.4870851285755634E+01	3.7156250000000000E+01
1.4929200507700443E+01	3.7156250000000000E+01
1.4987374193966389E+01	3.7156250000000000E+01
1.5045654349029064E+01	3.7156250000000000E+01
1.5103747092187405E+01	3.7156250000000000E+01
1.5161917492747307E+01	3.7156250000000000E+01
1.5220264486968517E+01	3.7156250000000000E+01
1.5278727032244205E+01	3.7156250000000000E+01
1.5337236426770687E+01	3.7156250000000000E+01
1.5395641759037971E+01	3.7156250000000000E+01
1.5454158708453178E+01	3.7156250000000000E+01
1.5512517601251602E+01	3.7156250000000000E+01
1.5570813626050949E+01	3.7156250000000000E+01
1.5629202291369438E+01	3.7156250000000000E+01
1.5687556937336922E+01	3.7156250000000000E+01
1.5745793864130974E+01	3.7156250000000000E+01
1.5803980097174644E+01	3.7156250000000000E+01
1.5862132586538792E+01	3.7156250000000000E+01
1.5920376278460026E+01	3.7156250000000000E+01
1.5978501364588737E+01	3.7156250000000000E+01
1.6036522522568703E+01	3.7156250000000000E+01
1.6094476737082005E+01	3.7156250000000000E+01
1.6152582101523876E+01	3.7156250000000000E+01
1.6210532665252686E+01	3.7156250000000000E+01
1.6268602021038532E+01	3.7156250000000000E+01
1.6326499588787556E+01	3.7156250000000000E+01
1.6384344100952148E+01	3.7156250000000000E+01
1.6442140497267246E+01	3.7156250000000000E+01
1.6499931842088699E+01	3.7156250000000000E+01
1.6557667613029480E+01	3.7156250000000000E+01
1.6615423433482647E+01	3.7156250000000000E+01
1.6673205211758614E+01	3.7156250000000000E+01
1.6730969421565533E+01	3.7156250000000000E+01
1.6788715973496437E+01	3.7156250000000000E+01
1.6846483007073402E+01	3.7156250000000000E+01
1.6904265835881233E+01	3.7156250000000000E+01
1.6962030895054340E+01	3.7156250000000000E+01
1.7019796721637249E+01	3.7156250000000000E+01
1.7077533178031445E+01	3.7156250000000000E+01
1.7135301172733307E+01	3.7156250000000000E+01
1.7193033635616302E+01	3.7156250000000000E+01
1.7250809758901596E+01	3.7156250000000000E+01
1.7308568038046360E+01	3.7156250000000000E+01
1.7366325497627258E+01	3.7156250000000000E+01
1.7424068816006184E+01	3.7156250000000000E+01
1.7481819204986095E+01	3.7156250000000000E+01
1.7539606451988220E+01	3.7156250000000000E+01
1.7597363881766796E+01	3.7156250000000000E+01
1.7655125379562378E+01	3.7156250000000000E+01
1.7712880864739418E+01	3.7156250000000000E+01
1.7770644396543503E+01	3.7156250000000000E+01
1.7828439496457577E+01	3.7156250000000000E+01
1.7886216498911381E+01	3.7156250000000000E+01
1.7943966440856457E+01	3.7156250000000000E+01
1.8001701384782791E+01	3.7156250000000000E+01
1.8059428729116917E+01	3.7156250000000000E+01
1.8117184676229954E+01	3.7156250000000000E+01
1.8174920476973057E+01	3.7156250000000000E+01
1.8232642576098442E+01	3.7156250000000000E+01
1.8290372118353844E+01	3.7156250000000000E+01
1.8348094590008259E+01	3.7156250000000000E+01
1.8405802562832832E+01	3.7156250000000000E+01
1.8463554352521896E+01	3.7156250000000000E+01
1.8521302938461304E+01	3.7156250000000000E+01
1.8579073034226894E+01	3.7156250000000000E+01
1.8636826790869236E+01	3.7156250000000000E+01
1.8694567464292049E+01	3.7156250000000000E+01
1.8752326838672161E+01	3.7156250000000000E+01
1.8810046762228012E+01	3.7156250000000000E+01
1.8867774419486523E+01	3.7156250000000000E+01
1.8925480723381042E+01	3.7156250000000000E+01
1.8983181998133659E+01	3.7156250000000000E+01
1.9040919795632362E+01	3.7156250000000000E+01
1.9098638445138931E+01	3.7156250000000000E+01
1.9156344465911388E+01	3.7156250000000000E+01
1.9214071393013000E+01	3.7156250000000000E+01
1.9271814242005348E+01	3.7156250000000000E+01
1.9329545304179192E+01	3.7156250000000000E+01
1.9387258097529411E+01	3.7156250000000000E+01
1.9444984257221222E+01	3.7156250000000000E+01
1.9502703763544559E+01	3.7156250000000000E+01
1.9560445316135883E+01	3.7156250000000000E+01
1.9618169464170933E+01	3.7156250000000000E+01
1.9675908192992210E+01	3.7156250000000000E+01
1.9733633503317833E+01	3.7156250000000000E+01
1.9791339412331581E+01	3.7156250000000000E+01
1.9849098958075047E+01	3.7156250000000000E+01
1.9906840614974499E+01	3.7156250000000000E+01
1.9964550949633121E+01	3.7156250000000000E+01
2.0022299341857433E+01	3.7156250000000000E+01
2.0080016598105431E+01	3.7156250000000000E+01
2.0137693710625172E+01	3.7156250000000000E+01
2.0195418715476990E+01	3.7156250000000000E+01
2.0253222279250622E+01	3.7156250000000000E+01
2.0311020597815514E+01	3.7156250000000000E+01
2.0368827544152737E+01	3.7156250000000000E+01
2.0426600992679596E+01	3.7156250000000000E+01
2.0484383910894394E+01	3.7156250000000000E+01
2.0542162925004959E+01	3.7156250000000000E+01
2.0599947996437550E+01	3.7156250000000000E+01
2.0657728731632233E+01	3.7156250000000000E+01
2.0715505480766296E+01	3.7156250000000000E+01
2.0773289754986763E+01	3.7156250000000000E+01
2.0831052727997303E+01	3.7156250000000000E+01
2.0888837590813637E+01	3.7156250000000000E+01
2.0946597330272198E+01	3.7156250000000000E+01
2.1004351817071438E+01	3.7156250000000000E+01
2.1062146328389645E+01	3.7156250000000000E+01
2.1119912333786488E+01	3.7156250000000000E+01
2.1177674211561680E+01	3.7156250000000000E+01
2.1235436350107193E+01	3.7156250000000000E+01
2.1293237641453743E+01	3.7156250000000000E+01
2.1351021908223629E+01	3.7156250000000000E+01
2.1408783726394176E+01	3.7156250000000000E+01
2.1466546386480331E+01	3.7156250000000000E+01
2.1524268820881844E+01	3.7156250000000000E+01
2.1582642950117588E+01	3.7156250000000000E+01
2.1640536546707153E+01	3.7156250000000000E+01
2.1698286518454552E+01	3.7156250000000000E+01
2.1756058678030968E+01	3.7156250000000000E+01
2.1813840836286545E+01	3.7156250000000000E+01
2.1871604457497597E+01	3.7156250000000000E+01
2.1929373048245907E+01	3.7156250000000000E+01
2.1987125203013420E+01	3.7156250000000000E+01
2.2044878125190735E+01	3.7156250000000000E+01
2.2102646216750145E+01	3.7156250000000000E+01
2.2160422056913376E+01	3.7156250000000000E+01
2.2218214645981789E+01	3.7156250000000000E+01
2.2275982767343521E+01	3.7156250000000000E+01
2.2333784259855747E+01	3.7156250000000000E+01
2.2391554579138756E+01	3.7156250000000000E+01
2.2449342697858810E+01	3.7156250000000000E+01
2.2507101871073246E+01	3.7156250000000000E+01
2.2564862489700317E+01	3.7156250000000000E+01
2.2622611902654171E+01	3.7156250000000000E+01
2.2680354617536068E+01	3.7156250000000000E+01
2.2738150894641876E+01	3.7156250000000000E+01
2.2795954704284668E+01	3.7156250000000000E+01
2.2853723183274269E+01	3.7156250000000000E+01
2.2911485925316811E+01	3.7156250000000000E+01
2.2969221636652946E+01	3.7156250000000000E+01
2.3026944600045681E+01	3.7156250000000000E+01
2.3084673032164574E+01	3.7156250000000000E+01
2.3142393887042999E+01	3.7156250000000000E+01
2.3200143024325371E+01	3.7156250000000000E+01
2.3257854454219341E+01	3.7156250000000000E+01
2.3315604314208031E+01	3.7156250000000000E+01
2.3373317673802376E+01	3.7156250000000000E+01
2.3431016705930233E+01	3.7156250000000000E+01
2.3488736987113953E+01	3.7156250000000000E+01
2.3546436198055744E+01	3.7156250000000000E+01
2.3604175768792629E+01	3.7156250000000000E+01
2.3661890700459480E+01	3.7156250000000000E+01
2.3719635322690010E+01	3.7156250000000000E+01
2.3777348630130291E+01	3.7156250000000000E+01
2.3835035853087902E+01	3.7156250000000000E+01
2.3892740033566952E+01	3.7156250000000000E+01
2.3950449541211128E+01	3.7156250000000000E+01
2.4008165068924427E+01	3.7156250000000000E+01
2.4065873228013515E+01	3.7156250000000000E+01
2.4123583301901817E+01	3.7156250000000000E+01
2.4181316383183002E+01	3.7156250000000000E+01
2.4239012733101845E+01	3.7156250000000000E+01
2.4296750664710999E+01	3.7156250000000000E+01
2.4354477107524872E+01	3.7156250000000000E+01
2.4412180669605732E+01	3.7156250000000000E+01
2.4469862006604671E+01	3.7156250000000000E+01
2.4527575694024563E+01	3.7156250000000000E+01
2.4585305526852608E+01	3.7156250000000000E+01
2.4642994381487370E+01	3.7156250000000000E+01
2.4700688898563385E+01	3.7156250000000000E+01
2.4758395574986935E+01	3.7156250000000000E+01
2.4816135130822659E+01	3.7156250000000000E+01
2.4873869583010674E+01	3.7156250000000000E+01
2.4931605234742165E+01	3.7156250000000000E+01
2.4989347793161869E+01	3.7156250000000000E+01
2.5047088250517845E+01	3.7156250000000000E+01
2.5104836381971836E+01	3.7156250000000000E+01
2.5162578828632832E+01	3.7156250000000000E+01
2.5220358818769455E+01	3.7156250000000000E+01
2.5278102353215218E+01	3.7156250000000000E+01
2.5335859827697277E+01	3.7156250000000000E+01
2.5393610149621964E+01	3.7156250000000000E+01
2.5451420627534389E+01	3.7156250000000000E+01
2.5509325757622719E+01	3.7156250000000000E+01
2.5567380003631115E+01	3.7156250000000000E+01
2.5625569604337215E+01	3.7156250000000000E+01
2.5683594174683094E+01	3.7156250000000000E+01
2.5741833865642548E+01	3.7156250000000000E+01
2.5800003372132778E+01	3.7156250000000000E+01
2.5858020506799221E+01	3.7156250000000000E+01
2.5915891982614994E+01	3.7156250000000000E+01
2.5973708152770996E+01	3.7156250000000000E+01
2.6031643517315388E+01	3.7156250000000000E+01
2.6089516162872314E+01	3.7156250000000000E+01
2.6147535204887390E+01	3.7156250000000000E+01
2.6205457687377930E+01	3.7156250000000000E+01
2.6263306163251400E+01	3.7156250000000000E+01
2.6321153782308102E+01	3.7156250000000000E+01
2.6379110954701900E+01	3.7156250000000000E+01
2.6437060765922070E+01	3.7156250000000000E+01
2.6495097771286964E+01	3.7156250000000000E+01
2.6553027108311653E+01	3.7156250000000000E+01
2.6610867716372013E+01	3.7156250000000000E+01
2.6668661564588547E+01	3.7156250000000000E+01
2.6726372465491295E+01	3.7156250000000000E+01
2.6784134827554226E+01	3.7156250000000000E+01
2.6841894350945950E+01	3.7156250000000000E+01
2.6899713180959225E+01	3.7156250000000000E+01
2.6957564704120159E+01	3.7156250000000000E+01
2.7015430577099323E+01	3.7156250000000000E+01
2.7073345646262169E+01	3.7156250000000000E+01
2.7131385087966919E+01	3.7156250000000000E+01
2.7189335621893406E+01	3.7156250000000000E+01
2.7247416451573372E+01	3.7156250000000000E+01
2.7305642947554588E+01	3.7156250000000000E+01
2.7363907843828201E+01	3.7156250000000000E+01
2.7422273576259613E+01	3.7156250000000000E+01
2.7480747476220131E+01	3.7156250000000000E+01
2.7539174921810627E+01	3.7156250000000000E+01
2.7597666092216969E+01	3.7156250000000000E+01
2.7656124427914619E+01	3.7156250000000000E+01
2.7714473977684975E+01	3.7156250000000000E+01
2.7772673889994621E+01	3.7156250000000000E+01
2.7830753155052662E+01	3.7156250000000000E+01
2.7889044441282749E+01	3.7156250000000000E+01
2.7947243921458721E+01	3.7156250000000000E+01
2.8005601562559605E+01	3.7156250000000000E+01
2.8064050272107124E+01	3.7156250000000000E+01
2.8122500300407410E+01	3.7156250000000000E+01
2.8181004412472248E+01	3.7156250000000000E+01
2.8239582888782024E+01	3.7156250000000000E+01
2.8298106200993061E+01	3.7156250000000000E+01
2.8356702663004398E+01	3.7156250000000000E+01
2.8415330797433853E+01	3.7156250000000000E+01
2.8473923787474632E+01	3.7156250000000000E+01
2.8532558798789978E+01	3.7156250000000000E+01
2.8591243065893650E+01	3.7156250000000000E+01
2.8649880923330784E+01	3.7156250000000000E+01
2.8708560585975647E+01	3.7156250000000000E+01
2.8767242453992367E+01	3.7156250000000000E+01
2.8825913451611996E+01	3.7156250000000000E+01
2.8884600758552551E+01	3.7156250000000000E+01
2.8943244412541389E+01	3.7156250000000000E+01
2.9001913100481033E+01	3.7156250000000000E+01
2.9060570292174816E+01	3.7156250000000000E+01
2.9119259007275105E+01	3.7156250000000000E+01
2.9177958846092224E+01	3.7156250000000000E+01
2.9236654542386532E+01	3.7156250000000000E+01
2.9295326992869377E+01	3.7156250000000000E+01
2.9354037478566170E+01	3.7156250000000000E+01
2.9412756301462650E+01	3.7156250000000000E+01
2.9471455723047256E+01	3.7156250000000000E+01
2.9530203625559807E+01	3.7156250000000000E+01
2.9588939882814884E+01	3.7156250000000000E+01
2.9647695317864418E+01	3.7156250000000000E+01
2.9706460736691952E+01	3.7156250000000000E+01
2.9765260040760040E+01	3.7156250000000000E+01
2.9824033066630363E+01	3.7156250000000000E+01
2.9882799468934536E+01	3.7156250000000000E+01
2.9941557541489601E+01	3.7156250000000000E+01
3.0000325888395309E+01	3.7156250000000000E+01
3.0059077128767967E+01	3.7156250000000000E+01
3.0117841616272926E+01	3.7156250000000000E+01
3.0176625080406666E+01	3.7156250000000000E+01
3.0235378786921501E+01	3.7156250000000000E+01
3.0294125258922577E+01	3.7156250000000000E+01
3.0352871872484684E+01	3.7156250000000000E+01
3.0411640182137489E+01	3.7156250000000000E+01
3.0470402188599110E+01	3.7156250000000000E+01
3.0529185347259045E+01	3.7156250000000000E+01
3.0587943710386753E+01	3.7156250000000000E+01
3.0646683931350708E+01	3.7156250000000000E+01
3.0705423034727573E+01	3.7156250000000000E+01
3.0764139451086521E+01	3.7156250000000000E+01
3.0822860710322857E+01	3.7156250000000000E+01
3.0881590329110622E+01	3.7156250000000000E+01
3.0940316252410412E+01	3.7156250000000000E+01
3.0999027572572231E+01	3.7156250000000000E+01
3.1057768136262894E+01	3.7156250000000000E+01
3.1116494998335838E+01	3.7156250000000000E+01
3.1175217710435390E+01	3.7156250000000000E+01
3.1233959309756756E+01	3.7156250000000000E+01
3.1292661741375923E+01	3.7156250000000000E+01
3.1351403236389160E+01	3.7156250000000000E+01
3.1410158708691597E+01	3.7156250000000000E+01
3.1468906596302986E+01	3.7156250000000000E+01
3.1527625560760498E+01	3.7156250000000000E+01
3.1586363732814789E+01	3.7156250000000000E+01
3.1645083487033844E+01	3.7156250000000000E+01
3.1703841432929039E+01	3.7156250000000000E+01
3.1762591101229191E+01	3.7156250000000000E+01
3.1821319073438644E+01	3.7156250000000000E+01
3.1880075968801975E+01	3.7156250000000000E+01
3.1938799865543842E+01	3.7156250000000000E+01
3.1997524499893188E+01	3.7156250000000000E+01
3.2056248396635056E+01	3.7156250000000000E+01
3.2114994645118713E+01	3.7156250000000000E+01
3.2173718787729740E+01	3.7156250000000000E+01
3.2232453048229218E+01	3.7156250000000000E+01
3.2291202478110790E+01	3.7156250000000000E+01
3.2349929444491863E+01	3.7156250000000000E+01
3.2408662058413029E+01	3.7156250000000000E+01
3.2467397704720497E+01	3.7156250000000000E+01
3.2526123225688934E+01	3.7156250000000000E+01
3.2584872066974640E+01	3.7156250000000000E+01
3.2643614761531353E+01	3.7156250000000000E+01
3.2702359445393085E+01	3.7156250000000000E+01
3.2761099301278591E+01	3.7156250000000000E+01
3.2819878697395325E+01	3.7156250000000000E+01
3.2878615222871304E+01	3.7156250000000000E+01
3.2937358267605305E+01	3.7156250000000000E+01
3.2996101111173630E+01	3.7156250000000000E+01
3.3054864928126335E+01	3.7156250000000000E+01
3.3113596409559250E+01	3.7156250000000000E+01
3.3172336466610432E+01	3.7156250000000000E+01
3.3231071598827839E+01	3.7156250000000000E+01
3.3289799779653549E+01	3.7156250000000000E+01
3.3348570533096790E+01	3.7156250000000000E+01
3.3407319076359272E+01	3.7156250000000000E+01
3.3466046959161758E+01	3.7156250000000000E+01
3.3524791628122330E+01	3.7156250000000000E+01
3.3583523541688919E+01	3.7156250000000000E+01
3.3642284490168095E+01	3.7156250000000000E+01
3.3701017782092094E+01	3.7156250000000000E+01
3.3759732417762280E+01	3.7156250000000000E+01
3.3818460077047348E+01	3.7156250000000000E+01
3.3877211086452007E+01	3.7156250000000000E+01
3.3935967542231083E+01	3.7156250000000000E+01
3.3994703218340874E+01	3.7156250000000000E+01
3.4053435534238815E+01	3.7156250000000000E+01
3.4112152330577374E+01	3.7156250000000000E+01
3.4170873850584030E+01	3.7156250000000000E+01
3.4229592412710190E+01	3.7156250000000000E+01
3.4288322493433952E+01	3.7156250000000000E+01
3.4347063258290291E+01	3.7156250000000000E+01
3.4405824750661850E+01	3.7156250000000000E+01
3.4464607566595078E+01	3.7156250000000000E+01
3.4523367278277874E+01	3.7156250000000000E+01
3.4582127176225185E+01	3.7156250000000000E+01
3.4640899263322353E+01	3.7156250000000000E+01
3.4699630588293076E+01	3.7156250000000000E+01
3.4758388981223106E+01	3.7156250000000000E+01
3.4817146055400372E+01	3.7156250000000000E+01
3.4875889666378498E+01	3.7156250000000000E+01
3.4934648878872395E+01	3.7156250000000000E+01
3.4993391640484333E+01	3.7156250000000000E+01
3.5052120298147202E+01	3.7156250000000000E+01
3.5110860370099545E+01	3.7156250000000000E+01
3.5169602125883102E+01	3.7156250000000000E+01
3.5228356197476387E+01	3.7156250000000000E+01
3.5287102356553078E+01	3.7156250000000000E+01
3.5345843948423862E+01	3.7156250000000000E+01
3.5404597073793411E+01	3.7156250000000000E+01
3.5463358841836452E+01	3.7156250000000000E+01
3.5522104896605015E+01	3.7156250000000000E+01
3.5580859854817390E+01	3.7156250000000000E+01
3.5639602340757847E+01	3.7156250000000000E+01
3.5698362946510315E+01	3.7156250000000000E+01
3.5757130309939384E+01	3.7156250000000000E+01
3.5815896019339561E+01	3.7156250000000000E+01
3.5874668806791306E+01	3.7156250000000000E+01
3.5933443531394005E+01	3.7156250000000000E+01
3.5992251247167587E+01	3.7156250000000000E+01
3.6051014974713326E+01	3.7156250000000000E+01
3.6109814509749413E+01	3.7156250000000000E+01
3.6168618053197861E+01	3.7156250000000000E+01
3.6227440007030964E+01	3.7156250000000000E+01
3.6286245293915272E+01	3.7156250000000000E+01
3.6345011182129383E+01	3.7156250000000000E+01
3.6403808996081352E+01	3.7156250000000000E+01
3.6462722197175026E+01	3.7156250000000000E+01
3.6521668665111065E+01	3.7156250000000000E+01
3.6580636776983738E+01	3.7156250000000000E+01
3.6639579579234123E+01	3.7156250000000000E+01
3.6698520638048649E+01	3.7156250000000000E+01
3.6757461987435818E+01	3.7156250000000000E+01
3.6816407784819603E+01	3.7156250000000000E+01
3.6875367373228073E+01	3.7156250000000000E+01
3.6934346266090870E+01	3.7156250000000000E+01
3.6993298694491386E+01	3.7156250000000000E+01
3.7052219398319721E+01	3.7156250000000000E+01
3.7111163474619389E+01	3.7156250000000000E+01
3.7170096203684807E+01	3.7156250000000000E+01
3.7229053258895874E+01	3.7156250000000000E+01
3.7287989564239979E+01	3.7156250000000000E+01
3.7346911340951920E+01	3.7156250000000000E+01
3.7405846104025841E+01	3.7156250000000000E+01
3.7464759856462479E+01	3.7156250000000000E+01
3.7523670621216297E+01	3.7156250000000000E+01
3.7582599215209484E+01	3.7156250000000000E+01
3.7641517266631126E+01	3.7156250000000000E+01
3.7700476728379726E+01	3.7156250000000000E+01
3.7759433150291443E+01	3.7156250000000000E+01
3.7818442508578300E+01	3.7156250000000000E+01
3.7877475507557392E+01	3.7156250000000000E+01
3.7936517573893070E+01	3.7156250000000000E+01
3.7995591290295124E+01	3.7156250000000000E+01
3.8054679051041603E+01	3.7156250000000000E+01
3.8113681100308895E+01	3.7156250000000000E+01
3.8172727808356285E+01	3.7156250000000000E+01
3.8231791533529758E+01	3.7156250000000000E+01
3.8291448876261711E+01	3.7156250000000000E+01
3.8350556924939156E+01	3.7156250000000000E+01
3.8409501254558563E+01	3.7156250000000000E+01
3.8468441173434258E+01	3.7156250000000000E+01
3.8527361862361431E+01	3.7156250000000000E+01
3.8586266547441483E+01	3.7156250000000000E+01
3.8645205669105053E+01	3.7156250000000000E+01
3.8704179883003235E+01	3.7156250000000000E+01
3.8763157747685909E+01	3.7156250000000000E+01
3.8822181984782219E+01	3.7156250000000000E+01
3.8881234191358089E+01	3.7156250000000000E+01
3.8940312072634697E+01	3.7156250000000000E+01
3.8999425344169140E+01	3.7156250000000000E+01
3.9058460347354412E+01	3.7156250000000000E+01
3.9117556922137737E+01	3.7156250000000000E+01
3.9176613301038742E+01	3.7156250000000000E+01
3.9235658541321754E+01	3.7156250000000000E+01
3.9294699370861053E+01	3.7156250000000000E+01
3.9353756986558437E+01	3.7156250000000000E+01
3.9412762098014355E+01	3.7156250000000000E+01
3.9471771433949471E+01	3.7156250000000000E+01
3.9530797168612480E+01	3.7156250000000000E+01
3.9589878976345062E+01	3.7156250000000000E+01
3.9648995280265808E+01	3.7156250000000000E+01
3.9708112172782421E+01	3.7156250000000000E+01
3.9767273724079132E+01	3.7156250000000000E+01
3.9826442576944828E+01	3.7156250000000000E+01
3.9885607846081257E+01	3.7156250000000000E+01
3.9944737747311592E+01	3.7156250000000000E+01
4.0003887519240379E+01	3.7156250000000000E+01
4.0063058607280254E+01	3.7156250000000000E+01
4.0122236587107182E+01	3.7156250000000000E+01
4.0181390747427940E+01	3.7156250000000000E+01
4.0240505076944828E+01	3.7156250000000000E+01
4.0299598328769207E+01	3.7156250000000000E+01
4.0358696930110455E+01	3.7156250000000000E+01
4.0417815044522285E+01	3.7156250000000000E+01
4.0476955018937588E+01	3.7156250000000000E+01
4.0536098353564739E+01	3.7156250000000000E+01
4.0595247223973274E+01	3.7156250000000000E+01
4.0654406994581223E+01	3.7156250000000000E+01
4.0713602125644684E+01	3.7156250000000000E+01
4.0772806622087955E+01	3.7156250000000000E+01
4.0831945367157459E+01	3.7156250000000000E+01
4.0891076982021332E+01	3.7156250000000000E+01
4.0950262181460857E+01	3.7156250000000000E+01
4.1009409628808498E+01	3.7156250000000000E+01
4.1068558894097805E+01	3.7156250000000000E+01
4.1127720765769482E+01	3.7156250000000000E+01
4.1186827309429646E+01	3.7156250000000000E+01
4.1245965845882893E+01	3.7156250000000000E+01
4.1305138707160950E+01	3.7156250000000000E+01
4.1364274621009827E+01	3.7156250000000000E+01
4.1423439927399158E+01	3.7156250000000000E+01
4.1482573807239532E+01	3.7156250000000000E+01
4.1541701897978783E+01	3.7156250000000000E+01
4.1600881166756153E+01	3.7156250000000000E+01
4.1660063095390797E+01	3.7156250000000000E+01
4.1719230800867081E+01	3.7156250000000000E+01
4.1778384797275066E+01	3.7156250000000000E+01
4.1837561413645744E+01	3.7156250000000000E+01
4.1896709285676479E+01	3.7156250000000000E+01
4.1955860242247581E+01	3.7156250000000000E+01
4.2014991343021393E+01	3.7156250000000000E+01
4.2074090942740440E+01	3.7156250000000000E+01
4.2133215032517910E+01	3.7156250000000000E+01
4.2192336820065975E+01	3.7156250000000000E+01
4.2251467891037464E+01	3.7156250000000000E+01
4.2310590572655201E+01	3.7156250000000000E+01
4.2369728170335293E+01	3.7156250000000000E+01
4.2428897723555565E+01	3.7156250000000000E+01
4.2488095149397850E+01	3.7156250000000000E+01
4.2547333762049675E+01	3.7156250000000000E+01
4.2606514818966389E+01	3.7156250000000000E+01
4.2665701694786549E+01	3.7156250000000000E+01
4.2724866919219494E+01	3.7156250000000000E+01
4.2784053653478622E+01	3.7156250000000000E+01
4.2843217425048351E+01	3.7156250000000000E+01
4.2902378968894482E+01	3.7156250000000000E+01
4.2961538918316364E+01	3.7156250000000000E+01
4.3020658165216446E+01	3.7156250000000000E+01
4.3079850114881992E+01	3.7156250000000000E+01
4.3139059014618397E+01	3.7156250000000000E+01
4.3198381476104259E+01	3.7156250000000000E+01
4.3257748827338219E+01	3.7156250000000000E+01
4.3317138209939003E+01	3.7156250000000000E+01
4.3376505404710770E+01	3.7156250000000000E+01
4.3435882940888405E+01	3.7156250000000000E+01
4.3495246797800064E+01	3.7156250000000000E+01
4.3554643370211124E+01	3.7156250000000000E+01
4.3614018999040127E+01	3.7156250000000000E+01
4.3673420622944832E+01	3.7156250000000000E+01
4.3732807204127312E+01	3.7156250000000000E+01
4.3792186625301838E+01	3.7156250000000000E+01
4.3851597338914871E+01	3.7156250000000000E+01
4.3911006428301334E+01	3.7156250000000000E+01
4.3970377281308174E+01	3.7156250000000000E+01
4.4029684595763683E+01	3.7156250000000000E+01
4.4088970884680748E+01	3.7156250000000000E+01
4.4148233100771904E+01	3.7156250000000000E+01
4.4207436881959438E+01	3.7156250000000000E+01
4.4266586229205132E+01	3.7156250000000000E+01
4.4325732156634331E+01	3.7156250000000000E+01
4.4384901441633701E+01	3.7156250000000000E+01
4.4444035947322845E+01	3.7156250000000000E+01
4.4503207720816135E+01	3.7156250000000000E+01
4.4562312476336956E+01	3.7156250000000000E+01
4.4621460214257240E+01	3.7156250000000000E+01
4.4680611610412598E+01	3.7156250000000000E+01
4.4739734150469303E+01	3.7156250000000000E+01
4.4798830106854439E+01	3.7156250000000000E+01
4.4857937604188919E+01	3.7156250000000000E+01
4.4917083486914635E+01	3.7156250000000000E+01
4.4976265221834183E+01	3.7156250000000000E+01
4.5035476312041283E+01	3.7156250000000000E+01
4.5094680890440941E+01	3.7156250000000000E+01
4.5153857663273811E+01	3.7156250000000000E+01
4.5213066928088665E+01	3.7156250000000000E+01
4.5272284418344498E+01	3.7156250000000000E+01
4.5331446737051010E+01	3.7156250000000000E+01
4.5390627235174179E+01	3.7156250000000000E+01
4.5449756130576134E+01	3.7156250000000000E+01
4.5508943900465965E+01	3.7156250000000000E+01
4.5568149372935295E+01	3.7156250000000000E+01
4.5627287581562996E+01	3.7156250000000000E+01
4.5686448469758034E+01	3.7156250000000000E+01
4.5745569862425327E+01	3.7156250000000000E+01
4.5804758332669735E+01	3.7156250000000000E+01
4.5863991037011147E+01	3.7156250000000000E+01
4.5923179522156715E+01	3.7156250000000000E+01
4.5982334882020950E+01	3.7156250000000000E+01
4.6041442655026913E+01	3.7156250000000000E+01
4.6100586004555225E+01	3.7156250000000000E+01
4.6159758545458317E+01	3.7156250000000000E+01
4.6218878462910652E+01	3.7156250000000000E+01
4.6278002619743347E+01	3.7156250000000000E+01
4.6337153628468513E+01	3.7156250000000000E+01
4.6396308384835720E+01	3.7156250000000000E+01
4.6455441713333130E+01	3.7156250000000000E+01
4.6514602318406105E+01	3.7156250000000000E+01
4.6573758542537689E+01	3.7156250000000000E+01
4.6632907122373581E+01	3.7156250000000000E+01
4.6692029565572739E+01	3.7156250000000000E+01
4.6751138731837273E+01	3.7156250000000000E+01
4.6810237288475037E+01	3.7156250000000000E+01
4.6869393363595009E+01	3.7156250000000000E+01
4.6928551279008389E+01	3.7156250000000000E+01
4.6987701103091240E+01	3.7156250000000000E+01
4.7046918250620365E+01	3.7156250000000000E+01
4.7106130652129650E+01	3.7156250000000000E+01
4.7165359467267990E+01	3.7156250000000000E+01
4.7224570736289024E+01	3.7156250000000000E+01
4.7283765785396099E+01	3.7156250000000000E+01
4.7343018904328346E+01	3.7156250000000000E+01
4.7402264051139355E+01	3.7156250000000000E+01
4.7461493529379368E+01	3.7156250000000000E+01
4.7520692363381386E+01	3.7156250000000000E+01
4.7579862043261528E+01	3.7156250000000000E+01
4.7639029651880264E+01	3.7156250000000000E+01
4.7698258318006992E+01	3.7156250000000000E+01
4.7757531948387623E+01	3.7156250000000000E+01
4.7816789865493774E+01	3.7156250000000000E+01
4.7876051098108292E+01	3.7156250000000000E+01
4.7935394942760468E+01	3.7156250000000000E+01
4.7994726337492466E+01	3.7156250000000000E+01
4.8054077856242657E+01	3.7156250000000000E+01
4.8113474994897842E+01	3.7156250000000000E+01
4.8172827854752541E+01	3.7156250000000000E+01
4.8232224300503731E+01	3.7156250000000000E+01
4.8291677318513393E+01	3.7156250000000000E+01
4.8351168520748615E+01	3.7156250000000000E+01
4.8410698331892490E+01	3.7156250000000000E+01
4.8470250062644482E+01	3.7156250000000000E+01
4.8529824078083038E+01	3.7156250000000000E+01
4.8589368835091591E+01	3.7156250000000000E+01
4.8648909278213978E+01	3.7156250000000000E+01
4.8708475962281227E+01	3.7156250000000000E+01
4.8768034175038338E+01	3.7156250000000000E+01
4.8827631108462811E+01	3.7156250000000000E+01
4.8887207038700581E+01	3.7156250000000000E+01
4.8946795761585236E+01	3.7156250000000000E+01
4.9006389886140823E+01	3.7156250000000000E+01
4.9065943203866482E+01	3.7156250000000000E+01
4.9125518098473549E+01	3.7156250000000000E+01
4.9185074158012867E+01	3.7156250000000000E+01
4.9244669444859028E+01	3.7156250000000000E+01
4.9304267100989819E+01	3.7156250000000000E+01
4.9363856576383114E+01	3.7156250000000000E+01
4.9423412419855595E+01	3.7156250000000000E+01
4.9482973933219910E+01	3.7156250000000000E+01
4.9542564809322357E+01	3.7156250000000000E+01
4.9602162212133408E+01	3.7156250000000000E+01
4.9661764383316040E+01	3.7156250000000000E+01
4.9721364490687847E+01	3.7156250000000000E+01
4.9780974105000496E+01	3.7156250000000000E+01
4.9840608790516853E+01	3.7156250000000000E+01
4.9900216534733772E+01	3.7156250000000000E+01
4.9959832452237606E+01	3.7156250000000000E+01
5.0019489921629429E+01	3.7156250000000000E+01
5.0079203933477402E+01	3.7156250000000000E+01
5.0138959288597107E+01	3.7156250000000000E+01
5.0198737464845181E+01	3.7156250000000000E+01
5.0258493326604366E+01	3.7156250000000000E+01
5.0318231128156185E+01	3.7156250000000000E+01
5.0377975650131702E+01	3.7156250000000000E+01
5.0437754832208157E+01	3.7156250000000000E+01
5.0497508965432644E+01	3.7156250000000000E+01
5.0557270258665085E+01	3.7156250000000000E+01
5.0617024533450603E+01	3.7156250000000000E+01
5.0676740728318691E+01	3.7156250000000000E+01
5.0736496090888977E+01	3.7156250000000000E+01
5.0796277232468128E+01	3.7156250000000000E+01
5.0856052525341511E+01	3.7156250000000000E+01
5.0915813080966473E+01	3.7156250000000000E+01
5.0975484460592270E+01	3.7156250000000000E+01
5.1035130031406879E+01	3.7156250000000000E+01
5.1094773493707180E+01	3.7156250000000000E+01
5.1154452003538609E+01	3.7156250000000000E+01
5.1214099660515785E+01	3.7156250000000000E+01
5.1273757942020893E+01	3.7156250000000000E+01
5.1333464257419109E+01	3.7156250000000000E+01
5.1393162921071053E+01	3.7156250000000000E+01
5.1452923789620399E+01	3.7156250000000000E+01
5.1512661337852478E+01	3.7156250000000000E+01
5.1572380088269711E+01	3.7156250000000000E+01
5.1632088996469975E+01	3.7156250000000000E+01
5.1691849552094936E+01	3.7156250000000000E+01
5.1751636967062950E+01	3.7156250000000000E+01
5.1811458945274353E+01	3.7156250000000000E+01
5.1871279031038284E+01	3.7156250000000000E+01
5.1931171640753746E+01	3.7156250000000000E+01
5.1991047114133835E+01	3.7156250000000000E+01
5.2050903044641018E+01	3.7156250000000000E+01
5.2110793098807335E+01	3.7156250000000000E+01
5.2170683115720749E+01	3.7156250000000000E+01
5.2230575948953629E+01	3.7156250000000000E+01
5.2290457919239998E+01	3.7156250000000000E+01
5.2350366242229939E+01	3.7156250000000000E+01
5.2410261198878288E+01	3.7156250000000000E+01
5.2470084957778454E+01	3.7156250000000000E+01
5.2529924489557743E+01	3.7156250000000000E+01
5.2589737363159657E+01	3.7156250000000000E+01
5.2649565055966377E+01	3.7156250000000000E+01
5.2709427073597908E+01	3.7156250000000000E+01
5.2769214972853661E+01	3.7156250000000000E+01
5.2828948602080345E+01	3.7156250000000000E+01
5.2888754323124886E+01	3.7156250000000000E+01
5.2948540382087231E+01	3.7156250000000000E+01
5.3008229970932007E+01	3.7156250000000000E+01
5.3067962095141411E+01	3.7156250000000000E+01
5.3127643398940563E+01	3.7156250000000000E+01
5.3187358550727367E+01	3.7156250000000000E+01
5.3247056446969509E+01	3.7156250000000000E+01
5.3306712307035923E+01	3.7156250000000000E+01
5.3366320043802261E+01	3.7156250000000000E+01
5.3425845518708229E+01	3.7156250000000000E+01
5.3485345050692558E+01	3.7156250000000000E+01
5.3544817179441452E+01	3.7156250000000000E+01
5.3604239538311958E+01	3.7156250000000000E+01
5.3663621328771114E+01	3.7156250000000000E+01
5.3723020814359188E+01	3.7156250000000000E+01
5.3782405033707619E+01	3.7156250000000000E+01
5.3841771356761456E+01	3.7156250000000000E+01
5.3901160404086113E+01	3.7156250000000000E+01
5.3960509397089481E+01	3.7156250000000000E+01
5.4019862510263920E+01	3.7156250000000000E+01
5.4079224482178688E+01	3.7156250000000000E+01
5.4138609744608402E+01	3.7156250000000000E+01
5.4197978794574738E+01	3.7156250000000000E+01
5.4257295466959476E+01	3.7156250000000000E+01
5.4316574104130268E+01	3.7156250000000000E+01
5.4375796876847744E+01	3.7156250000000000E+01
5.4435030736029148E+01	3.7156250000000000E+01
5.4494312629103661E+01	3.7156250000000000E+01
5.4553614176809788E+01	3.7156250000000000E+01
5.4612879507243633E+01	3.7156250000000000E+01
5.4672190010547638E+01	3.7156250000000000E+01
5.4731518782675266E+01	3.7156250000000000E+01
5.4790885560214520E+01	3.7156250000000000E+01
5.4850227817893028E+01	3.7156250000000000E+01
5.4909535720944405E+01	3.7156250000000000E+01
5.4968908280134201E+01	3.7156250000000000E+01
5.5028334334492683E+01	3.7156250000000000E+01
5.5087797291576862E+01	3.7156250000000000E+01
5.5147268198430538E+01	3.7156250000000000E+01
5.5206770502030849E+01	3.7156250000000000E+01
5.5266349941492081E+01	3.7156250000000000E+01
5.5325947813689709E+01	3.7156250000000000E+01
5.5385518439114094E+01	3.7156250000000000E+01
5.5445127785205841E+01	3.7156250000000000E+01
5.5504739530384541E+01	3.7156250000000000E+01
5.5564352139830589E+01	3.7156250000000000E+01
5.5623993761837482E+01	3.7156250000000000E+01
5.5683679141104221E+01	3.7156250000000000E+01
5.5743342056870461E+01	3.7156250000000000E+01
5.5802968584001064E+01	3.7156250000000000E+01
5.5862619921565056E+01	3.7156250000000000E+01
5.5922305688261986E+01	3.7156250000000000E+01
5.5981952331960201E+01	3.7156250000000000E+01
5.6041611254215240E+01	3.7156250000000000E+01
5.6101260907948017E+01	3.7156250000000000E+01
5.6160866729915142E+01	3.7156250000000000E+01
5.6220536202192307E+01	3.7156250000000000E+01
5.6280197717249393E+01	3.7156250000000000E+01
5.6339827470481396E+01	3.7156250000000000E+01
5.6399471946060658E+01	3.7156250000000000E+01
5.6459101788699627E+01	3.7156250000000000E+01
5.6518759474158287E+01	3.7156250000000000E+01
5.6578394800424576E+01	3.7156250000000000E+01
5.6638031758368015E+01	3.7156250000000000E+01
5.6697663553059101E+01	3.7156250000000000E+01
5.6757306158542633E+01	3.7156250000000000E+01
5.6816911436617374E+01	3.7156250000000000E+01
5.6876535691320896E+01	3.7156250000000000E+01
5.6936186432838440E+01	3.7156250000000000E+01
5.6995826445519924E+01	3.7156250000000000E+01
5.7055463135242462E+01	3.7156250000000000E+01
5.7115093775093555E+01	3.7156250000000000E+01
5.7174744844436646E+01	3.7156250000000000E+01
5.7234368942677975E+01	3.7156250000000000E+01
5.7293972142040730E+01	3.7156250000000000E+01
5.7353569492697716E+01	3.7156250000000000E+01
5.7413196057081223E+01	3.7156250000000000E+01
5.7472797080874443E+01	3.7156250000000000E+01
5.7532353192567825E+01	3.7156250000000000E+01
5.7591924257576466E+01	3.7156250000000000E+01
5.7651465512812138E+01	3.7156250000000000E+01
5.7710985653102398E+01	3.7156250000000000E+01
5.7770489148795605E+01	3.7156250000000000E+01
5.7830016367137432E+01	3.7156250000000000E+01
5.7889532536268234E+01	3.7156250000000000E+01
5.7949019424617290E+01	3.7156250000000000E+01
5.8008508339524269E+01	3.7156250000000000E+01
5.8067998230457306E+01	3.7156250000000000E+01
5.8127451114356518E+01	3.7156250000000000E+01
5.8186905950307846E+01	3.7156250000000000E+01
5.8246350497007370E+01	3.7156250000000000E+01
5.8305751532316208E+01	3.7156250000000000E+01
5.8365111470222473E+01	3.7156250000000000E+01
5.8424449697136879E+01	3.7156250000000000E+01
5.8483827404677868E+01	3.7156250000000000E+01
5.8543229930102825E+01	3.7156250000000000E+01
5.8602813139557838E+01	3.7156250000000000E+01
5.8662452973425388E+01	3.7156250000000000E+01
5.8718786373734474E+01	3.7156250000000000E+01
