0.0000000000000000E+00	8.8683575365453149E-01
9.2092092092092093E+02	8.8681866004361931E-01
1.8418418418418419E+03	8.8680156131296706E-01
2.7627627627627626E+03	8.8678445746350398E-01
3.6836836836836837E+03	8.8676734849605288E-01
4.6046046046046049E+03	8.8675023441164391E-01
5.5255255255255252E+03	8.8673311521610632E-01
6.4464464464464463E+03	8.8671599092213360E-01
7.3673673673673675E+03	8.8669886154297806E-01
8.2882882882882877E+03	8.8668172709178472E-01
9.2092092092092098E+03	8.8666458758180566E-01
1.0130130130130130E+04	8.8664744302625731E-01
1.1051051051051050E+04	8.8663029343839161E-01
1.1971971971971972E+04	8.8661313883135384E-01
1.2892892892892893E+04	8.8659597921839606E-01
1.3813813813813815E+04	8.8657881461273458E-01
1.4734734734734735E+04	8.8656164502758550E-01
1.5655655655655655E+04	8.8654447047620144E-01
1.6576576576576575E+04	8.8652729097172733E-01
1.7497497497497498E+04	8.8651010652741502E-01
1.8418418418418420E+04	8.8649291715648104E-01
1.9339339339339338E+04	8.8647572287214194E-01
2.0260260260260260E+04	8.8645852368764944E-01
2.1181181181181182E+04	8.8644131961467287E-01
2.2102102102102101E+04	8.8642411064882953E-01
2.3023023023023023E+04	8.8640689677573337E-01
2.3943943943943945E+04	8.8638967798088752E-01
2.4864864864864867E+04	8.8637245424968791E-01
2.5785785785785785E+04	8.8635522556763779E-01
2.6706706706706707E+04	8.8633799192020402E-01
2.7627627627627629E+04	8.8632075329285454E-01
2.8548548548548548E+04	8.8630350967109184E-01
2.9469469469469470E+04	8.8628626104031194E-01
3.0390390390390392E+04	8.8626900738601799E-01
3.1311311311311310E+04	8.8625174869367740E-01
3.2232232232232232E+04	8.8623448494875745E-01
3.3153153153153151E+04	8.8621721613676130E-01
3.4074074074074073E+04	8.8619994224308440E-01
3.4994994994994995E+04	8.8618266325323025E-01
3.5915915915915917E+04	8.8616537915266613E-01
3.6836836836836839E+04	8.8614808992685534E-01
3.7757757757757761E+04	8.8613079555892638E-01
3.8678678678678676E+04	8.8611349602543588E-01
3.9599599599599598E+04	8.8609619130195749E-01
4.0520520520520520E+04	8.8607888136402924E-01
4.1441441441441442E+04	8.8606156618722431E-01
4.2362362362362364E+04	8.8604424574700891E-01
4.3283283283283286E+04	8.8602692001895644E-01
4.4204204204204201E+04	8.8600958897860516E-01
4.5125125125125123E+04	8.8599225260149239E-01
4.6046046046046045E+04	8.8597491086319202E-01
4.6966966966966967E+04	8.8595756373916990E-01
4.7887887887887890E+04	8.8594021120499977E-01
4.8808808808808812E+04	8.8592285323621933E-01
4.9729729729729734E+04	8.8590548980836625E-01
5.0650650650650648E+04	8.8588812089701441E-01
5.1571571571571571E+04	8.8587074647762942E-01
5.2492492492492493E+04	8.8585336652578517E-01
5.3413413413413415E+04	8.8583598101807237E-01
5.4334334334334337E+04	8.8581858994493246E-01
5.5255255255255259E+04	8.8580119330641904E-01
5.6176176176176174E+04	8.8578379110289651E-01
5.7097097097097096E+04	8.8576638333469360E-01
5.8018018018018018E+04	8.8574897000213859E-01
5.8938938938938940E+04	8.8573155110559598E-01
5.9859859859859862E+04	8.8571412664532234E-01
6.0780780780780784E+04	8.8569669662168216E-01
6.1701701701701706E+04	8.8567926103500361E-01
6.2622622622622621E+04	8.8566181988561543E-01
6.3543543543543543E+04	8.8564437317388223E-01
6.4464464464464465E+04	8.8562692090006001E-01
6.5385385385385387E+04	8.8560946306451371E-01
6.6306306306306302E+04	8.8559199966757118E-01
6.7227227227227224E+04	8.8557453070956149E-01
6.8148148148148146E+04	8.8555705619084923E-01
6.9069069069069068E+04	8.8553957611170209E-01
6.9989989989989990E+04	8.8552209047573582E-01
7.0910910910910912E+04	8.8550459929415370E-01
7.1831831831831834E+04	8.8548710257929142E-01
7.2752752752752756E+04	8.8546960034337552E-01
7.3673673673673678E+04	8.8545209259874169E-01
7.4594594594594600E+04	8.8543457935768910E-01
7.5515515515515523E+04	8.8541706063251691E-01
7.6436436436436445E+04	8.8539953643556080E-01
7.7357357357357352E+04	8.8538200677904721E-01
7.8278278278278274E+04	8.8536447167531207E-01
7.9199199199199196E+04	8.8534693113665419E-01
8.0120120120120118E+04	8.8532938517537318E-01
8.1041041041041040E+04	8.8531183380380440E-01
8.1961961961961963E+04	8.8529427703417451E-01
8.2882882882882885E+04	8.8527671487881932E-01
8.3803803803803807E+04	8.8525914735003741E-01
8.4724724724724729E+04	8.8524157446016527E-01
8.5645645645645651E+04	8.8522399621958869E-01
8.6566566566566573E+04	8.8520641262521726E-01
8.7487487487487495E+04	8.8518882366783913E-01
8.8408408408408402E+04	8.8517122933821391E-01
8.9329329329329325E+04	8.8515362962713795E-01
9.0250250250250247E+04	8.8513602452529749E-01
9.1171171171171169E+04	8.8511841402348890E-01
9.2092092092092091E+04	8.8510079811247155E-01
9.3013013013013013E+04	8.8508317678300552E-01
9.3933933933933935E+04	8.8506555002588672E-01
9.4854854854854857E+04	8.8504791783180148E-01
9.5775775775775779E+04	8.8503028019154639E-01
9.6696696696696701E+04	8.8501263709588096E-01
9.7617617617617623E+04	8.8499498853556446E-01
9.8538538538538545E+04	8.8497733450139349E-01
9.9459459459459467E+04	8.8495967498405448E-01
1.0038038038038037E+05	8.8494200997434347E-01
1.0130130130130130E+05	8.8492433946294713E-01
1.0222222222222222E+05	8.8490666343857427E-01
1.0314314314314314E+05	8.8488898188760046E-01
1.0406406406406406E+05	8.8487129479639726E-01
1.0498498498498499E+05	8.8485360215129916E-01
1.0590590590590591E+05	8.8483590393864109E-01
1.0682682682682683E+05	8.8481820014479406E-01
1.0774774774774775E+05	8.8480049075601963E-01
1.0866866866866867E+05	8.8478277575868880E-01
1.0958958958958960E+05	8.8476505513913650E-01
1.1051051051051052E+05	8.8474732888369756E-01
1.1143143143143144E+05	8.8472959697874298E-01
1.1235235235235235E+05	8.8471185941053410E-01
1.1327327327327327E+05	8.8469411616544225E-01
1.1419419419419419E+05	8.8467636722980214E-01
1.1511511511511511E+05	8.8465861258998535E-01
1.1603603603603604E+05	8.8464085223225286E-01
1.1695695695695696E+05	8.8462308614298635E-01
1.1787787787787788E+05	8.8460531431466205E-01
1.1879879879879880E+05	8.8458753675619339E-01
1.1971971971971972E+05	8.8456975347925726E-01
1.2064064064064065E+05	8.8455196449541984E-01
1.2156156156156157E+05	8.8453416981635802E-01
1.2248248248248249E+05	8.8451636945371126E-01
1.2340340340340341E+05	8.8449856341911970E-01
1.2432432432432432E+05	8.8448075172426011E-01
1.2524524524524524E+05	8.8446293438069878E-01
1.2616616616616616E+05	8.8444511140011206E-01
1.2708708708708709E+05	8.8442728279414018E-01
1.2800800800800801E+05	8.8440944857442294E-01
1.2892892892892893E+05	8.8439160875263700E-01
1.2984984984984985E+05	8.8437376334034867E-01
1.3077077077077077E+05	8.8435591234923427E-01
1.3169169169169170E+05	8.8433805579093439E-01
1.3261261261261260E+05	8.8432019367712533E-01
1.3353353353353354E+05	8.8430232601755143E-01
1.3445445445445445E+05	8.8428445280996260E-01
1.3537537537537538E+05	8.8426657404713649E-01
1.3629629629629629E+05	8.8424868972183623E-01
1.3721721721721723E+05	8.8423079982686148E-01
1.3813813813813814E+05	8.8421290435490152E-01
1.3905905905905907E+05	8.8419500329875633E-01
1.3997997997997998E+05	8.8417709665118871E-01
1.4090090090090092E+05	8.8415918440496177E-01
1.4182182182182182E+05	8.8414126655287550E-01
1.4274274274274273E+05	8.8412334308761920E-01
1.4366366366366367E+05	8.8410541400199227E-01
1.4458458458458458E+05	8.8408747928875808E-01
1.4550550550550551E+05	8.8406953894071683E-01
1.4642642642642642E+05	8.8405159295055713E-01
1.4734734734734736E+05	8.8403364131107887E-01
1.4826826826826826E+05	8.8401568401504560E-01
1.4918918918918920E+05	8.8399772105554764E-01
1.5011011011011011E+05	8.8397975243121762E-01
1.5103103103103105E+05	8.8396177814514509E-01
1.5195195195195195E+05	8.8394379820066893E-01
1.5287287287287289E+05	8.8392581260109082E-01
1.5379379379379380E+05	8.8390782134971291E-01
1.5471471471471470E+05	8.8388982444987407E-01
1.5563563563563564E+05	8.8387182190480174E-01
1.5655655655655655E+05	8.8385381371783489E-01
1.5747747747747749E+05	8.8383579989227545E-01
1.5839839839839839E+05	8.8381778043146264E-01
1.5931931931931933E+05	8.8379975533862343E-01
1.6024024024024024E+05	8.8378172461709725E-01
1.6116116116116117E+05	8.8376368827018581E-01
1.6208208208208208E+05	8.8374564630119090E-01
1.6300300300300302E+05	8.8372759871345197E-01
1.6392392392392393E+05	8.8370954551019598E-01
1.6484484484484486E+05	8.8369148669462061E-01
1.6576576576576577E+05	8.8367342226291312E-01
1.6668668668668668E+05	8.8365535220123592E-01
1.6760760760760761E+05	8.8363727649501322E-01
1.6852852852852852E+05	8.8361919512955600E-01
1.6944944944944946E+05	8.8360110809028847E-01
1.7037037037037036E+05	8.8358301536259665E-01
1.7129129129129130E+05	8.8356491693186723E-01
1.7221221221221221E+05	8.8354681278352343E-01
1.7313313313313315E+05	8.8352870290287711E-01
1.7405405405405405E+05	8.8351058727535192E-01
1.7497497497497499E+05	8.8349246588633423E-01
1.7589589589589590E+05	8.8347433872124770E-01
1.7681681681681680E+05	8.8345620576540385E-01
1.7773773773773774E+05	8.8343806700422622E-01
1.7865865865865865E+05	8.8341992242310141E-01
1.7957957957957959E+05	8.8340177200741576E-01
1.8050050050050049E+05	8.8338361574263624E-01
1.8142142142142143E+05	8.8336545362450913E-01
1.8234234234234234E+05	8.8334728567270571E-01
1.8326326326326327E+05	8.8332911191018071E-01
1.8418418418418418E+05	8.8331093235989000E-01
1.8510510510510512E+05	8.8329274704482608E-01
1.8602602602602603E+05	8.8327455598786864E-01
1.8694694694694696E+05	8.8325635921201107E-01
1.8786786786786787E+05	8.8323815674020811E-01
1.8878878878878878E+05	8.8321994859545294E-01
1.8970970970970971E+05	8.8320173480062503E-01
1.9063063063063062E+05	8.8318351537871764E-01
1.9155155155155156E+05	8.8316529035268576E-01
1.9247247247247247E+05	8.8314705974548480E-01
1.9339339339339340E+05	8.8312882358010747E-01
1.9431431431431431E+05	8.8311058187943370E-01
1.9523523523523525E+05	8.8309233466645620E-01
1.9615615615615615E+05	8.8307408196412307E-01
1.9707707707707709E+05	8.8305582378831693E-01
1.9799799799799800E+05	8.8303756013466694E-01
1.9891891891891893E+05	8.8301929099506871E-01
1.9983983983983984E+05	8.8300101636153128E-01
2.0076076076076075E+05	8.8298273622602563E-01
2.0168168168168169E+05	8.8296445058052320E-01
2.0260260260260259E+05	8.8294615941703292E-01
2.0352352352352353E+05	8.8292786272745039E-01
2.0444444444444444E+05	8.8290956050378466E-01
2.0536536536536537E+05	8.8289125273800662E-01
2.0628628628628628E+05	8.8287293942212575E-01
2.0720720720720722E+05	8.8285462054803732E-01
2.0812812812812813E+05	8.8283629610775027E-01
2.0904904904904906E+05	8.8281796609323604E-01
2.0996996996996997E+05	8.8279963049646581E-01
2.1089089089089091E+05	8.8278128930944855E-01
2.1181181181181181E+05	8.8276294252407572E-01
2.1273273273273272E+05	8.8274459012998030E-01
2.1365365365365366E+05	8.8272623211035595E-01
2.1457457457457457E+05	8.8270786844732818E-01
2.1549549549549550E+05	8.8268949912306027E-01
2.1641641641641641E+05	8.8267112411960180E-01
2.1733733733733735E+05	8.8265274341911570E-01
2.1825825825825825E+05	8.8263435700372750E-01
2.1917917917917919E+05	8.8261596485560068E-01
2.2010010010010010E+05	8.8259756695678437E-01
2.2102102102102104E+05	8.8257916328944197E-01
2.2194194194194194E+05	8.8256075383569865E-01
2.2286286286286288E+05	8.8254233857767994E-01
2.2378378378378379E+05	8.8252391749754955E-01
2.2470470470470469E+05	8.8250549057735594E-01
2.2562562562562563E+05	8.8248705779926295E-01
2.2654654654654654E+05	8.8246861914539598E-01
2.2746746746746748E+05	8.8245017459795050E-01
2.2838838838838838E+05	8.8243172415004312E-01
2.2930930930930932E+05	8.8241326781722451E-01
2.3023023023023023E+05	8.8239480561795813E-01
2.3115115115115116E+05	8.8237633757067047E-01
2.3207207207207207E+05	8.8235786369378733E-01
2.3299299299299301E+05	8.8233938400577316E-01
2.3391391391391392E+05	8.8232089852497708E-01
2.3483483483483485E+05	8.8230240726986364E-01
2.3575575575575576E+05	8.8228391025885866E-01
2.3667667667667667E+05	8.8226540751042659E-01
2.3759759759759760E+05	8.8224689904291620E-01
2.3851851851851851E+05	8.8222838487479260E-01
2.3943943943943945E+05	8.8220986502448129E-01
2.4036036036036036E+05	8.8219133951040818E-01
2.4128128128128129E+05	8.8217280835103806E-01
2.4220220220220220E+05	8.8215427156471959E-01
2.4312312312312314E+05	8.8213572916949934E-01
2.4404404404404404E+05	8.8211718116930338E-01
2.4496496496496498E+05	8.8209862755093016E-01
2.4588588588588589E+05	8.8208006830018215E-01
2.4680680680680682E+05	8.8206150340274647E-01
2.4772772772772773E+05	8.8204293284442570E-01
2.4864864864864864E+05	8.8202435661098388E-01
2.4956956956956958E+05	8.8200577468822361E-01
2.5049049049049048E+05	8.8198718706183166E-01
2.5141141141141142E+05	8.8196859371761083E-01
2.5233233233233233E+05	8.8194999464132506E-01
2.5325325325325326E+05	8.8193138981873842E-01
2.5417417417417417E+05	8.8191277923565370E-01
2.5509509509509511E+05	8.8189416287775746E-01
2.5601601601601602E+05	8.8187554073085228E-01
2.5693693693693695E+05	8.8185691278070288E-01
2.5785785785785786E+05	8.8183827901307243E-01
2.5877877877877880E+05	8.8181963941374564E-01
2.5969969969969970E+05	8.8180099396820599E-01
2.6062062062062061E+05	8.8178234266194788E-01
2.6154154154154155E+05	8.8176368548042527E-01
2.6246246246246248E+05	8.8174502240909225E-01
2.6338338338338339E+05	8.8172635343344152E-01
2.6430430430430430E+05	8.8170767853885013E-01
2.6522522522522521E+05	8.8168899771081066E-01
2.6614614614614617E+05	8.8167031093477732E-01
2.6706706706706708E+05	8.8165161819624305E-01
2.6798798798798799E+05	8.8163291948058431E-01
2.6890890890890890E+05	8.8161421477329427E-01
2.6982982982982986E+05	8.8159550405982701E-01
2.7075075075075077E+05	8.8157678732563627E-01
2.7167167167167168E+05	8.8155806455621544E-01
2.7259259259259258E+05	8.8153933573694088E-01
2.7351351351351349E+05	8.8152060085330586E-01
2.7443443443443446E+05	8.8150185989345720E-01
2.7535535535535536E+05	8.8148311285488312E-01
2.7627627627627627E+05	8.8146435973713488E-01
2.7719719719719718E+05	8.8144560053964705E-01
2.7811811811811815E+05	8.8142683526197152E-01
2.7903903903903905E+05	8.8140806390362025E-01
2.7995995995995996E+05	8.8138928646414472E-01
2.8088088088088087E+05	8.8137050294297992E-01
2.8180180180180183E+05	8.8135171333967666E-01
2.8272272272272274E+05	8.8133291765374810E-01
2.8364364364364365E+05	8.8131411588470587E-01
2.8456456456456456E+05	8.8129530803210221E-01
2.8548548548548546E+05	8.8127649409537134E-01
2.8640640640640643E+05	8.8125767407406452E-01
2.8732732732732734E+05	8.8123884796769447E-01
2.8824824824824824E+05	8.8122001577577347E-01
2.8916916916916915E+05	8.8120117749800020E-01
2.9009009009009012E+05	8.8118233313869543E-01
2.9101101101101103E+05	8.8116348270794331E-01
2.9193193193193193E+05	8.8114462621611878E-01
2.9285285285285284E+05	8.8112576367359741E-01
2.9377377377377381E+05	8.8110689509079299E-01
2.9469469469469471E+05	8.8108802047800261E-01
2.9561561561561562E+05	8.8106913984564084E-01
2.9653653653653653E+05	8.8105025320408259E-01
2.9745745745745744E+05	8.8103136056374209E-01
2.9837837837837840E+05	8.8101246193491645E-01
2.9929929929929931E+05	8.8099355732801976E-01
3.0022022022022022E+05	8.8097464675342729E-01
3.0114114114114112E+05	8.8095573022151408E-01
3.0206206206206209E+05	8.8093680774269456E-01
3.0298298298298300E+05	8.8091787932726562E-01
3.0390390390390391E+05	8.8089894498564125E-01
3.0482482482482481E+05	8.8088000472663364E-01
3.0574574574574578E+05	8.8086105855063179E-01
3.0666666666666669E+05	8.8084210645524086E-01
3.0758758758758759E+05	8.8082314843794596E-01
3.0850850850850850E+05	8.8080418449634990E-01
3.0942942942942941E+05	8.8078521462801640E-01
3.1035035035035037E+05	8.8076623883054828E-01
3.1127127127127128E+05	8.8074725710143087E-01
3.1219219219219219E+05	8.8072826943826688E-01
3.1311311311311310E+05	8.8070927583861991E-01
3.1403403403403406E+05	8.8069027630005381E-01
3.1495495495495497E+05	8.8067127082017149E-01
3.1587587587587588E+05	8.8065225939645775E-01
3.1679679679679679E+05	8.8063324202651561E-01
3.1771771771771775E+05	8.8061421870790901E-01
3.1863863863863866E+05	8.8059518943820114E-01
3.1955955955955957E+05	8.8057615421485680E-01
3.2048048048048047E+05	8.8055711303124939E-01
3.2140140140140138E+05	8.8053806587641081E-01
3.2232232232232235E+05	8.8051901273909694E-01
3.2324324324324325E+05	8.8049995360806332E-01
3.2416416416416416E+05	8.8048088847210493E-01
3.2508508508508507E+05	8.8046181731989837E-01
3.2600600600600604E+05	8.8044274014023893E-01
3.2692692692692694E+05	8.8042365692188218E-01
3.2784784784784785E+05	8.8040456765362285E-01
3.2876876876876876E+05	8.8038547232413811E-01
3.2968968968968972E+05	8.8036637092222259E-01
3.3061061061061063E+05	8.8034726343663217E-01
3.3153153153153154E+05	8.8032814985612240E-01
3.3245245245245245E+05	8.8030903016948858E-01
3.3337337337337335E+05	8.8028990436540711E-01
3.3429429429429432E+05	8.8027077243267282E-01
3.3521521521521523E+05	8.8025163435980480E-01
3.3613613613613613E+05	8.8023249013452487E-01
3.3705705705705704E+05	8.8021333974442739E-01
3.3797797797797801E+05	8.8019418317698794E-01
3.3889889889889891E+05	8.8017502041980022E-01
3.3981981981981982E+05	8.8015585146041930E-01
3.4074074074074073E+05	8.8013667628643943E-01
3.4166166166166170E+05	8.8011749488533564E-01
3.4258258258258260E+05	8.8009830724470228E-01
3.4350350350350351E+05	8.8007911335209410E-01
3.4442442442442442E+05	8.8005991319506571E-01
3.4534534534534533E+05	8.8004070676121149E-01
3.4626626626626629E+05	8.8002149403800622E-01
3.4718718718718720E+05	8.8000227501304484E-01
3.4810810810810811E+05	8.7998304967388163E-01
3.4902902902902901E+05	8.7996381800807111E-01
3.4994994994994998E+05	8.7994458000426079E-01
3.5087087087087089E+05	8.7992533566213105E-01
3.5179179179179179E+05	8.7990608498818979E-01
3.5271271271271270E+05	8.7988682798899776E-01
3.5363363363363361E+05	8.7986756467111604E-01
3.5455455455455458E+05	8.7984829504114459E-01
3.5547547547547548E+05	8.7982901910556455E-01
3.5639639639639639E+05	8.7980973687097630E-01
3.5731731731731730E+05	8.7979044834394016E-01
3.5823823823823826E+05	8.7977115353105706E-01
3.5915915915915917E+05	8.7975185243880760E-01
3.6008008008008008E+05	8.7973254507379228E-01
3.6100100100100099E+05	8.7971323144257152E-01
3.6192192192192195E+05	8.7969391155170629E-01
3.6284284284284286E+05	8.7967458540779686E-01
3.6376376376376377E+05	8.7965525301732406E-01
3.6468468468468467E+05	8.7963591438701416E-01
3.6560560560560558E+05	8.7961656952874223E-01
3.6652652652652655E+05	8.7959721846129713E-01
3.6744744744744746E+05	8.7957786120398762E-01
3.6836836836836836E+05	8.7955849777600248E-01
3.6928928928928927E+05	8.7953912819665037E-01
3.7021021021021024E+05	8.7951975248520009E-01
3.7113113113113114E+05	8.7950037066096076E-01
3.7205205205205205E+05	8.7948098274312092E-01
3.7297297297297296E+05	8.7946158875098934E-01
3.7389389389389392E+05	8.7944218870383484E-01
3.7481481481481483E+05	8.7942278262092621E-01
3.7573573573573574E+05	8.7940337052157269E-01
3.7665665665665665E+05	8.7938395242496248E-01
3.7757757757757755E+05	8.7936452835040446E-01
3.7849849849849852E+05	8.7934509831716767E-01
3.7941941941941943E+05	8.7932566234446741E-01
3.8034034034034034E+05	8.7930622043652518E-01
3.8126126126126124E+05	8.7928677256185939E-01
3.8218218218218221E+05	8.7926731868396124E-01
3.8310310310310312E+05	8.7924785876628198E-01
3.8402402402402402E+05	8.7922839277227283E-01
3.8494494494494493E+05	8.7920892066542511E-01
3.8586586586586590E+05	8.7918944240910957E-01
3.8678678678678680E+05	8.7916995796681752E-01
3.8770770770770771E+05	8.7915046730200019E-01
3.8862862862862862E+05	8.7913097037814913E-01
3.8954954954954953E+05	8.7911146715863486E-01
3.9047047047047049E+05	8.7909195760694880E-01
3.9139139139139140E+05	8.7907244168654208E-01
3.9231231231231231E+05	8.7905291936086583E-01
3.9323323323323322E+05	8.7903339059341190E-01
3.9415415415415418E+05	8.7901385534755050E-01
3.9507507507507509E+05	8.7899431359343871E-01
3.9599599599599600E+05	8.7897476532789376E-01
3.9691691691691690E+05	8.7895521055441672E-01
3.9783783783783787E+05	8.7893564927654910E-01
3.9875875875875878E+05	8.7891608149771139E-01
3.9967967967967968E+05	8.7889650722144474E-01
4.0060060060060059E+05	8.7887692645125071E-01
4.0152152152152150E+05	8.7885733919067099E-01
4.0244244244244247E+05	8.7883774544312565E-01
4.0336336336336337E+05	8.7881814521215618E-01
4.0428428428428428E+05	8.7879853850126399E-01
4.0520520520520519E+05	8.7877892531395019E-01
4.0612612612612615E+05	8.7875930565375637E-01
4.0704704704704706E+05	8.7873967952410281E-01
4.0796796796796797E+05	8.7872004692853090E-01
4.0888888888888888E+05	8.7870040787054227E-01
4.0980980980980984E+05	8.7868076235482817E-01
4.1073073073073075E+05	8.7866111039332206E-01
4.1165165165165166E+05	8.7864145200052823E-01
4.1257257257257256E+05	8.7862178719107697E-01
4.1349349349349347E+05	8.7860211597955917E-01
4.1441441441441444E+05	8.7858243838056460E-01
4.1533533533533535E+05	8.7856275440872422E-01
4.1625625625625625E+05	8.7854306407854710E-01
4.1717717717717716E+05	8.7852336740466364E-01
4.1809809809809813E+05	8.7850366440166439E-01
4.1901901901901903E+05	8.7848395508418031E-01
4.1993993993993994E+05	8.7846423946671992E-01
4.2086086086086085E+05	8.7844451756391417E-01
4.2178178178178181E+05	8.7842478939035340E-01
4.2270270270270272E+05	8.7840505496062782E-01
4.2362362362362363E+05	8.7838531428936817E-01
4.2454454454454454E+05	8.7836556739049032E-01
4.2546546546546544E+05	8.7834581427384695E-01
4.2638638638638641E+05	8.7832605494744886E-01
4.2730730730730732E+05	8.7830628941930000E-01
4.2822822822822822E+05	8.7828651769744492E-01
4.2914914914914913E+05	8.7826673978980607E-01
4.3007007007007010E+05	8.7824695570442779E-01
4.3099099099099101E+05	8.7822716544931401E-01
4.3191191191191191E+05	8.7820736903250951E-01
4.3283283283283282E+05	8.7818756646193630E-01
4.3375375375375379E+05	8.7816775774563915E-01
4.3467467467467469E+05	8.7814794289162190E-01
4.3559559559559560E+05	8.7812812190788825E-01
4.3651651651651651E+05	8.7810829480248320E-01
4.3743743743743742E+05	8.7808846158332865E-01
4.3835835835835838E+05	8.7806862225846916E-01
4.3927927927927929E+05	8.7804877683255755E-01
4.4020020020020020E+05	8.7802892528994425E-01
4.4112112112112110E+05	8.7800906760741515E-01
4.4204204204204207E+05	8.7798920376161937E-01
4.4296296296296298E+05	8.7796933372932917E-01
4.4388388388388389E+05	8.7794945748727604E-01
4.4480480480480479E+05	8.7792957501219138E-01
4.4572572572572576E+05	8.7790968628084776E-01
4.4664664664664667E+05	8.7788979126989397E-01
4.4756756756756757E+05	8.7786988995610282E-01
4.4848848848848848E+05	8.7784998231620526E-01
4.4940940940940939E+05	8.7783006832697430E-01
4.5033033033033035E+05	8.7781014796505852E-01
4.5125125125125126E+05	8.7779022120723083E-01
4.5217217217217217E+05	8.7777028803022217E-01
4.5309309309309308E+05	8.7775034841076416E-01
4.5401401401401404E+05	8.7773040232707100E-01
4.5493493493493495E+05	8.7771044976323376E-01
4.5585585585585586E+05	8.7769049070502947E-01
4.5677677677677677E+05	8.7767052513819377E-01
4.5769769769769773E+05	8.7765055304846207E-01
4.5861861861861864E+05	8.7763057442161163E-01
4.5953953953953955E+05	8.7761058924329505E-01
4.6046046046046045E+05	8.7759059749928925E-01
4.6138138138138136E+05	8.7757059917532965E-01
4.6230230230230233E+05	8.7755059425719373E-01
4.6322322322322323E+05	8.7753058273053386E-01
4.6414414414414414E+05	8.7751056458112719E-01
4.6506506506506505E+05	8.7749053979470903E-01
4.6598598598598602E+05	8.7747050835701546E-01
4.6690690690690692E+05	8.7745047025382306E-01
4.6782782782782783E+05	8.7743042547079486E-01
4.6874874874874874E+05	8.7741037399880728E-01
4.6966966966966970E+05	8.7739031584196381E-01
4.7059059059059061E+05	8.7737025100650434E-01
4.7151151151151152E+05	8.7735017949871030E-01
4.7243243243243243E+05	8.7733010132473832E-01
4.7335335335335333E+05	8.7731001649086993E-01
4.7427427427427430E+05	8.7728992500334468E-01
4.7519519519519521E+05	8.7726982686844401E-01
4.7611611611611611E+05	8.7724972209232477E-01
4.7703703703703702E+05	8.7722961068126803E-01
4.7795795795795799E+05	8.7720949264151371E-01
4.7887887887887890E+05	8.7718936797930169E-01
4.7979979979979980E+05	8.7716923670091340E-01
4.8072072072072071E+05	8.7714909881250525E-01
4.8164164164164168E+05	8.7712895432035864E-01
4.8256256256256258E+05	8.7710880323069063E-01
4.8348348348348349E+05	8.7708864554856336E-01
4.8440440440440440E+05	8.7706848127740955E-01
4.8532532532532531E+05	8.7704831042040443E-01
4.8624624624624627E+05	8.7702813298084970E-01
4.8716716716716718E+05	8.7700794896200451E-01
4.8808808808808809E+05	8.7698775836712872E-01
4.8900900900900899E+05	8.7696756119952335E-01
4.8992992992992996E+05	8.7694735746236407E-01
4.9085085085085087E+05	8.7692714715895248E-01
4.9177177177177178E+05	8.7690693029254796E-01
4.9269269269269268E+05	8.7688670686645165E-01
4.9361361361361365E+05	8.7686647688383945E-01
4.9453453453453456E+05	8.7684624034801251E-01
4.9545545545545546E+05	8.7682599726223043E-01
4.9637637637637637E+05	8.7680574762975250E-01
4.9729729729729728E+05	8.7678549145300022E-01
4.9821821821821824E+05	8.7676522872267237E-01
4.9913913913913915E+05	8.7674495942141040E-01
5.0006006006006006E+05	8.7672468353164146E-01
5.0098098098098097E+05	8.7670440103579317E-01
5.0190190190190193E+05	8.7668411191633500E-01
5.0282282282282284E+05	8.7666381615561073E-01
5.0374374374374375E+05	8.7664351373608940E-01
5.0466466466466465E+05	8.7662320464019883E-01
5.0558558558558562E+05	8.7660288885040838E-01
5.0650650650650653E+05	8.7658256634906140E-01
5.0742742742742744E+05	8.7656223711862746E-01
5.0834834834834834E+05	8.7654190114153419E-01
5.0926926926926925E+05	8.7652155840020907E-01
5.1019019019019022E+05	8.7650120887712146E-01
5.1111111111111112E+05	8.7648085255461483E-01
5.1203203203203203E+05	8.7646048941724619E-01
5.1295295295295294E+05	8.7644011945946754E-01
5.1387387387387390E+05	8.7641974267868372E-01
5.1479479479479481E+05	8.7639935907234212E-01
5.1571571571571572E+05	8.7637896863776399E-01
5.1663663663663663E+05	8.7635857137239681E-01
5.1755755755755759E+05	8.7633816727364600E-01
5.1847847847847850E+05	8.7631775633891706E-01
5.1939939939939941E+05	8.7629733856565761E-01
5.2032032032032032E+05	8.7627691395118856E-01
5.2124124124124122E+05	8.7625648249295718E-01
5.2216216216216219E+05	8.7623604418836953E-01
5.2308308308308310E+05	8.7621559903487323E-01
5.2400400400400400E+05	8.7619514702978851E-01
5.2492492492492497E+05	8.7617468817056365E-01
5.2584584584584588E+05	8.7615422245475139E-01
5.2676676676676678E+05	8.7613374989125647E-01
5.2768768768768769E+05	8.7611327050822929E-01
5.2860860860860860E+05	8.7609278433554827E-01
5.2952952952952951E+05	8.7607229140321941E-01
5.3045045045045041E+05	8.7605179174120551E-01
5.3137137137137132E+05	8.7603128537947039E-01
5.3229229229229235E+05	8.7601077234801927E-01
5.3321321321321325E+05	8.7599025267673081E-01
5.3413413413413416E+05	8.7596972639561088E-01
5.3505505505505507E+05	8.7594919353462275E-01
5.3597597597597598E+05	8.7592865412377197E-01
5.3689689689689688E+05	8.7590810819293674E-01
5.3781781781781779E+05	8.7588755577212329E-01
5.3873873873873870E+05	8.7586699689129466E-01
5.3965965965965972E+05	8.7584643158041409E-01
5.4058058058058063E+05	8.7582585986709849E-01
5.4150150150150154E+05	8.7580528175960348E-01
5.4242242242242245E+05	8.7578469725703356E-01
5.4334334334334335E+05	8.7576410635839186E-01
5.4426426426426426E+05	8.7574350906268017E-01
5.4518518518518517E+05	8.7572290536894415E-01
5.4610610610610608E+05	8.7570229527610066E-01
5.4702702702702698E+05	8.7568167878319469E-01
5.4794794794794801E+05	8.7566105588922916E-01
5.4886886886886891E+05	8.7564042659320607E-01
5.4978978978978982E+05	8.7561979089417086E-01
5.5071071071071073E+05	8.7559914879104028E-01
5.5163163163163164E+05	8.7557850028285999E-01
5.5255255255255254E+05	8.7555784536863213E-01
5.5347347347347345E+05	8.7553718404740177E-01
5.5439439439439436E+05	8.7551651631787808E-01
5.5531531531531527E+05	8.7549584216913534E-01
5.5623623623623629E+05	8.7547516157645822E-01
5.5715715715715720E+05	8.7545447451409619E-01
5.5807807807807811E+05	8.7543378095634261E-01
5.5899899899899901E+05	8.7541308087736214E-01
5.5991991991991992E+05	8.7539237425144711E-01
5.6084084084084083E+05	8.7537166105284847E-01
5.6176176176176174E+05	8.7535094125581558E-01
5.6268268268268264E+05	8.7533021483464202E-01
5.6360360360360367E+05	8.7530948176349166E-01
5.6452452452452458E+05	8.7528874201665785E-01
5.6544544544544548E+05	8.7526799556839074E-01
5.6636636636636639E+05	8.7524724239298302E-01
5.6728728728728730E+05	8.7522648246459922E-01
5.6820820820820821E+05	8.7520571575753325E-01
5.6912912912912911E+05	8.7518494225089605E-01
5.7005005005005002E+05	8.7516416194011815E-01
5.7097097097097093E+05	8.7514337482409366E-01
5.7189189189189195E+05	8.7512258090158812E-01
5.7281281281281286E+05	8.7510178017149642E-01
5.7373373373373377E+05	8.7508097263266960E-01
5.7465465465465467E+05	8.7506015828395922E-01
5.7557557557557558E+05	8.7503933712426030E-01
5.7649649649649649E+05	8.7501850915233736E-01
5.7741741741741740E+05	8.7499767436708575E-01
5.7833833833833830E+05	8.7497683276735660E-01
5.7925925925925921E+05	8.7495598435200117E-01
5.8018018018018024E+05	8.7493512911991478E-01
5.8110110110110114E+05	8.7491426706986197E-01
5.8202202202202205E+05	8.7489339820073775E-01
5.8294294294294296E+05	8.7487252250948400E-01
5.8386386386386387E+05	8.7485163997927817E-01
5.8478478478478477E+05	8.7483075058709558E-01
5.8570570570570568E+05	8.7480985431001479E-01
5.8662662662662659E+05	8.7478895112507171E-01
5.8754754754754761E+05	8.7476804100930139E-01
5.8846846846846852E+05	8.7474712393978327E-01
5.8938938938938943E+05	8.7472619989346612E-01
5.9031031031031033E+05	8.7470526884742872E-01
5.9123123123123124E+05	8.7468433077870666E-01
5.9215215215215215E+05	8.7466338566433555E-01
5.9307307307307306E+05	8.7464243348139403E-01
5.9399399399399396E+05	8.7462147420683145E-01
5.9491491491491487E+05	8.7460050781772647E-01
5.9583583583583590E+05	8.7457953429111457E-01
5.9675675675675680E+05	8.7455855360519630E-01
5.9767767767767771E+05	8.7453756575468922E-01
5.9859859859859862E+05	8.7451657074719036E-01
5.9951951951951953E+05	8.7449556859057753E-01
6.0044044044044043E+05	8.7447455929272822E-01
6.0136136136136134E+05	8.7445354286156352E-01
6.0228228228228225E+05	8.7443251930487420E-01
6.0320320320320316E+05	8.7441148863058149E-01
6.0412412412412418E+05	8.7439045084656264E-01
6.0504504504504509E+05	8.7436940596069557E-01
6.0596596596596600E+05	8.7434835398090160E-01
6.0688688688688690E+05	8.7432729491497096E-01
6.0780780780780781E+05	8.7430622877082520E-01
6.0872872872872872E+05	8.7428515555634156E-01
6.0964964964964963E+05	8.7426407527939798E-01
6.1057057057057053E+05	8.7424298794757838E-01
6.1149149149149156E+05	8.7422189355756574E-01
6.1241241241241246E+05	8.7420079209340540E-01
6.1333333333333337E+05	8.7417968353835851E-01
6.1425425425425428E+05	8.7415856787572987E-01
6.1517517517517519E+05	8.7413744508869307E-01
6.1609609609609609E+05	8.7411631516055288E-01
6.1701701701701700E+05	8.7409517807457016E-01
6.1793793793793791E+05	8.7407403381400639E-01
6.1885885885885882E+05	8.7405288236216605E-01
6.1977977977977984E+05	8.7403172370222282E-01
6.2070070070070075E+05	8.7401055781748160E-01
6.2162162162162166E+05	8.7398938469120313E-01
6.2254254254254256E+05	8.7396820430664901E-01
6.2346346346346347E+05	8.7394701664712371E-01
6.2438438438438438E+05	8.7392582169612787E-01
6.2530530530530529E+05	8.7390461945905984E-01
6.2622622622622619E+05	8.7388340997630987E-01
6.2714714714714710E+05	8.7386219329148296E-01
6.2806806806806813E+05	8.7384096944805167E-01
6.2898898898898903E+05	8.7381973848962124E-01
6.2990990990990994E+05	8.7379850045975271E-01
6.3083083083083085E+05	8.7377725540200646E-01
6.3175175175175176E+05	8.7375600335998760E-01
6.3267267267267266E+05	8.7373474437716891E-01
6.3359359359359357E+05	8.7371347849715553E-01
6.3451451451451448E+05	8.7369220576350815E-01
6.3543543543543550E+05	8.7367092621978759E-01
6.3635635635635641E+05	8.7364963990959876E-01
6.3727727727727732E+05	8.7362834687641477E-01
6.3819819819819822E+05	8.7360704716347892E-01
6.3911911911911913E+05	8.7358574078659779E-01
6.4004004004004004E+05	8.7356442771545251E-01
6.4096096096096095E+05	8.7354310791533907E-01
6.4188188188188185E+05	8.7352178135142178E-01
6.4280280280280276E+05	8.7350044798899629E-01
6.4372372372372379E+05	8.7347910779331472E-01
6.4464464464464469E+05	8.7345776072967374E-01
6.4556556556556560E+05	8.7343640676323653E-01
6.4648648648648651E+05	8.7341504585929974E-01
6.4740740740740742E+05	8.7339367798311496E-01
6.4832832832832832E+05	8.7337230309993430E-01
6.4924924924924923E+05	8.7335092117505464E-01
6.5017017017017014E+05	8.7332953217363873E-01
6.5109109109109105E+05	8.7330813606098334E-01
6.5201201201201207E+05	8.7328673280266922E-01
6.5293293293293298E+05	8.7326532238034837E-01
6.5385385385385389E+05	8.7324390479872838E-01
6.5477477477477479E+05	8.7322248006415626E-01
6.5569569569569570E+05	8.7320104818311273E-01
6.5661661661661661E+05	8.7317960916203363E-01
6.5753753753753752E+05	8.7315816300739924E-01
6.5845845845845842E+05	8.7313670972555701E-01
6.5937937937937945E+05	8.7311524932298712E-01
6.6030030030030035E+05	8.7309378180612551E-01
6.6122122122122126E+05	8.7307230718140838E-01
6.6214214214214217E+05	8.7305082545531609E-01
6.6306306306306308E+05	8.7302933663419569E-01
6.6398398398398398E+05	8.7300784072452753E-01
6.6490490490490489E+05	8.7298633773274781E-01
6.6582582582582580E+05	8.7296482766517280E-01
6.6674674674674671E+05	8.7294331052549679E-01
6.6766766766766773E+05	8.7292178631466311E-01
6.6858858858858864E+05	8.7290025503363811E-01
6.6950950950950955E+05	8.7287871668334405E-01
6.7043043043043045E+05	8.7285717126470264E-01
6.7135135135135136E+05	8.7283561877868054E-01
6.7227227227227227E+05	8.7281405922611099E-01
6.7319319319319318E+05	8.7279249260795999E-01
6.7411411411411408E+05	8.7277091892514969E-01
6.7503503503503499E+05	8.7274933817864708E-01
6.7595595595595601E+05	8.7272775036928463E-01
6.7687687687687692E+05	8.7270615549802899E-01
6.7779779779779783E+05	8.7268455356580210E-01
6.7871871871871874E+05	8.7266294457352622E-01
6.7963963963963964E+05	8.7264132851997700E-01
6.8056056056056055E+05	8.7261970538220401E-01
6.8148148148148146E+05	8.7259807512510512E-01
6.8240240240240237E+05	8.7257643771339111E-01
6.8332332332332339E+05	8.7255479311177309E-01
6.8424424424424430E+05	8.7253314128500614E-01
6.8516516516516521E+05	8.7251148219771202E-01
6.8608608608608611E+05	8.7248981581464624E-01
6.8700700700700702E+05	8.7246814210051971E-01
6.8792792792792793E+05	8.7244646102008794E-01
6.8884884884884884E+05	8.7242477253797213E-01
6.8976976976976974E+05	8.7240307661892791E-01
6.9069069069069065E+05	8.7238137322766640E-01
6.9161161161161168E+05	8.7235966232889828E-01
6.9253253253253258E+05	8.7233794388737940E-01
6.9345345345345349E+05	8.7231621787258751E-01
6.9437437437437440E+05	8.7229448427713607E-01
6.9529529529529531E+05	8.7227274310039504E-01
6.9621621621621621E+05	8.7225099434173481E-01
6.9713713713713712E+05	8.7222923800057206E-01
6.9805805805805803E+05	8.7220747407618715E-01
6.9897897897897894E+05	8.7218570256799643E-01
6.9989989989989996E+05	8.7216392347537053E-01
7.0082082082082087E+05	8.7214213679768060E-01
7.0174174174174177E+05	8.7212034253434256E-01
7.0266266266266268E+05	8.7209854068463710E-01
7.0358358358358359E+05	8.7207673124798035E-01
7.0450450450450450E+05	8.7205491422374337E-01
7.0542542542542540E+05	8.7203308961134196E-01
7.0634634634634631E+05	8.7201125741009655E-01
7.0726726726726722E+05	8.7198941762725746E-01
7.0818818818818824E+05	8.7196757028712624E-01
7.0910910910910915E+05	8.7194571541627208E-01
7.1003003003003006E+05	8.7192385304130993E-01
7.1095095095095097E+05	8.7190198318871848E-01
7.1187187187187187E+05	8.7188010588511311E-01
7.1279279279279278E+05	8.7185822115706291E-01
7.1371371371371369E+05	8.7183632903113739E-01
7.1463463463463460E+05	8.7181442953395172E-01
7.1555555555555562E+05	8.7179252269198426E-01
7.1647647647647653E+05	8.7177060853185040E-01
7.1739739739739744E+05	8.7174868708011943E-01
7.1831831831831834E+05	8.7172675836340630E-01
7.1923923923923925E+05	8.7170482240818958E-01
7.2016016016016016E+05	8.7168287924020849E-01
7.2108108108108107E+05	8.7166092886811208E-01
7.2200200200200197E+05	8.7163897128506884E-01
7.2292292292292288E+05	8.7161700648373008E-01
7.2384384384384390E+05	8.7159503445661124E-01
7.2476476476476481E+05	8.7157305519636408E-01
7.2568568568568572E+05	8.7155106869559418E-01
7.2660660660660663E+05	8.7152907494690823E-01
7.2752752752752753E+05	8.7150707394295768E-01
7.2844844844844844E+05	8.7148506567625772E-01
7.2936936936936935E+05	8.7146305013945979E-01
7.3029029029029026E+05	8.7144102732517004E-01
7.3121121121121116E+05	8.7141899722599481E-01
7.3213213213213219E+05	8.7139695983458576E-01
7.3305305305305310E+05	8.7137491514345777E-01
7.3397397397397400E+05	8.7135286314385518E-01
7.3489489489489491E+05	8.7133080382016359E-01
7.3581581581581582E+05	8.7130873715475465E-01
7.3673673673673673E+05	8.7128666312986269E-01
7.3765765765765763E+05	8.7126458172785892E-01
7.3857857857857854E+05	8.7124249293106926E-01
7.3949949949949956E+05	8.7122039672181883E-01
7.4042042042042047E+05	8.7119829308247954E-01
7.4134134134134138E+05	8.7117618199528524E-01
7.4226226226226229E+05	8.7115406344260726E-01
7.4318318318318320E+05	8.7113193740677175E-01
7.4410410410410410E+05	8.7110980387010373E-01
7.4502502502502501E+05	8.7108766281497496E-01
7.4594594594594592E+05	8.7106551422361933E-01
7.4686686686686683E+05	8.7104335807878430E-01
7.4778778778778785E+05	8.7102119437808156E-01
7.4870870870870876E+05	8.7099902313871524E-01
7.4962962962962966E+05	8.7097684437907552E-01
7.5055055055055057E+05	8.7095465811769068E-01
7.5147147147147148E+05	8.7093246437304306E-01
7.5239239239239239E+05	8.7091026316361497E-01
7.5331331331331329E+05	8.7088805450793449E-01
7.5423423423423420E+05	8.7086583842439225E-01
7.5515515515515511E+05	8.7084361493151596E-01
7.5607607607607613E+05	8.7082138404778830E-01
7.5699699699699704E+05	8.7079914579169160E-01
7.5791791791791795E+05	8.7077690018175391E-01
7.5883883883883886E+05	8.7075464723636553E-01
7.5975975975975976E+05	8.7073238697405464E-01
7.6068068068068067E+05	8.7071011940707077E-01
7.6160160160160158E+05	8.7068784451806502E-01
7.6252252252252249E+05	8.7066556228095771E-01
7.6344344344344351E+05	8.7064327266952957E-01
7.6436436436436442E+05	8.7062097565769980E-01
7.6528528528528532E+05	8.7059867121934109E-01
7.6620620620620623E+05	8.7057635932837329E-01
7.6712712712712714E+05	8.7055403995857605E-01
7.6804804804804805E+05	8.7053171308386923E-01
7.6896896896896895E+05	8.7050937867812550E-01
7.6988988988988986E+05	8.7048703671521777E-01
7.7081081081081077E+05	8.7046468716906544E-01
7.7173173173173179E+05	8.7044233001344895E-01
7.7265265265265270E+05	8.7041996522228737E-01
7.7357357357357361E+05	8.7039759277004625E-01
7.7449449449449452E+05	8.7037521264241713E-01
7.7541541541541542E+05	8.7035282483517185E-01
7.7633633633633633E+05	8.7033042934429605E-01
7.7725725725725724E+05	8.7030802616591496E-01
7.7817817817817815E+05	8.7028561529610748E-01
7.7909909909909905E+05	8.7026319673099839E-01
7.8002002002002008E+05	8.7024077046657355E-01
7.8094094094094099E+05	8.7021833649895830E-01
7.8186186186186189E+05	8.7019589482423110E-01
7.8278278278278280E+05	8.7017344543847086E-01
7.8370370370370371E+05	8.7015098833780236E-01
7.8462462462462462E+05	8.7012852351821179E-01
7.8554554554554552E+05	8.7010605097582394E-01
7.8646646646646643E+05	8.7008357070670828E-01
7.8738738738738745E+05	8.7006108270409921E-01
7.8830830830830836E+05	8.7003858695445568E-01
7.8922922922922927E+05	8.7001608344309156E-01
7.9015015015015018E+05	8.6999357215546036E-01
7.9107107107107108E+05	8.6997105307696898E-01
7.9199199199199199E+05	8.6994852619307128E-01
7.9291291291291290E+05	8.6992599148908090E-01
7.9383383383383381E+05	8.6990344895045146E-01
7.9475475475475471E+05	8.6988089856259021E-01
7.9567567567567574E+05	8.6985834031090370E-01
7.9659659659659665E+05	8.6983577418084612E-01
7.9751751751751755E+05	8.6981320015773089E-01
7.9843843843843846E+05	8.6979061822701154E-01
7.9935935935935937E+05	8.6976802837409528E-01
8.0028028028028028E+05	8.6974543058797493E-01
8.0120120120120118E+05	8.6972282488124375E-01
8.0212212212212209E+05	8.6970021127585995E-01
8.0304304304304300E+05	8.6967758979394894E-01
8.0396396396396402E+05	8.6965496045758883E-01
8.0488488488488493E+05	8.6963232328885820E-01
8.0580580580580584E+05	8.6960967830988201E-01
8.0672672672672675E+05	8.6958702554264511E-01
8.0764764764764765E+05	8.6956436500927237E-01
8.0856856856856856E+05	8.6954169673184256E-01
8.0948948948948947E+05	8.6951902073248077E-01
8.1041041041041038E+05	8.6949633703317120E-01
8.1133133133133140E+05	8.6947364565603946E-01
8.1225225225225231E+05	8.6945094662316380E-01
8.1317317317317321E+05	8.6942823995590546E-01
8.1409409409409412E+05	8.6940552566314611E-01
8.1501501501501503E+05	8.6938280374297439E-01
8.1593593593593594E+05	8.6936007419328121E-01
8.1685685685685684E+05	8.6933733701190952E-01
8.1777777777777775E+05	8.6931459219670326E-01
8.1869869869869866E+05	8.6929183974555324E-01
8.1961961961961968E+05	8.6926907965620837E-01
8.2054054054054059E+05	8.6924631192655943E-01
8.2146146146146150E+05	8.6922353655445006E-01
8.2238238238238241E+05	8.6920075353777071E-01
8.2330330330330331E+05	8.6917796287427085E-01
8.2422422422422422E+05	8.6915516456184094E-01
8.2514514514514513E+05	8.6913235859832472E-01
8.2606606606606604E+05	8.6910954498125237E-01
8.2698698698698694E+05	8.6908672369151985E-01
8.2790790790790797E+05	8.6906389468516776E-01
8.2882882882882887E+05	8.6904105791638087E-01
8.2974974974974978E+05	8.6901821333929663E-01
8.3067067067067069E+05	8.6899536090805252E-01
8.3159159159159160E+05	8.6897250057683362E-01
8.3251251251251251E+05	8.6894963229968258E-01
8.3343343343343341E+05	8.6892675603078395E-01
8.3435435435435432E+05	8.6890387172427586E-01
8.3527527527527534E+05	8.6888097933429531E-01
8.3619619619619625E+05	8.6885807881502752E-01
8.3711711711711716E+05	8.6883517012051514E-01
8.3803803803803807E+05	8.6881225320494282E-01
8.3895895895895897E+05	8.6878932802249276E-01
8.3987987987987988E+05	8.6876639454356652E-01
8.4080080080080079E+05	8.6874345277856235E-01
8.4172172172172170E+05	8.6872050274414214E-01
8.4264264264264260E+05	8.6869754445692049E-01
8.4356356356356363E+05	8.6867457793351166E-01
8.4448448448448454E+05	8.6865160319057833E-01
8.4540540540540544E+05	8.6862862024463883E-01
8.4632632632632635E+05	8.6860562911235606E-01
8.4724724724724726E+05	8.6858262981034406E-01
8.4816816816816817E+05	8.6855962235521755E-01
8.4908908908908907E+05	8.6853660676363875E-01
8.5001001001000998E+05	8.6851358305212656E-01
8.5093093093093089E+05	8.6849055123734298E-01
8.5185185185185191E+05	8.6846751133590294E-01
8.5277277277277282E+05	8.6844446335937164E-01
8.5369369369369373E+05	8.6842140729839101E-01
8.5461461461461463E+05	8.6839834313845166E-01
8.5553553553553554E+05	8.6837527086499622E-01
8.5645645645645645E+05	8.6835219046346734E-01
8.5737737737737736E+05	8.6832910191935586E-01
8.5829829829829826E+05	8.6830600521800838E-01
8.5921921921921929E+05	8.6828290034491551E-01
8.6014014014014020E+05	8.6825978728552022E-01
8.6106106106106110E+05	8.6823666602526517E-01
8.6198198198198201E+05	8.6821353654964062E-01
8.6290290290290292E+05	8.6819039884399374E-01
8.6382382382382383E+05	8.6816725289381502E-01
8.6474474474474473E+05	8.6814409868454734E-01
8.6566566566566564E+05	8.6812093620603759E-01
8.6658658658658655E+05	8.6809776547593476E-01
8.6750750750750757E+05	8.6807458652252734E-01
8.6842842842842848E+05	8.6805139937427100E-01
8.6934934934934939E+05	8.6802820405957426E-01
8.7027027027027030E+05	8.6800500060689278E-01
8.7119119119119120E+05	8.6798178904453860E-01
8.7211211211211211E+05	8.6795856940096794E-01
8.7303303303303302E+05	8.6793534170458886E-01
8.7395395395395393E+05	8.6791210598380930E-01
8.7487487487487483E+05	8.6788886226708528E-01
8.7579579579579586E+05	8.6786561058272904E-01
8.7671671671671676E+05	8.6784235095919648E-01
8.7763763763763767E+05	8.6781908342489555E-01
8.7855855855855858E+05	8.6779580800546097E-01
8.7947947947947949E+05	8.6777252470349042E-01
8.8040040040040039E+05	8.6774923350998234E-01
8.8132132132132130E+05	8.6772593441599777E-01
8.8224224224224221E+05	8.6770262741254978E-01
8.8316316316316323E+05	8.6767931249069830E-01
8.8408408408408414E+05	8.6765598964136048E-01
8.8500500500500505E+05	8.6763265885559659E-01
8.8592592592592596E+05	8.6760932012441960E-01
8.8684684684684686E+05	8.6758597343884214E-01
8.8776776776776777E+05	8.6756261878992513E-01
8.8868868868868868E+05	8.6753925616858474E-01
8.8960960960960959E+05	8.6751588556588177E-01
8.9053053053053049E+05	8.6749250697282898E-01
8.9145145145145152E+05	8.6746912038151747E-01
8.9237237237237243E+05	8.6744572579348733E-01
8.9329329329329333E+05	8.6742232321497925E-01
8.9421421421421424E+05	8.6739891265241942E-01
8.9513513513513515E+05	8.6737549411218595E-01
8.9605605605605606E+05	8.6735206760065642E-01
8.9697697697697696E+05	8.6732863312425756E-01
8.9789789789789787E+05	8.6730519068927003E-01
8.9881881881881878E+05	8.6728174030212002E-01
8.9973973973973980E+05	8.6725828196918575E-01
9.0066066066066071E+05	8.6723481569689365E-01
9.0158158158158162E+05	8.6721134149152423E-01
9.0250250250250252E+05	8.6718785935950404E-01
9.0342342342342343E+05	8.6716436930721075E-01
9.0434434434434434E+05	8.6714087134096052E-01
9.0526526526526525E+05	8.6711736546669405E-01
9.0618618618618615E+05	8.6709385169002884E-01
9.0710710710710718E+05	8.6707033001672762E-01
9.0802802802802809E+05	8.6704680045250426E-01
9.0894894894894899E+05	8.6702326300307297E-01
9.0986986986986990E+05	8.6699988367419667E-01
9.1079079079079081E+05	8.6697633047149159E-01
9.1171171171171172E+05	8.6695276940072097E-01
9.1263263263263262E+05	8.6692920046759869E-01
9.1355355355355353E+05	8.6690562367788770E-01
9.1447447447447444E+05	8.6688203903720429E-01
9.1539539539539546E+05	8.6685844655131172E-01
9.1631631631631637E+05	8.6683484622592355E-01
9.1723723723723728E+05	8.6681123805402993E-01
9.1815815815815818E+05	8.6678762197232206E-01
9.1907907907907909E+05	8.6676399790175207E-01
9.2000000000000000E+05	8.6674036576341840E-01
