2.5087416172027588E-01	3.7320312500000000E+01
3.1950251758098602E-01	3.7578125000000000E+01
3.8732602447271347E-01	3.7578125000000000E+01
4.5527121424674988E-01	3.7578125000000000E+01
5.2319068461656570E-01	3.7578125000000000E+01
5.9112396836280823E-01	3.7578125000000000E+01
6.5903282165527344E-01	3.7578125000000000E+01
7.2691173106431961E-01	3.7578125000000000E+01
7.9479601979255676E-01	3.7578125000000000E+01
8.6267802864313126E-01	3.7578125000000000E+01
9.3057801574468613E-01	3.7578125000000000E+01
9.9849151819944382E-01	3.7578125000000000E+01
1.0664108097553253E+00	3.7578125000000000E+01
1.1351772546768188E+00	3.7597656250000000E+01
1.2034128159284592E+00	3.7597656250000000E+01
1.2714376449584961E+00	3.7597656250000000E+01
1.3395257294178009E+00	3.7597656250000000E+01
1.4076314717531204E+00	3.7597656250000000E+01
1.4757401645183563E+00	3.7597656250000000E+01
1.5441870763897896E+00	3.7597656250000000E+01
1.6124394461512566E+00	3.7597656250000000E+01
1.6806019693613052E+00	3.7597656250000000E+01
1.7486965879797935E+00	3.7597656250000000E+01
1.8167461752891541E+00	3.7597656250000000E+01
1.8848512172698975E+00	3.7597656250000000E+01
1.9529805928468704E+00	3.7597656250000000E+01
2.0210926458239555E+00	3.7597656250000000E+01
2.0891865417361259E+00	3.7597656250000000E+01
2.1572545692324638E+00	3.7597656250000000E+01
2.2253524363040924E+00	3.7597656250000000E+01
2.2934538051486015E+00	3.7597656250000000E+01
2.3615195453166962E+00	3.7597656250000000E+01
2.4296058863401413E+00	3.7597656250000000E+01
2.4977539107203484E+00	3.7597656250000000E+01
2.5658690929412842E+00	3.7597656250000000E+01
2.6338779479265213E+00	3.7597656250000000E+01
2.7018507495522499E+00	3.7597656250000000E+01
2.7700270637869835E+00	3.7597656250000000E+01
2.8386383354663849E+00	3.7597656250000000E+01
2.9072789400815964E+00	3.7597656250000000E+01
2.9758965894579887E+00	3.7597656250000000E+01
3.0444524362683296E+00	3.7597656250000000E+01
3.1139691621065140E+00	3.7605468750000000E+01
3.1827518790960312E+00	3.7605468750000000E+01
3.2513959109783173E+00	3.7605468750000000E+01
3.3200965225696564E+00	3.7605468750000000E+01
3.3888026922941208E+00	3.7605468750000000E+01
3.4575245678424835E+00	3.7605468750000000E+01
3.5260510817170143E+00	3.7605468750000000E+01
3.5946336686611176E+00	3.7605468750000000E+01
3.6630571708083153E+00	3.7605468750000000E+01
3.7314071059226990E+00	3.7605468750000000E+01
3.7996440306305885E+00	3.7605468750000000E+01
3.8677667751908302E+00	3.7605468750000000E+01
3.9357146844267845E+00	3.7605468750000000E+01
4.0036170557141304E+00	3.7605468750000000E+01
4.0716454014182091E+00	3.7605468750000000E+01
4.1395940706133842E+00	3.7605468750000000E+01
4.2075267508625984E+00	3.7605468750000000E+01
4.2755472213029861E+00	3.7605468750000000E+01
4.3435244783759117E+00	3.7605468750000000E+01
4.4116030633449554E+00	3.7605468750000000E+01
4.4796011373400688E+00	3.7605468750000000E+01
4.5476524680852890E+00	3.7605468750000000E+01
4.6156891286373138E+00	3.7605468750000000E+01
4.6837498098611832E+00	3.7605468750000000E+01
4.7517786249518394E+00	3.7605468750000000E+01
4.8197799921035767E+00	3.7605468750000000E+01
4.8877877593040466E+00	3.7605468750000000E+01
4.9558188766241074E+00	3.7605468750000000E+01
5.0238928124308586E+00	3.7605468750000000E+01
5.0920286327600479E+00	3.7605468750000000E+01
5.1601948291063309E+00	3.7605468750000000E+01
5.2283316776156425E+00	3.7605468750000000E+01
5.2964211031794548E+00	3.7605468750000000E+01
5.3644991964101791E+00	3.7605468750000000E+01
5.4325445368885994E+00	3.7605468750000000E+01
5.5006547123193741E+00	3.7605468750000000E+01
5.5687539726495743E+00	3.7605468750000000E+01
5.6367734670639038E+00	3.7605468750000000E+01
5.7047837451100349E+00	3.7605468750000000E+01
5.7728648781776428E+00	3.7605468750000000E+01
5.8409405797719955E+00	3.7605468750000000E+01
5.9090731665492058E+00	3.7605468750000000E+01
5.9770477041602135E+00	3.7605468750000000E+01
6.0450124368071556E+00	3.7605468750000000E+01
6.1130030229687691E+00	3.7605468750000000E+01
6.1809322685003281E+00	3.7605468750000000E+01
6.2488515973091125E+00	3.7605468750000000E+01
6.3168607130646706E+00	3.7605468750000000E+01
6.3848498314619064E+00	3.7605468750000000E+01
6.4529253169894218E+00	3.7605468750000000E+01
6.5216407403349876E+00	3.7605468750000000E+01
6.5897282138466835E+00	3.7605468750000000E+01
6.6576954498887062E+00	3.7605468750000000E+01
6.7257781252264977E+00	3.7605468750000000E+01
6.7939851358532906E+00	3.7605468750000000E+01
6.8620309382677078E+00	3.7605468750000000E+01
6.9300618395209312E+00	3.7605468750000000E+01
6.9981515184044838E+00	3.7605468750000000E+01
7.0663464888930321E+00	3.7605468750000000E+01
7.1344098150730133E+00	3.7605468750000000E+01
7.2024655044078827E+00	3.7605468750000000E+01
7.2705870419740677E+00	3.7605468750000000E+01
7.3389529660344124E+00	3.7605468750000000E+01
7.4072415158152580E+00	3.7605468750000000E+01
7.4754974991083145E+00	3.7605468750000000E+01
7.5439054295420647E+00	3.7605468750000000E+01
7.6124957799911499E+00	3.7605468750000000E+01
7.6812122240662575E+00	3.7605468750000000E+01
7.7500758692622185E+00	3.7605468750000000E+01
7.8189645856618881E+00	3.7605468750000000E+01
7.8878425732254982E+00	3.7605468750000000E+01
7.9567863643169403E+00	3.7605468750000000E+01
8.0259660854935646E+00	3.7605468750000000E+01
8.0952083244919777E+00	3.7605468750000000E+01
8.1645076945424080E+00	3.7605468750000000E+01
8.2339119911193848E+00	3.7605468750000000E+01
8.3032273575663567E+00	3.7605468750000000E+01
8.3725841045379639E+00	3.7605468750000000E+01
8.4418560862541199E+00	3.7605468750000000E+01
8.5110520720481873E+00	3.7605468750000000E+01
8.5803627222776413E+00	3.7605468750000000E+01
8.6500318646430969E+00	3.7605468750000000E+01
8.7197676375508308E+00	3.7605468750000000E+01
8.7895455136895180E+00	3.7605468750000000E+01
8.8594275489449501E+00	3.7605468750000000E+01
8.9293297231197357E+00	3.7605468750000000E+01
8.9990066140890121E+00	3.7605468750000000E+01
9.0686426311731339E+00	3.7605468750000000E+01
9.1381749138236046E+00	3.7605468750000000E+01
9.2073886170983315E+00	3.7605468750000000E+01
9.2763885408639908E+00	3.7605468750000000E+01
9.3454303964972496E+00	3.7605468750000000E+01
9.4145453497767448E+00	3.7605468750000000E+01
9.4836585596203804E+00	3.7605468750000000E+01
9.5526343509554863E+00	3.7605468750000000E+01
9.6214252263307571E+00	3.7605468750000000E+01
9.6902838945388794E+00	3.7605468750000000E+01
9.7591109871864319E+00	3.7605468750000000E+01
9.8278692886233330E+00	3.7605468750000000E+01
9.8965818062424660E+00	3.7605468750000000E+01
9.9653505682945251E+00	3.7605468750000000E+01
1.0034440189599991E+01	3.7605468750000000E+01
1.0103418998420238E+01	3.7605468750000000E+01
1.0172322399914265E+01	3.7605468750000000E+01
1.0241239242255688E+01	3.7605468750000000E+01
1.0310162626206875E+01	3.7605468750000000E+01
1.0379114829003811E+01	3.7605468750000000E+01
1.0448085255920887E+01	3.7605468750000000E+01
1.0517016313970089E+01	3.7605468750000000E+01
1.0585991472005844E+01	3.7605468750000000E+01
1.0654923558235168E+01	3.7605468750000000E+01
1.0723865039646626E+01	3.7605468750000000E+01
1.0792784616351128E+01	3.7605468750000000E+01
1.0861757472157478E+01	3.7605468750000000E+01
1.0930701039731503E+01	3.7605468750000000E+01
1.0999656036496162E+01	3.7605468750000000E+01
1.1068577148020267E+01	3.7605468750000000E+01
1.1137635432183743E+01	3.7605468750000000E+01
1.1206614017486572E+01	3.7605468750000000E+01
1.1275581568479538E+01	3.7605468750000000E+01
1.1344526328146458E+01	3.7605468750000000E+01
1.1413525529205799E+01	3.7605468750000000E+01
1.1482511132955551E+01	3.7605468750000000E+01
1.1551499374210835E+01	3.7605468750000000E+01
1.1620496265590191E+01	3.7605468750000000E+01
1.1689382217824459E+01	3.7605468750000000E+01
1.1758440054953098E+01	3.7605468750000000E+01
1.1827504791319370E+01	3.7605468750000000E+01
1.1896452404558659E+01	3.7605468750000000E+01
1.1965366512537003E+01	3.7605468750000000E+01
1.2034254364669323E+01	3.7605468750000000E+01
1.2103083223104477E+01	3.7605468750000000E+01
1.2171960152685642E+01	3.7605468750000000E+01
1.2240891404449940E+01	3.7605468750000000E+01
1.2310614652931690E+01	3.7609375000000000E+01
1.2379662722349167E+01	3.7609375000000000E+01
1.2448510050773621E+01	3.7609375000000000E+01
1.2517432130873203E+01	3.7609375000000000E+01
1.2586403578519821E+01	3.7609375000000000E+01
1.2655325837433338E+01	3.7609375000000000E+01
1.2724264420568943E+01	3.7609375000000000E+01
1.2793245792388916E+01	3.7609375000000000E+01
1.2862128704786301E+01	3.7609375000000000E+01
1.2931064955890179E+01	3.7609375000000000E+01
1.2999992385506630E+01	3.7609375000000000E+01
1.3068845957517624E+01	3.7609375000000000E+01
1.3137763068079948E+01	3.7609375000000000E+01
1.3206576272845268E+01	3.7609375000000000E+01
1.3275457039475441E+01	3.7609375000000000E+01
1.3344392359256744E+01	3.7609375000000000E+01
1.3413381315767765E+01	3.7609375000000000E+01
1.3482380591332912E+01	3.7609375000000000E+01
1.3551363714039326E+01	3.7609375000000000E+01
1.3620280988514423E+01	3.7609375000000000E+01
1.3689190305769444E+01	3.7609375000000000E+01
1.3757979355752468E+01	3.7609375000000000E+01
1.3826774336397648E+01	3.7609375000000000E+01
1.3895458489656448E+01	3.7609375000000000E+01
1.3964018993079662E+01	3.7609375000000000E+01
1.4032470919191837E+01	3.7609375000000000E+01
1.4101125717163086E+01	3.7609375000000000E+01
1.4169889979064465E+01	3.7609375000000000E+01
1.4238641887903214E+01	3.7609375000000000E+01
1.4307208016514778E+01	3.7609375000000000E+01
1.4375933125615120E+01	3.7609375000000000E+01
1.4444629035890102E+01	3.7609375000000000E+01
1.4513356588780880E+01	3.7609375000000000E+01
1.4582126297056675E+01	3.7609375000000000E+01
1.4650921456515789E+01	3.7609375000000000E+01
1.4719613522291183E+01	3.7609375000000000E+01
1.4788285069167614E+01	3.7609375000000000E+01
1.4857003174722195E+01	3.7609375000000000E+01
1.4925726450979710E+01	3.7609375000000000E+01
1.4994486361742020E+01	3.7609375000000000E+01
1.5063287295401096E+01	3.7609375000000000E+01
1.5132002383470535E+01	3.7609375000000000E+01
1.5200645364820957E+01	3.7609375000000000E+01
1.5269244231283665E+01	3.7609375000000000E+01
1.5337933279573917E+01	3.7609375000000000E+01
1.5406664304435253E+01	3.7609375000000000E+01
1.5475379936397076E+01	3.7609375000000000E+01
1.5544195406138897E+01	3.7609375000000000E+01
1.5613147169351578E+01	3.7609375000000000E+01
1.5681754015386105E+01	3.7609375000000000E+01
1.5750227369368076E+01	3.7609375000000000E+01
1.5818944133818150E+01	3.7609375000000000E+01
1.5887609206140041E+01	3.7609375000000000E+01
1.5956221677362919E+01	3.7609375000000000E+01
1.6024992488324642E+01	3.7609375000000000E+01
1.6093599565327168E+01	3.7609375000000000E+01
1.6162358917295933E+01	3.7609375000000000E+01
1.6231058888137341E+01	3.7609375000000000E+01
1.6299793176352978E+01	3.7609375000000000E+01
1.6368513248860836E+01	3.7609375000000000E+01
1.6437344849109650E+01	3.7609375000000000E+01
1.6506274245679379E+01	3.7609375000000000E+01
1.6575137034058571E+01	3.7609375000000000E+01
1.6643982894718647E+01	3.7609375000000000E+01
1.6712844036519527E+01	3.7609375000000000E+01
1.6781687222421169E+01	3.7609375000000000E+01
1.6850547581911087E+01	3.7609375000000000E+01
1.6919519193470478E+01	3.7609375000000000E+01
1.6988544441759586E+01	3.7609375000000000E+01
1.7057539016008377E+01	3.7609375000000000E+01
1.7126640282571316E+01	3.7609375000000000E+01
1.7195649065077305E+01	3.7609375000000000E+01
1.7264621876180172E+01	3.7609375000000000E+01
1.7333579473197460E+01	3.7609375000000000E+01
1.7402582399547100E+01	3.7609375000000000E+01
1.7471520341932774E+01	3.7609375000000000E+01
1.7540525846183300E+01	3.7609375000000000E+01
1.7609519556164742E+01	3.7609375000000000E+01
1.7678412988781929E+01	3.7609375000000000E+01
1.7747256532311440E+01	3.7609375000000000E+01
1.7816235855221748E+01	3.7609375000000000E+01
1.7885188095271587E+01	3.7609375000000000E+01
1.7954181164503098E+01	3.7609375000000000E+01
1.8023245535790920E+01	3.7609375000000000E+01
1.8092208780348301E+01	3.7609375000000000E+01
1.8161235257983208E+01	3.7609375000000000E+01
1.8230253472924232E+01	3.7609375000000000E+01
1.8299264237284660E+01	3.7609375000000000E+01
1.8368369944393635E+01	3.7609375000000000E+01
1.8437454424798489E+01	3.7609375000000000E+01
1.8506504639983177E+01	3.7609375000000000E+01
1.8575617648661137E+01	3.7609375000000000E+01
1.8644659362733364E+01	3.7609375000000000E+01
1.8713616445660591E+01	3.7609375000000000E+01
1.8782641761004925E+01	3.7609375000000000E+01
1.8851593486964703E+01	3.7609375000000000E+01
1.8920385837554932E+01	3.7609375000000000E+01
1.8989634551107883E+01	3.7609375000000000E+01
1.9058552496135235E+01	3.7609375000000000E+01
1.9127530544996262E+01	3.7609375000000000E+01
1.9196656070649624E+01	3.7609375000000000E+01
1.9265643455088139E+01	3.7609375000000000E+01
1.9334727324545383E+01	3.7609375000000000E+01
1.9403798051178455E+01	3.7609375000000000E+01
1.9473169453442097E+01	3.7609375000000000E+01
1.9542284622788429E+01	3.7609375000000000E+01
1.9611423224210739E+01	3.7609375000000000E+01
1.9680581294000149E+01	3.7609375000000000E+01
1.9749682068824768E+01	3.7609375000000000E+01
1.9818801619112492E+01	3.7609375000000000E+01
1.9887894853949547E+01	3.7609375000000000E+01
1.9957069158554077E+01	3.7609375000000000E+01
2.0026252560317516E+01	3.7609375000000000E+01
2.0095366448163986E+01	3.7609375000000000E+01
2.0164457857608795E+01	3.7609375000000000E+01
2.0233580581843853E+01	3.7609375000000000E+01
2.0302675135433674E+01	3.7609375000000000E+01
2.0371798783540726E+01	3.7609375000000000E+01
2.0440917596220970E+01	3.7609375000000000E+01
2.0510044135153294E+01	3.7609375000000000E+01
2.0579120673239231E+01	3.7609375000000000E+01
2.0648092001676559E+01	3.7609375000000000E+01
2.0717240601778030E+01	3.7609375000000000E+01
2.0786890961229801E+01	3.7609375000000000E+01
2.0856597654521465E+01	3.7609375000000000E+01
2.0926225706934929E+01	3.7609375000000000E+01
2.0995860815048218E+01	3.7609375000000000E+01
2.1065436199307442E+01	3.7609375000000000E+01
2.1135073684155941E+01	3.7609375000000000E+01
2.1204715430736542E+01	3.7609375000000000E+01
2.1274290919303894E+01	3.7609375000000000E+01
2.1343885689973831E+01	3.7609375000000000E+01
2.1413585916161537E+01	3.7609375000000000E+01
2.1483278892934322E+01	3.7609375000000000E+01
2.1552809961140156E+01	3.7609375000000000E+01
2.1622154682874680E+01	3.7609375000000000E+01
2.1691474474966526E+01	3.7609375000000000E+01
2.1760637536644936E+01	3.7609375000000000E+01
2.1829642988741398E+01	3.7609375000000000E+01
2.1898446254432201E+01	3.7609375000000000E+01
2.1967391297221184E+01	3.7609375000000000E+01
2.2036344863474369E+01	3.7609375000000000E+01
2.2106001839041710E+01	3.7609375000000000E+01
2.2175012663006783E+01	3.7609375000000000E+01
2.2244017280638218E+01	3.7609375000000000E+01
2.2313078746199608E+01	3.7609375000000000E+01
2.2382162146270275E+01	3.7609375000000000E+01
2.2451215505599976E+01	3.7609375000000000E+01
2.2520338617265224E+01	3.7609375000000000E+01
2.2589371092617512E+01	3.7609375000000000E+01
2.2658395260572433E+01	3.7609375000000000E+01
2.2727502569556236E+01	3.7609375000000000E+01
2.2796610020101070E+01	3.7609375000000000E+01
2.2865600489079952E+01	3.7609375000000000E+01
2.2934672966599464E+01	3.7609375000000000E+01
2.3003721885383129E+01	3.7609375000000000E+01
2.3072797901928425E+01	3.7609375000000000E+01
2.3141823709011078E+01	3.7609375000000000E+01
2.3210873022675514E+01	3.7609375000000000E+01
2.3279907099902630E+01	3.7609375000000000E+01
2.3348954096436501E+01	3.7609375000000000E+01
2.3418059207499027E+01	3.7609375000000000E+01
2.3487112596631050E+01	3.7609375000000000E+01
2.3556245133280754E+01	3.7609375000000000E+01
2.3625330708920956E+01	3.7609375000000000E+01
2.3694419063627720E+01	3.7609375000000000E+01
2.3763516746461391E+01	3.7609375000000000E+01
2.3832595631480217E+01	3.7609375000000000E+01
2.3901610009372234E+01	3.7609375000000000E+01
2.3970644704997540E+01	3.7609375000000000E+01
2.4039697013795376E+01	3.7609375000000000E+01
2.4108752273023129E+01	3.7609375000000000E+01
2.4177829220890999E+01	3.7609375000000000E+01
2.4246903195977211E+01	3.7609375000000000E+01
2.4315945550799370E+01	3.7609375000000000E+01
2.4384939521551132E+01	3.7609375000000000E+01
2.4453971199691296E+01	3.7609375000000000E+01
2.4523015260696411E+01	3.7609375000000000E+01
2.4592046223580837E+01	3.7609375000000000E+01
2.4661093592643738E+01	3.7609375000000000E+01
2.4730104997754097E+01	3.7609375000000000E+01
2.4799144662916660E+01	3.7609375000000000E+01
2.4868121489882469E+01	3.7609375000000000E+01
2.4937105782330036E+01	3.7609375000000000E+01
2.5006091125309467E+01	3.7609375000000000E+01
2.5075102552771568E+01	3.7609375000000000E+01
2.5144074968993664E+01	3.7609375000000000E+01
2.5212971791625023E+01	3.7609375000000000E+01
2.5281924620270729E+01	3.7609375000000000E+01
2.5350876718759537E+01	3.7609375000000000E+01
2.5419736035168171E+01	3.7609375000000000E+01
2.5488609850406647E+01	3.7609375000000000E+01
2.5557617709040642E+01	3.7609375000000000E+01
2.5626470528542995E+01	3.7609375000000000E+01
2.5695377565920353E+01	3.7609375000000000E+01
2.5764261588454247E+01	3.7609375000000000E+01
2.5833166770637035E+01	3.7609375000000000E+01
2.5902055777609348E+01	3.7609375000000000E+01
2.5970941372215748E+01	3.7609375000000000E+01
2.6039901465177536E+01	3.7609375000000000E+01
2.6108913145959377E+01	3.7609375000000000E+01
2.6177883148193359E+01	3.7609375000000000E+01
2.6246838353574276E+01	3.7609375000000000E+01
2.6315744407474995E+01	3.7609375000000000E+01
2.6384669303894043E+01	3.7609375000000000E+01
2.6453628502786160E+01	3.7609375000000000E+01
2.6522605150938034E+01	3.7609375000000000E+01
2.6591611348092556E+01	3.7609375000000000E+01
2.6660583823919296E+01	3.7609375000000000E+01
2.6729638457298279E+01	3.7609375000000000E+01
2.6798687376081944E+01	3.7609375000000000E+01
2.6867730014026165E+01	3.7609375000000000E+01
2.6936792433261871E+01	3.7609375000000000E+01
2.7005811497569084E+01	3.7609375000000000E+01
2.7074838884174824E+01	3.7609375000000000E+01
2.7143908262252808E+01	3.7609375000000000E+01
2.7212865181267262E+01	3.7609375000000000E+01
2.7281831845641136E+01	3.7609375000000000E+01
2.7350831203162670E+01	3.7609375000000000E+01
2.7419800631701946E+01	3.7609375000000000E+01
2.7488868124783039E+01	3.7609375000000000E+01
2.7557900115847588E+01	3.7609375000000000E+01
2.7626932688057423E+01	3.7609375000000000E+01
2.7695971272885799E+01	3.7609375000000000E+01
2.7765027217566967E+01	3.7609375000000000E+01
2.7834141492843628E+01	3.7609375000000000E+01
2.7903193846344948E+01	3.7609375000000000E+01
2.7972268559038639E+01	3.7609375000000000E+01
2.8041347213089466E+01	3.7609375000000000E+01
2.8110446736216545E+01	3.7609375000000000E+01
2.8179587751626968E+01	3.7609375000000000E+01
2.8248670279979706E+01	3.7609375000000000E+01
2.8317714087665081E+01	3.7609375000000000E+01
2.8386826351284981E+01	3.7609375000000000E+01
2.8455943085253239E+01	3.7609375000000000E+01
2.8525014422833920E+01	3.7609375000000000E+01
2.8594060458242893E+01	3.7609375000000000E+01
2.8663157880306244E+01	3.7609375000000000E+01
2.8732301644980907E+01	3.7609375000000000E+01
2.8801381945610046E+01	3.7609375000000000E+01
2.8870510846376419E+01	3.7609375000000000E+01
2.8939655922353268E+01	3.7609375000000000E+01
2.9008789129555225E+01	3.7609375000000000E+01
2.9077883474528790E+01	3.7609375000000000E+01
2.9146985583007336E+01	3.7609375000000000E+01
2.9216070324182510E+01	3.7609375000000000E+01
2.9285177737474442E+01	3.7609375000000000E+01
2.9354330964386463E+01	3.7609375000000000E+01
2.9423454895615578E+01	3.7609375000000000E+01
2.9492560930550098E+01	3.7609375000000000E+01
2.9561687976121902E+01	3.7609375000000000E+01
2.9630814582109451E+01	3.7609375000000000E+01
2.9699897967278957E+01	3.7609375000000000E+01
2.9769019454717636E+01	3.7609375000000000E+01
2.9838103525340557E+01	3.7609375000000000E+01
2.9907168500125408E+01	3.7609375000000000E+01
2.9976274892687798E+01	3.7609375000000000E+01
3.0045383311808109E+01	3.7609375000000000E+01
3.0114508636295795E+01	3.7609375000000000E+01
3.0183645591139793E+01	3.7609375000000000E+01
3.0252668738365173E+01	3.7609375000000000E+01
3.0321708954870701E+01	3.7609375000000000E+01
3.0390760190784931E+01	3.7609375000000000E+01
3.0459737285971642E+01	3.7609375000000000E+01
3.0528730057179928E+01	3.7609375000000000E+01
3.0597737252712250E+01	3.7609375000000000E+01
3.0666657492518425E+01	3.7609375000000000E+01
3.0735663779079914E+01	3.7609375000000000E+01
3.0804668396711349E+01	3.7609375000000000E+01
3.0873682126402855E+01	3.7609375000000000E+01
3.0942865900695324E+01	3.7609375000000000E+01
3.1012014210224152E+01	3.7609375000000000E+01
3.1081348128616810E+01	3.7609375000000000E+01
3.1150436744093895E+01	3.7609375000000000E+01
3.1219552852213383E+01	3.7609375000000000E+01
3.1288656786084175E+01	3.7609375000000000E+01
3.1357832603156567E+01	3.7609375000000000E+01
3.1426964752376080E+01	3.7609375000000000E+01
3.1496114075183868E+01	3.7609375000000000E+01
3.1565440312027931E+01	3.7609375000000000E+01
3.1634826734662056E+01	3.7609375000000000E+01
3.1704207263886929E+01	3.7609375000000000E+01
3.1773602589964867E+01	3.7609375000000000E+01
3.1843040101230145E+01	3.7609375000000000E+01
3.1912458181381226E+01	3.7609375000000000E+01
3.1981863319873810E+01	3.7609375000000000E+01
3.2051283665001392E+01	3.7609375000000000E+01
3.2120677977800369E+01	3.7609375000000000E+01
3.2189961709082127E+01	3.7609375000000000E+01
3.2259409770369530E+01	3.7609375000000000E+01
3.2329318784177303E+01	3.7609375000000000E+01
3.2399426512420177E+01	3.7609375000000000E+01
3.2469605036079884E+01	3.7609375000000000E+01
3.2539715915918350E+01	3.7609375000000000E+01
3.2609865263104439E+01	3.7609375000000000E+01
3.2680015392601490E+01	3.7609375000000000E+01
3.2750255413353443E+01	3.7609375000000000E+01
3.2820490665733814E+01	3.7609375000000000E+01
3.2890783160924911E+01	3.7609375000000000E+01
3.2961062178015709E+01	3.7609375000000000E+01
3.3031353741884232E+01	3.7609375000000000E+01
3.3101617515087128E+01	3.7609375000000000E+01
3.3171855740249157E+01	3.7609375000000000E+01
3.3241988144814968E+01	3.7609375000000000E+01
3.3312009848654270E+01	3.7609375000000000E+01
3.3381949380040169E+01	3.7609375000000000E+01
3.3451661825180054E+01	3.7609375000000000E+01
3.3521300248801708E+01	3.7609375000000000E+01
3.3591014564037323E+01	3.7609375000000000E+01
3.3660778716206551E+01	3.7609375000000000E+01
3.3730553045868874E+01	3.7609375000000000E+01
3.3800380036234856E+01	3.7609375000000000E+01
3.3870331197977066E+01	3.7609375000000000E+01
3.3940358065068722E+01	3.7609375000000000E+01
3.4010373264551163E+01	3.7609375000000000E+01
3.4080511853098869E+01	3.7609375000000000E+01
3.4150649294257164E+01	3.7609375000000000E+01
3.4220844872295856E+01	3.7609375000000000E+01
3.4291005805134773E+01	3.7609375000000000E+01
3.4361131414771080E+01	3.7609375000000000E+01
3.4431506909430027E+01	3.7609375000000000E+01
3.4501707635819912E+01	3.7609375000000000E+01
3.4571801245212555E+01	3.7609375000000000E+01
3.4641915313899517E+01	3.7609375000000000E+01
3.4711959026753902E+01	3.7609375000000000E+01
3.4782384790480137E+01	3.7609375000000000E+01
3.4852630481123924E+01	3.7609375000000000E+01
3.4922878228127956E+01	3.7609375000000000E+01
3.4993103086948395E+01	3.7609375000000000E+01
3.5063356667757034E+01	3.7609375000000000E+01
3.5133639030158520E+01	3.7609375000000000E+01
3.5203894473612309E+01	3.7609375000000000E+01
3.5274100013077259E+01	3.7609375000000000E+01
3.5344339519739151E+01	3.7609375000000000E+01
3.5414601191878319E+01	3.7609375000000000E+01
3.5484827332198620E+01	3.7609375000000000E+01
3.5555041722953320E+01	3.7609375000000000E+01
3.5625169716775417E+01	3.7609375000000000E+01
3.5695254430174828E+01	3.7609375000000000E+01
3.5765392690896988E+01	3.7609375000000000E+01
3.5835497714579105E+01	3.7609375000000000E+01
3.5905614614486694E+01	3.7609375000000000E+01
3.5975784979760647E+01	3.7609375000000000E+01
3.6045885264873505E+01	3.7609375000000000E+01
3.6116107024252415E+01	3.7609375000000000E+01
3.6186351373791695E+01	3.7609375000000000E+01
3.6256523877382278E+01	3.7609375000000000E+01
3.6326708137989044E+01	3.7609375000000000E+01
3.6396765224635601E+01	3.7609375000000000E+01
3.6466849975287914E+01	3.7609375000000000E+01
3.6536917909979820E+01	3.7609375000000000E+01
3.6606945388019085E+01	3.7609375000000000E+01
3.6677056252956390E+01	3.7609375000000000E+01
3.6747069396078587E+01	3.7609375000000000E+01
3.6817076086997986E+01	3.7609375000000000E+01
3.6887090638279915E+01	3.7609375000000000E+01
3.6957099117338657E+01	3.7609375000000000E+01
3.7027194298803806E+01	3.7609375000000000E+01
3.7097145766019821E+01	3.7609375000000000E+01
3.7167116329073906E+01	3.7609375000000000E+01
3.7237117417156696E+01	3.7609375000000000E+01
3.7307145453989506E+01	3.7609375000000000E+01
3.7377113610506058E+01	3.7609375000000000E+01
3.7447219580411911E+01	3.7609375000000000E+01
3.7517335519194603E+01	3.7609375000000000E+01
3.7587505668401718E+01	3.7609375000000000E+01
3.7657640457153320E+01	3.7609375000000000E+01
3.7727755278348923E+01	3.7609375000000000E+01
3.7797823943197727E+01	3.7609375000000000E+01
3.7867893084883690E+01	3.7609375000000000E+01
3.7937988705933094E+01	3.7609375000000000E+01
3.8008171394467354E+01	3.7609375000000000E+01
3.8078319847583771E+01	3.7609375000000000E+01
3.8148480735719204E+01	3.7609375000000000E+01
3.8218672625720501E+01	3.7609375000000000E+01
3.8288880638778210E+01	3.7609375000000000E+01
3.8359063431620598E+01	3.7609375000000000E+01
3.8429171845316887E+01	3.7609375000000000E+01
3.8499381855130196E+01	3.7609375000000000E+01
3.8569635167717934E+01	3.7609375000000000E+01
3.8639860995113850E+01	3.7609375000000000E+01
3.8710065186023712E+01	3.7609375000000000E+01
3.8780321776866913E+01	3.7609375000000000E+01
3.8851352110505104E+01	3.7609375000000000E+01
3.8921741984784603E+01	3.7609375000000000E+01
3.8991982676088810E+01	3.7609375000000000E+01
3.9062220178544521E+01	3.7609375000000000E+01
3.9132396481931210E+01	3.7609375000000000E+01
3.9202613785862923E+01	3.7609375000000000E+01
3.9272862859070301E+01	3.7609375000000000E+01
3.9343127183616161E+01	3.7609375000000000E+01
3.9413395695388317E+01	3.7609375000000000E+01
3.9483665362000465E+01	3.7609375000000000E+01
3.9553918361663818E+01	3.7609375000000000E+01
3.9624115705490112E+01	3.7609375000000000E+01
3.9694404542446136E+01	3.7609375000000000E+01
3.9764684423804283E+01	3.7609375000000000E+01
3.9835040770471096E+01	3.7609375000000000E+01
3.9905283495783806E+01	3.7609375000000000E+01
3.9975474879145622E+01	3.7609375000000000E+01
4.0045904599130154E+01	3.7609375000000000E+01
4.0116162210702896E+01	3.7609375000000000E+01
4.0186363108456135E+01	3.7609375000000000E+01
4.0256617985665798E+01	3.7609375000000000E+01
4.0326771177351475E+01	3.7609375000000000E+01
4.0396997690200806E+01	3.7609375000000000E+01
4.0467178046703339E+01	3.7609375000000000E+01
4.0537394553422928E+01	3.7609375000000000E+01
4.0607833854854107E+01	3.7609375000000000E+01
4.0678313478827477E+01	3.7609375000000000E+01
4.0748590864241123E+01	3.7609375000000000E+01
4.0818809375166893E+01	3.7609375000000000E+01
4.0889097824692726E+01	3.7609375000000000E+01
4.0959403924643993E+01	3.7609375000000000E+01
4.1029705166816711E+01	3.7609375000000000E+01
4.1100082032382488E+01	3.7609375000000000E+01
4.1170387558639050E+01	3.7609375000000000E+01
4.1240674421191216E+01	3.7609375000000000E+01
4.1311023890972137E+01	3.7609375000000000E+01
4.1381319120526314E+01	3.7609375000000000E+01
4.1451657243072987E+01	3.7609375000000000E+01
4.1521960765123367E+01	3.7609375000000000E+01
4.1592275805771351E+01	3.7609375000000000E+01
4.1662675961852074E+01	3.7609375000000000E+01
4.1732965767383575E+01	3.7609375000000000E+01
4.1803292728960514E+01	3.7609375000000000E+01
4.1873630911111832E+01	3.7609375000000000E+01
4.1943962372839451E+01	3.7609375000000000E+01
4.2014345698058605E+01	3.7609375000000000E+01
4.2084710024297237E+01	3.7609375000000000E+01
4.2155126698315144E+01	3.7609375000000000E+01
4.2225598476827145E+01	3.7609375000000000E+01
4.2296020604670048E+01	3.7609375000000000E+01
4.2366386190056801E+01	3.7609375000000000E+01
4.2436835505068302E+01	3.7609375000000000E+01
4.2507301308214664E+01	3.7609375000000000E+01
4.2577713564038277E+01	3.7609375000000000E+01
4.2648147679865360E+01	3.7609375000000000E+01
4.2718575276434422E+01	3.7609375000000000E+01
4.2789039120078087E+01	3.7609375000000000E+01
4.2859566576778889E+01	3.7609375000000000E+01
4.2930010922253132E+01	3.7609375000000000E+01
4.3000494606792927E+01	3.7609375000000000E+01
4.3071040444076061E+01	3.7609375000000000E+01
4.3141676336526871E+01	3.7609375000000000E+01
4.3212264150381088E+01	3.7609375000000000E+01
4.3282927431166172E+01	3.7609375000000000E+01
4.3353490509092808E+01	3.7609375000000000E+01
4.3424156412482262E+01	3.7609375000000000E+01
4.3494850575923920E+01	3.7609375000000000E+01
4.3565499559044838E+01	3.7609375000000000E+01
4.3636205822229385E+01	3.7609375000000000E+01
4.3706857465207577E+01	3.7609375000000000E+01
4.3777471438050270E+01	3.7609375000000000E+01
4.3848111785948277E+01	3.7609375000000000E+01
4.3918773673474789E+01	3.7609375000000000E+01
4.3989375032484531E+01	3.7609375000000000E+01
4.4060068093240261E+01	3.7609375000000000E+01
4.4130819112062454E+01	3.7609375000000000E+01
4.4201546266674995E+01	3.7609375000000000E+01
4.4272325038909912E+01	3.7609375000000000E+01
4.4343169726431370E+01	3.7609375000000000E+01
4.4413953080773354E+01	3.7609375000000000E+01
4.4484787277877331E+01	3.7609375000000000E+01
4.4555614337325096E+01	3.7609375000000000E+01
4.4626369424164295E+01	3.7609375000000000E+01
4.4697156257927418E+01	3.7609375000000000E+01
4.4767896071076393E+01	3.7609375000000000E+01
4.4838619463145733E+01	3.7609375000000000E+01
4.4909337922930717E+01	3.7609375000000000E+01
4.4980026669800282E+01	3.7609375000000000E+01
4.5050614669919014E+01	3.7609375000000000E+01
4.5121184237301350E+01	3.7609375000000000E+01
4.5191835112869740E+01	3.7609375000000000E+01
4.5262365378439426E+01	3.7609375000000000E+01
4.5332949690520763E+01	3.7609375000000000E+01
4.5403499521315098E+01	3.7609375000000000E+01
4.5474042877554893E+01	3.7609375000000000E+01
4.5544594489037991E+01	3.7609375000000000E+01
4.5615252248942852E+01	3.7609375000000000E+01
4.5685919262468815E+01	3.7609375000000000E+01
4.5756618276238441E+01	3.7609375000000000E+01
4.5827240765094757E+01	3.7609375000000000E+01
4.5897829510271549E+01	3.7609375000000000E+01
4.5968472860753536E+01	3.7609375000000000E+01
4.6039051510393620E+01	3.7609375000000000E+01
4.6109642811119556E+01	3.7609375000000000E+01
4.6180225662887096E+01	3.7609375000000000E+01
4.6250790998339653E+01	3.7609375000000000E+01
4.6321326486766338E+01	3.7609375000000000E+01
4.6391783855855465E+01	3.7609375000000000E+01
4.6462194822728634E+01	3.7609375000000000E+01
4.6532633610069752E+01	3.7609375000000000E+01
4.6603001229465008E+01	3.7609375000000000E+01
4.6673421576619148E+01	3.7609375000000000E+01
4.6743830271065235E+01	3.7609375000000000E+01
4.6814268447458744E+01	3.7609375000000000E+01
4.6884651981294155E+01	3.7609375000000000E+01
4.6955039538443089E+01	3.7609375000000000E+01
4.7025455929338932E+01	3.7609375000000000E+01
4.7095794446766376E+01	3.7609375000000000E+01
4.7166074462234974E+01	3.7609375000000000E+01
4.7236385107040405E+01	3.7609375000000000E+01
4.7306763015687466E+01	3.7609375000000000E+01
4.7377088546752930E+01	3.7609375000000000E+01
4.7447401948273182E+01	3.7609375000000000E+01
4.7517689473927021E+01	3.7609375000000000E+01
4.7587941154837608E+01	3.7609375000000000E+01
4.7658190794289112E+01	3.7609375000000000E+01
4.7728386379778385E+01	3.7609375000000000E+01
4.7798627637326717E+01	3.7609375000000000E+01
4.7868890397250652E+01	3.7609375000000000E+01
4.7939141102135181E+01	3.7609375000000000E+01
4.8009424306452274E+01	3.7609375000000000E+01
4.8079714663326740E+01	3.7609375000000000E+01
4.8149927780032158E+01	3.7609375000000000E+01
4.8220096364617348E+01	3.7609375000000000E+01
4.8290351554751396E+01	3.7609375000000000E+01
4.8360559068620205E+01	3.7609375000000000E+01
4.8430708736181259E+01	3.7609375000000000E+01
4.8500908099114895E+01	3.7609375000000000E+01
4.8571115672588348E+01	3.7609375000000000E+01
4.8641257837414742E+01	3.7609375000000000E+01
4.8711375959217548E+01	3.7609375000000000E+01
4.8781397312879562E+01	3.7609375000000000E+01
4.8851421214640141E+01	3.7609375000000000E+01
4.8921431332826614E+01	3.7609375000000000E+01
4.8991413809359074E+01	3.7609375000000000E+01
4.9061271354556084E+01	3.7609375000000000E+01
4.9131041310727596E+01	3.7609375000000000E+01
4.9200742818415165E+01	3.7609375000000000E+01
4.9270585313439369E+01	3.7609375000000000E+01
4.9340252257883549E+01	3.7609375000000000E+01
4.9410066060721874E+01	3.7609375000000000E+01
4.9480014912784100E+01	3.7609375000000000E+01
4.9550030834972858E+01	3.7609375000000000E+01
4.9620117790997028E+01	3.7609375000000000E+01
4.9690148822963238E+01	3.7609375000000000E+01
4.9760236628353596E+01	3.7609375000000000E+01
4.9830166809260845E+01	3.7609375000000000E+01
4.9900126799941063E+01	3.7609375000000000E+01
4.9969921216368675E+01	3.7609375000000000E+01
5.0039638094604015E+01	3.7609375000000000E+01
5.0109504401683807E+01	3.7609375000000000E+01
5.0179259672760963E+01	3.7609375000000000E+01
5.0248949877917767E+01	3.7609375000000000E+01
5.0318727791309357E+01	3.7609375000000000E+01
5.0388441234827042E+01	3.7609375000000000E+01
5.0457808889448643E+01	3.7609375000000000E+01
5.0527467824518681E+01	3.7609375000000000E+01
5.0596946626901627E+01	3.7609375000000000E+01
5.0666242271661758E+01	3.7609375000000000E+01
5.0735470831394196E+01	3.7609375000000000E+01
5.0804659552872181E+01	3.7609375000000000E+01
5.0873911000788212E+01	3.7609375000000000E+01
5.0943156316876411E+01	3.7609375000000000E+01
5.1012388966977596E+01	3.7609375000000000E+01
5.1082016974687576E+01	3.7609375000000000E+01
5.1151854559779167E+01	3.7609375000000000E+01
5.1221630297601223E+01	3.7609375000000000E+01
5.1291480652987957E+01	3.7609375000000000E+01
5.1361241988837719E+01	3.7609375000000000E+01
5.1431246474385262E+01	3.7609375000000000E+01
5.1501401297748089E+01	3.7609375000000000E+01
5.1571518369019032E+01	3.7609375000000000E+01
5.1641617983579636E+01	3.7609375000000000E+01
5.1711804486811161E+01	3.7609375000000000E+01
5.1781967855989933E+01	3.7609375000000000E+01
5.1852307021617889E+01	3.7609375000000000E+01
5.1922794155776501E+01	3.7609375000000000E+01
5.1993305541574955E+01	3.7609375000000000E+01
5.2063982456922531E+01	3.7609375000000000E+01
5.2134613163769245E+01	3.7609375000000000E+01
5.2205296680331230E+01	3.7609375000000000E+01
5.2276242189109325E+01	3.7609375000000000E+01
5.2347199894487858E+01	3.7609375000000000E+01
5.2418241024017334E+01	3.7609375000000000E+01
5.2489048622548580E+01	3.7609375000000000E+01
5.2560200773179531E+01	3.7609375000000000E+01
5.2631141826510429E+01	3.7609375000000000E+01
5.2702071614563465E+01	3.7609375000000000E+01
5.2772986158728600E+01	3.7609375000000000E+01
5.2843956768512726E+01	3.7609375000000000E+01
5.2914938613772392E+01	3.7609375000000000E+01
5.2985950849950314E+01	3.7609375000000000E+01
5.3056950561702251E+01	3.7609375000000000E+01
5.3127932906150818E+01	3.7609375000000000E+01
5.3198904916644096E+01	3.7609375000000000E+01
5.3269890494644642E+01	3.7609375000000000E+01
5.3340900145471096E+01	3.7609375000000000E+01
5.3411903247237206E+01	3.7609375000000000E+01
5.3482896491885185E+01	3.7609375000000000E+01
5.3553765989840031E+01	3.7609375000000000E+01
5.3624770082533360E+01	3.7609375000000000E+01
5.3696055814623833E+01	3.7609375000000000E+01
5.3767596617341042E+01	3.7609375000000000E+01
5.3839334033429623E+01	3.7609375000000000E+01
5.3911483138799667E+01	3.7609375000000000E+01
5.3983586423099041E+01	3.7609375000000000E+01
5.4055788494646549E+01	3.7609375000000000E+01
5.4127972930669785E+01	3.7609375000000000E+01
5.4200238026678562E+01	3.7609375000000000E+01
5.4272510424256325E+01	3.7609375000000000E+01
5.4344797797501087E+01	3.7609375000000000E+01
5.4417137585580349E+01	3.7609375000000000E+01
5.4489557780325413E+01	3.7609375000000000E+01
5.4561838202178478E+01	3.7609375000000000E+01
5.4634104527533054E+01	3.7609375000000000E+01
5.4706361748278141E+01	3.7609375000000000E+01
5.4778517484664917E+01	3.7609375000000000E+01
5.4850417152047157E+01	3.7609375000000000E+01
5.4921924941241741E+01	3.7609375000000000E+01
5.4992953434586525E+01	3.7609375000000000E+01
5.5063888244330883E+01	3.7609375000000000E+01
5.5134680300951004E+01	3.7609375000000000E+01
5.5205446384847164E+01	3.7609375000000000E+01
5.5276325799524784E+01	3.7609375000000000E+01
5.5347166180610657E+01	3.7609375000000000E+01
5.5418103881180286E+01	3.7609375000000000E+01
5.5489061698317528E+01	3.7609375000000000E+01
5.5559983894228935E+01	3.7609375000000000E+01
5.5630874760448933E+01	3.7609375000000000E+01
5.5701749242842197E+01	3.7609375000000000E+01
5.5772596038877964E+01	3.7609375000000000E+01
5.5843748264014721E+01	3.7609375000000000E+01
5.5914578139781952E+01	3.7609375000000000E+01
5.5985379099845886E+01	3.7609375000000000E+01
5.6056143805384636E+01	3.7609375000000000E+01
5.6126908741891384E+01	3.7609375000000000E+01
5.6197637885808945E+01	3.7609375000000000E+01
5.6268296584486961E+01	3.7609375000000000E+01
5.6338940992951393E+01	3.7609375000000000E+01
5.6409566633403301E+01	3.7609375000000000E+01
5.6480095349252224E+01	3.7609375000000000E+01
5.6550701804459095E+01	3.7609375000000000E+01
5.6621309727430344E+01	3.7609375000000000E+01
5.6691888116300106E+01	3.7609375000000000E+01
5.6762450024485588E+01	3.7609375000000000E+01
5.6832941263914108E+01	3.7609375000000000E+01
5.6903438545763493E+01	3.7609375000000000E+01
5.6973772294819355E+01	3.7609375000000000E+01
5.7044265709817410E+01	3.7609375000000000E+01
5.7115063033998013E+01	3.7609375000000000E+01
5.7186095327138901E+01	3.7609375000000000E+01
5.7257133148610592E+01	3.7609375000000000E+01
5.7328086785972118E+01	3.7609375000000000E+01
5.7399095818400383E+01	3.7609375000000000E+01
5.7470098912715912E+01	3.7609375000000000E+01
5.7541207648813725E+01	3.7609375000000000E+01
5.7612305521965027E+01	3.7609375000000000E+01
5.7683320380747318E+01	3.7609375000000000E+01
5.7754380412399769E+01	3.7609375000000000E+01
5.7825450353324413E+01	3.7609375000000000E+01
5.7896369189023972E+01	3.7609375000000000E+01
5.7967255428433418E+01	3.7609375000000000E+01
5.8037942178547382E+01	3.7609375000000000E+01
5.8108487494289875E+01	3.7609375000000000E+01
5.8178889431059361E+01	3.7609375000000000E+01
5.8249171018600464E+01	3.7609375000000000E+01
5.8319313533604145E+01	3.7609375000000000E+01
5.8389607146382332E+01	3.7609375000000000E+01
5.8459927693009377E+01	3.7609375000000000E+01
5.8530221968889236E+01	3.7609375000000000E+01
5.8600505873560905E+01	3.7609375000000000E+01
5.8670848526060581E+01	3.7609375000000000E+01
5.8741214364767075E+01	3.7609375000000000E+01
5.8811468057334423E+01	3.7609375000000000E+01
5.8881717823445797E+01	3.7609375000000000E+01
5.8951912820339203E+01	3.7609375000000000E+01
5.9022185906767845E+01	3.7609375000000000E+01
5.9092470690608025E+01	3.7609375000000000E+01
5.9162804119288921E+01	3.7609375000000000E+01
5.9233194701373577E+01	3.7609375000000000E+01
5.9303645975887775E+01	3.7609375000000000E+01
5.9374188274145126E+01	3.7609375000000000E+01
5.9444733418524265E+01	3.7609375000000000E+01
5.9515400096774101E+01	3.7609375000000000E+01
5.9585946805775166E+01	3.7609375000000000E+01
5.9656577959656715E+01	3.7609375000000000E+01
5.9727312453091145E+01	3.7609375000000000E+01
5.9798114530742168E+01	3.7609375000000000E+01
5.9868880562484264E+01	3.7609375000000000E+01
5.9939639836549759E+01	3.7609375000000000E+01
6.0010502547025681E+01	3.7609375000000000E+01
6.0081368237733841E+01	3.7609375000000000E+01
6.0152229182422161E+01	3.7609375000000000E+01
6.0223110638558865E+01	3.7609375000000000E+01
6.0294011361896992E+01	3.7609375000000000E+01
6.0364967294037342E+01	3.7609375000000000E+01
6.0435964591801167E+01	3.7609375000000000E+01
6.0506932757794857E+01	3.7609375000000000E+01
6.0577947385609150E+01	3.7609375000000000E+01
6.0648936159908772E+01	3.7609375000000000E+01
6.0719965770840645E+01	3.7609375000000000E+01
6.0791036516427994E+01	3.7609375000000000E+01
6.0862102262675762E+01	3.7609375000000000E+01
6.0933176748454571E+01	3.7609375000000000E+01
6.1004264511168003E+01	3.7609375000000000E+01
6.1075380556285381E+01	3.7609375000000000E+01
6.1146470934152603E+01	3.7609375000000000E+01
6.1217599004507065E+01	3.7609375000000000E+01
6.1288713492453098E+01	3.7609375000000000E+01
6.1359872817993164E+01	3.7609375000000000E+01
6.1431001447141171E+01	3.7609375000000000E+01
6.1502153970301151E+01	3.7609375000000000E+01
6.1573225781321526E+01	3.7609375000000000E+01
6.1644365839660168E+01	3.7609375000000000E+01
6.1715472564101219E+01	3.7609375000000000E+01
6.1786543972790241E+01	3.7609375000000000E+01
6.1857635863125324E+01	3.7609375000000000E+01
6.1928792938590050E+01	3.7609375000000000E+01
6.1999952785670757E+01	3.7609375000000000E+01
6.2071139723062515E+01	3.7609375000000000E+01
6.2142331890761852E+01	3.7609375000000000E+01
6.2213517799973488E+01	3.7609375000000000E+01
6.2284652650356293E+01	3.7609375000000000E+01
6.2355834126472473E+01	3.7609375000000000E+01
6.2426981642842293E+01	3.7609375000000000E+01
6.2498067401349545E+01	3.7609375000000000E+01
6.2569137699902058E+01	3.7609375000000000E+01
6.2640238553285599E+01	3.7609375000000000E+01
6.2711327992379665E+01	3.7609375000000000E+01
6.2782397747039795E+01	3.7609375000000000E+01
6.2853492520749569E+01	3.7609375000000000E+01
6.2924628630280495E+01	3.7609375000000000E+01
6.2995744571089745E+01	3.7609375000000000E+01
6.3066830076277256E+01	3.7609375000000000E+01
6.3137920372188091E+01	3.7609375000000000E+01
6.3209021560847759E+01	3.7609375000000000E+01
6.3280132278800011E+01	3.7609375000000000E+01
6.3351203441619873E+01	3.7609375000000000E+01
6.3422293119132519E+01	3.7609375000000000E+01
6.3493414387106895E+01	3.7609375000000000E+01
6.3564447090029716E+01	3.7609375000000000E+01
6.3635600909590721E+01	3.7609375000000000E+01
6.3706684112548828E+01	3.7609375000000000E+01
6.3777778431773186E+01	3.7609375000000000E+01
6.3848855338990688E+01	3.7609375000000000E+01
6.3919956713914871E+01	3.7609375000000000E+01
6.3991020403802395E+01	3.7609375000000000E+01
6.4062067247927189E+01	3.7609375000000000E+01
6.4133117385208607E+01	3.7609375000000000E+01
6.4204123891890049E+01	3.7609375000000000E+01
6.4275076620280743E+01	3.7609375000000000E+01
6.4346060916781425E+01	3.7609375000000000E+01
6.4417332760989666E+01	3.7609375000000000E+01
6.4488370999693871E+01	3.7609375000000000E+01
6.4559380196034908E+01	3.7609375000000000E+01
6.4630356110632420E+01	3.7609375000000000E+01
6.4701298743486404E+01	3.7609375000000000E+01
6.4772211350500584E+01	3.7609375000000000E+01
6.4843089111149311E+01	3.7609375000000000E+01
6.4913949534296989E+01	3.7609375000000000E+01
6.4984765902161598E+01	3.7609375000000000E+01
6.5055638484656811E+01	3.7609375000000000E+01
6.5126446068286896E+01	3.7609375000000000E+01
6.5197226919233799E+01	3.7609375000000000E+01
6.5268171444535255E+01	3.7609375000000000E+01
6.5339028365910053E+01	3.7609375000000000E+01
6.5410100199282169E+01	3.7609375000000000E+01
6.5481005750596523E+01	3.7609375000000000E+01
6.5551796831190586E+01	3.7609375000000000E+01
6.5622534684836864E+01	3.7609375000000000E+01
6.5693195410072803E+01	3.7609375000000000E+01
6.5763852871954441E+01	3.7609375000000000E+01
6.5834430292248726E+01	3.7609375000000000E+01
6.5905024364590645E+01	3.7609375000000000E+01
6.5975583575665951E+01	3.7609375000000000E+01
6.6046124964952469E+01	3.7609375000000000E+01
6.6116638988256454E+01	3.7609375000000000E+01
6.6187094479799271E+01	3.7609375000000000E+01
6.6257591545581818E+01	3.7609375000000000E+01
6.6327981695532799E+01	3.7609375000000000E+01
6.6398454912006855E+01	3.7609375000000000E+01
6.6468753851950169E+01	3.7609375000000000E+01
6.6538990601897240E+01	3.7609375000000000E+01
6.6609395705163479E+01	3.7609375000000000E+01
6.6680227190256119E+01	3.7609375000000000E+01
6.6751041002571583E+01	3.7609375000000000E+01
6.6821778401732445E+01	3.7609375000000000E+01
6.6892519801855087E+01	3.7609375000000000E+01
6.6963227234780788E+01	3.7609375000000000E+01
6.7033896841108799E+01	3.7609375000000000E+01
6.7104591771960258E+01	3.7609375000000000E+01
6.7175297603011131E+01	3.7609375000000000E+01
6.7246741846203804E+01	3.7609375000000000E+01
6.7317536540329456E+01	3.7609375000000000E+01
6.7388226538896561E+01	3.7609375000000000E+01
6.7458968386054039E+01	3.7609375000000000E+01
6.7529629394412041E+01	3.7609375000000000E+01
6.7600198619067669E+01	3.7609375000000000E+01
6.7670636653900146E+01	3.7609375000000000E+01
6.7740923002362251E+01	3.7609375000000000E+01
6.7811138808727264E+01	3.7609375000000000E+01
6.7881422944366932E+01	3.7609375000000000E+01
6.7951645135879517E+01	3.7609375000000000E+01
6.8021796472370625E+01	3.7609375000000000E+01
6.8091973334550858E+01	3.7609375000000000E+01
6.8162293322384357E+01	3.7609375000000000E+01
6.8232790678739548E+01	3.7609375000000000E+01
6.8303229250013828E+01	3.7609375000000000E+01
6.8373587541282177E+01	3.7609375000000000E+01
6.8443953774869442E+01	3.7609375000000000E+01
6.8514393709599972E+01	3.7609375000000000E+01
6.8584829986095428E+01	3.7609375000000000E+01
6.8655232228338718E+01	3.7609375000000000E+01
6.8725523985922337E+01	3.7609375000000000E+01
6.8795935429632664E+01	3.7609375000000000E+01
6.8866537362337112E+01	3.7609375000000000E+01
6.8937434278428555E+01	3.7609375000000000E+01
6.9008085928857327E+01	3.7609375000000000E+01
6.9078804612159729E+01	3.7609375000000000E+01
6.9149464994668961E+01	3.7609375000000000E+01
6.9271165512502193E+01	3.7699218750000000E+01
6.9391502514481544E+01	3.7699218750000000E+01
6.9503993183374405E+01	3.7699218750000000E+01
6.9600250236690044E+01	3.7699218750000000E+01
6.9660742066800594E+01	3.7699218750000000E+01
6.9688607253134251E+01	3.7699218750000000E+01
6.9716455213725567E+01	3.7699218750000000E+01
6.9744323268532753E+01	3.7699218750000000E+01
6.9772016808390617E+01	3.7699218750000000E+01
6.9799608625471592E+01	3.7699218750000000E+01
6.9827291876077652E+01	3.7699218750000000E+01
