2.9730042815208435E-01	3.7535156250000000E+01
8.3194403499364853E+00	3.7585937500000000E+01
1.6329811528325081E+01	3.7593750000000000E+01
2.4332789249718189E+01	3.7597656250000000E+01
3.2375601775944233E+01	3.7597656250000000E+01
4.0424757562577724E+01	3.7597656250000000E+01
4.8456331491470337E+01	3.7597656250000000E+01
5.6453836522996426E+01	3.7597656250000000E+01
6.4464426487684250E+01	3.7597656250000000E+01
7.2484590642154217E+01	3.7597656250000000E+01
8.0502216853201389E+01	3.7597656250000000E+01
8.8507894337177277E+01	3.7597656250000000E+01
9.6519415654242039E+01	3.7597656250000000E+01
1.0456443315744400E+02	3.7597656250000000E+01
1.1260680112987757E+02	3.7597656250000000E+01
1.2062440968304873E+02	3.7597656250000000E+01
1.2862065554410219E+02	3.7597656250000000E+01
1.3663043753057718E+02	3.7597656250000000E+01
1.4465209800004959E+02	3.7605468750000000E+01
1.5266841735690832E+02	3.7605468750000000E+01
1.6066933882236481E+02	3.7605468750000000E+01
1.6868988762050867E+02	3.7605468750000000E+01
1.7673373372107744E+02	3.7605468750000000E+01
1.8476405820250511E+02	3.7605468750000000E+01
1.9276936860382557E+02	3.7605468750000000E+01
2.0076456315815449E+02	3.7605468750000000E+01
2.0877517002820969E+02	3.7605468750000000E+01
2.1679473660886288E+02	3.7605468750000000E+01
2.2481151735037565E+02	3.7605468750000000E+01
2.3280927064269781E+02	3.7605468750000000E+01
2.4083527075499296E+02	3.7605468750000000E+01
2.4886787711083889E+02	3.7605468750000000E+01
2.5688581582158804E+02	3.7605468750000000E+01
2.6487953966856003E+02	3.7609375000000000E+01
2.7287294258177280E+02	3.7609375000000000E+01
2.8088283468037844E+02	3.7609375000000000E+01
2.8890041250735521E+02	3.7609375000000000E+01
2.9691531926393509E+02	3.7609375000000000E+01
3.0491012177616358E+02	3.7609375000000000E+01
3.1293662347644567E+02	3.7609375000000000E+01
3.2095907969772816E+02	3.7609375000000000E+01
3.2896637018024921E+02	3.7609375000000000E+01
3.3695286205410957E+02	3.7609375000000000E+01
3.4494656740874052E+02	3.7609375000000000E+01
3.5295740790665150E+02	3.7609375000000000E+01
3.6097846688330173E+02	3.7609375000000000E+01
3.6898610705137253E+02	3.7609375000000000E+01
3.7698212621361017E+02	3.7609375000000000E+01
3.8500196670740843E+02	3.7609375000000000E+01
3.9301507493853569E+02	3.7609375000000000E+01
4.0101400628685951E+02	3.7609375000000000E+01
4.0899533730000257E+02	3.7609375000000000E+01
4.1699114149808884E+02	3.7609375000000000E+01
4.2500489526987076E+02	3.7609375000000000E+01
4.3302914866805077E+02	3.7609375000000000E+01
4.4103005456924438E+02	3.7609375000000000E+01
4.4902925213426352E+02	3.7609375000000000E+01
4.5704302324354649E+02	3.7609375000000000E+01
4.6505154223740101E+02	3.7609375000000000E+01
4.7304545105993748E+02	3.7609375000000000E+01
4.8102586689591408E+02	3.7609375000000000E+01
4.8902837349474430E+02	3.7609375000000000E+01
4.9704753401130438E+02	3.7609375000000000E+01
5.0507361125946045E+02	3.7609375000000000E+01
5.1306299634277821E+02	3.7609375000000000E+01
5.2106046291440725E+02	3.7609375000000000E+01
5.2906933566182852E+02	3.7609375000000000E+01
5.3707362450659275E+02	3.7609375000000000E+01
5.4506144489347935E+02	3.7609375000000000E+01
5.5304211990535259E+02	3.7609375000000000E+01
5.6104990571737289E+02	3.7609375000000000E+01
5.6907417971640825E+02	3.7609375000000000E+01
5.7709011385589838E+02	3.7609375000000000E+01
5.8506650367379189E+02	3.7609375000000000E+01
5.9306338407099247E+02	3.7609375000000000E+01
6.0106766305118799E+02	3.7609375000000000E+01
6.0906560576707125E+02	3.7609375000000000E+01
6.1704317875206470E+02	3.7609375000000000E+01
6.2502561111748219E+02	3.7609375000000000E+01
6.3304337752610445E+02	3.7609375000000000E+01
6.4107077858597040E+02	3.7609375000000000E+01
6.4907070599496365E+02	3.7609375000000000E+01
6.5704109078645706E+02	3.7609375000000000E+01
6.6503501802682877E+02	3.7609375000000000E+01
6.7303792982548475E+02	3.7609375000000000E+01
6.8103094870597124E+02	3.7609375000000000E+01
6.8900294326990843E+02	3.7609375000000000E+01
6.9699371662735939E+02	3.7609375000000000E+01
7.0501547113806009E+02	3.7609375000000000E+01
7.1303681712597609E+02	3.7609375000000000E+01
7.2102440237253904E+02	3.7609375000000000E+01
7.2899744720011950E+02	3.7609375000000000E+01
7.3699139422923326E+02	3.7609375000000000E+01
7.4499252402037382E+02	3.7609375000000000E+01
7.5298153831064701E+02	3.7609375000000000E+01
7.6094903101772070E+02	3.7609375000000000E+01
7.6894791715592146E+02	3.7609375000000000E+01
7.7696815763413906E+02	3.7609375000000000E+01
7.8498032776266336E+02	3.7609375000000000E+01
7.9295832587778568E+02	3.7609375000000000E+01
8.0093464397639036E+02	3.7609375000000000E+01
8.0892626543343067E+02	3.7609375000000000E+01
8.1692198836058378E+02	3.7609375000000000E+01
8.2491018390655518E+02	3.7609375000000000E+01
8.3288173198699951E+02	3.7609375000000000E+01
8.4088899035006762E+02	3.7609375000000000E+01
8.4890652778744698E+02	3.7609375000000000E+01
8.5690711016207933E+02	3.7609375000000000E+01
8.6487835705280304E+02	3.7609375000000000E+01
8.7285545033216476E+02	3.7609375000000000E+01
8.8084764088690281E+02	3.7609375000000000E+01
8.8884255912899971E+02	3.7609375000000000E+01
8.9682588663697243E+02	3.7609375000000000E+01
9.0479839156568050E+02	3.7609375000000000E+01
9.1280777359008789E+02	3.7609375000000000E+01
9.2081715442985296E+02	3.7609375000000000E+01
9.2880651496350765E+02	3.7609375000000000E+01
9.3677428252249956E+02	3.7609375000000000E+01
9.4475337666273117E+02	3.7609375000000000E+01
9.5274173939228058E+02	3.7609375000000000E+01
9.6073626923561096E+02	3.7609375000000000E+01
9.6871635695546865E+02	3.7609375000000000E+01
9.7669354427605867E+02	3.7609375000000000E+01
9.8470087138563395E+02	3.7609375000000000E+01
9.9270152924954891E+02	3.7609375000000000E+01
1.0006816647201777E+03	3.7609375000000000E+01
1.0086449855640531E+03	3.7609375000000000E+01
1.0166260284036398E+03	3.7609375000000000E+01
1.0246154095306993E+03	3.7609375000000000E+01
1.0326109225973487E+03	3.7609375000000000E+01
1.0405805690586567E+03	3.7609375000000000E+01
1.0485645707547665E+03	3.7609375000000000E+01
1.0565682535097003E+03	3.7609375000000000E+01
1.0645620499625802E+03	3.7609375000000000E+01
1.0725339298918843E+03	3.7609375000000000E+01
1.0804983429312706E+03	3.7609375000000000E+01
1.0884833934605122E+03	3.7609375000000000E+01
1.0964789668694139E+03	3.7609375000000000E+01
1.1044742794334888E+03	3.7609375000000000E+01
1.1124384094104171E+03	3.7609375000000000E+01
1.1204270277023315E+03	3.7609375000000000E+01
1.1284225790128112E+03	3.7609375000000000E+01
1.1364082862362266E+03	3.7609375000000000E+01
1.1443712513297796E+03	3.7609375000000000E+01
1.1523360485658050E+03	3.7609375000000000E+01
1.1603253017067909E+03	3.7609375000000000E+01
1.1683245158419013E+03	3.7609375000000000E+01
1.1763081115484238E+03	3.7609375000000000E+01
1.1842701866105199E+03	3.7609375000000000E+01
1.1922586953118443E+03	3.7609375000000000E+01
1.2002446169778705E+03	3.7609375000000000E+01
1.2082230751737952E+03	3.7609375000000000E+01
1.2161803461760283E+03	3.7609375000000000E+01
1.2241483650729060E+03	3.7609375000000000E+01
1.2321414032727480E+03	3.7609375000000000E+01
1.2401421401128173E+03	3.7609375000000000E+01
1.2481150687858462E+03	3.7609375000000000E+01
1.2560768457800150E+03	3.7609375000000000E+01
1.2640611022263765E+03	3.7609375000000000E+01
1.2720437350049615E+03	3.7609375000000000E+01
1.2800154720470309E+03	3.7609375000000000E+01
1.2879697886407375E+03	3.7609375000000000E+01
1.2959431814104319E+03	3.7609375000000000E+01
1.3039434347897768E+03	3.7609375000000000E+01
1.3119436360970140E+03	3.7609375000000000E+01
1.3199077482372522E+03	3.7609375000000000E+01
1.3278709695786238E+03	3.7609375000000000E+01
1.3358518469482660E+03	3.7609375000000000E+01
1.3438321148902178E+03	3.7609375000000000E+01
1.3517966446727514E+03	3.7609375000000000E+01
1.3597474115863442E+03	3.7609375000000000E+01
1.3677284026741982E+03	3.7609375000000000E+01
1.3757325308993459E+03	3.7609375000000000E+01
1.3837238650545478E+03	3.7609375000000000E+01
1.3916756464913487E+03	3.7609375000000000E+01
1.3996400050595403E+03	3.7609375000000000E+01
1.4076194599047303E+03	3.7609375000000000E+01
1.4155958811044693E+03	3.7609375000000000E+01
1.4235536510869861E+03	3.7609375000000000E+01
1.4315051714405417E+03	3.7609375000000000E+01
1.4394953806251287E+03	3.7609375000000000E+01
1.4474980264678597E+03	3.7609375000000000E+01
1.4554780575782061E+03	3.7609375000000000E+01
1.4634244166761637E+03	3.7609375000000000E+01
1.4713870561644435E+03	3.7609375000000000E+01
1.4793621219918132E+03	3.7609375000000000E+01
1.4873346922174096E+03	3.7609375000000000E+01
1.4952840079367161E+03	3.7609375000000000E+01
1.5032380091845989E+03	3.7609375000000000E+01
1.5112311218306422E+03	3.7609375000000000E+01
1.5192285642996430E+03	3.7609375000000000E+01
1.5271942923292518E+03	3.7609375000000000E+01
1.5351363561153412E+03	3.7609375000000000E+01
1.5431005461886525E+03	3.7609375000000000E+01
1.5510762339681387E+03	3.7609375000000000E+01
1.5590441910326481E+03	3.7609375000000000E+01
1.5669879298582673E+03	3.7609375000000000E+01
1.5749515387490392E+03	3.7609375000000000E+01
1.5829480503052473E+03	3.7609375000000000E+01
1.5909361484646797E+03	3.7609375000000000E+01
1.5988901011198759E+03	3.7609375000000000E+01
1.6068341020569205E+03	3.7609375000000000E+01
1.6147982915788889E+03	3.7609375000000000E+01
1.6227712039574981E+03	3.7609375000000000E+01
1.6307362919375300E+03	3.7609375000000000E+01
1.6386776722297072E+03	3.7609375000000000E+01
1.6466475526094437E+03	3.7609375000000000E+01
1.6546387929841876E+03	3.7609375000000000E+01
1.6626170806139708E+03	3.7609375000000000E+01
1.6705650733709335E+03	3.7609375000000000E+01
1.6785111899375916E+03	3.7609375000000000E+01
1.6864758980199695E+03	3.7609375000000000E+01
1.6944466660842299E+03	3.7609375000000000E+01
1.7024124533385038E+03	3.7609375000000000E+01
1.7103468459397554E+03	3.7609375000000000E+01
1.7183220205977559E+03	3.7609375000000000E+01
1.7263056236132979E+03	3.7609375000000000E+01
1.7342732150629163E+03	3.7609375000000000E+01
1.7422160033360124E+03	3.7609375000000000E+01
1.7501635584607720E+03	3.7609375000000000E+01
1.7581277257427573E+03	3.7609375000000000E+01
1.7661007280722260E+03	3.7609375000000000E+01
1.7740577264726162E+03	3.7609375000000000E+01
1.7819909954369068E+03	3.7609375000000000E+01
1.7899665463864803E+03	3.7609375000000000E+01
1.7979412096515298E+03	3.7609375000000000E+01
1.8059020698592067E+03	3.7609375000000000E+01
1.8138356361612678E+03	3.7609375000000000E+01
1.8217849083095789E+03	3.7609375000000000E+01
1.8297525208145380E+03	3.7609375000000000E+01
1.8377300306111574E+03	3.7609375000000000E+01
1.8456764004454017E+03	3.7609375000000000E+01
1.8536123914942145E+03	3.7609375000000000E+01
1.8615840972587466E+03	3.7609375000000000E+01
1.8695503413900733E+03	3.7609375000000000E+01
1.8775043221190572E+03	3.7609375000000000E+01
1.8854235564768314E+03	3.7609375000000000E+01
1.8933717997297645E+03	3.7609375000000000E+01
1.9013444583863020E+03	3.7609375000000000E+01
1.9093230756372213E+03	3.7609375000000000E+01
1.9172614103555679E+03	3.7609375000000000E+01
1.9251981658861041E+03	3.7609375000000000E+01
1.9331649059504271E+03	3.7609375000000000E+01
1.9411266641393304E+03	3.7609375000000000E+01
1.9490710655003786E+03	3.7609375000000000E+01
1.9569894083887339E+03	3.7609375000000000E+01
1.9649405045881867E+03	3.7609375000000000E+01
1.9729237164407969E+03	3.7609375000000000E+01
1.9808937246426940E+03	3.7609375000000000E+01
1.9888274551108479E+03	3.7609375000000000E+01
1.9967663880065084E+03	3.7609375000000000E+01
2.0047307626605034E+03	3.7609375000000000E+01
2.0126914864704013E+03	3.7609375000000000E+01
2.0206232850179076E+03	3.7609375000000000E+01
2.0285458224192262E+03	3.7609375000000000E+01
2.0365021647959948E+03	3.7609375000000000E+01
2.0444902111589909E+03	3.7609375000000000E+01
2.0524462405219674E+03	3.7609375000000000E+01
2.0603722951933742E+03	3.7609375000000000E+01
2.0683092389926314E+03	3.7609375000000000E+01
2.0762712845802307E+03	3.7609375000000000E+01
2.0842271899133921E+03	3.7609375000000000E+01
2.0921512069255114E+03	3.7609375000000000E+01
2.1000817967206240E+03	3.7609375000000000E+01
2.1080461954921484E+03	3.7609375000000000E+01
2.1160272622406483E+03	3.7609375000000000E+01
2.1239774453267455E+03	3.7609375000000000E+01
2.1319036109372973E+03	3.7609375000000000E+01
2.1398420668989420E+03	3.7609375000000000E+01
2.1478030414357781E+03	3.7609375000000000E+01
2.1557484205216169E+03	3.7609375000000000E+01
2.1636743138357997E+03	3.7609375000000000E+01
2.1716146801412106E+03	3.7609375000000000E+01
2.1795833972319961E+03	3.7609375000000000E+01
2.1875546840205789E+03	3.7609375000000000E+01
2.1954953457266092E+03	3.7609375000000000E+01
2.2034207402765751E+03	3.7609375000000000E+01
2.2113602773919702E+03	3.7609375000000000E+01
2.2193177653774619E+03	3.7609375000000000E+01
2.2272541598230600E+03	3.7609375000000000E+01
2.2351810927093029E+03	3.7609375000000000E+01
2.2431316076070070E+03	3.7609375000000000E+01
2.2511020946800709E+03	3.7609375000000000E+01
2.2590633917003870E+03	3.7609375000000000E+01
2.2669946438744664E+03	3.7609375000000000E+01
2.2749211850464344E+03	3.7609375000000000E+01
2.2828611610531807E+03	3.7609375000000000E+01
2.2908118767589331E+03	3.7609375000000000E+01
2.2987507426515222E+03	3.7609375000000000E+01
2.3066783628016710E+03	3.7609375000000000E+01
2.3146357201561332E+03	3.7609375000000000E+01
2.3226039363369346E+03	3.7609375000000000E+01
2.3305547184124589E+03	3.7609375000000000E+01
2.3384795665368438E+03	3.7609375000000000E+01
2.3464059944376349E+03	3.7609375000000000E+01
2.3543459135442972E+03	3.7609375000000000E+01
2.3622896991521120E+03	3.7609375000000000E+01
2.3702291627079248E+03	3.7609375000000000E+01
2.3781574295088649E+03	3.7609375000000000E+01
2.3861206956803799E+03	3.7609375000000000E+01
2.3940792468264699E+03	3.7609375000000000E+01
2.4020222857445478E+03	3.7609375000000000E+01
2.4099415992274880E+03	3.7609375000000000E+01
2.4178719207495451E+03	3.7609375000000000E+01
2.4258149278387427E+03	3.7609375000000000E+01
2.4337657534629107E+03	3.7609375000000000E+01
2.4417058873623610E+03	3.7609375000000000E+01
2.4496465793624520E+03	3.7609375000000000E+01
2.4576099550351501E+03	3.7609375000000000E+01
2.4655622302740812E+03	3.7609375000000000E+01
2.4734987329840660E+03	3.7609375000000000E+01
2.4814186104238033E+03	3.7609375000000000E+01
2.4893533284440637E+03	3.7609375000000000E+01
2.4973010366410017E+03	3.7609375000000000E+01
2.5052558312043548E+03	3.7609375000000000E+01
2.5131990127563477E+03	3.7609375000000000E+01
2.5211504972428083E+03	3.7609375000000000E+01
2.5291096782460809E+03	3.7609375000000000E+01
2.5370550921782851E+03	3.7609375000000000E+01
2.5449868624210358E+03	3.7609375000000000E+01
2.5529085453823209E+03	3.7609375000000000E+01
2.5608478597998619E+03	3.7609375000000000E+01
2.5687999299168587E+03	3.7609375000000000E+01
2.5767589860409498E+03	3.7609375000000000E+01
2.5846973172575235E+03	3.7609375000000000E+01
2.5926489165127277E+03	3.7609375000000000E+01
2.6006013242006302E+03	3.7609375000000000E+01
2.6085432485640049E+03	3.7609375000000000E+01
2.6164673826321959E+03	3.7609375000000000E+01
2.6243911533132195E+03	3.7609375000000000E+01
2.6323351820856333E+03	3.7609375000000000E+01
2.6402964689284563E+03	3.7609375000000000E+01
2.6482547408044338E+03	3.7609375000000000E+01
2.6561879828572273E+03	3.7609375000000000E+01
2.6641389050781727E+03	3.7609375000000000E+01
2.6720882486477494E+03	3.7609375000000000E+01
2.6800265896692872E+03	3.7609375000000000E+01
2.6879473872855306E+03	3.7609375000000000E+01
2.6958757872283459E+03	3.7609375000000000E+01
2.7038295042738318E+03	3.7609375000000000E+01
2.7117983104512095E+03	3.7609375000000000E+01
2.7197521667331457E+03	3.7609375000000000E+01
2.7276857339441776E+03	3.7609375000000000E+01
2.7356320910006762E+03	3.7609375000000000E+01
2.7435780065655708E+03	3.7609375000000000E+01
2.7515130896344781E+03	3.7609375000000000E+01
2.7594354372024536E+03	3.7609375000000000E+01
2.7673734462931752E+03	3.7609375000000000E+01
2.7753383240848780E+03	3.7609375000000000E+01
2.7833101980686188E+03	3.7609375000000000E+01
2.7912532799839973E+03	3.7609375000000000E+01
2.7991842962801456E+03	3.7609375000000000E+01
2.8071287802010775E+03	3.7609375000000000E+01
2.8150762748047709E+03	3.7609375000000000E+01
2.8230098603814840E+03	3.7609375000000000E+01
2.8309332411736250E+03	3.7609375000000000E+01
2.8388843666389585E+03	3.7609375000000000E+01
2.8468580843508244E+03	3.7609375000000000E+01
2.8548280247002840E+03	3.7609375000000000E+01
2.8627650782540441E+03	3.7609375000000000E+01
2.8706985284686089E+03	3.7609375000000000E+01
2.8786422534584999E+03	3.7609375000000000E+01
2.8865869038999081E+03	3.7609375000000000E+01
2.8945210436061025E+03	3.7609375000000000E+01
2.9024500899985433E+03	3.7609375000000000E+01
2.9104102930426598E+03	3.7609375000000000E+01
2.9183822784349322E+03	3.7609375000000000E+01
2.9263419192209840E+03	3.7609375000000000E+01
2.9342734527736902E+03	3.7609375000000000E+01
2.9422042882293463E+03	3.7609375000000000E+01
2.9501467162668705E+03	3.7609375000000000E+01
2.9580886144340038E+03	3.7609375000000000E+01
2.9660191390737891E+03	3.7609375000000000E+01
2.9739500836282969E+03	3.7609375000000000E+01
2.9819164424538612E+03	3.7609375000000000E+01
2.9898856523633003E+03	3.7609375000000000E+01
2.9978316129446030E+03	3.7609375000000000E+01
3.0057517460733652E+03	3.7609375000000000E+01
3.0136840735301375E+03	3.7609375000000000E+01
3.0216297526508570E+03	3.7609375000000000E+01
3.0295703681781888E+03	3.7609375000000000E+01
3.0374950047954917E+03	3.7609375000000000E+01
3.0454344121217728E+03	3.7609375000000000E+01
3.0534026512578130E+03	3.7609375000000000E+01
3.0613635942265391E+03	3.7609375000000000E+01
3.0692959646657109E+03	3.7609375000000000E+01
3.0772126953229308E+03	3.7609375000000000E+01
3.0851485280469060E+03	3.7609375000000000E+01
3.0930949588343501E+03	3.7609375000000000E+01
3.1010367848649621E+03	3.7609375000000000E+01
3.1089596749991179E+03	3.7609375000000000E+01
3.1169091354683042E+03	3.7609375000000000E+01
3.1248742440864444E+03	3.7609375000000000E+01
3.1328252972289920E+03	3.7609375000000000E+01
3.1407475749999285E+03	3.7609375000000000E+01
3.1486654783040285E+03	3.7609375000000000E+01
3.1566034608110785E+03	3.7609375000000000E+01
3.1645518917739391E+03	3.7609375000000000E+01
3.1724995496869087E+03	3.7609375000000000E+01
3.1804251289665699E+03	3.7609375000000000E+01
3.1883836243897676E+03	3.7609375000000000E+01
3.1963448483571410E+03	3.7609375000000000E+01
3.2042907655686140E+03	3.7609375000000000E+01
3.2122111361846328E+03	3.7609375000000000E+01
3.2201354884132743E+03	3.7609375000000000E+01
3.2280788408443332E+03	3.7609375000000000E+01
3.2360342216044664E+03	3.7609375000000000E+01
3.2439873908907175E+03	3.7609375000000000E+01
3.2519187761321664E+03	3.7609375000000000E+01
3.2598798015713692E+03	3.7609375000000000E+01
3.2678354111909866E+03	3.7609375000000000E+01
3.2757746072113514E+03	3.7609375000000000E+01
3.2836947268918157E+03	3.7609375000000000E+01
3.2916219509243965E+03	3.7609375000000000E+01
3.2995670447051525E+03	3.7609375000000000E+01
3.3075276535376906E+03	3.7609375000000000E+01
3.3154714750126004E+03	3.7609375000000000E+01
3.3234019861072302E+03	3.7609375000000000E+01
3.3313527856543660E+03	3.7609375000000000E+01
3.3393020038083196E+03	3.7609375000000000E+01
3.3472334673553705E+03	3.7609375000000000E+01
3.3551499726325274E+03	3.7609375000000000E+01
3.3630834580808878E+03	3.7609375000000000E+01
3.3710371851697564E+03	3.7609375000000000E+01
3.3790006244406104E+03	3.7609375000000000E+01
3.3869340040087700E+03	3.7609375000000000E+01
3.3948638908341527E+03	3.7609375000000000E+01
3.4028105689361691E+03	3.7609375000000000E+01
3.4107537289783359E+03	3.7609375000000000E+01
3.4186834599375725E+03	3.7609375000000000E+01
3.4265943644493818E+03	3.7609375000000000E+01
3.4345359264910221E+03	3.7609375000000000E+01
3.4424978442937136E+03	3.7609375000000000E+01
3.4504630789384246E+03	3.7609375000000000E+01
3.4583855498880148E+03	3.7609375000000000E+01
3.4663168318197131E+03	3.7609375000000000E+01
3.4742628450468183E+03	3.7609375000000000E+01
3.4822088606432080E+03	3.7609375000000000E+01
3.4901334291249514E+03	3.7609375000000000E+01
3.4980481888502836E+03	3.7609375000000000E+01
3.5060012832060456E+03	3.7609375000000000E+01
3.5139694783911109E+03	3.7609375000000000E+01
3.5219278989285231E+03	3.7609375000000000E+01
3.5298402364328504E+03	3.7609375000000000E+01
3.5377719035819173E+03	3.7609375000000000E+01
3.5457192776948214E+03	3.7609375000000000E+01
3.5536591006964445E+03	3.7609375000000000E+01
3.5615808556005359E+03	3.7609375000000000E+01
3.5695017825812101E+03	3.7609375000000000E+01
3.5774634295254946E+03	3.7609375000000000E+01
3.5854335993379354E+03	3.7609375000000000E+01
3.5933805232867599E+03	3.7609375000000000E+01
3.6012957469597459E+03	3.7609375000000000E+01
3.6092275177314878E+03	3.7609375000000000E+01
3.6171731761917472E+03	3.7609375000000000E+01
3.6251109073460102E+03	3.7609375000000000E+01
3.6330276757851243E+03	3.7609375000000000E+01
3.6409604087024927E+03	3.7609375000000000E+01
3.6489280699342489E+03	3.7609375000000000E+01
3.6568931375220418E+03	3.7609375000000000E+01
3.6648270699530840E+03	3.7609375000000000E+01
3.6727409065365791E+03	3.7609375000000000E+01
3.6806768731623888E+03	3.7609375000000000E+01
3.6886226707398891E+03	3.7609375000000000E+01
3.6965624176189303E+03	3.7609375000000000E+01
3.7044813253879547E+03	3.7609375000000000E+01
3.7124279791042209E+03	3.7609375000000000E+01
3.7203971302583814E+03	3.7609375000000000E+01
3.7283564033731818E+03	3.7609375000000000E+01
3.7362816750928760E+03	3.7609375000000000E+01
3.7442013652324677E+03	3.7609375000000000E+01
3.7521383559927344E+03	3.7609375000000000E+01
3.7600822071731091E+03	3.7609375000000000E+01
3.7680208985358477E+03	3.7609375000000000E+01
3.7759411071464419E+03	3.7609375000000000E+01
3.7838954378738999E+03	3.7609375000000000E+01
3.7918586642295122E+03	3.7609375000000000E+01
3.7998040290251374E+03	3.7609375000000000E+01
3.8077257362455130E+03	3.7609375000000000E+01
3.8156497405767441E+03	3.7609375000000000E+01
3.8235864697098732E+03	3.7609375000000000E+01
3.8315304330885410E+03	3.7609375000000000E+01
3.8394639955684543E+03	3.7609375000000000E+01
3.8473875319808722E+03	3.7609375000000000E+01
3.8553417886495590E+03	3.7609375000000000E+01
3.8632933218851686E+03	3.7609375000000000E+01
3.8712292738929391E+03	3.7609375000000000E+01
3.8791450558602810E+03	3.7609375000000000E+01
3.8870700962916017E+03	3.7609375000000000E+01
3.8950057597011328E+03	3.7609375000000000E+01
3.9029539576470852E+03	3.7609375000000000E+01
3.9108882687166333E+03	3.7609375000000000E+01
3.9188123427182436E+03	3.7609375000000000E+01
3.9267661821767688E+03	3.7609375000000000E+01
3.9347083161771297E+03	3.7609375000000000E+01
3.9426385317668319E+03	3.7609375000000000E+01
3.9505515721887350E+03	3.7609375000000000E+01
3.9584793159142137E+03	3.7609375000000000E+01
3.9664173953607678E+03	3.7609375000000000E+01
3.9743673217743635E+03	3.7609375000000000E+01
3.9822930766865611E+03	3.7609375000000000E+01
3.9902147625535727E+03	3.7609375000000000E+01
3.9981585530340672E+03	3.7609375000000000E+01
4.0060937966927886E+03	3.7609375000000000E+01
4.0140169542580843E+03	3.7609375000000000E+01
4.0219297116994858E+03	3.7609375000000000E+01
4.0298603353798389E+03	3.7609375000000000E+01
4.0378053040206432E+03	3.7609375000000000E+01
4.0457570373564959E+03	3.7609375000000000E+01
4.0536770116463304E+03	3.7609375000000000E+01
4.0616048256903887E+03	3.7609375000000000E+01
4.0695463013574481E+03	3.7609375000000000E+01
4.0774825045615435E+03	3.7609375000000000E+01
4.0854025095105171E+03	3.7609375000000000E+01
4.0933142753168941E+03	3.7609375000000000E+01
4.1012503942921758E+03	3.7609375000000000E+01
4.1092013468220830E+03	3.7609375000000000E+01
4.1171529068052769E+03	3.7609375000000000E+01
4.1250650814697146E+03	3.7609375000000000E+01
4.1329915883541107E+03	3.7609375000000000E+01
4.1409329727813601E+03	3.7609375000000000E+01
4.1488657965883613E+03	3.7609375000000000E+01
4.1567789818346500E+03	3.7609375000000000E+01
4.1646899386867881E+03	3.7609375000000000E+01
4.1726333286687732E+03	3.7609375000000000E+01
4.1805921814441681E+03	3.7609375000000000E+01
4.1885361295267940E+03	3.7609375000000000E+01
4.1964474355876446E+03	3.7609375000000000E+01
4.2043777918443084E+03	3.7609375000000000E+01
4.2123162785768509E+03	3.7609375000000000E+01
4.2202490462437272E+03	3.7609375000000000E+01
4.2281649544835091E+03	3.7609375000000000E+01
4.2360858950838447E+03	3.7609375000000000E+01
4.2440427891686559E+03	3.7609375000000000E+01
4.2520082185938954E+03	3.7609375000000000E+01
4.2599488900974393E+03	3.7609375000000000E+01
4.2678599425703287E+03	3.7609375000000000E+01
4.2757905462533236E+03	3.7609375000000000E+01
4.2837438072487712E+03	3.7609375000000000E+01
4.2916798223704100E+03	3.7609375000000000E+01
4.2995932888090611E+03	3.7609375000000000E+01
4.3075212669521570E+03	3.7609375000000000E+01
4.3154859699681401E+03	3.7609375000000000E+01
4.3234567473679781E+03	3.7609375000000000E+01
4.3313948070108891E+03	3.7609375000000000E+01
4.3393135425373912E+03	3.7609375000000000E+01
4.3472504179328680E+03	3.7609375000000000E+01
4.3552015362679958E+03	3.7609375000000000E+01
4.3631362005099654E+03	3.7609375000000000E+01
4.3710583086460829E+03	3.7609375000000000E+01
4.3790030321180820E+03	3.7609375000000000E+01
4.3869786785468459E+03	3.7609375000000000E+01
4.3949433400854468E+03	3.7609375000000000E+01
4.4028790879696608E+03	3.7609375000000000E+01
4.4108077579438686E+03	3.7609375000000000E+01
4.4187520824968815E+03	3.7609375000000000E+01
4.4266969184055924E+03	3.7609375000000000E+01
4.4346365773007274E+03	3.7609375000000000E+01
4.4425672832950950E+03	3.7609375000000000E+01
4.4505159573554993E+03	3.7609375000000000E+01
4.4584886568710208E+03	3.7609375000000000E+01
4.4664585688412189E+03	3.7609375000000000E+01
4.4743896957933903E+03	3.7609375000000000E+01
4.4823165305107832E+03	3.7609375000000000E+01
4.4902682444229722E+03	3.7609375000000000E+01
4.4982194834053516E+03	3.7609375000000000E+01
4.5061638975441456E+03	3.7609375000000000E+01
4.5140933796241879E+03	3.7609375000000000E+01
4.5220454699844122E+03	3.7609375000000000E+01
4.5300211924612522E+03	3.7609375000000000E+01
4.5379788492918015E+03	3.7609375000000000E+01
4.5459070241898298E+03	3.7609375000000000E+01
4.5538438019603491E+03	3.7609375000000000E+01
4.5618007944673300E+03	3.7609375000000000E+01
4.5697594589889050E+03	3.7609375000000000E+01
4.5776948950737715E+03	3.7609375000000000E+01
4.5856082954779267E+03	3.7609375000000000E+01
4.5935681841298938E+03	3.7609375000000000E+01
4.6015367553085089E+03	3.7609375000000000E+01
4.6094927282109857E+03	3.7609375000000000E+01
4.6174171154722571E+03	3.7609375000000000E+01
4.6253512540757656E+03	3.7609375000000000E+01
4.6333132241517305E+03	3.7609375000000000E+01
4.6412826862484217E+03	3.7609375000000000E+01
4.6492191252410412E+03	3.7609375000000000E+01
4.6571367388889194E+03	3.7609375000000000E+01
4.6650975951924920E+03	3.7609375000000000E+01
4.6730685349777341E+03	3.7609375000000000E+01
4.6810212358534336E+03	3.7609375000000000E+01
4.6889413866400719E+03	3.7609375000000000E+01
4.6968816848173738E+03	3.7609375000000000E+01
4.7048537039086223E+03	3.7609375000000000E+01
4.7128279946967959E+03	3.7609375000000000E+01
4.7207580761462450E+03	3.7609375000000000E+01
4.7286785130128264E+03	3.7609375000000000E+01
4.7366465229988098E+03	3.7609375000000000E+01
4.7446144703999162E+03	3.7609375000000000E+01
4.7525637755095959E+03	3.7609375000000000E+01
4.7604696277156472E+03	3.7609375000000000E+01
4.7684177093058825E+03	3.7609375000000000E+01
4.7763954218626022E+03	3.7609375000000000E+01
4.7843773843571544E+03	3.7609375000000000E+01
4.7922894637286663E+03	3.7609375000000000E+01
4.8002022762522101E+03	3.7609375000000000E+01
4.8081749710887671E+03	3.7609375000000000E+01
4.8161497425362468E+03	3.7609375000000000E+01
4.8241069610193372E+03	3.7609375000000000E+01
4.8320112970843911E+03	3.7609375000000000E+01
4.8399666308984160E+03	3.7609375000000000E+01
4.8479587562009692E+03	3.7609375000000000E+01
4.8559466092810035E+03	3.7609375000000000E+01
4.8638575576767325E+03	3.7609375000000000E+01
4.8717930260375142E+03	3.7609375000000000E+01
4.8797743599936366E+03	3.7609375000000000E+01
4.8877518948242068E+03	3.7609375000000000E+01
4.8956988268494606E+03	3.7609375000000000E+01
4.9036047026664019E+03	3.7609375000000000E+01
4.9115757219269872E+03	3.7609375000000000E+01
4.9195769314542413E+03	3.7609375000000000E+01
4.9275752325206995E+03	3.7609375000000000E+01
4.9354850478097796E+03	3.7609375000000000E+01
4.9434330624267459E+03	3.7609375000000000E+01
4.9514173803254962E+03	3.7609375000000000E+01
4.9594025210291147E+03	3.7609375000000000E+01
4.9673602339476347E+03	3.7609375000000000E+01
4.9752817004248500E+03	3.7609375000000000E+01
4.9832675927132368E+03	3.7609375000000000E+01
4.9912792662531137E+03	3.7609375000000000E+01
4.9992620091661811E+03	3.7609375000000000E+01
5.0071829004585743E+03	3.7609375000000000E+01
5.0151462426111102E+03	3.7609375000000000E+01
5.0231301040351391E+03	3.7609375000000000E+01
5.0311117717921734E+03	3.7609375000000000E+01
5.0390556605830789E+03	3.7609375000000000E+01
5.0470032552331686E+03	3.7609375000000000E+01
5.0550080100893974E+03	3.7609375000000000E+01
5.0630222712680697E+03	3.7609375000000000E+01
5.0709840864762664E+03	3.7609375000000000E+01
5.0789089013487101E+03	3.7609375000000000E+01
5.0868832302540541E+03	3.7609375000000000E+01
5.0948651574328542E+03	3.7609375000000000E+01
5.1028420908600092E+03	3.7609375000000000E+01
5.1107853231504560E+03	3.7609375000000000E+01
5.1187322536557913E+03	3.7609375000000000E+01
5.1267394496425986E+03	3.7609375000000000E+01
5.1347486923485994E+03	3.7609375000000000E+01
5.1427104312703013E+03	3.7609375000000000E+01
5.1506458666920662E+03	3.7609375000000000E+01
5.1586196322664618E+03	3.7609375000000000E+01
5.1666024771407247E+03	3.7609375000000000E+01
5.1745794989690185E+03	3.7609375000000000E+01
5.1825285258293152E+03	3.7609375000000000E+01
5.1904913242459297E+03	3.7609375000000000E+01
5.1985026225075126E+03	3.7609375000000000E+01
5.2065133658647537E+03	3.7609375000000000E+01
5.2144684729129076E+03	3.7609375000000000E+01
5.2224020088687539E+03	3.7609375000000000E+01
5.2303804673850536E+03	3.7609375000000000E+01
5.2383737968876958E+03	3.7609375000000000E+01
5.2463614207804203E+03	3.7609375000000000E+01
5.2542875531539321E+03	3.7609375000000000E+01
5.2622451898902655E+03	3.7609375000000000E+01
5.2702613459900022E+03	3.7609375000000000E+01
5.2782547443732619E+03	3.7609375000000000E+01
5.2861906398311257E+03	3.7609375000000000E+01
5.2941214363276958E+03	3.7609375000000000E+01
5.3021032513082027E+03	3.7609375000000000E+01
5.3100953962057829E+03	3.7609375000000000E+01
5.3180671644210815E+03	3.7609375000000000E+01
5.3259903625324368E+03	3.7609375000000000E+01
5.3339599917531013E+03	3.7609375000000000E+01
5.3419660386815667E+03	3.7609375000000000E+01
5.3499571775197983E+03	3.7609375000000000E+01
5.3578999949693680E+03	3.7609375000000000E+01
5.3658654325157404E+03	3.7609375000000000E+01
5.3738583716303110E+03	3.7609375000000000E+01
5.3818515305072069E+03	3.7609375000000000E+01
5.3898182079046965E+03	3.7609375000000000E+01
5.3977364578619599E+03	3.7609375000000000E+01
5.4057356620058417E+03	3.7609375000000000E+01
5.4137481634542346E+03	3.7609375000000000E+01
5.4217518267408013E+03	3.7609375000000000E+01
5.4297050871327519E+03	3.7609375000000000E+01
5.4376753164157271E+03	3.7609375000000000E+01
5.4456808828338981E+03	3.7609375000000000E+01
5.4536907169967890E+03	3.7609375000000000E+01
5.4616756261438131E+03	3.7609375000000000E+01
5.4695933166742325E+03	3.7609375000000000E+01
5.4776035072281957E+03	3.7609375000000000E+01
5.4856180604174733E+03	3.7609375000000000E+01
5.4936221728548408E+03	3.7609375000000000E+01
5.5015805967897177E+03	3.7609375000000000E+01
5.5095555396676064E+03	3.7609375000000000E+01
5.5175699699819088E+03	3.7609375000000000E+01
5.5256075385138392E+03	3.7609375000000000E+01
5.5335841982290149E+03	3.7609375000000000E+01
5.5415266172215343E+03	3.7609375000000000E+01
5.5495574022457004E+03	3.7609375000000000E+01
5.5575793343409896E+03	3.7609375000000000E+01
5.5655901651456952E+03	3.7609375000000000E+01
5.5735185436978936E+03	3.7609375000000000E+01
5.5815143161341548E+03	3.7609375000000000E+01
5.5895496967360377E+03	3.7609375000000000E+01
5.5975909425988793E+03	3.7609375000000000E+01
5.6055430160388350E+03	3.7609375000000000E+01
5.6134808549731970E+03	3.7609375000000000E+01
5.6215069245472550E+03	3.7609375000000000E+01
5.6295406783521175E+03	3.7609375000000000E+01
5.6375560460165143E+03	3.7609375000000000E+01
5.6454908924102783E+03	3.7609375000000000E+01
5.6534677162095904E+03	3.7609375000000000E+01
5.6615101829618216E+03	3.7609375000000000E+01
5.6695573702454567E+03	3.7609375000000000E+01
5.6775405012443662E+03	3.7609375000000000E+01
5.6854755386263132E+03	3.7609375000000000E+01
5.6934947112649679E+03	3.7609375000000000E+01
5.7015301819220185E+03	3.7609375000000000E+01
5.7095543929934502E+03	3.7609375000000000E+01
5.7174982738569379E+03	3.7609375000000000E+01
5.7254793334677815E+03	3.7609375000000000E+01
5.7335264761000872E+03	3.7609375000000000E+01
5.7415820644050837E+03	3.7609375000000000E+01
5.7495856481269002E+03	3.7609375000000000E+01
5.7575203788578510E+03	3.7609375000000000E+01
5.7655402060225606E+03	3.7609375000000000E+01
5.7735736341029406E+03	3.7609375000000000E+01
5.7816031917557120E+03	3.7609375000000000E+01
5.7895839375182986E+03	3.7609375000000000E+01
5.7975807382464409E+03	3.7609375000000000E+01
5.8056506365090609E+03	3.7609375000000000E+01
5.8137268077358603E+03	3.7609375000000000E+01
5.8217639712914824E+03	3.7609375000000000E+01
5.8297572404369712E+03	3.7609375000000000E+01
5.8377881335169077E+03	3.7609375000000000E+01
5.8458278530389071E+03	3.7609375000000000E+01
5.8538670824095607E+03	3.7609375000000000E+01
5.8618769541010261E+03	3.7609375000000000E+01
5.8699050911739469E+03	3.7609375000000000E+01
5.8779928376749158E+03	3.7609375000000000E+01
5.8860755273178220E+03	3.7609375000000000E+01
5.8941127490922809E+03	3.7609375000000000E+01
5.9021073127686977E+03	3.7609375000000000E+01
5.9101402414590120E+03	3.7609375000000000E+01
5.9181793034523726E+03	3.7609375000000000E+01
5.9262194411233068E+03	3.7609375000000000E+01
5.9342192135453224E+03	3.7609375000000000E+01
5.9422282403707504E+03	3.7609375000000000E+01
5.9502965461239219E+03	3.7609375000000000E+01
5.9583495520427823E+03	3.7609375000000000E+01
5.9663731131106615E+03	3.7609375000000000E+01
5.9743599792867899E+03	3.7609375000000000E+01
5.9823742388486862E+03	3.7609375000000000E+01
5.9904006517827511E+03	3.7609375000000000E+01
5.9984357992187142E+03	3.7609375000000000E+01
6.0064674481004477E+03	3.7609375000000000E+01
6.0144697600603104E+03	3.7609375000000000E+01
6.0224991143643856E+03	3.7609375000000000E+01
6.0305284123197198E+03	3.7609375000000000E+01
6.0385476957485080E+03	3.7609375000000000E+01
6.0465679165348411E+03	3.7609375000000000E+01
6.0545879702866077E+03	3.7609375000000000E+01
6.0625904266759753E+03	3.7609375000000000E+01
6.0705799154490232E+03	3.7609375000000000E+01
6.0786231842562556E+03	3.7609375000000000E+01
6.0866688087880611E+03	3.7609375000000000E+01
6.0946839478164911E+03	3.7609375000000000E+01
6.1026734126061201E+03	3.7609375000000000E+01
6.1106988375186920E+03	3.7609375000000000E+01
6.1187248730659485E+03	3.7609375000000000E+01
6.1267257474064827E+03	3.7609375000000000E+01
6.1346744101643562E+03	3.7609375000000000E+01
6.1426788244843483E+03	3.7609375000000000E+01
6.1507251695543528E+03	3.7609375000000000E+01
6.1587538634166121E+03	3.7609375000000000E+01
6.1667085958719254E+03	3.7609375000000000E+01
6.1746739119216800E+03	3.7609375000000000E+01
6.1826912707537413E+03	3.7609375000000000E+01
6.1907074793949723E+03	3.7609375000000000E+01
6.1986723695322871E+03	3.7609375000000000E+01
6.2066107543483377E+03	3.7609375000000000E+01
6.2146416794806719E+03	3.7609375000000000E+01
6.2226775779500604E+03	3.7609375000000000E+01
6.2306316869929433E+03	3.7609375000000000E+01
6.2385239013209939E+03	3.7609375000000000E+01
6.2465309895575047E+03	3.7609375000000000E+01
6.2545493499562144E+03	3.7609375000000000E+01
6.2625584894269705E+03	3.7609375000000000E+01
6.2704320730492473E+03	3.7609375000000000E+01
6.2783547303080559E+03	3.7609375000000000E+01
6.2863884699568152E+03	3.7609375000000000E+01
6.2944175881966949E+03	3.7609375000000000E+01
6.3023231638371944E+03	3.7609375000000000E+01
6.3101783985197544E+03	3.7609375000000000E+01
6.3181773727387190E+03	3.7609375000000000E+01
6.3261881875470281E+03	3.7609375000000000E+01
6.3341687055900693E+03	3.7609375000000000E+01
6.3420251551568508E+03	3.7609375000000000E+01
6.3499303800463676E+03	3.7609375000000000E+01
6.3579498832374811E+03	3.7609375000000000E+01
6.3659653881341219E+03	3.7609375000000000E+01
6.3738823310509324E+03	3.7609375000000000E+01
6.3817643244937062E+03	3.7609375000000000E+01
6.3897775260508060E+03	3.7609375000000000E+01
6.3977974069863558E+03	3.7609375000000000E+01
6.4058068570122123E+03	3.7609375000000000E+01
6.4137038331478834E+03	3.7609375000000000E+01
6.4216808579415083E+03	3.7609375000000000E+01
6.4297246101796627E+03	3.7609375000000000E+01
6.4377415247634053E+03	3.7609375000000000E+01
6.4456700228229165E+03	3.7609375000000000E+01
6.4535951656028628E+03	3.7609375000000000E+01
6.4616092974841595E+03	3.7609375000000000E+01
6.4696212758049369E+03	3.7609375000000000E+01
6.4775857966318727E+03	3.7609375000000000E+01
6.4855105989202857E+03	3.7609375000000000E+01
6.4934803281649947E+03	3.7609375000000000E+01
6.5014966386333108E+03	3.7609375000000000E+01
6.5094538373202085E+03	3.7609375000000000E+01
6.5173110560923815E+03	3.7609375000000000E+01
6.5252724386528134E+03	3.7609375000000000E+01
6.5332875130325556E+03	3.7609375000000000E+01
6.5413091552704573E+03	3.7609375000000000E+01
6.5492636995837092E+03	3.7609375000000000E+01
6.5572218543440104E+03	3.7609375000000000E+01
6.5652508617714047E+03	3.7609375000000000E+01
6.5733116027265787E+03	3.7609375000000000E+01
6.5813315083980560E+03	3.7609375000000000E+01
6.5892793924137950E+03	3.7609375000000000E+01
6.5972594523653388E+03	3.7609375000000000E+01
6.6052798031643033E+03	3.7609375000000000E+01
6.6132937938347459E+03	3.7609375000000000E+01
6.6211434154286981E+03	3.7609375000000000E+01
6.6290452104434371E+03	3.7609375000000000E+01
6.6371010119318962E+03	3.7609375000000000E+01
6.6451609172597528E+03	3.7609375000000000E+01
6.6531681439280510E+03	3.7609375000000000E+01
6.6610569671690464E+03	3.7609375000000000E+01
6.6690714045241475E+03	3.7609375000000000E+01
6.6771101303622127E+03	3.7609375000000000E+01
6.6851428923383355E+03	3.7609375000000000E+01
6.6930163894891739E+03	3.7609375000000000E+01
6.7009821639955044E+03	3.7609375000000000E+01
6.7090520790666342E+03	3.7609375000000000E+01
6.7171246732324362E+03	3.7609375000000000E+01
6.7250356957614422E+03	3.7609375000000000E+01
6.7329177733585238E+03	3.7609375000000000E+01
6.7409720406830311E+03	3.7609375000000000E+01
6.7490307430401444E+03	3.7609375000000000E+01
6.7570685825347900E+03	3.7609375000000000E+01
6.7649374311715364E+03	3.7609375000000000E+01
6.7728718475997448E+03	3.7609375000000000E+01
6.7809439875110984E+03	3.7609375000000000E+01
6.7890068772360682E+03	3.7609375000000000E+01
6.7968915497958660E+03	3.7609375000000000E+01
6.8048046357557178E+03	3.7609375000000000E+01
6.8128774286806583E+03	3.7609375000000000E+01
6.8209668786078691E+03	3.7609375000000000E+01
6.8290524595677853E+03	3.7609375000000000E+01
6.8369536130055785E+03	3.7609375000000000E+01
6.8449059194698930E+03	3.7609375000000000E+01
6.8529820064157248E+03	3.7609375000000000E+01
6.8610396979376674E+03	3.7609375000000000E+01
6.8689530929327011E+03	3.7609375000000000E+01
6.8769236923381686E+03	3.7609375000000000E+01
6.8850053956881166E+03	3.7609375000000000E+01
6.8931061842292547E+03	3.7609375000000000E+01
6.9011827282533050E+03	3.7609375000000000E+01
6.9090842246487737E+03	3.7609375000000000E+01
6.9170781878754497E+03	3.7609375000000000E+01
6.9251671029254794E+03	3.7609375000000000E+01
6.9332787372246385E+03	3.7609375000000000E+01
6.9412773828804493E+03	3.7609375000000000E+01
6.9492150662094355E+03	3.7609375000000000E+01
6.9573172760978341E+03	3.7609375000000000E+01
6.9654416364729404E+03	3.7609375000000000E+01
6.9735673167556524E+03	3.7609375000000000E+01
6.9816010408625007E+03	3.7609375000000000E+01
6.9894815275445580E+03	3.7609375000000000E+01
6.9975662036463618E+03	3.7609375000000000E+01
7.0056786312758923E+03	3.7609375000000000E+01
7.0138049881458282E+03	3.7609375000000000E+01
7.0218609168753028E+03	3.7609375000000000E+01
7.0298011606782675E+03	3.7609375000000000E+01
7.0378605344891548E+03	3.7609375000000000E+01
7.0459685849919915E+03	3.7609375000000000E+01
7.0541047639027238E+03	3.7609375000000000E+01
7.0621249530240893E+03	3.7609375000000000E+01
7.0700911443680525E+03	3.7609375000000000E+01
7.0782213876172900E+03	3.7609375000000000E+01
7.0863494824841619E+03	3.7609375000000000E+01
7.0944698377773166E+03	3.7609375000000000E+01
7.1024911967143416E+03	3.7609375000000000E+01
7.1105580299720168E+03	3.7609375000000000E+01
7.1186827433258295E+03	3.7609375000000000E+01
7.1268111626431346E+03	3.7609375000000000E+01
7.1348380818292499E+03	3.7609375000000000E+01
7.1427628742828965E+03	3.7609375000000000E+01
7.1508630557209253E+03	3.7609375000000000E+01
7.1589674519598484E+03	3.7609375000000000E+01
7.1670621359720826E+03	3.7609375000000000E+01
7.1749979363381863E+03	3.7609375000000000E+01
7.1830664312168956E+03	3.7609375000000000E+01
7.1911889296546578E+03	3.7609375000000000E+01
7.1993139912039042E+03	3.7609375000000000E+01
7.2074158104360104E+03	3.7609375000000000E+01
7.2155234391540289E+03	3.7609375000000000E+01
7.2236412333324552E+03	3.7609375000000000E+01
7.2317780126780272E+03	3.7609375000000000E+01
7.2399003536328673E+03	3.7609375000000000E+01
7.2479648337885737E+03	3.7609375000000000E+01
7.2560097188279033E+03	3.7609375000000000E+01
7.2641294510662556E+03	3.7609375000000000E+01
7.2722689779698849E+03	3.7609375000000000E+01
7.2804020702764392E+03	3.7609375000000000E+01
7.2885446233823895E+03	3.7609375000000000E+01
7.2966543141454458E+03	3.7609375000000000E+01
7.3048106849566102E+03	3.7609375000000000E+01
7.3129546361491084E+03	3.7609375000000000E+01
7.3211052523553371E+03	3.7609375000000000E+01
7.3291527988612652E+03	3.7609375000000000E+01
7.3372802420482039E+03	3.7609375000000000E+01
7.3454688636511564E+03	3.7609375000000000E+01
7.3536486111506820E+03	3.7609375000000000E+01
7.3618394097238779E+03	3.7609375000000000E+01
7.3699006190225482E+03	3.7609375000000000E+01
7.3780748038440943E+03	3.7609375000000000E+01
7.3862642620131373E+03	3.7609375000000000E+01
7.3944443313628435E+03	3.7609375000000000E+01
7.4026400973945856E+03	3.7609375000000000E+01
7.4108456453979015E+03	3.7609375000000000E+01
7.4190383508726954E+03	3.7609375000000000E+01
7.4272282300963998E+03	3.7609375000000000E+01
7.4353629873767495E+03	3.7609375000000000E+01
7.4435032899081707E+03	3.7609375000000000E+01
7.4516430330201983E+03	3.7609375000000000E+01
7.4598800252377987E+03	3.7609375000000000E+01
7.4680863278582692E+03	3.7609375000000000E+01
7.4763393705338240E+03	3.7609375000000000E+01
7.4845517452657223E+03	3.7609375000000000E+01
7.4927583982571959E+03	3.7609375000000000E+01
7.5010123970061541E+03	3.7609375000000000E+01
7.5092759369984269E+03	3.7609375000000000E+01
7.5175042490139604E+03	3.7609375000000000E+01
7.5255933275669813E+03	3.7609375000000000E+01
7.5338612575829029E+03	3.7609375000000000E+01
7.5421543312817812E+03	3.7609375000000000E+01
7.5504474153965712E+03	3.7609375000000000E+01
7.5587558247968554E+03	3.7609375000000000E+01
7.5670791094675660E+03	3.7609375000000000E+01
7.5754282323271036E+03	3.7609375000000000E+01
7.5837769601419568E+03	3.7609375000000000E+01
7.5921001072600484E+03	3.7609375000000000E+01
7.6004141535982490E+03	3.7609375000000000E+01
7.6087519511505961E+03	3.7609375000000000E+01
7.6171034186929464E+03	3.7609375000000000E+01
7.6253978126943111E+03	3.7609375000000000E+01
7.6336712163910270E+03	3.7609375000000000E+01
7.6419410378858447E+03	3.7609375000000000E+01
7.6502426297292113E+03	3.7609375000000000E+01
7.6585350820049644E+03	3.7609375000000000E+01
7.6668110358491540E+03	3.7609375000000000E+01
7.6751210656017065E+03	3.7609375000000000E+01
7.6833490418270230E+03	3.7609375000000000E+01
7.6913570716679096E+03	3.7609375000000000E+01
7.6995388510301709E+03	3.7609375000000000E+01
7.7076580507233739E+03	3.7609375000000000E+01
7.7157007335126400E+03	3.7609375000000000E+01
7.7237701364904642E+03	3.7609375000000000E+01
7.7319201616421342E+03	3.7609375000000000E+01
7.7400167437717319E+03	3.7609375000000000E+01
7.7480930923670530E+03	3.7609375000000000E+01
7.7543889003023505E+03	3.7699218750000000E+01
7.7568138041198254E+03	3.7699218750000000E+01
7.7592458832412958E+03	3.7699218750000000E+01
7.7616776679903269E+03	3.7703125000000000E+01
7.7640909165963531E+03	3.7703125000000000E+01
7.7665171560123563E+03	3.7703125000000000E+01
7.7689501783251762E+03	3.7703125000000000E+01
7.7713853327259421E+03	3.7703125000000000E+01
7.7738294994086027E+03	3.7703125000000000E+01
7.7762601177841425E+03	3.7703125000000000E+01
7.7786868978813291E+03	3.7703125000000000E+01
7.7811138289719820E+03	3.7703125000000000E+01
7.7835467975437641E+03	3.7703125000000000E+01
7.7859928826764226E+03	3.7703125000000000E+01
7.7884338568598032E+03	3.7703125000000000E+01
7.7908891199603677E+03	3.7703125000000000E+01
7.7933387195691466E+03	3.7703125000000000E+01
7.7957835163399577E+03	3.7703125000000000E+01
7.7982195076867938E+03	3.7703125000000000E+01
7.8006578311473131E+03	3.7703125000000000E+01
7.8030906791687012E+03	3.7703125000000000E+01
7.8055260039120913E+03	3.7703125000000000E+01
7.8079432931616902E+03	3.7703125000000000E+01
7.8103492164015770E+03	3.7703125000000000E+01
7.8127403002902865E+03	3.7703125000000000E+01
7.8151386816203594E+03	3.7703125000000000E+01
7.8175398211553693E+03	3.7703125000000000E+01
7.8199367414265871E+03	3.7703125000000000E+01
7.8223169043958187E+03	3.7707031250000000E+01
