0.0000000000000000E+00	7.2024204748323772E-01
1.0010010010010010E+05	7.2023472412429734E-01
2.0020020020020020E+05	7.2024799470844991E-01
3.0030030030030030E+05	7.2024532889821080E-01
4.0040040040040039E+05	7.2024756806194135E-01
5.0050050050050049E+05	7.2025357191149131E-01
6.0060060060060059E+05	7.2026061760556781E-01
7.0070070070070075E+05	7.2027615017724111E-01
8.0080080080080079E+05	7.2027285341054270E-01
9.0090090090090083E+05	7.2027682851945829E-01
1.0010010010010010E+06	7.2029860799509149E-01
1.1011011011011011E+06	7.2028800457504516E-01
1.2012012012012012E+06	7.2029637836247107E-01
1.3013013013013012E+06	7.2029831898547558E-01
1.4014014014014015E+06	7.2030565477142316E-01
1.5015015015015015E+06	7.2031275023692409E-01
1.6016016016016016E+06	7.2031787019341809E-01
1.7017017017017016E+06	7.2033000301669059E-01
1.8018018018018017E+06	7.2032731472670908E-01
1.9019019019019019E+06	7.2033691597710514E-01
2.0020020020020020E+06	7.2034003690369330E-01
2.1021021021021022E+06	7.2034411974027968E-01
2.2022022022022023E+06	7.2035459328414875E-01
2.3023023023023023E+06	7.2036299672423831E-01
2.4024024024024024E+06	7.2036434934997873E-01
2.5025025025025024E+06	7.2036800979294213E-01
2.6026026026026024E+06	7.2037380934969764E-01
2.7027027027027025E+06	7.2038052393460750E-01
2.8028028028028030E+06	7.2038595242706238E-01
2.9029029029029030E+06	7.2039144024562995E-01
3.0030030030030031E+06	7.2039956166489105E-01
3.1031031031031031E+06	7.2040612697899886E-01
3.2032032032032032E+06	7.2041346434368358E-01
3.3033033033033032E+06	7.2041690915921419E-01
3.4034034034034032E+06	7.2042108573171537E-01
3.5035035035035033E+06	7.2043072365541705E-01
3.6036036036036033E+06	7.2043259688805583E-01
3.7037037037037038E+06	7.2044252727926150E-01
3.8038038038038039E+06	7.2044591369928035E-01
3.9039039039039039E+06	7.2045489553064868E-01
4.0040040040040039E+06	7.2046009383237375E-01
4.1041041041041040E+06	7.2046416529158908E-01
4.2042042042042045E+06	7.2046935965654157E-01
4.3043043043043045E+06	7.2047538311751191E-01
4.4044044044044046E+06	7.2048176702096101E-01
4.5045045045045046E+06	7.2048936818122911E-01
4.6046046046046047E+06	7.2049705659032670E-01
4.7047047047047047E+06	7.2050028636403574E-01
4.8048048048048047E+06	7.2052186965343412E-01
4.9049049049049048E+06	7.2051355004287632E-01
5.0050050050050048E+06	7.2051728116363323E-01
5.1051051051051049E+06	7.2052338723068687E-01
5.2052052052052049E+06	7.2052928264744831E-01
5.3053053053053049E+06	7.2053866304665048E-01
5.4054054054054050E+06	7.2055435872590590E-01
5.5055055055055050E+06	7.2054824572729526E-01
5.6056056056056060E+06	7.2055835405475399E-01
5.7057057057057060E+06	7.2056277937258839E-01
5.8058058058058061E+06	7.2056671839621556E-01
5.9059059059059061E+06	7.2057216586517481E-01
6.0060060060060062E+06	7.2057956911595200E-01
6.1061061061061062E+06	7.2058846689592526E-01
6.2062062062062062E+06	7.2059357773432209E-01
6.3063063063063063E+06	7.2060248785740100E-01
6.4064064064064063E+06	7.2060384328222482E-01
6.5065065065065064E+06	7.2061057743344825E-01
6.6066066066066064E+06	7.2061505403689818E-01
6.7067067067067064E+06	7.2062176151653745E-01
6.8068068068068065E+06	7.2063161139626752E-01
6.9069069069069065E+06	7.2063412700800134E-01
7.0070070070070066E+06	7.2065322546504829E-01
7.1071071071071066E+06	7.2064710208220195E-01
7.2072072072072066E+06	7.2065356661771396E-01
7.3073073073073076E+06	7.2066598668377602E-01
7.4074074074074076E+06	7.2066895366273998E-01
7.5075075075075077E+06	7.2067339781826589E-01
7.6076076076076077E+06	7.2067964360522285E-01
7.7077077077077078E+06	7.2069023168615587E-01
7.8078078078078078E+06	7.2069416892855076E-01
7.9079079079079079E+06	7.2069835200464083E-01
8.0080080080080079E+06	7.2070290928406555E-01
8.1081081081081079E+06	7.2071311495333334E-01
8.2082082082082080E+06	7.2071541685667206E-01
8.3083083083083080E+06	7.2072166498578216E-01
8.4084084084084090E+06	7.2072806550801782E-01
8.5085085085085090E+06	7.2073431814194933E-01
8.6086086086086091E+06	7.2074465915686781E-01
8.7087087087087091E+06	7.2074645188463116E-01
8.8088088088088091E+06	7.2075350858062615E-01
8.9089089089089092E+06	7.2075946209169572E-01
9.0090090090090092E+06	7.2076995249934028E-01
9.1091091091091093E+06	7.2077223854364036E-01
9.2092092092092093E+06	7.2078145083912648E-01
9.3093093093093093E+06	7.2078836620690789E-01
9.4094094094094094E+06	7.2079131519738426E-01
9.5095095095095094E+06	7.2080114957398023E-01
9.6096096096096095E+06	7.2080581276514732E-01
9.7097097097097095E+06	7.2081489799744392E-01
9.8098098098098096E+06	7.2082038510855628E-01
9.9099099099099096E+06	7.2082294091700538E-01
1.0010010010010010E+07	7.2082964883882972E-01
1.0110110110110110E+07	7.2083835896418247E-01
1.0210210210210210E+07	7.2084639494437708E-01
1.0310310310310310E+07	7.2085266004440263E-01
1.0410410410410410E+07	7.2085879171101708E-01
1.0510510510510510E+07	7.2086195942185105E-01
1.0610610610610610E+07	7.2088188741138215E-01
1.0710710710710710E+07	7.2087565838920675E-01
1.0810810810810810E+07	7.2087968052036477E-01
1.0910910910910910E+07	7.2088830733371378E-01
1.1011011011011010E+07	7.2090512661818273E-01
1.1111111111111110E+07	7.2090004423869625E-01
1.1211211211211212E+07	7.2090959495930584E-01
1.1311311311311312E+07	7.2091610755290003E-01
1.1411411411411412E+07	7.2092171846664277E-01
1.1511511511511512E+07	7.2092476655629689E-01
1.1611611611611612E+07	7.2094320936652811E-01
1.1711711711711712E+07	7.2094084720562546E-01
1.1811811811811812E+07	7.2094533259410321E-01
1.1911911911911912E+07	7.2095425541930336E-01
1.2012012012012012E+07	7.2095662397723681E-01
1.2112112112112112E+07	7.2096845692068734E-01
1.2212212212212212E+07	7.2096903781887778E-01
1.2312312312312312E+07	7.2097530261464016E-01
1.2412412412412412E+07	7.2099026755558604E-01
1.2512512512512513E+07	7.2098797255414016E-01
1.2612612612612613E+07	7.2099886443567207E-01
1.2712712712712713E+07	7.2100596006012319E-01
1.2812812812812813E+07	7.2101137092142720E-01
1.2912912912912913E+07	7.2101860741861534E-01
1.3013013013013013E+07	7.2101950508877977E-01
1.3113113113113113E+07	7.2102928001575461E-01
1.3213213213213213E+07	7.2103647263384207E-01
1.3313313313313313E+07	7.2104262148801201E-01
1.3413413413413413E+07	7.2104665766251952E-01
1.3513513513513513E+07	7.2105681108821773E-01
1.3613613613613613E+07	7.2105845705201821E-01
1.3713713713713713E+07	7.2106622295930356E-01
1.3813813813813813E+07	7.2107045174312390E-01
1.3913913913913913E+07	7.2107674707761371E-01
1.4014014014014013E+07	7.2108767862106593E-01
1.4114114114114113E+07	7.2109225412991274E-01
1.4214214214214213E+07	7.2109738372475263E-01
1.4314314314314313E+07	7.2110499943917383E-01
1.4414414414414413E+07	7.2111317474019099E-01
1.4514514514514515E+07	7.2111596141642154E-01
1.4614614614614615E+07	7.2112837659826989E-01
1.4714714714714715E+07	7.2113218827709613E-01
1.4814814814814815E+07	7.2115080670549714E-01
1.4914914914914915E+07	7.2114355414368558E-01
1.5015015015015015E+07	7.2114777352125892E-01
1.5115115115115115E+07	7.2116034630850967E-01
1.5215215215215215E+07	7.2116416641096159E-01
1.5315315315315315E+07	7.2116566978001806E-01
1.5415415415415416E+07	7.2117158162984396E-01
1.5515515515515516E+07	7.2118233378421914E-01
1.5615615615615616E+07	7.2119091363062249E-01
1.5715715715715716E+07	7.2119031456028315E-01
1.5815815815815816E+07	7.2120027920958596E-01
1.5915915915915916E+07	7.2120202999318228E-01
1.6016016016016016E+07	7.2120804417769480E-01
1.6116116116116116E+07	7.2121658633304353E-01
1.6216216216216216E+07	7.2122071492145112E-01
1.6316316316316316E+07	7.2122790050085084E-01
1.6416416416416416E+07	7.2123364822739267E-01
1.6516516516516516E+07	7.2124541787899388E-01
1.6616616616616616E+07	7.2124752461070696E-01
1.6716716716716716E+07	7.2125513456238211E-01
1.6816816816816818E+07	7.2125830191666995E-01
1.6916916916916918E+07	7.2126308365665837E-01
1.7017017017017018E+07	7.2126957731673225E-01
1.7117117117117118E+07	7.2127558035588279E-01
1.7217217217217218E+07	7.2128352235926763E-01
1.7317317317317318E+07	7.2129252079000172E-01
1.7417417417417418E+07	7.2129529555936411E-01
1.7517517517517518E+07	7.2131635779033509E-01
1.7617617617617618E+07	7.2130988098000604E-01
1.7717717717717718E+07	7.2131258217190986E-01
1.7817817817817818E+07	7.2132047899740681E-01
1.7917917917917918E+07	7.2132559379248373E-01
1.8018018018018018E+07	7.2133549988679435E-01
1.8118118118118118E+07	7.2133776002767525E-01
1.8218218218218219E+07	7.2134348089753575E-01
1.8318318318318319E+07	7.2135280920131251E-01
1.8418418418418419E+07	7.2135921875094466E-01
1.8518518518518519E+07	7.2136226077378351E-01
1.8618618618618619E+07	7.2136725732599616E-01
1.8718718718718719E+07	7.2137949957176395E-01
1.8818818818818819E+07	7.2139602103142975E-01
1.8918918918918919E+07	7.2140164451406463E-01
1.9019019019019019E+07	7.2140668017158771E-01
1.9119119119119119E+07	7.2141415291263900E-01
1.9219219219219219E+07	7.2141726331821132E-01
1.9319319319319319E+07	7.2141613265210092E-01
1.9419419419419419E+07	7.2141790242813708E-01
1.9519519519519519E+07	7.2142158860426131E-01
1.9619619619619619E+07	7.2142585882025712E-01
1.9719719719719719E+07	7.2143135581986595E-01
1.9819819819819819E+07	7.2143698686396340E-01
1.9919919919919919E+07	7.2144332342232087E-01
2.0020020020020019E+07	7.2145011693062988E-01
2.0120120120120119E+07	7.2145632714476282E-01
2.0220220220220219E+07	7.2146229810969054E-01
2.0320320320320319E+07	7.2146780962819990E-01
2.0420420420420419E+07	7.2147297708440761E-01
2.0520520520520519E+07	7.2147775301088146E-01
2.0620620620620620E+07	7.2148284345651215E-01
2.0720720720720720E+07	7.2148911865009979E-01
2.0820820820820820E+07	7.2150119809015179E-01
2.0920920920920920E+07	7.2151692525738753E-01
2.1021021021021020E+07	7.2150846725334727E-01
2.1121121121121120E+07	7.2151122857698602E-01
2.1221221221221220E+07	7.2151866665418818E-01
2.1321321321321320E+07	7.2152658600451558E-01
2.1421421421421420E+07	7.2153292851935702E-01
2.1521521521521520E+07	7.2153635840081887E-01
2.1621621621621620E+07	7.2153956901899785E-01
2.1721721721721720E+07	7.2156210668264154E-01
2.1821821821821820E+07	7.2155112751402439E-01
2.1921921921921920E+07	7.2156095084016936E-01
2.2022022022022020E+07	7.2156391472858294E-01
2.2122122122122120E+07	7.2157737882264483E-01
2.2222222222222220E+07	7.2157369217490419E-01
2.2322322322322320E+07	7.2158373376899698E-01
2.2422422422422424E+07	7.2158533036273864E-01
2.2522522522522524E+07	7.2159048839669071E-01
2.2622622622622624E+07	7.2159954307836416E-01
2.2722722722722724E+07	7.2161412466009078E-01
2.2822822822822824E+07	7.2161199255560304E-01
2.2922922922922924E+07	7.2161718535904040E-01
2.3023023023023024E+07	7.2162193800383057E-01
2.3123123123123124E+07	7.2162465295368661E-01
2.3223223223223224E+07	7.2163157060630279E-01
2.3323323323323324E+07	7.2163643561625934E-01
2.3423423423423424E+07	7.2164201139907169E-01
2.3523523523523524E+07	7.2164910537491889E-01
2.3623623623623624E+07	7.2165341232056524E-01
2.3723723723723724E+07	7.2166201175440281E-01
2.3823823823823825E+07	7.2166803576516858E-01
2.3923923923923925E+07	7.2167494411214039E-01
2.4024024024024025E+07	7.2169407087804816E-01
2.4124124124124125E+07	7.2168677461405173E-01
2.4224224224224225E+07	7.2168936733914346E-01
2.4324324324324325E+07	7.2169538120570131E-01
2.4424424424424425E+07	7.2170252015202108E-01
2.4524524524524525E+07	7.2171659716646341E-01
2.4624624624624625E+07	7.2171561359844216E-01
2.4724724724724725E+07	7.2171806211206102E-01
2.4824824824824825E+07	7.2172762308448746E-01
2.4924924924924925E+07	7.2173278411571118E-01
2.5025025025025025E+07	7.2173949256554448E-01
2.5125125125125125E+07	7.2174162674607312E-01
2.5225225225225225E+07	7.2176274742165125E-01
2.5325325325325325E+07	7.2175577069036811E-01
2.5425425425425425E+07	7.2175983700217738E-01
2.5525525525525525E+07	7.2176601015880870E-01
2.5625625625625625E+07	7.2177218350130190E-01
2.5725725725725725E+07	7.2177819270678778E-01
2.5825825825825825E+07	7.2179633118867492E-01
2.5925925925925925E+07	7.2179084126611670E-01
2.6026026026026025E+07	7.2180026231992822E-01
2.6126126126126125E+07	7.2180342647654117E-01
2.6226226226226225E+07	7.2181081358132015E-01
2.6326326326326326E+07	7.2181941368306302E-01
2.6426426426426426E+07	7.2182356870217890E-01
2.6526526526526526E+07	7.2182842459693863E-01
2.6626626626626626E+07	7.2183729873664793E-01
2.6726726726726726E+07	7.2184010990593372E-01
2.6826826826826826E+07	7.2186264063801853E-01
2.6926926926926926E+07	7.2185469332737628E-01
2.7027027027027026E+07	7.2186052452872085E-01
2.7127127127127126E+07	7.2187314392880830E-01
2.7227227227227226E+07	7.2187571484335733E-01
2.7327327327327326E+07	7.2187909656756910E-01
2.7427427427427426E+07	7.2188677085249353E-01
2.7527527527527526E+07	7.2189790417453459E-01
2.7627627627627626E+07	7.2190037282392694E-01
2.7727727727727726E+07	7.2190281000178447E-01
2.7827827827827826E+07	7.2191830396356249E-01
2.7927927927927926E+07	7.2191562133488596E-01
2.8028028028028026E+07	7.2192294239946775E-01
2.8128128128128126E+07	7.2192857866997162E-01
2.8228228228228226E+07	7.2195243506063589E-01
2.8328328328328326E+07	7.2194385488922885E-01
2.8428428428428426E+07	7.2194875543077042E-01
2.8528528528528526E+07	7.2195929535515835E-01
2.8628628628628626E+07	7.2196262995982108E-01
2.8728728728728727E+07	7.2197007720027939E-01
2.8828828828828827E+07	7.2198071228896543E-01
2.8928928928928930E+07	7.2199445294273024E-01
2.9029029029029030E+07	7.2199340498023523E-01
2.9129129129129130E+07	7.2200192176766509E-01
2.9229229229229230E+07	7.2200682249620107E-01
2.9329329329329330E+07	7.2202443254608106E-01
2.9429429429429431E+07	7.2202169692699536E-01
2.9529529529529531E+07	7.2203105051028182E-01
2.9629629629629631E+07	7.2203584164690449E-01
2.9729729729729731E+07	7.2204163396129639E-01
2.9829829829829831E+07	7.2206739329276459E-01
2.9929929929929931E+07	7.2205851600704296E-01
3.0030030030030031E+07	7.2206864029643758E-01
3.0130130130130131E+07	7.2207632769697028E-01
3.0230230230230231E+07	7.2208522668049235E-01
3.0330330330330331E+07	7.2210439689890071E-01
3.0430430430430431E+07	7.2209932774056385E-01
3.0530530530530531E+07	7.2210508395956730E-01
3.0630630630630631E+07	7.2211278662201528E-01
3.0730730730730731E+07	7.2212068079674474E-01
3.0830830830830831E+07	7.2212877364924066E-01
3.0930930930930931E+07	7.2215470371109636E-01
3.1031031031031031E+07	7.2214474088748792E-01
3.1131131131131131E+07	7.2215351292393193E-01
3.1231231231231231E+07	7.2216156138666776E-01
3.1331331331331331E+07	7.2217046880551283E-01
3.1431431431431431E+07	7.2218142275084207E-01
3.1531531531531531E+07	7.2218922604954616E-01
3.1631631631631631E+07	7.2219584277730864E-01
3.1731731731731731E+07	7.2220340569009123E-01
3.1831831831831831E+07	7.2221059556591616E-01
3.1931931931931932E+07	7.2223380309808483E-01
3.2032032032032032E+07	7.2222631072881738E-01
3.2132132132132132E+07	7.2223642405477828E-01
3.2232232232232232E+07	7.2225137837888809E-01
3.2332332332332332E+07	7.2225456757070738E-01
3.2432432432432432E+07	7.2226005873533861E-01
3.2532532532532532E+07	7.2227145853899821E-01
3.2632632632632632E+07	7.2227584558856883E-01
3.2732732732732732E+07	7.2228605517241540E-01
3.2832832832832832E+07	7.2229250314258442E-01
3.2932932932932932E+07	7.2230010382770227E-01
3.3033033033033032E+07	7.2230840998391865E-01
3.3133133133133132E+07	7.2232917724065626E-01
3.3233233233233232E+07	7.2232497617510483E-01
3.3333333333333332E+07	7.2233326428470024E-01
3.3433433433433432E+07	7.2234635529575630E-01
3.3533533533533532E+07	7.2235433443606745E-01
3.3633633633633636E+07	7.2236198757984171E-01
3.3733733733733736E+07	7.2236707725570959E-01
3.3833833833833836E+07	7.2237891704196311E-01
3.3933933933933936E+07	7.2238426189546368E-01
3.4034034034034036E+07	7.2239616378157290E-01
3.4134134134134136E+07	7.2240224939735953E-01
3.4234234234234236E+07	7.2241060717772076E-01
3.4334334334334336E+07	7.2242098832881607E-01
3.4434434434434436E+07	7.2244107546031766E-01
3.4534534534534536E+07	7.2244432792421420E-01
3.4634634634634636E+07	7.2244702153182694E-01
3.4734734734734736E+07	7.2245405253714445E-01
3.4834834834834836E+07	7.2246054941550808E-01
3.4934934934934936E+07	7.2246931468847775E-01
3.5035035035035037E+07	7.2247908829952601E-01
3.5135135135135137E+07	7.2248733767257634E-01
3.5235235235235237E+07	7.2249768016722093E-01
3.5335335335335337E+07	7.2250791059968067E-01
3.5435435435435437E+07	7.2252314959563468E-01
3.5535535535535537E+07	7.2253333683089227E-01
3.5635635635635637E+07	7.2253330436582652E-01
3.5735735735735737E+07	7.2254044924462923E-01
3.5835835835835837E+07	7.2255381196870450E-01
3.5935935935935937E+07	7.2256046719462852E-01
3.6036036036036037E+07	7.2256791214973459E-01
3.6136136136136137E+07	7.2257918191656079E-01
3.6236236236236237E+07	7.2259114486547271E-01
3.6336336336336337E+07	7.2259674066454593E-01
3.6436436436436437E+07	7.2260789772310396E-01
3.6536536536536537E+07	7.2261603117766671E-01
3.6636636636636637E+07	7.2262850672276446E-01
3.6736736736736737E+07	7.2264018006663733E-01
3.6836836836836837E+07	7.2264562436089985E-01
3.6936936936936937E+07	7.2265821462637281E-01
3.7037037037037037E+07	7.2266721401699985E-01
3.7137137137137137E+07	7.2268317682324612E-01
3.7237237237237237E+07	7.2268584583805939E-01
3.7337337337337337E+07	7.2269880963032207E-01
3.7437437437437437E+07	7.2270690800512827E-01
3.7537537537537538E+07	7.2271923845267394E-01
3.7637637637637638E+07	7.2273175377097920E-01
3.7737737737737738E+07	7.2273950671653742E-01
3.7837837837837838E+07	7.2274998091219145E-01
3.7937937937937938E+07	7.2276250831967559E-01
3.8038038038038038E+07	7.2277626890668534E-01
3.8138138138138138E+07	7.2278269343089452E-01
3.8238238238238238E+07	7.2279345715117027E-01
3.8338338338338338E+07	7.2280689809625620E-01
3.8438438438438438E+07	7.2281645610223844E-01
3.8538538538538538E+07	7.2283606769321940E-01
3.8638638638638638E+07	7.2283904183920655E-01
3.8738738738738738E+07	7.2285306450194486E-01
3.8838838838838838E+07	7.2286469182311219E-01
3.8938938938938938E+07	7.2287510926980636E-01
3.9039039039039038E+07	7.2288715358300193E-01
3.9139139139139138E+07	7.2289863557517831E-01
3.9239239239239238E+07	7.2290812186627962E-01
3.9339339339339338E+07	7.2291681731808222E-01
3.9439439439439438E+07	7.2294493182796793E-01
3.9539539539539538E+07	7.2294021697659727E-01
3.9639639639639638E+07	7.2295605290699194E-01
3.9739739739739738E+07	7.2296503628927322E-01
3.9839839839839838E+07	7.2297586416996928E-01
3.9939939939939938E+07	7.2299193749792356E-01
4.0040040040040039E+07	7.2299902360618562E-01
4.0140140140140139E+07	7.2301437441765348E-01
4.0240240240240239E+07	7.2302252184892535E-01
4.0340340340340339E+07	7.2303703672275499E-01
4.0440440440440439E+07	7.2305388422186490E-01
4.0540540540540539E+07	7.2305796017799140E-01
4.0640640640640639E+07	7.2306999469334166E-01
4.0740740740740739E+07	7.2308413807636129E-01
4.0840840840840839E+07	7.2311046128544709E-01
4.0940940940940939E+07	7.2310555313199587E-01
4.1041041041041039E+07	7.2312236197547330E-01
4.1141141141141139E+07	7.2313040664768913E-01
4.1241241241241239E+07	7.2314459993549252E-01
4.1341341341341339E+07	7.2316434053406153E-01
4.1441441441441439E+07	7.2316854493934091E-01
4.1541541541541539E+07	7.2318324461734174E-01
4.1641641641641639E+07	7.2319340139941934E-01
4.1741741741741739E+07	7.2321885198995650E-01
4.1841841841841839E+07	7.2322251434471063E-01
4.1941941941941939E+07	7.2323093474977185E-01
4.2042042042042039E+07	7.2325628388511387E-01
4.2142142142142139E+07	7.2325753720930164E-01
4.2242242242242239E+07	7.2327384024011354E-01
4.2342342342342339E+07	7.2329773328771485E-01
4.2442442442442439E+07	7.2329575081272035E-01
4.2542542542542540E+07	7.2330993923249864E-01
4.2642642642642640E+07	7.2332167106848866E-01
4.2742742742742740E+07	7.2333519193197193E-01
4.2842842842842840E+07	7.2335144310523314E-01
4.2942942942942940E+07	7.2336175781075440E-01
4.3043043043043040E+07	7.2337548938119522E-01
4.3143143143143140E+07	7.2340102590106503E-01
4.3243243243243240E+07	7.2341987393952989E-01
4.3343343343343340E+07	7.2341931874851362E-01
4.3443443443443440E+07	7.2343309740269202E-01
4.3543543543543540E+07	7.2344389771623174E-01
4.3643643643643640E+07	7.2346149928355907E-01
4.3743743743743740E+07	7.2347477498872126E-01
4.3843843843843840E+07	7.2348779748724434E-01
4.3943943943943940E+07	7.2350194987018557E-01
4.4044044044044040E+07	7.2351745100601761E-01
4.4144144144144140E+07	7.2353085114458504E-01
4.4244244244244240E+07	7.2354147116721867E-01
4.4344344344344340E+07	7.2355637630616754E-01
4.4444444444444440E+07	7.2357454201574711E-01
4.4544544544544540E+07	7.2358463133315210E-01
4.4644644644644640E+07	7.2360481751355910E-01
4.4744744744744740E+07	7.2361392523839929E-01
4.4844844844844848E+07	7.2363720871635007E-01
4.4944944944944948E+07	7.2364405782314434E-01
4.5045045045045048E+07	7.2366046041401466E-01
4.5145145145145148E+07	7.2367823015605381E-01
4.5245245245245248E+07	7.2369256977515728E-01
4.5345345345345348E+07	7.2370401280213292E-01
4.5445445445445448E+07	7.2372401681832210E-01
4.5545545545545548E+07	7.2373946510573428E-01
4.5645645645645648E+07	7.2375150587300552E-01
4.5745745745745748E+07	7.2377108650558852E-01
4.5845845845845848E+07	7.2378425816956793E-01
4.5945945945945948E+07	7.2380277432153717E-01
4.6046046046046048E+07	7.2381526471215518E-01
4.6146146146146148E+07	7.2383305330619685E-01
4.6246246246246248E+07	7.2384745838500320E-01
4.6346346346346349E+07	7.2386365150776899E-01
4.6446446446446449E+07	7.2388289192992150E-01
4.6546546546546549E+07	7.2389934114998888E-01
4.6646646646646649E+07	7.2391753819645077E-01
4.6746746746746749E+07	7.2393319983573934E-01
4.6846846846846849E+07	7.2395039987769905E-01
4.6946946946946949E+07	7.2396457604222897E-01
4.7047047047047049E+07	7.2398725047080870E-01
4.7147147147147149E+07	7.2400162265783963E-01
4.7247247247247249E+07	7.2401561376015333E-01
4.7347347347347349E+07	7.2403362802667171E-01
4.7447447447447449E+07	7.2405297620595355E-01
4.7547547547547549E+07	7.2407171109582236E-01
4.7647647647647649E+07	7.2408473556104735E-01
4.7747747747747749E+07	7.2410475195765633E-01
4.7847847847847849E+07	7.2412311656563888E-01
4.7947947947947949E+07	7.2413880215362836E-01
4.8048048048048049E+07	7.2416646224008652E-01
4.8148148148148149E+07	7.2417540370222200E-01
4.8248248248248249E+07	7.2419352289642880E-01
4.8348348348348349E+07	7.2420835211272416E-01
4.8448448448448449E+07	7.2423025548808839E-01
4.8548548548548549E+07	7.2425408164253946E-01
4.8648648648648649E+07	7.2426806648044939E-01
4.8748748748748749E+07	7.2428024638083421E-01
4.8848848848848850E+07	7.2430242338858253E-01
4.8948948948948950E+07	7.2431663183742701E-01
4.9049049049049050E+07	7.2433589170560486E-01
4.9149149149149150E+07	7.2435352662793751E-01
4.9249249249249250E+07	7.2437585850058628E-01
4.9349349349349350E+07	7.2439281223723451E-01
4.9449449449449450E+07	7.2441052116648341E-01
4.9549549549549550E+07	7.2443197720645958E-01
4.9649649649649650E+07	7.2444629355406220E-01
4.9749749749749750E+07	7.2446796178468775E-01
4.9849849849849850E+07	7.2448359473941526E-01
4.9949949949949950E+07	7.2450242555124256E-01
5.0050050050050050E+07	7.2452603256310222E-01
5.0150150150150150E+07	7.2455293661134312E-01
5.0250250250250250E+07	7.2456220364960899E-01
5.0350350350350350E+07	7.2458965717638935E-01
5.0450450450450450E+07	7.2460296240548416E-01
5.0550550550550550E+07	7.2461779466159337E-01
5.0650650650650650E+07	7.2463712648460754E-01
5.0750750750750750E+07	7.2466119863300626E-01
5.0850850850850850E+07	7.2468202892653077E-01
5.0950950950950950E+07	7.2471396293985313E-01
5.1051051051051050E+07	7.2471751781021487E-01
5.1151151151151150E+07	7.2475336594036954E-01
5.1251251251251251E+07	7.2476093100295480E-01
5.1351351351351351E+07	7.2478009924921527E-01
5.1451451451451451E+07	7.2480047086134569E-01
5.1551551551551551E+07	7.2483242174673435E-01
5.1651651651651651E+07	7.2484441339977956E-01
5.1751751751751751E+07	7.2485981738566374E-01
5.1851851851851851E+07	7.2487977550992300E-01
5.1951951951951951E+07	7.2489903740662576E-01
5.2052052052052051E+07	7.2492459655027053E-01
5.2152152152152151E+07	7.2494424979367800E-01
5.2252252252252251E+07	7.2496381294676449E-01
5.2352352352352351E+07	7.2498557271460051E-01
5.2452452452452451E+07	7.2500330876561914E-01
5.2552552552552551E+07	7.2502418960043225E-01
5.2652652652652651E+07	7.2504924188773878E-01
5.2752752752752751E+07	7.2507086345658855E-01
5.2852852852852851E+07	7.2509190166573445E-01
5.2952952952952951E+07	7.2510950940080854E-01
5.3053053053053051E+07	7.2513500437850475E-01
5.3153153153153151E+07	7.2515559363572990E-01
5.3253253253253251E+07	7.2517509712836747E-01
5.3353353353353351E+07	7.2520205770054247E-01
5.3453453453453451E+07	7.2522288097807064E-01
5.3553553553553551E+07	7.2524620959853237E-01
5.3653653653653651E+07	7.2526512519630149E-01
5.3753753753753752E+07	7.2528920819348508E-01
5.3853853853853852E+07	7.2532731660981276E-01
5.3953953953953952E+07	7.2533248394363137E-01
5.4054054054054052E+07	7.2535796163931610E-01
5.4154154154154152E+07	7.2538091413227312E-01
5.4254254254254252E+07	7.2540357009783729E-01
5.4354354354354352E+07	7.2542686156062075E-01
5.4454454454454452E+07	7.2544981486418214E-01
5.4554554554554552E+07	7.2547395215838373E-01
5.4654654654654652E+07	7.2550003906571581E-01
5.4754754754754752E+07	7.2552486703186758E-01
5.4854854854854852E+07	7.2554519191749467E-01
5.4954954954954952E+07	7.2557951609596505E-01
5.5055055055055052E+07	7.2559340133363504E-01
5.5155155155155152E+07	7.2561863187421205E-01
5.5255255255255252E+07	7.2564073981633781E-01
5.5355355355355352E+07	7.2567148480203447E-01
5.5455455455455452E+07	7.2568984276543924E-01
5.5555555555555552E+07	7.2571402678013752E-01
5.5655655655655652E+07	7.2573804565063205E-01
5.5755755755755752E+07	7.2576974975597730E-01
5.5855855855855852E+07	7.2579115412012651E-01
5.5955955955955952E+07	7.2582487584866939E-01
5.6056056056056052E+07	7.2583805967630721E-01
5.6156156156156152E+07	7.2586283887412062E-01
5.6256256256256253E+07	7.2588603386764294E-01
5.6356356356356353E+07	7.2591034480435845E-01
5.6456456456456453E+07	7.2593541143957530E-01
5.6556556556556553E+07	7.2596459655767220E-01
5.6656656656656653E+07	7.2598906304144595E-01
5.6756756756756753E+07	7.2601450523983813E-01
5.6856856856856853E+07	7.2603676546033746E-01
5.6956956956956953E+07	7.2606471353936874E-01
5.7057057057057053E+07	7.2608768224437192E-01
5.7157157157157153E+07	7.2611535793314619E-01
5.7257257257257253E+07	7.2615229703364303E-01
5.7357357357357353E+07	7.2616155441964880E-01
5.7457457457457453E+07	7.2620332560613288E-01
5.7557557557557553E+07	7.2621749171636774E-01
5.7657657657657653E+07	7.2624174477050651E-01
5.7757757757757761E+07	7.2626879328263694E-01
5.7857857857857861E+07	7.2629150004300436E-01
5.7957957957957961E+07	7.2632181659654815E-01
5.8058058058058061E+07	7.2635710605064052E-01
5.8158158158158161E+07	7.2637419930158065E-01
5.8258258258258261E+07	7.2640152399115898E-01
5.8358358358358361E+07	7.2643950328451612E-01
5.8458458458458461E+07	7.2646147556580432E-01
5.8558558558558561E+07	7.2649203352542935E-01
5.8658658658658661E+07	7.2653275068224321E-01
5.8758758758758761E+07	7.2656087967903515E-01
5.8858858858858861E+07	7.2658962046089171E-01
5.8958958958958961E+07	7.2662550253075120E-01
5.9059059059059061E+07	7.2665496814131358E-01
5.9159159159159161E+07	7.2668731216696936E-01
5.9259259259259261E+07	7.2671792745846020E-01
5.9359359359359361E+07	7.2674764786225166E-01
5.9459459459459461E+07	7.2677503256609555E-01
5.9559559559559561E+07	7.2680042516143994E-01
5.9659659659659661E+07	7.2682335710295987E-01
5.9759759759759761E+07	7.2685293514959315E-01
5.9859859859859861E+07	7.2687896146282072E-01
5.9959959959959961E+07	7.2690998606456869E-01
6.0060060060060062E+07	7.2693485826244997E-01
6.0160160160160162E+07	7.2696512618914411E-01
6.0260260260260262E+07	7.2699434684302666E-01
6.0360360360360362E+07	7.2702410626117853E-01
6.0460460460460462E+07	7.2705968339060811E-01
6.0560560560560562E+07	7.2708963996440945E-01
6.0660660660660662E+07	7.2712058032767946E-01
6.0760760760760762E+07	7.2715107703788684E-01
6.0860860860860862E+07	7.2718148119147352E-01
6.0960960960960962E+07	7.2720928733724077E-01
6.1061061061061062E+07	7.2723628569537369E-01
6.1161161161161162E+07	7.2726508408206425E-01
6.1261261261261262E+07	7.2729635836712836E-01
6.1361361361361362E+07	7.2732406817527273E-01
6.1461461461461462E+07	7.2735316841971598E-01
6.1561561561561562E+07	7.2738308264113494E-01
6.1661661661661662E+07	7.2740908080437083E-01
6.1761761761761762E+07	7.2743871439772756E-01
6.1861861861861862E+07	7.2747197955861187E-01
6.1961961961961962E+07	7.2749744252705650E-01
6.2062062062062062E+07	7.2752809191657131E-01
6.2162162162162162E+07	7.2756164477584961E-01
6.2262262262262262E+07	7.2759259859019920E-01
6.2362362362362362E+07	7.2762265981976937E-01
6.2462462462462462E+07	7.2765287550138280E-01
6.2562562562562563E+07	7.2767930188744334E-01
6.2662662662662663E+07	7.2770952658527510E-01
6.2762762762762763E+07	7.2774049580329703E-01
6.2862862862862863E+07	7.2777504720679642E-01
6.2962962962962963E+07	7.2780680312169810E-01
6.3063063063063063E+07	7.2783520074225871E-01
6.3163163163163163E+07	7.2787037819338196E-01
6.3263263263263263E+07	7.2790249563244980E-01
6.3363363363363363E+07	7.2792982175935916E-01
6.3463463463463463E+07	7.2796713087219900E-01
6.3563563563563563E+07	7.2799474711856205E-01
6.3663663663663663E+07	7.2803219401294494E-01
6.3763763763763763E+07	7.2806077895386478E-01
6.3863863863863863E+07	7.2809850994731484E-01
6.3963963963963963E+07	7.2814557216085041E-01
6.4064064064064063E+07	7.2816277508814553E-01
6.4164164164164163E+07	7.2819707195011585E-01
6.4264264264264263E+07	7.2823135430182828E-01
6.4364364364364363E+07	7.2826616281680034E-01
6.4464464464464463E+07	7.2829720593989311E-01
6.4564564564564563E+07	7.2832924559269907E-01
6.4664664664664663E+07	7.2836348969533327E-01
6.4764764764764763E+07	7.2840036079294479E-01
6.4864864864864863E+07	7.2844561723114087E-01
6.4964964964964963E+07	7.2846689330942627E-01
6.5065065065065064E+07	7.2850542209795199E-01
6.5165165165165164E+07	7.2854059019357154E-01
6.5265265265265264E+07	7.2857599629374836E-01
6.5365365365365364E+07	7.2860871853609621E-01
6.5465465465465464E+07	7.2864635016392754E-01
6.5565565565565564E+07	7.2868083909502390E-01
6.5665665665665664E+07	7.2872051883914646E-01
6.5765765765765764E+07	7.2875417176657042E-01
6.5865865865865864E+07	7.2879315965986990E-01
6.5965965965965964E+07	7.2883176424985963E-01
6.6066066066066064E+07	7.2886680265550419E-01
6.6166166166166164E+07	7.2890479877393866E-01
6.6266266266266264E+07	7.2894110275545609E-01
6.6366366366366364E+07	7.2898180805677004E-01
6.6466466466466464E+07	7.2901894225057140E-01
6.6566566566566564E+07	7.2905773346071578E-01
6.6666666666666664E+07	7.2909257959655127E-01
6.6766766766766764E+07	7.2913502258186691E-01
6.6866866866866864E+07	7.2917130106525097E-01
6.6966966966966964E+07	7.2920765002423193E-01
6.7067067067067064E+07	7.2924673092372061E-01
6.7167167167167172E+07	7.2928568296882745E-01
6.7267267267267272E+07	7.2932697845394856E-01
6.7367367367367372E+07	7.2936739669406936E-01
6.7467467467467472E+07	7.2940729320182707E-01
6.7567567567567572E+07	7.2944664365859180E-01
6.7667667667667672E+07	7.2948848296442281E-01
6.7767767767767772E+07	7.2952769509129600E-01
6.7867867867867872E+07	7.2958477372917296E-01
6.7967967967967972E+07	7.2961243828719080E-01
6.8068068068068072E+07	7.2965190295764715E-01
6.8168168168168172E+07	7.2969374476774107E-01
6.8268268268268272E+07	7.2973916447939413E-01
6.8368368368368372E+07	7.2978412408163584E-01
6.8468468468468472E+07	7.2982286214843550E-01
6.8568568568568572E+07	7.2988115626314709E-01
6.8668668668668672E+07	7.2991450527835444E-01
6.8768768768768772E+07	7.2996488671532156E-01
6.8868868868868873E+07	7.3001322625296894E-01
6.8968968968968973E+07	7.3005829412112933E-01
6.9069069069069073E+07	7.3010119606922141E-01
6.9169169169169173E+07	7.3014963007628009E-01
6.9269269269269273E+07	7.3019364070412074E-01
6.9369369369369373E+07	7.3023688626004968E-01
6.9469469469469473E+07	7.3028188550960826E-01
6.9569569569569573E+07	7.3033362745481656E-01
6.9669669669669673E+07	7.3038528750295750E-01
6.9769769769769773E+07	7.3043284729961488E-01
6.9869869869869873E+07	7.3048359671109031E-01
6.9969969969969973E+07	7.3054177300845824E-01
7.0070070070070073E+07	7.3058605453527947E-01
7.0170170170170173E+07	7.3063476882210188E-01
7.0270270270270273E+07	7.3069433565048481E-01
7.0370370370370373E+07	7.3074727164896058E-01
7.0470470470470473E+07	7.3080269793240893E-01
7.0570570570570573E+07	7.3085304977147691E-01
7.0670670670670673E+07	7.3090431841811421E-01
7.0770770770770773E+07	7.3095394258233448E-01
7.0870870870870873E+07	7.3100123744586709E-01
7.0970970970970973E+07	7.3105778475798056E-01
7.1071071071071073E+07	7.3113078970713352E-01
7.1171171171171173E+07	7.3117055295124556E-01
7.1271271271271273E+07	7.3123618259092504E-01
7.1371371371371374E+07	7.3127712288781077E-01
7.1471471471471474E+07	7.3132267673832452E-01
7.1571571571571574E+07	7.3137534228541679E-01
7.1671671671671674E+07	7.3144591283945903E-01
7.1771771771771774E+07	7.3148581545411440E-01
7.1871871871871874E+07	7.3153651939486686E-01
7.1971971971971974E+07	7.3159006556542006E-01
7.2072072072072074E+07	7.3164421052871598E-01
7.2172172172172174E+07	7.3169639522986474E-01
7.2272272272272274E+07	7.3175584829312668E-01
7.2372372372372374E+07	7.3181126258055074E-01
7.2472472472472474E+07	7.3187895411720272E-01
7.2572572572572574E+07	7.3192105865081691E-01
7.2672672672672674E+07	7.3198236749516432E-01
7.2772772772772774E+07	7.3203346599986741E-01
7.2872872872872874E+07	7.3208932974388918E-01
7.2972972972972974E+07	7.3214663101025013E-01
7.3073073073073074E+07	7.3220708645367549E-01
7.3173173173173174E+07	7.3226409020012584E-01
7.3273273273273274E+07	7.3232742537863227E-01
7.3373373373373374E+07	7.3238140977799870E-01
7.3473473473473474E+07	7.3244416190398764E-01
7.3573573573573574E+07	7.3250649005196333E-01
7.3673673673673674E+07	7.3256891958571546E-01
7.3773773773773775E+07	7.3263083288505726E-01
7.3873873873873875E+07	7.3269281199266389E-01
7.3973973973973975E+07	7.3275437784395558E-01
7.4074074074074075E+07	7.3282139232985399E-01
7.4174174174174175E+07	7.3288332062409933E-01
7.4274274274274275E+07	7.3294725206470168E-01
7.4374374374374375E+07	7.3301895556572738E-01
7.4474474474474475E+07	7.3307628508248379E-01
7.4574574574574575E+07	7.3313891132266673E-01
7.4674674674674675E+07	7.3320542774313680E-01
7.4774774774774775E+07	7.3327008972671714E-01
7.4874874874874875E+07	7.3333726747304451E-01
7.4974974974974975E+07	7.3341681981666473E-01
7.5075075075075075E+07	7.3347083901595544E-01
7.5175175175175175E+07	7.3355412128522912E-01
7.5275275275275275E+07	7.3361237820310876E-01
7.5375375375375375E+07	7.3368147046175791E-01
7.5475475475475475E+07	7.3375089593711296E-01
7.5575575575575575E+07	7.3383172453066314E-01
7.5675675675675675E+07	7.3389306406359311E-01
7.5775775775775775E+07	7.3395978659504491E-01
7.5875875875875875E+07	7.3403423063679474E-01
7.5975975975975975E+07	7.3410483814660998E-01
7.6076076076076075E+07	7.3417803219568967E-01
7.6176176176176175E+07	7.3425622908657817E-01
7.6276276276276276E+07	7.3433135265716742E-01
7.6376376376376376E+07	7.3441100180566565E-01
7.6476476476476476E+07	7.3448903936020993E-01
7.6576576576576576E+07	7.3457183421154582E-01
7.6676676676676676E+07	7.3464748329437879E-01
7.6776776776776776E+07	7.3472186571275322E-01
7.6876876876876876E+07	7.3480241637735089E-01
7.6976976976976976E+07	7.3488570320154234E-01
7.7077077077077076E+07	7.3496252728891109E-01
7.7177177177177176E+07	7.3504729846475270E-01
7.7277277277277276E+07	7.3512599379731935E-01
7.7377377377377376E+07	7.3520908097837445E-01
7.7477477477477476E+07	7.3529079873087100E-01
7.7577577577577576E+07	7.3538759823776800E-01
7.7677677677677676E+07	7.3546336575617066E-01
7.7777777777777776E+07	7.3556304975944875E-01
7.7877877877877876E+07	7.3564077398840444E-01
7.7977977977977976E+07	7.3573164987644568E-01
7.8078078078078076E+07	7.3582326283193755E-01
7.8178178178178176E+07	7.3591259188111935E-01
7.8278278278278276E+07	7.3601505496857234E-01
7.8378378378378376E+07	7.3609154298162738E-01
7.8478478478478476E+07	7.3618267814537430E-01
7.8578578578578576E+07	7.3627614365596861E-01
7.8678678678678676E+07	7.3637649465136312E-01
7.8778778778778777E+07	7.3647353701899376E-01
7.8878878878878877E+07	7.3657286407955846E-01
7.8978978978978977E+07	7.3666897360027861E-01
7.9079079079079077E+07	7.3676540366795340E-01
7.9179179179179177E+07	7.3686390755949749E-01
7.9279279279279277E+07	7.3696587853558693E-01
7.9379379379379377E+07	7.3706574215508713E-01
7.9479479479479477E+07	7.3716500387851103E-01
7.9579579579579577E+07	7.3726391858244633E-01
7.9679679679679677E+07	7.3736931790575144E-01
7.9779779779779777E+07	7.3747062899381954E-01
7.9879879879879877E+07	7.3757690407607068E-01
7.9979979979979977E+07	7.3768255496551827E-01
8.0080080080080077E+07	7.3778827086447973E-01
8.0180180180180177E+07	7.3789499490213029E-01
8.0280280280280277E+07	7.3800447991098939E-01
8.0380380380380377E+07	7.3811130072273023E-01
8.0480480480480477E+07	7.3822243360256712E-01
8.0580580580580577E+07	7.3833756285217622E-01
8.0680680680680677E+07	7.3845905488150576E-01
8.0780780780780777E+07	7.3857964159124312E-01
8.0880880880880877E+07	7.3869935983128399E-01
8.0980980980980977E+07	7.3880936644351924E-01
8.1081081081081077E+07	7.3893198941972937E-01
8.1181181181181177E+07	7.3904902948106799E-01
8.1281281281281278E+07	7.3916922478209823E-01
8.1381381381381378E+07	7.3929730956128858E-01
8.1481481481481478E+07	7.3943534246866205E-01
8.1581581581581578E+07	7.3954930035465305E-01
8.1681681681681678E+07	7.3967832743040063E-01
8.1781781781781778E+07	7.3980878197352729E-01
8.1881881881881878E+07	7.3994786697948345E-01
8.1981981981981978E+07	7.4006995898200112E-01
8.2082082082082078E+07	7.4020727114115459E-01
8.2182182182182178E+07	7.4034258188403523E-01
8.2282282282282278E+07	7.4047985793193538E-01
8.2382382382382378E+07	7.4062077240516055E-01
8.2482482482482478E+07	7.4075928844081751E-01
8.2582582582582578E+07	7.4090353318376978E-01
8.2682682682682678E+07	7.4105434953060223E-01
8.2782782782782778E+07	7.4119425142040629E-01
8.2882882882882878E+07	7.4134790232117309E-01
8.2982982982982978E+07	7.4148840995463183E-01
8.3083083083083078E+07	7.4163974589830794E-01
8.3183183183183178E+07	7.4179525360453946E-01
8.3283283283283278E+07	7.4195016244564127E-01
8.3383383383383378E+07	7.4211898121728670E-01
8.3483483483483478E+07	7.4226906864734765E-01
8.3583583583583578E+07	7.4242758007997511E-01
8.3683683683683679E+07	7.4258882289803108E-01
8.3783783783783779E+07	7.4275492558558054E-01
8.3883883883883879E+07	7.4292584934439021E-01
8.3983983983983979E+07	7.4309243940866421E-01
8.4084084084084079E+07	7.4326709724839013E-01
8.4184184184184179E+07	7.4343960933906339E-01
8.4284284284284279E+07	7.4361947846110588E-01
8.4384384384384379E+07	7.4381266302435989E-01
8.4484484484484479E+07	7.4398185789199922E-01
8.4584584584584579E+07	7.4416904817522600E-01
8.4684684684684679E+07	7.4435947854247808E-01
8.4784784784784779E+07	7.4455132664824708E-01
8.4884884884884879E+07	7.4474187482854182E-01
8.4984984984984979E+07	7.4493378408700206E-01
8.5085085085085079E+07	7.4514664294806487E-01
8.5185185185185179E+07	7.4533230380875692E-01
8.5285285285285279E+07	7.4553223849689787E-01
8.5385385385385379E+07	7.4574155283825061E-01
8.5485485485485479E+07	7.4595686477766987E-01
8.5585585585585579E+07	7.4616269429260662E-01
8.5685685685685679E+07	7.4639525689843500E-01
8.5785785785785779E+07	7.4660163199710350E-01
8.5885885885885879E+07	7.4682543079247554E-01
8.5985985985985979E+07	7.4705394473737419E-01
8.6086086086086079E+07	7.4728895617286739E-01
8.6186186186186180E+07	7.4752264335841878E-01
8.6286286286286280E+07	7.4777870114382861E-01
8.6386386386386380E+07	7.4801547556714409E-01
8.6486486486486480E+07	7.4826094841945767E-01
8.6586586586586580E+07	7.4852098269072209E-01
8.6686686686686680E+07	7.4877693483677454E-01
8.6786786786786780E+07	7.4903324321653963E-01
8.6886886886886880E+07	7.4929798632894284E-01
8.6986986986986980E+07	7.4956094569063880E-01
8.7087087087087080E+07	7.4983137537042177E-01
8.7187187187187180E+07	7.5010015602952296E-01
8.7287287287287280E+07	7.5038299024290023E-01
8.7387387387387380E+07	7.5067405288045208E-01
8.7487487487487480E+07	7.5095898964587404E-01
8.7587587587587580E+07	7.5124581519481615E-01
8.7687687687687680E+07	7.5154038366110976E-01
8.7787787787787780E+07	7.5183858280527283E-01
8.7887887887887880E+07	7.5213577047510372E-01
8.7987987987987980E+07	7.5244270320706008E-01
8.8088088088088080E+07	7.5275421816157351E-01
8.8188188188188180E+07	7.5307002819522451E-01
8.8288288288288280E+07	7.5339613313654386E-01
8.8388388388388380E+07	7.5371748899467828E-01
8.8488488488488480E+07	7.5406264250541732E-01
8.8588588588588580E+07	7.5440812226642295E-01
8.8688688688688681E+07	7.5475646872533930E-01
8.8788788788788781E+07	7.5510906800547395E-01
8.8888888888888881E+07	7.5548239124337568E-01
8.8988988988988981E+07	7.5585136659636010E-01
8.9089089089089081E+07	7.5622682036550470E-01
8.9189189189189181E+07	7.5661055222872731E-01
8.9289289289289281E+07	7.5701391354011527E-01
8.9389389389389381E+07	7.5739915035316496E-01
8.9489489489489481E+07	7.5781734135928180E-01
8.9589589589589581E+07	7.5823085503788634E-01
8.9689689689689696E+07	7.5865099406038317E-01
8.9789789789789796E+07	7.5906582395581323E-01
8.9889889889889896E+07	7.5949786934476693E-01
8.9989989989989996E+07	7.5993893201031315E-01
9.0090090090090096E+07	7.6039081425838340E-01
9.0190190190190196E+07	7.6085310376367021E-01
9.0290290290290296E+07	7.6131321503888660E-01
9.0390390390390396E+07	7.6179025104350440E-01
9.0490490490490496E+07	7.6227319410318473E-01
9.0590590590590596E+07	7.6276662789784977E-01
9.0690690690690696E+07	7.6327133764445354E-01
9.0790790790790796E+07	7.6378795916829023E-01
9.0890890890890896E+07	7.6431791469024046E-01
9.0990990990990996E+07	7.6485511306782406E-01
9.1091091091091096E+07	7.6540253209035913E-01
9.1191191191191196E+07	7.6596654123910635E-01
9.1291291291291296E+07	7.6650472528223512E-01
9.1391391391391397E+07	7.6707037319285210E-01
9.1491491491491497E+07	7.6765986222533167E-01
9.1591591591591597E+07	7.6827219462830443E-01
9.1691691691691697E+07	7.6886631710943831E-01
9.1791791791791797E+07	7.6949907006328033E-01
9.1891891891891897E+07	7.7014225161837224E-01
9.1991991991991997E+07	7.7081270035315230E-01
9.2092092092092097E+07	7.7150046159352093E-01
9.2192192192192197E+07	7.7219417918872124E-01
9.2292292292292297E+07	7.7290168245120028E-01
9.2392392392392397E+07	7.7363474239728092E-01
9.2492492492492497E+07	7.7438299389436760E-01
9.2592592592592597E+07	7.7513447864269114E-01
9.2692692692692697E+07	7.7591686070925392E-01
9.2792792792792797E+07	7.7674436742321418E-01
9.2892892892892897E+07	7.7757483445838782E-01
9.2992992992992997E+07	7.7843743678030475E-01
9.3093093093093097E+07	7.7932522640651491E-01
9.3193193193193197E+07	7.8024547761936869E-01
9.3293293293293297E+07	7.8117905628000839E-01
9.3393393393393397E+07	7.8212756966423813E-01
9.3493493493493497E+07	7.8314054901382701E-01
9.3593593593593597E+07	7.8415154300223133E-01
9.3693693693693697E+07	7.8520580017823938E-01
9.3793793793793797E+07	7.8628736091025675E-01
9.3893893893893898E+07	7.8743540162321890E-01
9.3993993993993998E+07	7.8859545823371047E-01
9.4094094094094098E+07	7.8978550816435733E-01
9.4194194194194198E+07	7.9100805190997658E-01
9.4294294294294298E+07	7.9225710618564882E-01
9.4394394394394398E+07	7.9361898548021625E-01
9.4494494494494498E+07	7.9491282324118540E-01
9.4594594594594598E+07	7.9631777937248727E-01
9.4694694694694698E+07	7.9781519077979490E-01
9.4794794794794798E+07	7.9937688182785827E-01
9.4894894894894898E+07	8.0091253789645878E-01
9.4994994994994998E+07	8.0249982401918540E-01
9.5095095095095098E+07	8.0419774272960376E-01
9.5195195195195198E+07	8.0588505252140463E-01
9.5295295295295298E+07	8.0768969246811195E-01
9.5395395395395398E+07	8.0956356895572312E-01
9.5495495495495498E+07	8.1142035868963436E-01
9.5595595595595598E+07	8.1336340352707359E-01
9.5695695695695698E+07	8.1540156960222299E-01
9.5795795795795798E+07	8.1758762082273029E-01
9.5895895895895898E+07	8.1992210505059426E-01
9.5995995995995998E+07	8.2218562434828957E-01
9.6096096096096098E+07	8.2462156784105045E-01
9.6196196196196198E+07	8.2713928499800593E-01
9.6296296296296299E+07	8.2974561799346647E-01
9.6396396396396399E+07	8.3245684206281267E-01
9.6496496496496499E+07	8.3533419300627343E-01
9.6596596596596599E+07	8.3836025780478096E-01
9.6696696696696699E+07	8.4154544736375103E-01
9.6796796796796799E+07	8.4491731262359959E-01
9.6896896896896899E+07	8.4838071946536486E-01
9.6996996996996999E+07	8.5204965877893357E-01
9.7097097097097099E+07	8.5592696216642317E-01
9.7197197197197199E+07	8.5967483439646941E-01
9.7297297297297299E+07	8.6347116523465595E-01
9.7397397397397399E+07	8.6759651168446361E-01
9.7497497497497499E+07	8.7171121397042273E-01
9.7597597597597599E+07	8.7611730758508244E-01
9.7697697697697699E+07	8.8097250445852182E-01
9.7797797797797799E+07	8.8587209585076776E-01
9.7897897897897899E+07	8.9117331001461753E-01
9.7997997997997999E+07	8.9661727131259783E-01
9.8098098098098099E+07	9.0215250425914828E-01
9.8198198198198199E+07	9.0869297287451856E-01
9.8298298298298299E+07	9.1525455395988375E-01
9.8398398398398399E+07	9.2104124250156572E-01
9.8498498498498499E+07	9.2808246108712600E-01
9.8598598598598599E+07	9.3574943128688681E-01
9.8698698698698699E+07	9.4463181115017247E-01
9.8798798798798800E+07	9.5003980889036477E-01
9.8898898898898900E+07	9.6120893150116071E-01
9.8998998998999000E+07	9.6928746020511680E-01
9.9099099099099100E+07	9.7627336382730323E-01
9.9199199199199200E+07	9.7929482682890612E-01
9.9299299299299300E+07	9.8405695743921173E-01
9.9399399399399400E+07	9.8570247439502923E-01
9.9499499499499500E+07	9.8281495653131024E-01
9.9599599599599600E+07	9.8365521577011994E-01
9.9699699699699700E+07	9.6997713607237357E-01
9.9799799799799800E+07	9.0375498276271071E-01
9.9899899899899900E+07	9.0387791937996165E-01
1.0000000000000000E+08	9.0397265971610019E-01
