1.5196019411087036E-01	3.7011718750000000E+01
2.1041586250066757E-01	3.7011718750000000E+01
2.6869100332260132E-01	3.7140625000000000E+01
3.2649549096822739E-01	3.7140625000000000E+01
3.8414371013641357E-01	3.7140625000000000E+01
4.4173628836870193E-01	3.7140625000000000E+01
4.9936453998088837E-01	3.7140625000000000E+01
5.5702028423547745E-01	3.7140625000000000E+01
6.1466573178768158E-01	3.7140625000000000E+01
6.7237014323472977E-01	3.7140625000000000E+01
7.3004602640867233E-01	3.7140625000000000E+01
7.8776228427886963E-01	3.7140625000000000E+01
8.4547491371631622E-01	3.7140625000000000E+01
9.0316116064786911E-01	3.7140625000000000E+01
9.6083748340606689E-01	3.7140625000000000E+01
1.0185173973441124E+00	3.7140625000000000E+01
1.0763653963804245E+00	3.7140625000000000E+01
1.1341129839420319E+00	3.7140625000000000E+01
1.1917972192168236E+00	3.7140625000000000E+01
1.2495066225528717E+00	3.7140625000000000E+01
1.3072316199541092E+00	3.7140625000000000E+01
1.3648907169699669E+00	3.7140625000000000E+01
1.4225790277123451E+00	3.7140625000000000E+01
1.4802595004439354E+00	3.7140625000000000E+01
1.5379572212696075E+00	3.7140625000000000E+01
1.5956276804208755E+00	3.7140625000000000E+01
1.6533220186829567E+00	3.7140625000000000E+01
1.7110290974378586E+00	3.7140625000000000E+01
1.7687425538897514E+00	3.7140625000000000E+01
1.8264816254377365E+00	3.7140625000000000E+01
1.8842116370797157E+00	3.7140625000000000E+01
1.9419341385364532E+00	3.7140625000000000E+01
1.9996225684881210E+00	3.7140625000000000E+01
2.0573277324438095E+00	3.7140625000000000E+01
2.1150235012173653E+00	3.7140625000000000E+01
2.1727227419614792E+00	3.7140625000000000E+01
2.2304297089576721E+00	3.7140625000000000E+01
2.2887578681111336E+00	3.7160156250000000E+01
2.3466197699308395E+00	3.7160156250000000E+01
2.4043280854821205E+00	3.7160156250000000E+01
2.4620566666126251E+00	3.7160156250000000E+01
2.5197166427969933E+00	3.7160156250000000E+01
2.5774012207984924E+00	3.7160156250000000E+01
2.6351318582892418E+00	3.7160156250000000E+01
2.6928916648030281E+00	3.7160156250000000E+01
2.7506394088268280E+00	3.7160156250000000E+01
2.8083681687712669E+00	3.7160156250000000E+01
2.8661064282059669E+00	3.7160156250000000E+01
2.9238302856683731E+00	3.7160156250000000E+01
2.9814267978072166E+00	3.7160156250000000E+01
3.0389665290713310E+00	3.7160156250000000E+01
3.0964887291193008E+00	3.7160156250000000E+01
3.1540431976318359E+00	3.7160156250000000E+01
3.2116121053695679E+00	3.7160156250000000E+01
3.2691526189446449E+00	3.7160156250000000E+01
3.3266994878649712E+00	3.7160156250000000E+01
3.3842352628707886E+00	3.7160156250000000E+01
3.4417406544089317E+00	3.7160156250000000E+01
3.4992763400077820E+00	3.7160156250000000E+01
3.5567884817719460E+00	3.7160156250000000E+01
3.6143231987953186E+00	3.7160156250000000E+01
3.6718120127916336E+00	3.7160156250000000E+01
3.7293309420347214E+00	3.7160156250000000E+01
3.7868171930313110E+00	3.7160156250000000E+01
3.8443641886115074E+00	3.7160156250000000E+01
3.9018847569823265E+00	3.7160156250000000E+01
3.9594356194138527E+00	3.7160156250000000E+01
4.0169540941715240E+00	3.7160156250000000E+01
4.0744876042008400E+00	3.7160156250000000E+01
4.1320022344589233E+00	3.7160156250000000E+01
4.1895257383584976E+00	3.7160156250000000E+01
4.2470518425107002E+00	3.7160156250000000E+01
4.3045976608991623E+00	3.7160156250000000E+01
4.3621432781219482E+00	3.7160156250000000E+01
4.4196694344282150E+00	3.7160156250000000E+01
4.4771983325481415E+00	3.7160156250000000E+01
4.5347221791744232E+00	3.7160156250000000E+01
4.5922316834330559E+00	3.7160156250000000E+01
4.6497785821557045E+00	3.7160156250000000E+01
4.7072848975658417E+00	3.7160156250000000E+01
4.7647924497723579E+00	3.7160156250000000E+01
4.8222769945859909E+00	3.7160156250000000E+01
4.8798510581254959E+00	3.7160156250000000E+01
4.9373660609126091E+00	3.7160156250000000E+01
4.9948551133275032E+00	3.7160156250000000E+01
5.0523547828197479E+00	3.7160156250000000E+01
5.1098979339003563E+00	3.7160156250000000E+01
5.1674574241042137E+00	3.7160156250000000E+01
5.2250091060996056E+00	3.7160156250000000E+01
5.2825283259153366E+00	3.7160156250000000E+01
5.3400583565235138E+00	3.7160156250000000E+01
5.3975905478000641E+00	3.7160156250000000E+01
5.4551470354199409E+00	3.7160156250000000E+01
5.5126652121543884E+00	3.7160156250000000E+01
5.5701895952224731E+00	3.7160156250000000E+01
5.6277284026145935E+00	3.7160156250000000E+01
5.6858861669898033E+00	3.7160156250000000E+01
5.7435354888439178E+00	3.7160156250000000E+01
5.8010898381471634E+00	3.7160156250000000E+01
5.8586239963769913E+00	3.7160156250000000E+01
5.9161600470542908E+00	3.7160156250000000E+01
5.9736680388450623E+00	3.7160156250000000E+01
6.0312134400010109E+00	3.7160156250000000E+01
6.0887704938650131E+00	3.7160156250000000E+01
6.1463266015052795E+00	3.7160156250000000E+01
6.2038633823394775E+00	3.7160156250000000E+01
6.2613818049430847E+00	3.7160156250000000E+01
6.3188719004392624E+00	3.7160156250000000E+01
6.3763892501592636E+00	3.7160156250000000E+01
6.4339459240436554E+00	3.7160156250000000E+01
6.4914929568767548E+00	3.7160156250000000E+01
6.5490428283810616E+00	3.7160156250000000E+01
6.6065798550844193E+00	3.7160156250000000E+01
6.6641067788004875E+00	3.7160156250000000E+01
6.7216507866978645E+00	3.7160156250000000E+01
6.7792167291045189E+00	3.7160156250000000E+01
6.8367675989866257E+00	3.7160156250000000E+01
6.8943147882819176E+00	3.7160156250000000E+01
6.9518827423453331E+00	3.7160156250000000E+01
7.0094237625598907E+00	3.7160156250000000E+01
7.0669767409563065E+00	3.7160156250000000E+01
7.1245190799236298E+00	3.7160156250000000E+01
7.1821113228797913E+00	3.7160156250000000E+01
7.2397276014089584E+00	3.7160156250000000E+01
7.2972635626792908E+00	3.7160156250000000E+01
7.3549022004008293E+00	3.7160156250000000E+01
7.4124733507633209E+00	3.7160156250000000E+01
7.4700248986482620E+00	3.7160156250000000E+01
7.5275812596082687E+00	3.7160156250000000E+01
7.5851766690611839E+00	3.7160156250000000E+01
7.6427720040082932E+00	3.7160156250000000E+01
7.7003647163510323E+00	3.7160156250000000E+01
7.7579559087753296E+00	3.7160156250000000E+01
7.8155220672488213E+00	3.7160156250000000E+01
7.8730930685997009E+00	3.7160156250000000E+01
7.9306641519069672E+00	3.7160156250000000E+01
7.9882574230432510E+00	3.7160156250000000E+01
8.0458830371499062E+00	3.7160156250000000E+01
8.1034363657236099E+00	3.7160156250000000E+01
8.1610339507460594E+00	3.7160156250000000E+01
8.2186039462685585E+00	3.7160156250000000E+01
8.2761677950620651E+00	3.7160156250000000E+01
8.3338155895471573E+00	3.7160156250000000E+01
8.3914580047130585E+00	3.7160156250000000E+01
8.4491380974650383E+00	3.7160156250000000E+01
8.5067275688052177E+00	3.7160156250000000E+01
8.5643438026309013E+00	3.7160156250000000E+01
8.6219302117824554E+00	3.7160156250000000E+01
8.6795024499297142E+00	3.7160156250000000E+01
8.7371380627155304E+00	3.7160156250000000E+01
8.7948400080204010E+00	3.7160156250000000E+01
8.8525986373424530E+00	3.7160156250000000E+01
8.9102356657385826E+00	3.7160156250000000E+01
8.9679483771324158E+00	3.7160156250000000E+01
9.0255692228674889E+00	3.7160156250000000E+01
9.0832381248474121E+00	3.7160156250000000E+01
9.1409724727272987E+00	3.7160156250000000E+01
9.1988860294222832E+00	3.7160156250000000E+01
9.2569067403674126E+00	3.7160156250000000E+01
9.3147500753402710E+00	3.7160156250000000E+01
9.3726772516965866E+00	3.7160156250000000E+01
9.4304749444127083E+00	3.7160156250000000E+01
9.4883782863616943E+00	3.7160156250000000E+01
9.5464295372366905E+00	3.7160156250000000E+01
9.6046244725584984E+00	3.7160156250000000E+01
9.6628759205341339E+00	3.7160156250000000E+01
9.7210395857691765E+00	3.7160156250000000E+01
9.7793063148856163E+00	3.7160156250000000E+01
9.8374481424689293E+00	3.7160156250000000E+01
9.8956514447927475E+00	3.7160156250000000E+01
9.9539249166846275E+00	3.7160156250000000E+01
1.0012246847152710E+01	3.7160156250000000E+01
1.0070584140717983E+01	3.7160156250000000E+01
1.0128896318376064E+01	3.7160156250000000E+01
1.0187242940068245E+01	3.7160156250000000E+01
1.0245581597089767E+01	3.7160156250000000E+01
1.0303894363343716E+01	3.7160156250000000E+01
1.0362211897969246E+01	3.7160156250000000E+01
1.0420549593865871E+01	3.7160156250000000E+01
1.0478865668177605E+01	3.7160156250000000E+01
1.0537176311016083E+01	3.7160156250000000E+01
1.0595498085021973E+01	3.7160156250000000E+01
1.0653834283351898E+01	3.7160156250000000E+01
1.0712114818394184E+01	3.7160156250000000E+01
1.0770392075181007E+01	3.7160156250000000E+01
1.0828736923635006E+01	3.7160156250000000E+01
1.0886873118579388E+01	3.7160156250000000E+01
1.0945130787789822E+01	3.7160156250000000E+01
1.1003281392157078E+01	3.7160156250000000E+01
1.1061571598052979E+01	3.7160156250000000E+01
1.1119888164103031E+01	3.7160156250000000E+01
1.1178197838366032E+01	3.7160156250000000E+01
1.1236499130725861E+01	3.7160156250000000E+01
1.1294904552400112E+01	3.7160156250000000E+01
1.1353245593607426E+01	3.7160156250000000E+01
1.1411642320454121E+01	3.7160156250000000E+01
1.1470417909324169E+01	3.7160156250000000E+01
1.1528894305229187E+01	3.7160156250000000E+01
1.1587253488600254E+01	3.7160156250000000E+01
1.1645606487989426E+01	3.7160156250000000E+01
1.1703957386314869E+01	3.7160156250000000E+01
1.1762420028448105E+01	3.7160156250000000E+01
1.1820948429405689E+01	3.7160156250000000E+01
1.1879455499351025E+01	3.7160156250000000E+01
1.1937984928488731E+01	3.7160156250000000E+01
1.1996501542627811E+01	3.7160156250000000E+01
1.2055085800588131E+01	3.7160156250000000E+01
1.2113684110343456E+01	3.7160156250000000E+01
1.2172251269221306E+01	3.7160156250000000E+01
1.2230876863002777E+01	3.7160156250000000E+01
1.2289454922080040E+01	3.7160156250000000E+01
1.2348025619983673E+01	3.7160156250000000E+01
1.2406580448150635E+01	3.7160156250000000E+01
1.2465085707604885E+01	3.7160156250000000E+01
1.2523617565631866E+01	3.7160156250000000E+01
1.2582153595983982E+01	3.7160156250000000E+01
1.2640686444938183E+01	3.7160156250000000E+01
1.2699207082390785E+01	3.7160156250000000E+01
1.2757709197700024E+01	3.7160156250000000E+01
1.2816215701401234E+01	3.7160156250000000E+01
1.2874690324068069E+01	3.7160156250000000E+01
1.2933133624494076E+01	3.7160156250000000E+01
1.2991612508893013E+01	3.7160156250000000E+01
1.3050075948238373E+01	3.7160156250000000E+01
1.3108487471938133E+01	3.7160156250000000E+01
1.3166908241808414E+01	3.7160156250000000E+01
1.3225302852690220E+01	3.7160156250000000E+01
1.3283660747110844E+01	3.7160156250000000E+01
1.3342004664242268E+01	3.7160156250000000E+01
1.3400357022881508E+01	3.7160156250000000E+01
1.3458730630576611E+01	3.7160156250000000E+01
1.3516942493617535E+01	3.7160156250000000E+01
1.3574996262788773E+01	3.7160156250000000E+01
1.3633069306612015E+01	3.7160156250000000E+01
1.3690879665315151E+01	3.7160156250000000E+01
1.3748812258243561E+01	3.7160156250000000E+01
1.3806699350476265E+01	3.7160156250000000E+01
1.3864802494645119E+01	3.7160156250000000E+01
1.3922994397580624E+01	3.7160156250000000E+01
1.3981143750250340E+01	3.7160156250000000E+01
1.4039320729672909E+01	3.7160156250000000E+01
1.4097556740045547E+01	3.7160156250000000E+01
1.4155725494027138E+01	3.7160156250000000E+01
1.4214006930589676E+01	3.7160156250000000E+01
1.4272173963487148E+01	3.7160156250000000E+01
1.4330250278115273E+01	3.7160156250000000E+01
1.4388248622417450E+01	3.7160156250000000E+01
1.4446118123829365E+01	3.7160156250000000E+01
1.4503868237137794E+01	3.7160156250000000E+01
1.4561777241528034E+01	3.7160156250000000E+01
1.4619558721780777E+01	3.7160156250000000E+01
1.4677320644259453E+01	3.7160156250000000E+01
1.4735237538814545E+01	3.7160156250000000E+01
1.4793268010020256E+01	3.7160156250000000E+01
1.4851392380893230E+01	3.7160156250000000E+01
1.4909358277916908E+01	3.7160156250000000E+01
1.4967429436743259E+01	3.7160156250000000E+01
1.5025320857763290E+01	3.7160156250000000E+01
1.5083273544907570E+01	3.7160156250000000E+01
1.5141390472650528E+01	3.7160156250000000E+01
1.5199631482362747E+01	3.7160156250000000E+01
1.5257927469909191E+01	3.7160156250000000E+01
1.5316091388463974E+01	3.7160156250000000E+01
1.5374394550919533E+01	3.7160156250000000E+01
1.5432544574141502E+01	3.7160156250000000E+01
1.5490614190697670E+01	3.7160156250000000E+01
1.5548745304346085E+01	3.7160156250000000E+01
1.5606906160712242E+01	3.7160156250000000E+01
1.5664922885596752E+01	3.7160156250000000E+01
1.5722894214093685E+01	3.7160156250000000E+01
1.5780846022069454E+01	3.7160156250000000E+01
1.5838891834020615E+01	3.7160156250000000E+01
1.5896794371306896E+01	3.7160156250000000E+01
1.5954588063061237E+01	3.7160156250000000E+01
1.6012319080531597E+01	3.7160156250000000E+01
1.6070193052291870E+01	3.7160156250000000E+01
1.6127926893532276E+01	3.7160156250000000E+01
1.6185773037374020E+01	3.7160156250000000E+01
1.6243456587195396E+01	3.7160156250000000E+01
1.6301088690757751E+01	3.7160156250000000E+01
1.6358650594949722E+01	3.7160156250000000E+01
1.6416210666298866E+01	3.7160156250000000E+01
1.6473716683685780E+01	3.7160156250000000E+01
1.6531249709427357E+01	3.7160156250000000E+01
1.6588802509009838E+01	3.7160156250000000E+01
1.6646362267434597E+01	3.7160156250000000E+01
1.6703894972801208E+01	3.7160156250000000E+01
1.6761432453989983E+01	3.7160156250000000E+01
1.6819006375968456E+01	3.7160156250000000E+01
1.6876549981534481E+01	3.7160156250000000E+01
1.6934087224304676E+01	3.7160156250000000E+01
1.6991618841886520E+01	3.7160156250000000E+01
1.7049157619476318E+01	3.7160156250000000E+01
1.7106843911111355E+01	3.7160156250000000E+01
1.7164404816925526E+01	3.7160156250000000E+01
1.7221939757466316E+01	3.7160156250000000E+01
1.7279477506875992E+01	3.7160156250000000E+01
1.7337009645998478E+01	3.7160156250000000E+01
1.7394534640014172E+01	3.7160156250000000E+01
1.7452098809182644E+01	3.7160156250000000E+01
1.7509636476635933E+01	3.7160156250000000E+01
1.7567185498774052E+01	3.7160156250000000E+01
1.7624698400497437E+01	3.7160156250000000E+01
1.7682247698307037E+01	3.7160156250000000E+01
1.7739805452525616E+01	3.7160156250000000E+01
1.7797367878258228E+01	3.7160156250000000E+01
1.7854931950569153E+01	3.7160156250000000E+01
1.7912453331053257E+01	3.7160156250000000E+01
1.7969951942563057E+01	3.7160156250000000E+01
1.8027473829686642E+01	3.7160156250000000E+01
1.8084990277886391E+01	3.7160156250000000E+01
1.8142497450113297E+01	3.7160156250000000E+01
1.8200015060603619E+01	3.7160156250000000E+01
1.8257516495883465E+01	3.7160156250000000E+01
1.8315043762326241E+01	3.7160156250000000E+01
1.8372577585279942E+01	3.7160156250000000E+01
1.8430097557604313E+01	3.7160156250000000E+01
1.8487669736146927E+01	3.7160156250000000E+01
1.8545219004154205E+01	3.7160156250000000E+01
1.8602744579315186E+01	3.7160156250000000E+01
1.8660278618335724E+01	3.7160156250000000E+01
1.8717775486409664E+01	3.7160156250000000E+01
1.8775281451642513E+01	3.7160156250000000E+01
1.8832787416875362E+01	3.7160156250000000E+01
1.8890285052359104E+01	3.7160156250000000E+01
1.8947829075157642E+01	3.7160156250000000E+01
1.9005323916673660E+01	3.7160156250000000E+01
1.9062803477048874E+01	3.7160156250000000E+01
1.9120325408875942E+01	3.7160156250000000E+01
1.9177847526967525E+01	3.7160156250000000E+01
1.9235340043902397E+01	3.7160156250000000E+01
1.9292859256267548E+01	3.7160156250000000E+01
1.9350384838879108E+01	3.7160156250000000E+01
1.9407893285155296E+01	3.7160156250000000E+01
1.9465389341115952E+01	3.7160156250000000E+01
1.9522894203662872E+01	3.7160156250000000E+01
1.9580410055816174E+01	3.7160156250000000E+01
1.9637917444109917E+01	3.7160156250000000E+01
1.9695402301847935E+01	3.7160156250000000E+01
1.9752949714660645E+01	3.7160156250000000E+01
1.9810475081205368E+01	3.7160156250000000E+01
1.9867980234324932E+01	3.7160156250000000E+01
1.9925509460270405E+01	3.7160156250000000E+01
1.9983010441064835E+01	3.7160156250000000E+01
2.0040494561195374E+01	3.7160156250000000E+01
2.0098088406026363E+01	3.7160156250000000E+01
2.0155676409602165E+01	3.7160156250000000E+01
2.0213253565132618E+01	3.7160156250000000E+01
2.0270872794091702E+01	3.7160156250000000E+01
2.0328415066003799E+01	3.7160156250000000E+01
2.0385993979871273E+01	3.7160156250000000E+01
2.0443555384874344E+01	3.7160156250000000E+01
2.0501139312982559E+01	3.7160156250000000E+01
2.0558697246015072E+01	3.7160156250000000E+01
2.0616254657506943E+01	3.7160156250000000E+01
2.0673829235136509E+01	3.7160156250000000E+01
2.0731419429183006E+01	3.7160156250000000E+01
2.0789001911878586E+01	3.7160156250000000E+01
2.0846532806754112E+01	3.7160156250000000E+01
2.0904084026813507E+01	3.7160156250000000E+01
2.0961647041141987E+01	3.7160156250000000E+01
2.1019213847815990E+01	3.7160156250000000E+01
2.1076766155660152E+01	3.7160156250000000E+01
2.1134342685341835E+01	3.7160156250000000E+01
2.1191930443048477E+01	3.7160156250000000E+01
2.1249459572136402E+01	3.7160156250000000E+01
2.1307608962059021E+01	3.7160156250000000E+01
2.1365295968949795E+01	3.7160156250000000E+01
2.1422844633460045E+01	3.7160156250000000E+01
2.1480385914444923E+01	3.7160156250000000E+01
2.1537905074656010E+01	3.7160156250000000E+01
2.1595424436032772E+01	3.7160156250000000E+01
2.1652981884777546E+01	3.7160156250000000E+01
2.1710555076599121E+01	3.7160156250000000E+01
2.1768108427524567E+01	3.7160156250000000E+01
2.1825657710433006E+01	3.7160156250000000E+01
2.1883180476725101E+01	3.7160156250000000E+01
2.1940709792077541E+01	3.7160156250000000E+01
2.1998275697231293E+01	3.7160156250000000E+01
2.2055830352008343E+01	3.7160156250000000E+01
2.2113402716815472E+01	3.7160156250000000E+01
2.2170982934534550E+01	3.7160156250000000E+01
2.2228552728891373E+01	3.7160156250000000E+01
2.2286085247993469E+01	3.7160156250000000E+01
2.2343650557100773E+01	3.7160156250000000E+01
2.2401201948523521E+01	3.7160156250000000E+01
2.2458736553788185E+01	3.7160156250000000E+01
2.2516282670199871E+01	3.7160156250000000E+01
2.2573793627321720E+01	3.7160156250000000E+01
2.2631373442709446E+01	3.7160156250000000E+01
2.2688914909958839E+01	3.7160156250000000E+01
2.2746454544365406E+01	3.7160156250000000E+01
2.2803993441164494E+01	3.7160156250000000E+01
2.2861514531075954E+01	3.7160156250000000E+01
2.2919035576283932E+01	3.7160156250000000E+01
2.2976550906896591E+01	3.7160156250000000E+01
2.3034054785966873E+01	3.7160156250000000E+01
2.3091573178768158E+01	3.7160156250000000E+01
2.3149085991084576E+01	3.7160156250000000E+01
2.3206599883735180E+01	3.7160156250000000E+01
2.3264084689319134E+01	3.7160156250000000E+01
2.3321590386331081E+01	3.7160156250000000E+01
2.3379103489220142E+01	3.7160156250000000E+01
2.3436588302254677E+01	3.7160156250000000E+01
2.3494106739759445E+01	3.7160156250000000E+01
2.3551604837179184E+01	3.7160156250000000E+01
2.3609119728207588E+01	3.7160156250000000E+01
2.3666620403528214E+01	3.7160156250000000E+01
2.3724102996289730E+01	3.7160156250000000E+01
2.3781589739024639E+01	3.7160156250000000E+01
2.3839091502130032E+01	3.7160156250000000E+01
2.3896580889821053E+01	3.7160156250000000E+01
2.3954081796109676E+01	3.7160156250000000E+01
2.4011573277413845E+01	3.7160156250000000E+01
2.4069092430174351E+01	3.7160156250000000E+01
2.4126599699258804E+01	3.7160156250000000E+01
2.4184124439954758E+01	3.7160156250000000E+01
2.4241615451872349E+01	3.7160156250000000E+01
2.4299120709300041E+01	3.7160156250000000E+01
2.4356620214879513E+01	3.7160156250000000E+01
2.4414112672209740E+01	3.7160156250000000E+01
2.4471619598567486E+01	3.7160156250000000E+01
2.4529112637042999E+01	3.7160156250000000E+01
2.4586611554026604E+01	3.7160156250000000E+01
2.4644121408462524E+01	3.7160156250000000E+01
2.4701663061976433E+01	3.7160156250000000E+01
2.4759187810122967E+01	3.7160156250000000E+01
2.4816711939871311E+01	3.7160156250000000E+01
2.4874256260693073E+01	3.7160156250000000E+01
2.4931775256991386E+01	3.7160156250000000E+01
2.4989318273961544E+01	3.7160156250000000E+01
2.5046864636242390E+01	3.7160156250000000E+01
2.5104442477226257E+01	3.7160156250000000E+01
2.5161978870630264E+01	3.7160156250000000E+01
2.5219515010714531E+01	3.7160156250000000E+01
2.5277052477002144E+01	3.7160156250000000E+01
2.5334643281996250E+01	3.7160156250000000E+01
2.5392337612807751E+01	3.7160156250000000E+01
2.5450160667300224E+01	3.7160156250000000E+01
2.5508128762245178E+01	3.7160156250000000E+01
2.5565926797688007E+01	3.7160156250000000E+01
2.5623962320387363E+01	3.7160156250000000E+01
2.5681923493742943E+01	3.7160156250000000E+01
2.5739707551896572E+01	3.7160156250000000E+01
2.5797366306185722E+01	3.7160156250000000E+01
2.5854969091713428E+01	3.7160156250000000E+01
2.5912669017910957E+01	3.7160156250000000E+01
2.5970310539007187E+01	3.7160156250000000E+01
2.6028109021484852E+01	3.7160156250000000E+01
2.6085821509361267E+01	3.7160156250000000E+01
2.6143477998673916E+01	3.7160156250000000E+01
2.6201095961034298E+01	3.7160156250000000E+01
2.6258845902979374E+01	3.7160156250000000E+01
2.6316562578082085E+01	3.7160156250000000E+01
2.6374367170035839E+01	3.7160156250000000E+01
2.6432078287005424E+01	3.7160156250000000E+01
2.6489694155752659E+01	3.7160156250000000E+01
2.6547256141901016E+01	3.7160156250000000E+01
2.6604752652347088E+01	3.7160156250000000E+01
2.6662290200591087E+01	3.7160156250000000E+01
2.6719853587448597E+01	3.7160156250000000E+01
2.6777430862188339E+01	3.7160156250000000E+01
2.6835059560835361E+01	3.7160156250000000E+01
2.6892874732613564E+01	3.7160156250000000E+01
2.6950559012591839E+01	3.7160156250000000E+01
2.7008379444479942E+01	3.7160156250000000E+01
2.7066094011068344E+01	3.7160156250000000E+01
2.7123964816331863E+01	3.7160156250000000E+01
2.7181965753436089E+01	3.7160156250000000E+01
2.7239994093775749E+01	3.7160156250000000E+01
2.7298110701143742E+01	3.7160156250000000E+01
2.7356350041925907E+01	3.7160156250000000E+01
2.7414532341063023E+01	3.7160156250000000E+01
2.7472788922488689E+01	3.7160156250000000E+01
2.7531010746955872E+01	3.7160156250000000E+01
2.7589131265878677E+01	3.7160156250000000E+01
2.7647114917635918E+01	3.7160156250000000E+01
2.7704977571964264E+01	3.7160156250000000E+01
2.7763034492731094E+01	3.7160156250000000E+01
2.7821006998419762E+01	3.7160156250000000E+01
2.7879149571061134E+01	3.7160156250000000E+01
2.7937370300292969E+01	3.7160156250000000E+01
2.7995570920407772E+01	3.7160156250000000E+01
2.8053851529955864E+01	3.7160156250000000E+01
2.8112179525196552E+01	3.7160156250000000E+01
2.8170474283397198E+01	3.7160156250000000E+01
2.8228837341070175E+01	3.7160156250000000E+01
2.8287236131727695E+01	3.7160156250000000E+01
2.8345595538616180E+01	3.7160156250000000E+01
2.8403999693691730E+01	3.7160156250000000E+01
2.8462441533803940E+01	3.7160156250000000E+01
2.8520864345133305E+01	3.7160156250000000E+01
2.8579303227365017E+01	3.7160156250000000E+01
2.8637759029865265E+01	3.7160156250000000E+01
2.8696192987263203E+01	3.7160156250000000E+01
2.8754637606441975E+01	3.7160156250000000E+01
2.8813044592738152E+01	3.7160156250000000E+01
2.8871480688452721E+01	3.7160156250000000E+01
2.8929921068251133E+01	3.7160156250000000E+01
2.8988375566899776E+01	3.7160156250000000E+01
2.9046840734779835E+01	3.7160156250000000E+01
2.9105285838246346E+01	3.7160156250000000E+01
2.9163736671209335E+01	3.7160156250000000E+01
2.9222224012017250E+01	3.7160156250000000E+01
2.9280710019171238E+01	3.7160156250000000E+01
2.9339191175997257E+01	3.7160156250000000E+01
2.9397706396877766E+01	3.7160156250000000E+01
2.9456222988665104E+01	3.7160156250000000E+01
2.9514742888510227E+01	3.7160156250000000E+01
2.9573276154696941E+01	3.7160156250000000E+01
2.9631859414279461E+01	3.7160156250000000E+01
2.9690416760742664E+01	3.7160156250000000E+01
2.9748942025005817E+01	3.7160156250000000E+01
2.9807469010353088E+01	3.7160156250000000E+01
2.9865999467670918E+01	3.7160156250000000E+01
2.9924545630812645E+01	3.7160156250000000E+01
2.9983058281242847E+01	3.7160156250000000E+01
3.0041592583060265E+01	3.7160156250000000E+01
3.0100119777023792E+01	3.7160156250000000E+01
3.0158631213009357E+01	3.7160156250000000E+01
3.0217152044177055E+01	3.7160156250000000E+01
3.0275664538145065E+01	3.7160156250000000E+01
3.0334190607070923E+01	3.7160156250000000E+01
3.0392714343965054E+01	3.7160156250000000E+01
3.0451233290135860E+01	3.7160156250000000E+01
3.0509732849895954E+01	3.7160156250000000E+01
3.0568253725767136E+01	3.7160156250000000E+01
3.0626746706664562E+01	3.7160156250000000E+01
3.0685244925320148E+01	3.7160156250000000E+01
3.0743732064962387E+01	3.7160156250000000E+01
3.0802221238613129E+01	3.7160156250000000E+01
3.0860710009932518E+01	3.7160156250000000E+01
3.0919213443994522E+01	3.7160156250000000E+01
3.0977705039083958E+01	3.7160156250000000E+01
3.1036199569702148E+01	3.7160156250000000E+01
3.1094696275889874E+01	3.7160156250000000E+01
3.1153182603418827E+01	3.7160156250000000E+01
3.1211667723953724E+01	3.7160156250000000E+01
3.1270178362727165E+01	3.7160156250000000E+01
3.1328716464340687E+01	3.7160156250000000E+01
3.1387195348739624E+01	3.7160156250000000E+01
3.1445702455937862E+01	3.7160156250000000E+01
3.1504174210131168E+01	3.7160156250000000E+01
3.1562673971056938E+01	3.7160156250000000E+01
3.1621186330914497E+01	3.7160156250000000E+01
3.1679682701826096E+01	3.7160156250000000E+01
3.1738212086260319E+01	3.7160156250000000E+01
3.1796696186065674E+01	3.7160156250000000E+01
3.1855185754597187E+01	3.7160156250000000E+01
3.1913681417703629E+01	3.7160156250000000E+01
3.1972202904522419E+01	3.7160156250000000E+01
3.2030675850808620E+01	3.7160156250000000E+01
3.2089173085987568E+01	3.7160156250000000E+01
3.2147674448788166E+01	3.7160156250000000E+01
3.2206176631152630E+01	3.7160156250000000E+01
3.2264673225581646E+01	3.7160156250000000E+01
3.2323191583156586E+01	3.7160156250000000E+01
3.2381662867963314E+01	3.7160156250000000E+01
3.2440186366438866E+01	3.7160156250000000E+01
3.2498688802123070E+01	3.7160156250000000E+01
3.2557209797203541E+01	3.7160156250000000E+01
3.2615701615810394E+01	3.7160156250000000E+01
3.2674235805869102E+01	3.7160156250000000E+01
3.2732736282050610E+01	3.7160156250000000E+01
3.2791256554424763E+01	3.7160156250000000E+01
3.2850049421191216E+01	3.7160156250000000E+01
3.2908584602177143E+01	3.7160156250000000E+01
3.2967065930366516E+01	3.7160156250000000E+01
3.3025560304522514E+01	3.7160156250000000E+01
3.3084046371281147E+01	3.7160156250000000E+01
3.3142539136111736E+01	3.7160156250000000E+01
3.3201054401695728E+01	3.7160156250000000E+01
3.3259550429880619E+01	3.7160156250000000E+01
3.3318059056997299E+01	3.7160156250000000E+01
3.3376576237380505E+01	3.7160156250000000E+01
3.3435074381530285E+01	3.7160156250000000E+01
3.3493604578077793E+01	3.7160156250000000E+01
3.3552109099924564E+01	3.7160156250000000E+01
3.3610575363039970E+01	3.7160156250000000E+01
3.3669051840901375E+01	3.7160156250000000E+01
3.3727571472525597E+01	3.7160156250000000E+01
3.3786103568971157E+01	3.7160156250000000E+01
3.3844594798982143E+01	3.7160156250000000E+01
3.3903082013130188E+01	3.7160156250000000E+01
3.3961564697325230E+01	3.7160156250000000E+01
3.4020066648721695E+01	3.7160156250000000E+01
3.4078549616038799E+01	3.7160156250000000E+01
3.4137037515640259E+01	3.7160156250000000E+01
3.4195550136268139E+01	3.7160156250000000E+01
3.4254094392061234E+01	3.7160156250000000E+01
3.4312623225152493E+01	3.7160156250000000E+01
3.4371162898838520E+01	3.7160156250000000E+01
3.4429678395390511E+01	3.7160156250000000E+01
3.4488210059702396E+01	3.7160156250000000E+01
3.4546697676181793E+01	3.7160156250000000E+01
3.4605224378407001E+01	3.7160156250000000E+01
3.4663735568523407E+01	3.7160156250000000E+01
3.4722253665328026E+01	3.7160156250000000E+01
3.4780786976218224E+01	3.7160156250000000E+01
3.4839296445250511E+01	3.7160156250000000E+01
3.4897799372673035E+01	3.7160156250000000E+01
3.4956311322748661E+01	3.7160156250000000E+01
3.5014840021729469E+01	3.7160156250000000E+01
3.5073364697396755E+01	3.7160156250000000E+01
3.5131885729730129E+01	3.7160156250000000E+01
3.5190398134291172E+01	3.7160156250000000E+01
3.5248931229114532E+01	3.7160156250000000E+01
3.5307457916438580E+01	3.7160156250000000E+01
3.5365996427834034E+01	3.7160156250000000E+01
3.5424520574510098E+01	3.7160156250000000E+01
3.5483042009174824E+01	3.7160156250000000E+01
3.5541580528020859E+01	3.7160156250000000E+01
3.5600108802318573E+01	3.7160156250000000E+01
3.5658651433885098E+01	3.7160156250000000E+01
3.5717189565300941E+01	3.7160156250000000E+01
3.5775722570717335E+01	3.7160156250000000E+01
3.5834473602473736E+01	3.7160156250000000E+01
3.5893025517463684E+01	3.7160156250000000E+01
3.5951578408479691E+01	3.7160156250000000E+01
3.6010143876075745E+01	3.7160156250000000E+01
3.6068727016448975E+01	3.7160156250000000E+01
3.6127291329205036E+01	3.7160156250000000E+01
3.6185848541557789E+01	3.7160156250000000E+01
3.6244421616196632E+01	3.7160156250000000E+01
3.6303133033216000E+01	3.7160156250000000E+01
3.6361910648643970E+01	3.7160156250000000E+01
3.6420727066695690E+01	3.7160156250000000E+01
3.6479523248970509E+01	3.7160156250000000E+01
3.6538317061960697E+01	3.7160156250000000E+01
3.6597108528017998E+01	3.7160156250000000E+01
3.6655890762805939E+01	3.7160156250000000E+01
3.6714680299162865E+01	3.7160156250000000E+01
3.6773510783910751E+01	3.7160156250000000E+01
3.6832333564758301E+01	3.7160156250000000E+01
3.6891081787645817E+01	3.7160156250000000E+01
3.6949787870049477E+01	3.7160156250000000E+01
3.7008544057607651E+01	3.7160156250000000E+01
3.7067355483770370E+01	3.7160156250000000E+01
3.7126117162406445E+01	3.7160156250000000E+01
3.7184834316372871E+01	3.7160156250000000E+01
3.7243534713983536E+01	3.7160156250000000E+01
3.7302256330847740E+01	3.7160156250000000E+01
3.7361004173755646E+01	3.7160156250000000E+01
3.7419731549918652E+01	3.7160156250000000E+01
3.7478422120213509E+01	3.7160156250000000E+01
3.7537241525948048E+01	3.7160156250000000E+01
3.7596070788800716E+01	3.7160156250000000E+01
3.7654903657734394E+01	3.7160156250000000E+01
3.7713783152401447E+01	3.7160156250000000E+01
3.7772711805999279E+01	3.7160156250000000E+01
3.7831633664667606E+01	3.7160156250000000E+01
3.7890576556324959E+01	3.7160156250000000E+01
3.7949511125683784E+01	3.7160156250000000E+01
3.8009109340608120E+01	3.7160156250000000E+01
3.8068186938762665E+01	3.7160156250000000E+01
3.8127107597887516E+01	3.7160156250000000E+01
3.8185965418815613E+01	3.7160156250000000E+01
3.8244674757122993E+01	3.7160156250000000E+01
3.8303375549614429E+01	3.7160156250000000E+01
3.8362077362835407E+01	3.7160156250000000E+01
3.8420742630958557E+01	3.7160156250000000E+01
3.8479452915489674E+01	3.7160156250000000E+01
3.8538192950189114E+01	3.7160156250000000E+01
3.8596942216157913E+01	3.7160156250000000E+01
3.8655716843903065E+01	3.7160156250000000E+01
3.8714496538043022E+01	3.7160156250000000E+01
3.8773336157202721E+01	3.7160156250000000E+01
3.8832193620502949E+01	3.7160156250000000E+01
3.8891009643673897E+01	3.7160156250000000E+01
3.8949880652129650E+01	3.7160156250000000E+01
3.9008701518177986E+01	3.7160156250000000E+01
3.9067531704902649E+01	3.7160156250000000E+01
3.9126349896192551E+01	3.7160156250000000E+01
3.9185197502374649E+01	3.7160156250000000E+01
3.9243974059820175E+01	3.7160156250000000E+01
3.9302759021520615E+01	3.7160156250000000E+01
3.9361546918749809E+01	3.7160156250000000E+01
3.9420386321842670E+01	3.7160156250000000E+01
3.9479244962334633E+01	3.7160156250000000E+01
3.9538116708397865E+01	3.7160156250000000E+01
3.9597018636763096E+01	3.7160156250000000E+01
3.9655956491827965E+01	3.7160156250000000E+01
3.9714891396462917E+01	3.7160156250000000E+01
3.9773767933249474E+01	3.7160156250000000E+01
3.9832630723714828E+01	3.7160156250000000E+01
3.9891544334590435E+01	3.7160156250000000E+01
3.9950484938919544E+01	3.7160156250000000E+01
4.0009403355419636E+01	3.7160156250000000E+01
4.0068293370306492E+01	3.7160156250000000E+01
4.0127143293619156E+01	3.7160156250000000E+01
4.0186009265482426E+01	3.7160156250000000E+01
4.0244894653558731E+01	3.7160156250000000E+01
4.0303810656070709E+01	3.7160156250000000E+01
4.0362723030149937E+01	3.7160156250000000E+01
4.0421624556183815E+01	3.7160156250000000E+01
4.0480535179376602E+01	3.7160156250000000E+01
4.0539508841931820E+01	3.7160156250000000E+01
4.0598461695015430E+01	3.7160156250000000E+01
4.0657353140413761E+01	3.7160156250000000E+01
4.0716236546635628E+01	3.7160156250000000E+01
4.0775161616504192E+01	3.7160156250000000E+01
4.0834085173904896E+01	3.7160156250000000E+01
4.0893001019954681E+01	3.7160156250000000E+01
4.0951919049024582E+01	3.7160156250000000E+01
4.1010779418051243E+01	3.7160156250000000E+01
4.1069671235978603E+01	3.7160156250000000E+01
4.1128595910966396E+01	3.7160156250000000E+01
4.1187490358948708E+01	3.7160156250000000E+01
4.1246411927044392E+01	3.7160156250000000E+01
4.1305321954190731E+01	3.7160156250000000E+01
4.1364250667393208E+01	3.7160156250000000E+01
4.1423179477453232E+01	3.7160156250000000E+01
4.1482127502560616E+01	3.7160156250000000E+01
4.1541040763258934E+01	3.7160156250000000E+01
4.1599965222179890E+01	3.7160156250000000E+01
4.1658898606896400E+01	3.7160156250000000E+01
4.1718045532703400E+01	3.7160156250000000E+01
4.1776971988379955E+01	3.7160156250000000E+01
4.1835875473916531E+01	3.7160156250000000E+01
4.1894741185009480E+01	3.7160156250000000E+01
4.1953607358038425E+01	3.7160156250000000E+01
4.2012536741793156E+01	3.7160156250000000E+01
4.2071432761847973E+01	3.7160156250000000E+01
4.2130299158394337E+01	3.7160156250000000E+01
4.2189206928014755E+01	3.7160156250000000E+01
4.2248144283890724E+01	3.7160156250000000E+01
4.2307107813656330E+01	3.7160156250000000E+01
4.2366098381578922E+01	3.7160156250000000E+01
4.2425040572881699E+01	3.7160156250000000E+01
4.2483988828957081E+01	3.7160156250000000E+01
4.2542910724878311E+01	3.7160156250000000E+01
4.2601859681308270E+01	3.7160156250000000E+01
4.2660781279206276E+01	3.7160156250000000E+01
4.2719737090170383E+01	3.7160156250000000E+01
4.2778657294809818E+01	3.7160156250000000E+01
4.2837529271841049E+01	3.7160156250000000E+01
4.2896472692489624E+01	3.7160156250000000E+01
4.2955447964370251E+01	3.7160156250000000E+01
4.3014492824673653E+01	3.7160156250000000E+01
4.3073615610599518E+01	3.7160156250000000E+01
4.3132775314152241E+01	3.7160156250000000E+01
4.3191907308995724E+01	3.7160156250000000E+01
4.3251036338508129E+01	3.7160156250000000E+01
4.3310149639844894E+01	3.7160156250000000E+01
4.3369303829967976E+01	3.7160156250000000E+01
4.3428418844938278E+01	3.7160156250000000E+01
4.3487561449408531E+01	3.7160156250000000E+01
4.3546683289110661E+01	3.7160156250000000E+01
4.3605806089937687E+01	3.7160156250000000E+01
4.3664968445897102E+01	3.7160156250000000E+01
4.3724107988178730E+01	3.7160156250000000E+01
4.3783259764313698E+01	3.7160156250000000E+01
4.3842340052127838E+01	3.7160156250000000E+01
4.3901370882987976E+01	3.7160156250000000E+01
4.3960393436253071E+01	3.7160156250000000E+01
4.4019352845847607E+01	3.7160156250000000E+01
4.4078290045261383E+01	3.7160156250000000E+01
4.4137220561504364E+01	3.7160156250000000E+01
4.4196173377335072E+01	3.7160156250000000E+01
4.4255079925060272E+01	3.7160156250000000E+01
4.4313995644450188E+01	3.7160156250000000E+01
4.4372857689857483E+01	3.7160156250000000E+01
4.4431766822934151E+01	3.7160156250000000E+01
4.4490683384239674E+01	3.7160156250000000E+01
4.4549748614430428E+01	3.7160156250000000E+01
4.4608623668551445E+01	3.7160156250000000E+01
4.4667503595352173E+01	3.7160156250000000E+01
4.4726437352597713E+01	3.7160156250000000E+01
4.4785360679030418E+01	3.7160156250000000E+01
4.4844328582286835E+01	3.7160156250000000E+01
4.4903280451893806E+01	3.7160156250000000E+01
4.4962172597646713E+01	3.7160156250000000E+01
4.5021130323410034E+01	3.7160156250000000E+01
4.5080121085047722E+01	3.7160156250000000E+01
4.5139051251113415E+01	3.7160156250000000E+01
4.5198011063039303E+01	3.7160156250000000E+01
4.5256909079849720E+01	3.7160156250000000E+01
4.5315889179706573E+01	3.7160156250000000E+01
4.5374837957322598E+01	3.7160156250000000E+01
4.5433751702308655E+01	3.7160156250000000E+01
4.5492693305015564E+01	3.7160156250000000E+01
4.5551585659384727E+01	3.7160156250000000E+01
4.5610542386770248E+01	3.7160156250000000E+01
4.5669528581202030E+01	3.7160156250000000E+01
4.5728492125868797E+01	3.7160156250000000E+01
4.5787417344748974E+01	3.7160156250000000E+01
4.5846305049955845E+01	3.7160156250000000E+01
4.5905207850039005E+01	3.7160156250000000E+01
4.5964107908308506E+01	3.7160156250000000E+01
4.6023043558001518E+01	3.7160156250000000E+01
4.6081937156617641E+01	3.7160156250000000E+01
4.6140874825417995E+01	3.7160156250000000E+01
4.6199793361127377E+01	3.7160156250000000E+01
4.6258701041340828E+01	3.7160156250000000E+01
4.6317645035684109E+01	3.7160156250000000E+01
4.6376553684473038E+01	3.7160156250000000E+01
4.6435478717088699E+01	3.7160156250000000E+01
4.6494362376630306E+01	3.7160156250000000E+01
4.6553231641650200E+01	3.7160156250000000E+01
4.6612105198204517E+01	3.7160156250000000E+01
4.6671028167009354E+01	3.7160156250000000E+01
4.6729957997798920E+01	3.7160156250000000E+01
4.6788881957530975E+01	3.7160156250000000E+01
4.6847863741219044E+01	3.7160156250000000E+01
4.6906817689538002E+01	3.7160156250000000E+01
4.6965821169316769E+01	3.7160156250000000E+01
4.7024802193045616E+01	3.7160156250000000E+01
4.7083769045770168E+01	3.7160156250000000E+01
4.7142772510647774E+01	3.7160156250000000E+01
4.7201776117086411E+01	3.7160156250000000E+01
4.7260775931179523E+01	3.7160156250000000E+01
4.7319738261401653E+01	3.7160156250000000E+01
4.7378673642873764E+01	3.7160156250000000E+01
4.7437607698142529E+01	3.7160156250000000E+01
4.7496581971645355E+01	3.7160156250000000E+01
4.7555621281266212E+01	3.7160156250000000E+01
4.7614665441215038E+01	3.7160156250000000E+01
4.7673686638474464E+01	3.7160156250000000E+01
4.7732779398560524E+01	3.7160156250000000E+01
4.7791884958744049E+01	3.7160156250000000E+01
4.7851198919117451E+01	3.7160156250000000E+01
4.7910340748727322E+01	3.7160156250000000E+01
4.7969457805156708E+01	3.7160156250000000E+01
4.8028580598533154E+01	3.7160156250000000E+01
4.8087787516415119E+01	3.7160156250000000E+01
4.8147036485373974E+01	3.7160156250000000E+01
4.8206308081746101E+01	3.7160156250000000E+01
4.8265629895031452E+01	3.7160156250000000E+01
4.8324949629604816E+01	3.7160156250000000E+01
4.8384264349937439E+01	3.7160156250000000E+01
4.8443562075495720E+01	3.7160156250000000E+01
4.8502889402210712E+01	3.7160156250000000E+01
4.8562217980623245E+01	3.7160156250000000E+01
4.8621577084064484E+01	3.7160156250000000E+01
4.8680920951068401E+01	3.7160156250000000E+01
4.8740259446203709E+01	3.7160156250000000E+01
4.8799600817263126E+01	3.7160156250000000E+01
4.8858939081430435E+01	3.7160156250000000E+01
4.8918276853859425E+01	3.7160156250000000E+01
4.8977592118084431E+01	3.7160156250000000E+01
4.9036948323249817E+01	3.7160156250000000E+01
4.9096286810934544E+01	3.7160156250000000E+01
4.9155616834759712E+01	3.7160156250000000E+01
4.9214939460158348E+01	3.7160156250000000E+01
4.9274280123412609E+01	3.7160156250000000E+01
4.9333635054528713E+01	3.7160156250000000E+01
4.9392983600497246E+01	3.7160156250000000E+01
4.9452335163950920E+01	3.7160156250000000E+01
4.9511687278747559E+01	3.7160156250000000E+01
4.9571078747510910E+01	3.7160156250000000E+01
4.9630457609891891E+01	3.7160156250000000E+01
4.9689818769693375E+01	3.7160156250000000E+01
4.9749188698828220E+01	3.7160156250000000E+01
4.9808596625924110E+01	3.7160156250000000E+01
4.9868066176772118E+01	3.7160156250000000E+01
4.9927558630704880E+01	3.7160156250000000E+01
4.9987075537443161E+01	3.7160156250000000E+01
5.0046602115035057E+01	3.7160156250000000E+01
5.0106106922030449E+01	3.7160156250000000E+01
5.0165608175098896E+01	3.7160156250000000E+01
5.0225120209157467E+01	3.7160156250000000E+01
5.0284601248800755E+01	3.7160156250000000E+01
5.0344095446169376E+01	3.7160156250000000E+01
5.0403590090572834E+01	3.7160156250000000E+01
5.0463066488504410E+01	3.7160156250000000E+01
5.0522568203508854E+01	3.7160156250000000E+01
5.0582082428038120E+01	3.7160156250000000E+01
5.0641593977808952E+01	3.7160156250000000E+01
5.0701093494892120E+01	3.7160156250000000E+01
5.0760517604649067E+01	3.7160156250000000E+01
5.0819913037121296E+01	3.7160156250000000E+01
5.0879311822354794E+01	3.7160156250000000E+01
5.0938755020499229E+01	3.7160156250000000E+01
5.0998151622712612E+01	3.7160156250000000E+01
5.1057558469474316E+01	3.7160156250000000E+01
5.1117025956511497E+01	3.7160156250000000E+01
5.1176489226520061E+01	3.7160156250000000E+01
5.1236006498336792E+01	3.7160156250000000E+01
5.1295496746897697E+01	3.7160156250000000E+01
5.1354998461902142E+01	3.7160156250000000E+01
5.1414470694959164E+01	3.7160156250000000E+01
5.1473966896533966E+01	3.7160156250000000E+01
5.1533501021564007E+01	3.7160156250000000E+01
5.1593068294227123E+01	3.7160156250000000E+01
5.1652682721614838E+01	3.7160156250000000E+01
5.1712345637381077E+01	3.7160156250000000E+01
5.1771970763802528E+01	3.7160156250000000E+01
5.1831566154956818E+01	3.7160156250000000E+01
5.1891204267740250E+01	3.7160156250000000E+01
5.1951028615236282E+01	3.7160156250000000E+01
5.2010675065219402E+01	3.7160156250000000E+01
5.2070265658199787E+01	3.7160156250000000E+01
5.2129924900829792E+01	3.7160156250000000E+01
5.2189545817673206E+01	3.7160156250000000E+01
5.2249096266925335E+01	3.7160156250000000E+01
5.2308673098683357E+01	3.7160156250000000E+01
5.2368256539106369E+01	3.7160156250000000E+01
5.2427820429205894E+01	3.7160156250000000E+01
5.2487410649657249E+01	3.7160156250000000E+01
5.2546966262161732E+01	3.7160156250000000E+01
5.2606466978788376E+01	3.7160156250000000E+01
5.2666010029613972E+01	3.7160156250000000E+01
5.2725516371428967E+01	3.7160156250000000E+01
5.2784965217113495E+01	3.7160156250000000E+01
5.2844432115554810E+01	3.7160156250000000E+01
5.2903856612741947E+01	3.7160156250000000E+01
5.2963330261409283E+01	3.7160156250000000E+01
5.3022778078913689E+01	3.7160156250000000E+01
5.3082186713814735E+01	3.7160156250000000E+01
5.3141534715890884E+01	3.7160156250000000E+01
5.3200791291892529E+01	3.7160156250000000E+01
5.3260050870478153E+01	3.7160156250000000E+01
5.3319288924336433E+01	3.7160156250000000E+01
5.3378465592861176E+01	3.7160156250000000E+01
5.3437616191804409E+01	3.7160156250000000E+01
5.3496764816343784E+01	3.7160156250000000E+01
5.3555904015898705E+01	3.7160156250000000E+01
5.3615022413432598E+01	3.7160156250000000E+01
5.3674185104668140E+01	3.7160156250000000E+01
5.3733306251466274E+01	3.7160156250000000E+01
5.3792427822947502E+01	3.7160156250000000E+01
5.3851554028689861E+01	3.7160156250000000E+01
5.3910691328346729E+01	3.7160156250000000E+01
5.3969840183854103E+01	3.7160156250000000E+01
5.4028931729495525E+01	3.7160156250000000E+01
5.4087986931204796E+01	3.7160156250000000E+01
5.4146994225680828E+01	3.7160156250000000E+01
5.4205999411642551E+01	3.7160156250000000E+01
5.4265039309859276E+01	3.7160156250000000E+01
5.4324097596108913E+01	3.7160156250000000E+01
5.4383128374814987E+01	3.7160156250000000E+01
5.4442196287214756E+01	3.7160156250000000E+01
5.4501287013292313E+01	3.7160156250000000E+01
5.4560398519039154E+01	3.7160156250000000E+01
5.4619498781859875E+01	3.7160156250000000E+01
5.4678568512201309E+01	3.7160156250000000E+01
5.4737690515816212E+01	3.7160156250000000E+01
5.4796883776783943E+01	3.7160156250000000E+01
5.4856088042259216E+01	3.7160156250000000E+01
5.4915309354662895E+01	3.7160156250000000E+01
5.4974573828279972E+01	3.7160156250000000E+01
5.5033911049365997E+01	3.7160156250000000E+01
5.5093263328075409E+01	3.7160156250000000E+01
5.5152573890984058E+01	3.7160156250000000E+01
5.5211936376988888E+01	3.7160156250000000E+01
5.5271299123764038E+01	3.7160156250000000E+01
5.5330694988369942E+01	3.7160156250000000E+01
5.5390100933611393E+01	3.7160156250000000E+01
5.5449534215033054E+01	3.7160156250000000E+01
5.5508954554796219E+01	3.7160156250000000E+01
5.5568340033292770E+01	3.7160156250000000E+01
5.5627746388316154E+01	3.7160156250000000E+01
5.5687187694013119E+01	3.7160156250000000E+01
5.5746602229773998E+01	3.7160156250000000E+01
5.5806017838418484E+01	3.7160156250000000E+01
5.5865417912602425E+01	3.7160156250000000E+01
5.5924786739051342E+01	3.7160156250000000E+01
5.5984210230410099E+01	3.7160156250000000E+01
5.6043616235256195E+01	3.7160156250000000E+01
5.6102994069457054E+01	3.7160156250000000E+01
5.6162390604615211E+01	3.7160156250000000E+01
5.6221790872514248E+01	3.7160156250000000E+01
5.6281204327940941E+01	3.7160156250000000E+01
5.6340589769184589E+01	3.7160156250000000E+01
5.6399991311132908E+01	3.7160156250000000E+01
5.6459376364946365E+01	3.7160156250000000E+01
5.6518767133355141E+01	3.7160156250000000E+01
5.6578149437904358E+01	3.7160156250000000E+01
5.6637529112398624E+01	3.7160156250000000E+01
5.6696924507617950E+01	3.7160156250000000E+01
5.6756329379975796E+01	3.7160156250000000E+01
5.6815720066428185E+01	3.7160156250000000E+01
5.6875090174376965E+01	3.7160156250000000E+01
5.6934484854340553E+01	3.7160156250000000E+01
5.6993861421942711E+01	3.7160156250000000E+01
5.7053223036229610E+01	3.7160156250000000E+01
5.7112567692995071E+01	3.7160156250000000E+01
5.7171959333121777E+01	3.7160156250000000E+01
5.7231302745640278E+01	3.7160156250000000E+01
5.7290621340274811E+01	3.7160156250000000E+01
5.7349949553608894E+01	3.7160156250000000E+01
5.7409224443137646E+01	3.7160156250000000E+01
5.7468489989638329E+01	3.7160156250000000E+01
5.7527731001377106E+01	3.7160156250000000E+01
5.7587011225521564E+01	3.7160156250000000E+01
5.7646266177296638E+01	3.7160156250000000E+01
5.7705518156290054E+01	3.7160156250000000E+01
5.7764768995344639E+01	3.7160156250000000E+01
5.7824009709060192E+01	3.7160156250000000E+01
5.7883207634091377E+01	3.7160156250000000E+01
5.7942422345280647E+01	3.7160156250000000E+01
5.8001789703965187E+01	3.7160156250000000E+01
5.8060961738228798E+01	3.7160156250000000E+01
5.8120074190199375E+01	3.7160156250000000E+01
5.8179145805537701E+01	3.7160156250000000E+01
5.8238183781504631E+01	3.7160156250000000E+01
5.8297194845974445E+01	3.7160156250000000E+01
5.8356337882578373E+01	3.7160156250000000E+01
5.8415438123047352E+01	3.7160156250000000E+01
5.8474715732038021E+01	3.7160156250000000E+01
