1.3298466801643372E-03	3.6023437500000000E+01
6.9818973541259766E-02	3.6023437500000000E+01
1.3755550235509872E-01	3.6023437500000000E+01
2.0494010299444199E-01	3.6023437500000000E+01
2.7227091789245605E-01	3.6023437500000000E+01
3.3958283066749573E-01	3.6023437500000000E+01
4.0694149583578110E-01	3.6023437500000000E+01
4.7430593520402908E-01	3.6023437500000000E+01
5.4175997525453568E-01	3.6023437500000000E+01
6.0917796194553375E-01	3.6023437500000000E+01
6.7673938721418381E-01	3.6023437500000000E+01
7.4423997849225998E-01	3.6023437500000000E+01
8.1166695803403854E-01	3.6023437500000000E+01
8.7916026264429092E-01	3.6023437500000000E+01
9.4654429703950882E-01	3.6023437500000000E+01
1.0142251253128052E+00	3.6023437500000000E+01
1.0824095755815506E+00	3.6261718750000000E+01
1.1500114798545837E+00	3.6261718750000000E+01
1.2174736261367798E+00	3.6261718750000000E+01
1.2848762720823288E+00	3.6261718750000000E+01
1.3522940576076508E+00	3.6261718750000000E+01
1.4198011904954910E+00	3.6261718750000000E+01
1.4872894138097763E+00	3.6261718750000000E+01
1.5548053011298180E+00	3.6261718750000000E+01
1.6223819926381111E+00	3.6261718750000000E+01
1.6899157240986824E+00	3.6261718750000000E+01
1.7576173096895218E+00	3.6261718750000000E+01
1.8251655474305153E+00	3.6261718750000000E+01
1.8926945179700851E+00	3.6261718750000000E+01
1.9602176100015640E+00	3.6261718750000000E+01
2.0277786999940872E+00	3.6261718750000000E+01
2.0952916443347931E+00	3.6261718750000000E+01
2.1626925691962242E+00	3.6261718750000000E+01
2.2302174270153046E+00	3.6261718750000000E+01
2.2980771139264107E+00	3.6261718750000000E+01
2.3661436736583710E+00	3.6261718750000000E+01
2.4341651499271393E+00	3.6261718750000000E+01
2.5021213218569756E+00	3.6261718750000000E+01
2.5701071396470070E+00	3.6261718750000000E+01
2.6381174698472023E+00	3.6261718750000000E+01
2.7060833349823952E+00	3.6261718750000000E+01
2.7742020115256310E+00	3.6261718750000000E+01
2.8421866521239281E+00	3.6261718750000000E+01
2.9100577011704445E+00	3.6261718750000000E+01
2.9781672284007072E+00	3.6261718750000000E+01
3.0474892184138298E+00	3.6269531250000000E+01
3.1162000149488449E+00	3.6269531250000000E+01
3.1848255619406700E+00	3.6269531250000000E+01
3.2533769235014915E+00	3.6269531250000000E+01
3.3218158408999443E+00	3.6269531250000000E+01
3.3900594711303711E+00	3.6269531250000000E+01
3.4581127539277077E+00	3.6269531250000000E+01
3.5260929018259048E+00	3.6269531250000000E+01
3.5941898673772812E+00	3.6269531250000000E+01
3.6622410193085670E+00	3.6269531250000000E+01
3.7303495556116104E+00	3.6269531250000000E+01
3.7984347492456436E+00	3.6269531250000000E+01
3.8664258569478989E+00	3.6269531250000000E+01
3.9343285560607910E+00	3.6269531250000000E+01
4.0020758807659149E+00	3.6269531250000000E+01
4.0697529613971710E+00	3.6269531250000000E+01
4.1373392865061760E+00	3.6269531250000000E+01
4.2046542018651962E+00	3.6269531250000000E+01
4.2719288244843483E+00	3.6269531250000000E+01
4.3392554372549057E+00	3.6269531250000000E+01
4.4066116362810135E+00	3.6269531250000000E+01
4.4739748165011406E+00	3.6269531250000000E+01
4.5413540825247765E+00	3.6269531250000000E+01
4.6087067499756813E+00	3.6269531250000000E+01
4.6760469004511833E+00	3.6269531250000000E+01
4.7434529662132263E+00	3.6269531250000000E+01
4.8109025657176971E+00	3.6269531250000000E+01
4.8782931640744209E+00	3.6269531250000000E+01
4.9456948041915894E+00	3.6269531250000000E+01
5.0131121277809143E+00	3.6269531250000000E+01
5.0805938988924026E+00	3.6269531250000000E+01
5.1480845361948013E+00	3.6269531250000000E+01
5.2155278548598289E+00	3.6269531250000000E+01
5.2829642966389656E+00	3.6269531250000000E+01
5.3504270613193512E+00	3.6269531250000000E+01
5.4178714305162430E+00	3.6269531250000000E+01
5.4853230044245720E+00	3.6269531250000000E+01
5.5527602955698967E+00	3.6269531250000000E+01
5.6202603951096535E+00	3.6269531250000000E+01
5.6876973882317543E+00	3.6269531250000000E+01
5.7551368400454521E+00	3.6269531250000000E+01
5.8225737661123276E+00	3.6269531250000000E+01
5.8900053948163986E+00	3.6269531250000000E+01
5.9574506953358650E+00	3.6269531250000000E+01
6.0249448418617249E+00	3.6269531250000000E+01
6.0924868509173393E+00	3.6269531250000000E+01
6.1599667593836784E+00	3.6269531250000000E+01
6.2274272143840790E+00	3.6269531250000000E+01
6.2949089780449867E+00	3.6269531250000000E+01
6.3622948601841927E+00	3.6269531250000000E+01
6.4297706931829453E+00	3.6269531250000000E+01
6.4979448467493057E+00	3.6273437500000000E+01
6.5656171292066574E+00	3.6273437500000000E+01
6.6330994889140129E+00	3.6273437500000000E+01
6.7006684914231300E+00	3.6273437500000000E+01
6.7681065872311592E+00	3.6273437500000000E+01
6.8355996906757355E+00	3.6273437500000000E+01
6.9030911698937416E+00	3.6273437500000000E+01
6.9706120789051056E+00	3.6273437500000000E+01
7.0381174683570862E+00	3.6273437500000000E+01
7.1055993884801865E+00	3.6273437500000000E+01
7.1731162071228027E+00	3.6273437500000000E+01
7.2406695112586021E+00	3.6273437500000000E+01
7.3081595376133919E+00	3.6273437500000000E+01
7.3756231963634491E+00	3.6273437500000000E+01
7.4431102871894836E+00	3.6273437500000000E+01
7.5105424597859383E+00	3.6273437500000000E+01
7.5779864117503166E+00	3.6273437500000000E+01
7.6454827934503555E+00	3.6273437500000000E+01
7.7129262536764145E+00	3.6273437500000000E+01
7.7803039476275444E+00	3.6273437500000000E+01
7.8477542921900749E+00	3.6273437500000000E+01
7.9152309000492096E+00	3.6273437500000000E+01
7.9826726242899895E+00	3.6273437500000000E+01
8.0502027571201324E+00	3.6273437500000000E+01
8.1177539974451065E+00	3.6273437500000000E+01
8.1852852851152420E+00	3.6273437500000000E+01
8.2528962269425392E+00	3.6273437500000000E+01
8.3204509094357491E+00	3.6273437500000000E+01
8.3878024891018867E+00	3.6273437500000000E+01
8.4551854059100151E+00	3.6273437500000000E+01
8.5226083695888519E+00	3.6273437500000000E+01
8.5899703130125999E+00	3.6273437500000000E+01
8.6595350801944733E+00	3.6273437500000000E+01
8.7331318333745003E+00	3.6273437500000000E+01
8.8060967028141022E+00	3.6273437500000000E+01
8.8781815320253372E+00	3.6273437500000000E+01
8.9538938328623772E+00	3.6273437500000000E+01
9.0255978852510452E+00	3.6273437500000000E+01
9.1014241799712181E+00	3.6273437500000000E+01
9.1731413975358009E+00	3.6273437500000000E+01
9.2466970011591911E+00	3.6273437500000000E+01
9.3204475715756416E+00	3.6273437500000000E+01
9.3940136358141899E+00	3.6273437500000000E+01
9.4676916822791100E+00	3.6273437500000000E+01
9.5414868891239166E+00	3.6273437500000000E+01
9.6157182306051254E+00	3.6273437500000000E+01
9.6858550161123276E+00	3.6273437500000000E+01
9.7600508779287338E+00	3.6273437500000000E+01
9.8334574326872826E+00	3.6273437500000000E+01
9.9059673771262169E+00	3.6273437500000000E+01
9.9841779619455338E+00	3.6273437500000000E+01
1.0056341402232647E+01	3.6273437500000000E+01
1.0130395561456680E+01	3.6273437500000000E+01
1.0204543203115463E+01	3.6273437500000000E+01
1.0274617828428745E+01	3.6273437500000000E+01
1.0343204542994499E+01	3.6273437500000000E+01
1.0412592113018036E+01	3.6273437500000000E+01
1.0482555836439133E+01	3.6273437500000000E+01
1.0552335821092129E+01	3.6273437500000000E+01
1.0622145622968674E+01	3.6273437500000000E+01
1.0691578581929207E+01	3.6273437500000000E+01
1.0760761097073555E+01	3.6273437500000000E+01
1.0830110929906368E+01	3.6273437500000000E+01
1.0899510987102985E+01	3.6273437500000000E+01
1.0969033151865005E+01	3.6273437500000000E+01
1.1038667067885399E+01	3.6273437500000000E+01
1.1108191363513470E+01	3.6273437500000000E+01
1.1177822455763817E+01	3.6273437500000000E+01
1.1247481532394886E+01	3.6273437500000000E+01
1.1317170634865761E+01	3.6273437500000000E+01
1.1386734433472157E+01	3.6273437500000000E+01
1.1455903381109238E+01	3.6273437500000000E+01
1.1524695739150047E+01	3.6273437500000000E+01
1.1593145534396172E+01	3.6273437500000000E+01
1.1661432243883610E+01	3.6273437500000000E+01
1.1729606039822102E+01	3.6273437500000000E+01
1.1797789797186852E+01	3.6273437500000000E+01
1.1866021096706390E+01	3.6273437500000000E+01
1.1934417352080345E+01	3.6273437500000000E+01
1.2002816677093506E+01	3.6273437500000000E+01
1.2071140199899673E+01	3.6273437500000000E+01
1.2139543250203133E+01	3.6273437500000000E+01
1.2207945816218853E+01	3.6273437500000000E+01
1.2276337124407291E+01	3.6273437500000000E+01
1.2345396593213081E+01	3.6273437500000000E+01
1.2413960337638855E+01	3.6273437500000000E+01
1.2482338167726994E+01	3.6273437500000000E+01
1.2550679862499237E+01	3.6273437500000000E+01
1.2619022652506828E+01	3.6273437500000000E+01
1.2687351964414120E+01	3.6273437500000000E+01
1.2755631729960442E+01	3.6273437500000000E+01
1.2823952496051788E+01	3.6273437500000000E+01
1.2892301395535469E+01	3.6273437500000000E+01
1.2960653051733971E+01	3.6273437500000000E+01
1.3029042974114418E+01	3.6273437500000000E+01
1.3097423546016216E+01	3.6273437500000000E+01
1.3165798030793667E+01	3.6273437500000000E+01
1.3234134361147881E+01	3.6273437500000000E+01
1.3302536010742188E+01	3.6273437500000000E+01
1.3370975174009800E+01	3.6273437500000000E+01
1.3439328983426094E+01	3.6273437500000000E+01
1.3507690258324146E+01	3.6273437500000000E+01
1.3576091997325420E+01	3.6273437500000000E+01
1.3644451104104519E+01	3.6273437500000000E+01
1.3712747082114220E+01	3.6273437500000000E+01
1.3781034894287586E+01	3.6273437500000000E+01
1.3849314801394939E+01	3.6273437500000000E+01
1.3917595878243446E+01	3.6273437500000000E+01
1.3985847592353821E+01	3.6273437500000000E+01
1.4054037608206272E+01	3.6273437500000000E+01
1.4122259087860584E+01	3.6273437500000000E+01
1.4190483294427395E+01	3.6273437500000000E+01
1.4258662253618240E+01	3.6273437500000000E+01
1.4326974704861641E+01	3.6273437500000000E+01
1.4395185485482216E+01	3.6273437500000000E+01
1.4463350720703602E+01	3.6273437500000000E+01
1.4531559295952320E+01	3.6273437500000000E+01
1.4600156418979168E+01	3.6273437500000000E+01
1.4668441072106361E+01	3.6273437500000000E+01
1.4736792400479317E+01	3.6273437500000000E+01
1.4805238984525204E+01	3.6273437500000000E+01
1.4873710021376610E+01	3.6273437500000000E+01
1.4942034184932709E+01	3.6273437500000000E+01
1.5010398186743259E+01	3.6273437500000000E+01
1.5078772440552711E+01	3.6273437500000000E+01
1.5147233992815018E+01	3.6273437500000000E+01
1.5215643115341663E+01	3.6273437500000000E+01
1.5284003719687462E+01	3.6273437500000000E+01
1.5352342300117016E+01	3.6273437500000000E+01
1.5420715518295765E+01	3.6273437500000000E+01
1.5489119902253151E+01	3.6273437500000000E+01
1.5557579822838306E+01	3.6273437500000000E+01
1.5626048438251019E+01	3.6273437500000000E+01
1.5694510214030743E+01	3.6273437500000000E+01
1.5762964077293873E+01	3.6273437500000000E+01
1.5831407934427261E+01	3.6273437500000000E+01
1.5899828225374222E+01	3.6273437500000000E+01
1.5968200869858265E+01	3.6273437500000000E+01
1.6036522328853607E+01	3.6273437500000000E+01
1.6105090111494064E+01	3.6273437500000000E+01
1.6174063920974731E+01	3.6273437500000000E+01
1.6243192985653877E+01	3.6273437500000000E+01
1.6312215059995651E+01	3.6273437500000000E+01
1.6381233610212803E+01	3.6273437500000000E+01
1.6450186580419540E+01	3.6273437500000000E+01
1.6519264072179794E+01	3.6273437500000000E+01
1.6588287979364395E+01	3.6273437500000000E+01
1.6657419279217720E+01	3.6273437500000000E+01
1.6726457133889198E+01	3.6273437500000000E+01
1.6795499458909035E+01	3.6273437500000000E+01
1.6864380583167076E+01	3.6273437500000000E+01
1.6933056369423866E+01	3.6273437500000000E+01
1.7001774854958057E+01	3.6273437500000000E+01
1.7070376999676228E+01	3.6273437500000000E+01
1.7138926938176155E+01	3.6273437500000000E+01
1.7207372792065144E+01	3.6273437500000000E+01
1.7275615416467190E+01	3.6273437500000000E+01
1.7343978315591812E+01	3.6273437500000000E+01
1.7412372305989265E+01	3.6273437500000000E+01
1.7480733662843704E+01	3.6273437500000000E+01
1.7549176007509232E+01	3.6273437500000000E+01
1.7617795877158642E+01	3.6273437500000000E+01
1.7686532348394394E+01	3.6273437500000000E+01
1.7754993617534637E+01	3.6273437500000000E+01
1.7823507077991962E+01	3.6273437500000000E+01
1.7892073929309845E+01	3.6273437500000000E+01
1.7960580870509148E+01	3.6273437500000000E+01
1.8029081620275974E+01	3.6273437500000000E+01
1.8097575753927231E+01	3.6273437500000000E+01
1.8166039362549782E+01	3.6273437500000000E+01
1.8234614841639996E+01	3.6273437500000000E+01
1.8303076870739460E+01	3.6273437500000000E+01
1.8371575348079205E+01	3.6273437500000000E+01
1.8440074883401394E+01	3.6273437500000000E+01
1.8508573032915592E+01	3.6273437500000000E+01
1.8577082462608814E+01	3.6273437500000000E+01
1.8645624421536922E+01	3.6273437500000000E+01
1.8714084237813950E+01	3.6273437500000000E+01
1.8782450996339321E+01	3.6273437500000000E+01
1.8850885979831219E+01	3.6273437500000000E+01
1.8919703841209412E+01	3.6273437500000000E+01
1.8988679327070713E+01	3.6273437500000000E+01
1.9057815581560135E+01	3.6273437500000000E+01
1.9126961082220078E+01	3.6273437500000000E+01
1.9196061939001083E+01	3.6273437500000000E+01
1.9265249162912369E+01	3.6273437500000000E+01
1.9334359616041183E+01	3.6273437500000000E+01
1.9403475433588028E+01	3.6273437500000000E+01
1.9472658656537533E+01	3.6273437500000000E+01
1.9541805177927017E+01	3.6273437500000000E+01
1.9610852129757404E+01	3.6273437500000000E+01
1.9679904021322727E+01	3.6273437500000000E+01
1.9748916126787663E+01	3.6273437500000000E+01
1.9817890360951424E+01	3.6273437500000000E+01
1.9886623539030552E+01	3.6273437500000000E+01
1.9955247208476067E+01	3.6273437500000000E+01
2.0023570984601974E+01	3.6273437500000000E+01
2.0091716162860394E+01	3.6273437500000000E+01
2.0159903451800346E+01	3.6273437500000000E+01
2.0228220023214817E+01	3.6273437500000000E+01
2.0296542815864086E+01	3.6273437500000000E+01
2.0364847511053085E+01	3.6273437500000000E+01
2.0433219946920872E+01	3.6273437500000000E+01
2.0501601405441761E+01	3.6273437500000000E+01
2.0569909259676933E+01	3.6273437500000000E+01
2.0638381630182266E+01	3.6273437500000000E+01
2.0706861123442650E+01	3.6273437500000000E+01
2.0775308050215244E+01	3.6273437500000000E+01
2.0843782380223274E+01	3.6273437500000000E+01
2.0912215359508991E+01	3.6273437500000000E+01
2.0980617649853230E+01	3.6273437500000000E+01
2.1049000330269337E+01	3.6273437500000000E+01
2.1117333523929119E+01	3.6273437500000000E+01
2.1185629926621914E+01	3.6273437500000000E+01
2.1253994040191174E+01	3.6273437500000000E+01
2.1322388090193272E+01	3.6273437500000000E+01
2.1390838265419006E+01	3.6273437500000000E+01
2.1459244862198830E+01	3.6273437500000000E+01
2.1527712792158127E+01	3.6273437500000000E+01
2.1596126191318035E+01	3.6273437500000000E+01
2.1664621748030186E+01	3.6273437500000000E+01
2.1733210325241089E+01	3.6273437500000000E+01
2.1801683433353901E+01	3.6273437500000000E+01
2.1870114520192146E+01	3.6273437500000000E+01
2.1938421353697777E+01	3.6273437500000000E+01
2.2006748788058758E+01	3.6273437500000000E+01
2.2075016848742962E+01	3.6273437500000000E+01
2.2143323615193367E+01	3.6273437500000000E+01
2.2212302155792713E+01	3.6273437500000000E+01
2.2280790947377682E+01	3.6273437500000000E+01
2.2349096484482288E+01	3.6273437500000000E+01
2.2417499333620071E+01	3.6273437500000000E+01
2.2485773429274559E+01	3.6273437500000000E+01
2.2554178990423679E+01	3.6273437500000000E+01
2.2622652903199196E+01	3.6273437500000000E+01
2.2691151708364487E+01	3.6273437500000000E+01
2.2759588398039341E+01	3.6273437500000000E+01
2.2828062191605568E+01	3.6273437500000000E+01
2.2896543003618717E+01	3.6273437500000000E+01
2.2964986629784107E+01	3.6273437500000000E+01
2.3033486150205135E+01	3.6273437500000000E+01
2.3101933464407921E+01	3.6273437500000000E+01
2.3170360393822193E+01	3.6273437500000000E+01
2.3238776311278343E+01	3.6273437500000000E+01
2.3307231672108173E+01	3.6273437500000000E+01
2.3375730596482754E+01	3.6273437500000000E+01
2.3444232203066349E+01	3.6273437500000000E+01
2.3512756556272507E+01	3.6273437500000000E+01
2.3581208869814873E+01	3.6273437500000000E+01
2.3649673394858837E+01	3.6273437500000000E+01
2.3718071199953556E+01	3.6273437500000000E+01
2.3786521717905998E+01	3.6273437500000000E+01
2.3854906029999256E+01	3.6273437500000000E+01
2.3923364214599133E+01	3.6273437500000000E+01
2.3991746805608273E+01	3.6273437500000000E+01
2.4060165353119373E+01	3.6273437500000000E+01
2.4128631785511971E+01	3.6273437500000000E+01
2.4197129264473915E+01	3.6273437500000000E+01
2.4265641085803509E+01	3.6273437500000000E+01
2.4334160633385181E+01	3.6273437500000000E+01
2.4402720570564270E+01	3.6273437500000000E+01
2.4471162401139736E+01	3.6273437500000000E+01
2.4539677768945694E+01	3.6273437500000000E+01
2.4608144313097000E+01	3.6273437500000000E+01
2.4676680535078049E+01	3.6273437500000000E+01
2.4745189756155014E+01	3.6273437500000000E+01
2.4813719414174557E+01	3.6273437500000000E+01
2.4882205083966255E+01	3.6273437500000000E+01
2.4950720988214016E+01	3.6273437500000000E+01
2.5019238293170929E+01	3.6273437500000000E+01
2.5087709307670593E+01	3.6273437500000000E+01
2.5156092137098312E+01	3.6273437500000000E+01
2.5224695660173893E+01	3.6273437500000000E+01
2.5293264642357826E+01	3.6273437500000000E+01
2.5361828811466694E+01	3.6273437500000000E+01
2.5430304080247879E+01	3.6273437500000000E+01
2.5498765766620636E+01	3.6273437500000000E+01
2.5567288883030415E+01	3.6273437500000000E+01
2.5635762818157673E+01	3.6273437500000000E+01
2.5704244181513786E+01	3.6273437500000000E+01
2.5772757813334465E+01	3.6273437500000000E+01
2.5841281265020370E+01	3.6273437500000000E+01
2.5909789621829987E+01	3.6273437500000000E+01
2.5978271193802357E+01	3.6273437500000000E+01
2.6046814948320389E+01	3.6273437500000000E+01
2.6115288004279137E+01	3.6273437500000000E+01
2.6183759637176991E+01	3.6273437500000000E+01
2.6252300567924976E+01	3.6273437500000000E+01
2.6320794686675072E+01	3.6273437500000000E+01
2.6389363333582878E+01	3.6273437500000000E+01
2.6457875430583954E+01	3.6273437500000000E+01
2.6526408448815346E+01	3.6273437500000000E+01
2.6594907082617283E+01	3.6273437500000000E+01
2.6663432709872723E+01	3.6273437500000000E+01
2.6731898359954357E+01	3.6273437500000000E+01
2.6800364091992378E+01	3.6273437500000000E+01
2.6868821717798710E+01	3.6273437500000000E+01
2.6937276422977448E+01	3.6273437500000000E+01
2.7005716644227505E+01	3.6273437500000000E+01
2.7074155397713184E+01	3.6273437500000000E+01
2.7142617739737034E+01	3.6273437500000000E+01
2.7211061701178551E+01	3.6273437500000000E+01
2.7279602326452732E+01	3.6273437500000000E+01
2.7348082505166531E+01	3.6273437500000000E+01
2.7416544057428837E+01	3.6273437500000000E+01
2.7484967395663261E+01	3.6273437500000000E+01
2.7553391687572002E+01	3.6273437500000000E+01
2.7621794424951077E+01	3.6273437500000000E+01
2.7690164439380169E+01	3.6273437500000000E+01
2.7758569099009037E+01	3.6273437500000000E+01
2.7826939515769482E+01	3.6273437500000000E+01
2.7895379222929478E+01	3.6273437500000000E+01
2.7963801138103008E+01	3.6273437500000000E+01
2.8032181553542614E+01	3.6273437500000000E+01
2.8100640647113323E+01	3.6273437500000000E+01
2.8169020779430866E+01	3.6273437500000000E+01
2.8237527102231979E+01	3.6273437500000000E+01
2.8305988103151321E+01	3.6273437500000000E+01
2.8374447122216225E+01	3.6273437500000000E+01
2.8442925684154034E+01	3.6273437500000000E+01
2.8511403456330299E+01	3.6273437500000000E+01
2.8579781614243984E+01	3.6273437500000000E+01
2.8648252218961716E+01	3.6273437500000000E+01
2.8716716848313808E+01	3.6273437500000000E+01
2.8785170271992683E+01	3.6273437500000000E+01
2.8853707641363144E+01	3.6273437500000000E+01
2.8922141768038273E+01	3.6273437500000000E+01
2.8990639366209507E+01	3.6273437500000000E+01
2.9059166945517063E+01	3.6273437500000000E+01
2.9127666503190994E+01	3.6273437500000000E+01
2.9196115374565125E+01	3.6273437500000000E+01
2.9264608673751354E+01	3.6273437500000000E+01
2.9333024337887764E+01	3.6273437500000000E+01
2.9401522383093834E+01	3.6273437500000000E+01
2.9469947174191475E+01	3.6273437500000000E+01
2.9538408070802689E+01	3.6273437500000000E+01
2.9606887958943844E+01	3.6273437500000000E+01
2.9675362430512905E+01	3.6273437500000000E+01
2.9743889294564724E+01	3.6273437500000000E+01
2.9812351867556572E+01	3.6273437500000000E+01
2.9880785338580608E+01	3.6273437500000000E+01
2.9949234284460545E+01	3.6273437500000000E+01
3.0017742224037647E+01	3.6273437500000000E+01
3.0086207456886768E+01	3.6273437500000000E+01
3.0154747739434242E+01	3.6273437500000000E+01
3.0223103545606136E+01	3.6273437500000000E+01
3.0291489072144032E+01	3.6273437500000000E+01
3.0359878957271576E+01	3.6273437500000000E+01
3.0428293272852898E+01	3.6273437500000000E+01
3.0496665515005589E+01	3.6273437500000000E+01
3.0565032623708248E+01	3.6273437500000000E+01
3.0633517235517502E+01	3.6273437500000000E+01
3.0702008582651615E+01	3.6273437500000000E+01
3.0770547106862068E+01	3.6273437500000000E+01
3.0839008614420891E+01	3.6273437500000000E+01
3.0907382667064667E+01	3.6273437500000000E+01
3.0975925587117672E+01	3.6273437500000000E+01
3.1044765107333660E+01	3.6273437500000000E+01
3.1113118462264538E+01	3.6273437500000000E+01
3.1181450173258781E+01	3.6273437500000000E+01
3.1249742574989796E+01	3.6273437500000000E+01
3.1318092130124569E+01	3.6273437500000000E+01
3.1386511467397213E+01	3.6273437500000000E+01
3.1454889178276062E+01	3.6273437500000000E+01
3.1523311965167522E+01	3.6273437500000000E+01
3.1591757871210575E+01	3.6273437500000000E+01
3.1660294331610203E+01	3.6273437500000000E+01
3.1728727728128433E+01	3.6273437500000000E+01
3.1797198295593262E+01	3.6273437500000000E+01
3.1865673944354057E+01	3.6273437500000000E+01
3.1934508398175240E+01	3.6273437500000000E+01
3.2002992905676365E+01	3.6273437500000000E+01
3.2071513816714287E+01	3.6273437500000000E+01
3.2140054754912853E+01	3.6273437500000000E+01
3.2208584405481815E+01	3.6273437500000000E+01
3.2277106344699860E+01	3.6273437500000000E+01
3.2345615476369858E+01	3.6273437500000000E+01
3.2414150431752205E+01	3.6273437500000000E+01
3.2482687823474407E+01	3.6273437500000000E+01
3.2551218718290329E+01	3.6273437500000000E+01
3.2619758665561676E+01	3.6273437500000000E+01
3.2688273154199123E+01	3.6273437500000000E+01
3.2756827667355537E+01	3.6273437500000000E+01
3.2825347736477852E+01	3.6273437500000000E+01
3.2893866665661335E+01	3.6273437500000000E+01
3.2962451346218586E+01	3.6273437500000000E+01
3.3030874840915203E+01	3.6273437500000000E+01
3.3099253520369530E+01	3.6273437500000000E+01
3.3167956389486790E+01	3.6273437500000000E+01
3.3237138748168945E+01	3.6273437500000000E+01
3.3306323446333408E+01	3.6273437500000000E+01
3.3375443257391453E+01	3.6273437500000000E+01
3.3444632910192013E+01	3.6273437500000000E+01
3.3513814844191074E+01	3.6273437500000000E+01
3.3583029478788376E+01	3.6273437500000000E+01
3.3652225762605667E+01	3.6273437500000000E+01
3.3721511550247669E+01	3.6273437500000000E+01
3.3790814153850079E+01	3.6273437500000000E+01
3.3859989285469055E+01	3.6273437500000000E+01
3.3929149553179741E+01	3.6273437500000000E+01
3.3998223282396793E+01	3.6273437500000000E+01
3.4067176587879658E+01	3.6273437500000000E+01
3.4136132434010506E+01	3.6273437500000000E+01
3.4204965502023697E+01	3.6273437500000000E+01
3.4273672461509705E+01	3.6273437500000000E+01
3.4342043943703175E+01	3.6273437500000000E+01
3.4410362824797630E+01	3.6273437500000000E+01
3.4478687211871147E+01	3.6273437500000000E+01
3.4547392569482327E+01	3.6273437500000000E+01
3.4615885458886623E+01	3.6273437500000000E+01
3.4684377171099186E+01	3.6273437500000000E+01
3.4752871617674828E+01	3.6273437500000000E+01
3.4821387946605682E+01	3.6273437500000000E+01
3.4889824382960796E+01	3.6273437500000000E+01
3.4958204478025436E+01	3.6273437500000000E+01
3.5026718735694885E+01	3.6273437500000000E+01
3.5095266111195087E+01	3.6273437500000000E+01
3.5163681961596012E+01	3.6273437500000000E+01
3.5232099786400795E+01	3.6273437500000000E+01
3.5300727777183056E+01	3.6273437500000000E+01
3.5369293004274368E+01	3.6273437500000000E+01
3.5437803506851196E+01	3.6273437500000000E+01
3.5506221927702427E+01	3.6273437500000000E+01
3.5574652560055256E+01	3.6273437500000000E+01
3.5643038034439087E+01	3.6273437500000000E+01
3.5711517117917538E+01	3.6273437500000000E+01
3.5779967695474625E+01	3.6273437500000000E+01
3.5848462760448456E+01	3.6273437500000000E+01
3.5916867211461067E+01	3.6273437500000000E+01
3.5985293358564377E+01	3.6273437500000000E+01
3.6053765207529068E+01	3.6273437500000000E+01
3.6122240029275417E+01	3.6273437500000000E+01
3.6190751112997532E+01	3.6273437500000000E+01
3.6259169280529022E+01	3.6273437500000000E+01
3.6327651873230934E+01	3.6273437500000000E+01
3.6396099135279655E+01	3.6273437500000000E+01
3.6464537531137466E+01	3.6273437500000000E+01
3.6533008679747581E+01	3.6273437500000000E+01
3.6601459756493568E+01	3.6273437500000000E+01
3.6669889062643051E+01	3.6273437500000000E+01
3.6738361984491348E+01	3.6273437500000000E+01
3.6806731343269348E+01	3.6273437500000000E+01
3.6875105477869511E+01	3.6273437500000000E+01
3.6943536110222340E+01	3.6273437500000000E+01
3.7011952407658100E+01	3.6273437500000000E+01
3.7080475464463234E+01	3.6273437500000000E+01
3.7148995675146580E+01	3.6273437500000000E+01
3.7217535920441151E+01	3.6273437500000000E+01
3.7285986185073853E+01	3.6273437500000000E+01
3.7354497559368610E+01	3.6273437500000000E+01
3.7422963321208954E+01	3.6273437500000000E+01
3.7491468094289303E+01	3.6273437500000000E+01
3.7559896871447563E+01	3.6273437500000000E+01
3.7628315001726151E+01	3.6273437500000000E+01
3.7696810513734818E+01	3.6273437500000000E+01
3.7765293113887310E+01	3.6273437500000000E+01
3.7833796665072441E+01	3.6273437500000000E+01
3.7902328476309776E+01	3.6273437500000000E+01
3.7970784433186054E+01	3.6273437500000000E+01
3.8039213940501213E+01	3.6273437500000000E+01
3.8107650004327297E+01	3.6273437500000000E+01
3.8176127113401890E+01	3.6273437500000000E+01
3.8244586460292339E+01	3.6273437500000000E+01
3.8313081920146942E+01	3.6273437500000000E+01
3.8381556630134583E+01	3.6273437500000000E+01
3.8449954159557819E+01	3.6273437500000000E+01
3.8518439903855324E+01	3.6273437500000000E+01
3.8586862102150917E+01	3.6273437500000000E+01
3.8655286416411400E+01	3.6273437500000000E+01
3.8723688624799252E+01	3.6273437500000000E+01
3.8792147040367126E+01	3.6273437500000000E+01
3.8860598199069500E+01	3.6273437500000000E+01
3.8929656520485878E+01	3.6277343750000000E+01
3.8998218841850758E+01	3.6277343750000000E+01
3.9066622883081436E+01	3.6277343750000000E+01
3.9135046005249023E+01	3.6277343750000000E+01
3.9203441485762596E+01	3.6277343750000000E+01
3.9271927259862423E+01	3.6277343750000000E+01
3.9340431936085224E+01	3.6277343750000000E+01
3.9408871382474899E+01	3.6277343750000000E+01
3.9477327220141888E+01	3.6277343750000000E+01
3.9545738272368908E+01	3.6277343750000000E+01
3.9614198632538319E+01	3.6277343750000000E+01
3.9682536885142326E+01	3.6277343750000000E+01
3.9751043073832989E+01	3.6277343750000000E+01
3.9819504894316196E+01	3.6277343750000000E+01
3.9887993618845940E+01	3.6277343750000000E+01
3.9956362351775169E+01	3.6277343750000000E+01
4.0024861522018909E+01	3.6277343750000000E+01
4.0093214340507984E+01	3.6277343750000000E+01
4.0161683760583401E+01	3.6277343750000000E+01
4.0230133980512619E+01	3.6277343750000000E+01
4.0298586174845695E+01	3.6277343750000000E+01
4.0367022380232811E+01	3.6277343750000000E+01
4.0435515739023685E+01	3.6277343750000000E+01
4.0504038445651531E+01	3.6277343750000000E+01
4.0572532050311565E+01	3.6277343750000000E+01
4.0640956170856953E+01	3.6277343750000000E+01
4.0709444634616375E+01	3.6277343750000000E+01
4.0777925491333008E+01	3.6277343750000000E+01
4.0846389256417751E+01	3.6277343750000000E+01
4.0914803951978683E+01	3.6277343750000000E+01
4.0983242273330688E+01	3.6277343750000000E+01
4.1051783539354801E+01	3.6277343750000000E+01
4.1120292723178864E+01	3.6277343750000000E+01
4.1188735045492649E+01	3.6277343750000000E+01
4.1263280585408211E+01	3.6277343750000000E+01
4.1337789803743362E+01	3.6277343750000000E+01
4.1409755729138851E+01	3.6277343750000000E+01
4.1479330405592918E+01	3.6277343750000000E+01
4.1547761045396328E+01	3.6277343750000000E+01
4.1616087913513184E+01	3.6277343750000000E+01
4.1684763886034489E+01	3.6277343750000000E+01
4.1753215104341507E+01	3.6277343750000000E+01
4.1821712084114552E+01	3.6277343750000000E+01
4.1890063807368279E+01	3.6277343750000000E+01
4.1958461128175259E+01	3.6277343750000000E+01
4.2026849552989006E+01	3.6277343750000000E+01
4.2095187351107597E+01	3.6277343750000000E+01
4.2163599722087383E+01	3.6277343750000000E+01
4.2231990471482277E+01	3.6277343750000000E+01
4.2300382219254971E+01	3.6277343750000000E+01
4.2368912339210510E+01	3.6277343750000000E+01
4.2437451362609863E+01	3.6277343750000000E+01
4.2505887091159821E+01	3.6277343750000000E+01
4.2574352711439133E+01	3.6277343750000000E+01
4.2643135383725166E+01	3.6277343750000000E+01
4.2711659371852875E+01	3.6277343750000000E+01
4.2780056744813919E+01	3.6277343750000000E+01
4.2848781228065491E+01	3.6277343750000000E+01
4.2917279027402401E+01	3.6277343750000000E+01
4.2985697776079178E+01	3.6277343750000000E+01
4.3054222695529461E+01	3.6277343750000000E+01
4.3122717507183552E+01	3.6277343750000000E+01
4.3191180266439915E+01	3.6277343750000000E+01
4.3259654447436333E+01	3.6277343750000000E+01
4.3328074894845486E+01	3.6277343750000000E+01
4.3396578699350357E+01	3.6277343750000000E+01
4.3465066649019718E+01	3.6277343750000000E+01
4.3533563718199730E+01	3.6277343750000000E+01
4.3602087654173374E+01	3.6277343750000000E+01
4.3670570366084576E+01	3.6277343750000000E+01
4.3739027135074139E+01	3.6277343750000000E+01
4.3807450756430626E+01	3.6277343750000000E+01
4.3875919863581657E+01	3.6277343750000000E+01
4.3944838434457779E+01	3.6277343750000000E+01
4.4013962358236313E+01	3.6277343750000000E+01
4.4083045385777950E+01	3.6277343750000000E+01
4.4152007572352886E+01	3.6277343750000000E+01
4.4221136301755905E+01	3.6277343750000000E+01
4.4290199592709541E+01	3.6277343750000000E+01
4.4359418816864491E+01	3.6277343750000000E+01
4.4428518831729889E+01	3.6277343750000000E+01
4.4497621446847916E+01	3.6277343750000000E+01
4.4566652208566666E+01	3.6277343750000000E+01
4.4635658107697964E+01	3.6277343750000000E+01
4.4704622417688370E+01	3.6277343750000000E+01
4.4773497693240643E+01	3.6277343750000000E+01
4.4842251956462860E+01	3.6277343750000000E+01
4.4910870872437954E+01	3.6277343750000000E+01
4.4979396335780621E+01	3.6277343750000000E+01
4.5047766961157322E+01	3.6277343750000000E+01
4.5115950182080269E+01	3.6277343750000000E+01
4.5184213526546955E+01	3.6277343750000000E+01
4.5252517096698284E+01	3.6277343750000000E+01
4.5320993296802044E+01	3.6277343750000000E+01
4.5389488376677036E+01	3.6277343750000000E+01
4.5457900658249855E+01	3.6277343750000000E+01
4.5526364214718342E+01	3.6277343750000000E+01
4.5594761468470097E+01	3.6277343750000000E+01
4.5663212954998016E+01	3.6277343750000000E+01
4.5731706567108631E+01	3.6277343750000000E+01
4.5800115048885345E+01	3.6277343750000000E+01
4.5868546165525913E+01	3.6277343750000000E+01
4.5936992593109608E+01	3.6277343750000000E+01
4.6005480363965034E+01	3.6277343750000000E+01
4.6073941640555859E+01	3.6277343750000000E+01
4.6142390139400959E+01	3.6277343750000000E+01
4.6210850961506367E+01	3.6277343750000000E+01
4.6279267862439156E+01	3.6277343750000000E+01
4.6347707211971283E+01	3.6277343750000000E+01
4.6416162133216858E+01	3.6277343750000000E+01
4.6484626501798630E+01	3.6277343750000000E+01
4.6553133569657803E+01	3.6277343750000000E+01
4.6621564000844955E+01	3.6277343750000000E+01
4.6689999818801880E+01	3.6277343750000000E+01
4.6758348487317562E+01	3.6277343750000000E+01
4.6826793000102043E+01	3.6277343750000000E+01
4.6895190581679344E+01	3.6277343750000000E+01
4.6963630273938179E+01	3.6277343750000000E+01
4.7032118074595928E+01	3.6277343750000000E+01
4.7100544504821301E+01	3.6277343750000000E+01
4.7168975606560707E+01	3.6277343750000000E+01
4.7237408094108105E+01	3.6277343750000000E+01
4.7305838063359261E+01	3.6277343750000000E+01
4.7374296121299267E+01	3.6277343750000000E+01
4.7442783743143082E+01	3.6277343750000000E+01
4.7511205978691578E+01	3.6277343750000000E+01
4.7579684473574162E+01	3.6277343750000000E+01
4.7648225717246532E+01	3.6277343750000000E+01
4.7716714821755886E+01	3.6277343750000000E+01
4.7785179495811462E+01	3.6277343750000000E+01
4.7853538513183594E+01	3.6277343750000000E+01
4.7921904042363167E+01	3.6277343750000000E+01
4.7990318454802036E+01	3.6277343750000000E+01
4.8058694161474705E+01	3.6277343750000000E+01
4.8127111978828907E+01	3.6277343750000000E+01
4.8195620343089104E+01	3.6277343750000000E+01
4.8264130540192127E+01	3.6277343750000000E+01
4.8332540795207024E+01	3.6277343750000000E+01
4.8400833919644356E+01	3.6277343750000000E+01
4.8469294607639313E+01	3.6277343750000000E+01
4.8537967525422573E+01	3.6277343750000000E+01
4.8606364682316780E+01	3.6277343750000000E+01
4.8674801118671894E+01	3.6277343750000000E+01
4.8743239857256413E+01	3.6277343750000000E+01
4.8811628796160221E+01	3.6277343750000000E+01
4.8880093008279800E+01	3.6277343750000000E+01
4.8948454983532429E+01	3.6277343750000000E+01
4.9016839817166328E+01	3.6277343750000000E+01
4.9085253030061722E+01	3.6277343750000000E+01
4.9153621897101402E+01	3.6277343750000000E+01
4.9222020179033279E+01	3.6277343750000000E+01
4.9290444195270538E+01	3.6277343750000000E+01
4.9358902052044868E+01	3.6277343750000000E+01
4.9427314914762974E+01	3.6277343750000000E+01
4.9495731242001057E+01	3.6277343750000000E+01
4.9564153417944908E+01	3.6277343750000000E+01
4.9632601320743561E+01	3.6277343750000000E+01
4.9701022133231163E+01	3.6277343750000000E+01
4.9769497282803059E+01	3.6277343750000000E+01
4.9837939202785492E+01	3.6277343750000000E+01
4.9906312800943851E+01	3.6277343750000000E+01
4.9974696867167950E+01	3.6277343750000000E+01
5.0043115064501762E+01	3.6277343750000000E+01
5.0111578859388828E+01	3.6277343750000000E+01
5.0180048428475857E+01	3.6277343750000000E+01
5.0248444408178329E+01	3.6277343750000000E+01
5.0316836342215538E+01	3.6277343750000000E+01
5.0385260075330734E+01	3.6277343750000000E+01
5.0453632414340973E+01	3.6277343750000000E+01
5.0522053398191929E+01	3.6277343750000000E+01
5.0590475678443909E+01	3.6277343750000000E+01
5.0658837594091892E+01	3.6277343750000000E+01
5.0727124109864235E+01	3.6277343750000000E+01
5.0795506425201893E+01	3.6277343750000000E+01
5.0863850601017475E+01	3.6277343750000000E+01
5.0932209312915802E+01	3.6277343750000000E+01
5.1000584602355957E+01	3.6277343750000000E+01
5.1069004163146019E+01	3.6277343750000000E+01
5.1137352496385574E+01	3.6277343750000000E+01
5.1205761626362801E+01	3.6277343750000000E+01
5.1274045638740063E+01	3.6277343750000000E+01
5.1342478081583977E+01	3.6277343750000000E+01
5.1410895965993404E+01	3.6277343750000000E+01
5.1479288302361965E+01	3.6277343750000000E+01
5.1547657698392868E+01	3.6277343750000000E+01
5.1616045922040939E+01	3.6277343750000000E+01
5.1684572555124760E+01	3.6277343750000000E+01
5.1753088526427746E+01	3.6277343750000000E+01
5.1821625314652920E+01	3.6277343750000000E+01
5.1890188813209534E+01	3.6277343750000000E+01
5.1958888120949268E+01	3.6277343750000000E+01
5.2027277685701847E+01	3.6277343750000000E+01
5.2095708139240742E+01	3.6277343750000000E+01
5.2164229229092598E+01	3.6277343750000000E+01
5.2232649318873882E+01	3.6277343750000000E+01
5.2300995767116547E+01	3.6277343750000000E+01
5.2369470492005348E+01	3.6277343750000000E+01
5.2438039474189281E+01	3.6277343750000000E+01
5.2506660632789135E+01	3.6277343750000000E+01
5.2575237490236759E+01	3.6277343750000000E+01
5.2643800601363182E+01	3.6277343750000000E+01
5.2712620854377747E+01	3.6277343750000000E+01
5.2781236357986927E+01	3.6277343750000000E+01
5.2849805146455765E+01	3.6277343750000000E+01
5.2918339274823666E+01	3.6277343750000000E+01
5.2986907497048378E+01	3.6277343750000000E+01
5.3055353738367558E+01	3.6277343750000000E+01
5.3123817667365074E+01	3.6277343750000000E+01
5.3192475304007530E+01	3.6277343750000000E+01
5.3261521004140377E+01	3.6277343750000000E+01
5.3330564267933369E+01	3.6277343750000000E+01
5.3399554923176765E+01	3.6277343750000000E+01
5.3468607135117054E+01	3.6277343750000000E+01
5.3537631601095200E+01	3.6277343750000000E+01
5.3606803178787231E+01	3.6277343750000000E+01
5.3675938606262207E+01	3.6277343750000000E+01
5.3745064578950405E+01	3.6277343750000000E+01
5.3814209394156933E+01	3.6277343750000000E+01
5.3883159853518009E+01	3.6277343750000000E+01
5.3952149152755737E+01	3.6277343750000000E+01
5.4021385021507740E+01	3.6277343750000000E+01
5.4090976588428020E+01	3.6277343750000000E+01
5.4160477854311466E+01	3.6277343750000000E+01
5.4229911319911480E+01	3.6277343750000000E+01
5.4299182474613190E+01	3.6277343750000000E+01
5.4368194386363029E+01	3.6277343750000000E+01
5.4437166750431061E+01	3.6277343750000000E+01
5.4506211079657078E+01	3.6277343750000000E+01
5.4575296267867088E+01	3.6277343750000000E+01
5.4644358813762665E+01	3.6277343750000000E+01
5.4713515631854534E+01	3.6277343750000000E+01
5.4782597549259663E+01	3.6277343750000000E+01
5.4851616874337196E+01	3.6277343750000000E+01
5.4920601315796375E+01	3.6277343750000000E+01
5.4989488840103149E+01	3.6277343750000000E+01
5.5058106310665607E+01	3.6277343750000000E+01
5.5126562595367432E+01	3.6277343750000000E+01
5.5194876395165920E+01	3.6277343750000000E+01
5.5263109371066093E+01	3.6277343750000000E+01
5.5331469230353832E+01	3.6277343750000000E+01
5.5399789199233055E+01	3.6277343750000000E+01
5.5468133755028248E+01	3.6277343750000000E+01
5.5536490239202976E+01	3.6277343750000000E+01
5.5604814708232880E+01	3.6277343750000000E+01
5.5673176653683186E+01	3.6277343750000000E+01
5.5741613231599331E+01	3.6277343750000000E+01
5.5809992440044880E+01	3.6277343750000000E+01
5.5878355577588081E+01	3.6277343750000000E+01
5.5946779504418373E+01	3.6277343750000000E+01
5.6015218615531921E+01	3.6277343750000000E+01
5.6083732202649117E+01	3.6277343750000000E+01
5.6152176998555660E+01	3.6277343750000000E+01
5.6220658734440804E+01	3.6277343750000000E+01
5.6289111927151680E+01	3.6277343750000000E+01
5.6357474528253078E+01	3.6277343750000000E+01
5.6425943166017532E+01	3.6277343750000000E+01
5.6494441546499729E+01	3.6277343750000000E+01
5.6562907882034779E+01	3.6277343750000000E+01
5.6631417065858841E+01	3.6277343750000000E+01
5.6699852347373962E+01	3.6277343750000000E+01
5.6768334031105042E+01	3.6277343750000000E+01
5.6836865663528442E+01	3.6277343750000000E+01
5.6905355826020241E+01	3.6277343750000000E+01
5.6973812118172646E+01	3.6277343750000000E+01
5.7042216755449772E+01	3.6277343750000000E+01
5.7110672354698181E+01	3.6277343750000000E+01
5.7179132238030434E+01	3.6277343750000000E+01
5.7247567862272263E+01	3.6277343750000000E+01
5.7316025309264660E+01	3.6277343750000000E+01
5.7384477339684963E+01	3.6277343750000000E+01
5.7452916130423546E+01	3.6277343750000000E+01
5.7521391578018665E+01	3.6277343750000000E+01
5.7589833743870258E+01	3.6277343750000000E+01
5.7658267319202423E+01	3.6277343750000000E+01
5.7726765714585781E+01	3.6277343750000000E+01
5.7795210279524326E+01	3.6277343750000000E+01
5.7863715738058090E+01	3.6277343750000000E+01
5.7932092778384686E+01	3.6277343750000000E+01
5.8000550203025341E+01	3.6277343750000000E+01
5.8069066777825356E+01	3.6277343750000000E+01
5.8137543477118015E+01	3.6277343750000000E+01
5.8205923795700073E+01	3.6277343750000000E+01
5.8274294361472130E+01	3.6277343750000000E+01
5.8342685334384441E+01	3.6277343750000000E+01
5.8411055445671082E+01	3.6277343750000000E+01
5.8479466162621975E+01	3.6277343750000000E+01
5.8547810055315495E+01	3.6277343750000000E+01
5.8616163529455662E+01	3.6277343750000000E+01
5.8684661746025085E+01	3.6277343750000000E+01
5.8753192946314812E+01	3.6277343750000000E+01
5.8821706481277943E+01	3.6277343750000000E+01
5.8890217036008835E+01	3.6277343750000000E+01
5.8958974212408066E+01	3.6277343750000000E+01
5.9027417257428169E+01	3.6277343750000000E+01
5.9095993645489216E+01	3.6277343750000000E+01
5.9164528168737888E+01	3.6277343750000000E+01
5.9232958637177944E+01	3.6277343750000000E+01
5.9301460884511471E+01	3.6277343750000000E+01
5.9369901157915592E+01	3.6277343750000000E+01
5.9438346661627293E+01	3.6277343750000000E+01
5.9506715632975101E+01	3.6277343750000000E+01
5.9575061485171318E+01	3.6277343750000000E+01
5.9643388360738754E+01	3.6277343750000000E+01
5.9711756967008114E+01	3.6277343750000000E+01
5.9780095547437668E+01	3.6277343750000000E+01
5.9848557591438293E+01	3.6277343750000000E+01
5.9916989833116531E+01	3.6277343750000000E+01
5.9985597498714924E+01	3.6277343750000000E+01
6.0054103061556816E+01	3.6277343750000000E+01
6.0122785814106464E+01	3.6277343750000000E+01
6.0191563278436661E+01	3.6277343750000000E+01
6.0260913148522377E+01	3.6277343750000000E+01
6.0330200985074043E+01	3.6277343750000000E+01
6.0399281434714794E+01	3.6277343750000000E+01
6.0468485288321972E+01	3.6277343750000000E+01
6.0537667147815228E+01	3.6277343750000000E+01
6.0606866151094437E+01	3.6277343750000000E+01
6.0676016241312027E+01	3.6277343750000000E+01
6.0745255015790462E+01	3.6277343750000000E+01
6.0814522348344326E+01	3.6277343750000000E+01
6.0883701272308826E+01	3.6277343750000000E+01
6.0952851295471191E+01	3.6277343750000000E+01
6.1021840773522854E+01	3.6277343750000000E+01
6.1090778835117817E+01	3.6277343750000000E+01
6.1159633599221706E+01	3.6277343750000000E+01
6.1228310167789459E+01	3.6277343750000000E+01
6.1296814419329166E+01	3.6277343750000000E+01
6.1365263596177101E+01	3.6277343750000000E+01
6.1433951050043106E+01	3.6277343750000000E+01
6.1502898678183556E+01	3.6277343750000000E+01
6.1572110608220100E+01	3.6277343750000000E+01
6.1641602195799351E+01	3.6277343750000000E+01
6.1711133129894733E+01	3.6277343750000000E+01
6.1780638866126537E+01	3.6277343750000000E+01
6.1850177690386772E+01	3.6277343750000000E+01
6.1919776558876038E+01	3.6277343750000000E+01
6.1989374548196793E+01	3.6277343750000000E+01
6.2059041649103165E+01	3.6277343750000000E+01
6.2128691919147968E+01	3.6277343750000000E+01
6.2198393888771534E+01	3.6277343750000000E+01
6.2268066152930260E+01	3.6277343750000000E+01
6.2337840221822262E+01	3.6277343750000000E+01
6.2407594293355942E+01	3.6277343750000000E+01
6.2477233022451401E+01	3.6277343750000000E+01
6.2546711996197701E+01	3.6277343750000000E+01
6.2615875132381916E+01	3.6277343750000000E+01
6.2684539712965488E+01	3.6277343750000000E+01
6.2752986848354340E+01	3.6277343750000000E+01
6.2821357555687428E+01	3.6277343750000000E+01
6.2889631912112236E+01	3.6277343750000000E+01
6.2957923904061317E+01	3.6277343750000000E+01
6.3026320815086365E+01	3.6277343750000000E+01
6.3094765946269035E+01	3.6277343750000000E+01
6.3163190633058548E+01	3.6277343750000000E+01
6.3231726959347725E+01	3.6277343750000000E+01
6.3300265260040760E+01	3.6277343750000000E+01
6.3368716202676296E+01	3.6277343750000000E+01
6.3437154874205589E+01	3.6277343750000000E+01
6.3505644097924232E+01	3.6277343750000000E+01
6.3574094794690609E+01	3.6277343750000000E+01
6.3642531163990498E+01	3.6277343750000000E+01
6.3710959143936634E+01	3.6277343750000000E+01
6.3779433310031891E+01	3.6277343750000000E+01
6.3847871728241444E+01	3.6277343750000000E+01
6.3916337639093399E+01	3.6277343750000000E+01
6.3984774224460125E+01	3.6277343750000000E+01
6.4053211830556393E+01	3.6277343750000000E+01
6.4121659368276596E+01	3.6277343750000000E+01
6.4190134711563587E+01	3.6277343750000000E+01
6.4258497655391693E+01	3.6277343750000000E+01
6.4326983697712421E+01	3.6277343750000000E+01
6.4395452454686165E+01	3.6277343750000000E+01
6.4463909655809402E+01	3.6277343750000000E+01
6.4532340779900551E+01	3.6277343750000000E+01
6.4600725911557674E+01	3.6277343750000000E+01
6.4669058442115784E+01	3.6277343750000000E+01
6.4737460300326347E+01	3.6277343750000000E+01
6.4805873885750771E+01	3.6277343750000000E+01
6.4874263606965542E+01	3.6277343750000000E+01
6.4942693121731281E+01	3.6277343750000000E+01
6.5011086061596870E+01	3.6277343750000000E+01
6.5079517208039761E+01	3.6277343750000000E+01
6.5147857762873173E+01	3.6277343750000000E+01
6.5216133750975132E+01	3.6277343750000000E+01
6.5284464165568352E+01	3.6277343750000000E+01
6.5352799825370312E+01	3.6277343750000000E+01
6.5421007223427296E+01	3.6277343750000000E+01
6.5489219345152378E+01	3.6277343750000000E+01
6.5557781234383583E+01	3.6277343750000000E+01
6.5626046985387802E+01	3.6277343750000000E+01
6.5694332033395767E+01	3.6277343750000000E+01
6.5762735120952129E+01	3.6277343750000000E+01
6.5831194497644901E+01	3.6277343750000000E+01
6.5899580426514149E+01	3.6277343750000000E+01
6.5968004219233990E+01	3.6277343750000000E+01
6.6036489017307758E+01	3.6277343750000000E+01
6.6105265080928802E+01	3.6277343750000000E+01
6.6173808038234711E+01	3.6277343750000000E+01
6.6242356747388840E+01	3.6277343750000000E+01
6.6310914702713490E+01	3.6277343750000000E+01
6.6379457592964172E+01	3.6277343750000000E+01
6.6448014289140701E+01	3.6277343750000000E+01
6.6516537792980671E+01	3.6277343750000000E+01
6.6585042834281921E+01	3.6277343750000000E+01
6.6653613217175007E+01	3.6277343750000000E+01
6.6722122915089130E+01	3.6277343750000000E+01
6.6790632337331772E+01	3.6277343750000000E+01
6.6859135322272778E+01	3.6277343750000000E+01
6.6927668213844299E+01	3.6277343750000000E+01
6.6996168069541454E+01	3.6277343750000000E+01
6.7064717449247837E+01	3.6277343750000000E+01
6.7133251830935478E+01	3.6277343750000000E+01
6.7201674290001392E+01	3.6277343750000000E+01
6.7270164594054222E+01	3.6277343750000000E+01
6.7339503273367882E+01	3.6277343750000000E+01
6.7408816650509834E+01	3.6277343750000000E+01
6.7477993369102478E+01	3.6277343750000000E+01
6.7547044858336449E+01	3.6277343750000000E+01
6.7616235449910164E+01	3.6277343750000000E+01
6.7685337334871292E+01	3.6277343750000000E+01
6.7754402466118336E+01	3.6277343750000000E+01
6.7823517441749573E+01	3.6277343750000000E+01
6.7892510510981083E+01	3.6277343750000000E+01
6.7961492002010345E+01	3.6277343750000000E+01
6.8030531086027622E+01	3.6277343750000000E+01
6.8099441662430763E+01	3.6277343750000000E+01
6.8168203338980675E+01	3.6277343750000000E+01
6.8237126901745796E+01	3.6277343750000000E+01
6.8306011766195297E+01	3.6277343750000000E+01
6.8374636054039001E+01	3.6277343750000000E+01
6.8443553261458874E+01	3.6277343750000000E+01
6.8514242455363274E+01	3.6277343750000000E+01
