0.0000000000000000E+00	1.5240000000000002E+00
9.2092092092092093E+02	1.5240184040163769E+00
1.8418418418418419E+03	1.5240130213481162E+00
2.7627627627627626E+03	1.5240190615767786E+00
3.6836836836836837E+03	1.5240117144732799E+00
4.6046046046046049E+03	1.5240160492712529E+00
5.5255255255255252E+03	1.5240146231786718E+00
6.4464464464464463E+03	1.5240161083672004E+00
7.3673673673673675E+03	1.5240187407836441E+00
8.2882882882882877E+03	1.5240129771454685E+00
9.2092092092092098E+03	1.5240171577446446E+00
1.0130130130130130E+04	1.5240055173526978E+00
1.1051051051051050E+04	1.5240190990433580E+00
1.1971971971971972E+04	1.5240118091178321E+00
1.2892892892892893E+04	1.5240191754449297E+00
1.3813813813813815E+04	1.5240054102413256E+00
1.4734734734734735E+04	1.5240168962324370E+00
1.5655655655655655E+04	1.5240138753072581E+00
1.6576576576576575E+04	1.5240182796413977E+00
1.7497497497497498E+04	1.5240163106132405E+00
1.8418418418418420E+04	1.5240144094156196E+00
1.9339339339339338E+04	1.5240163123204806E+00
2.0260260260260260E+04	1.5240108762117328E+00
2.1181181181181182E+04	1.5240193421228181E+00
2.2102102102102101E+04	1.5240129592226896E+00
2.3023023023023023E+04	1.5240182325008886E+00
2.3943943943943945E+04	1.5240005036120556E+00
2.4864864864864867E+04	1.5240183421204938E+00
2.5785785785785785E+04	1.5240131855193164E+00
2.6706706706706707E+04	1.5240187815008286E+00
2.7627627627627629E+04	1.5240125655962069E+00
2.8548548548548548E+04	1.5240153746100025E+00
2.9469469469469470E+04	1.5240149399647607E+00
3.0390390390390392E+04	1.5240158197886429E+00
3.1311311311311310E+04	1.5240188696130161E+00
3.2232232232232232E+04	1.5240123538733299E+00
3.3153153153153151E+04	1.5240173928644722E+00
3.4074074074074073E+04	1.5240051742451015E+00
3.4994994994994995E+04	1.5240188590182615E+00
3.5915915915915917E+04	1.5240125499961912E+00
3.6836836836836839E+04	1.5240190218427880E+00
3.7757757757757761E+04	1.5240060215987397E+00
3.8678678678678676E+04	1.5240165938329184E+00
3.9599599599599598E+04	1.5240143893484983E+00
4.0520520520520520E+04	1.5240174801585549E+00
4.1441441441441442E+04	1.5240167657709438E+00
4.2362362362362364E+04	1.5240142157208201E+00
4.3283283283283286E+04	1.5240163699656719E+00
4.4204204204204201E+04	1.5240102782365197E+00
4.5125125125125123E+04	1.5240194512927745E+00
4.6046046046046045E+04	1.5240130048318008E+00
4.6966966966966967E+04	1.5240180657698374E+00
4.7887887887887890E+04	1.5240013225741826E+00
4.8808808808808812E+04	1.5240179538476921E+00
4.9729729729729734E+04	1.5240134414046311E+00
5.0650650650650648E+04	1.5240185428785975E+00
5.1571571571571571E+04	1.5240132464185652E+00
5.2492492492492493E+04	1.5240145224612980E+00
5.3413413413413415E+04	1.5240152374863700E+00
5.4334334334334337E+04	1.5240155391953072E+00
5.5255255255255259E+04	1.5240188483595989E+00
5.6176176176176174E+04	1.5240125026704070E+00
5.7097097097097096E+04	1.5240174895726797E+00
5.8018018018018018E+04	1.5240048480367325E+00
5.8938938938938940E+04	1.5240185626011773E+00
5.9859859859859862E+04	1.5240132826616917E+00
6.0780780780780784E+04	1.5240185840532510E+00
6.1701701701701706E+04	1.5240067187917938E+00
6.2622622622622621E+04	1.5240163214042250E+00
6.3543543543543543E+04	1.5240146279215214E+00
6.4464464464464465E+04	1.5240166549412260E+00
6.5385385385385387E+04	1.5240171429381193E+00
6.6306306306306302E+04	1.5240141459159604E+00
6.7227227227227224E+04	1.5240162584678492E+00
6.8148148148148146E+04	1.5240104980459670E+00
6.9069069069069068E+04	1.5240193672200091E+00
6.9989989989989990E+04	1.5240131518272546E+00
7.0910910910910912E+04	1.5240178563121578E+00
7.1831831831831834E+04	1.5240020027867984E+00
7.2752752752752756E+04	1.5240172674606862E+00
7.3673673673673678E+04	1.5240137097739370E+00
7.4594594594594600E+04	1.5240183867417085E+00
7.5515515515515523E+04	1.5240135965182469E+00
7.6436436436436445E+04	1.5240139521597400E+00
7.7357357357357352E+04	1.5240154653828770E+00
7.8278278278278274E+04	1.5240153795218150E+00
7.9199199199199196E+04	1.5240186868091328E+00
8.0120120120120118E+04	1.5240132332027569E+00
8.1041041041041040E+04	1.5240173425387424E+00
8.1961961961961963E+04	1.5240046764556192E+00
8.2882882882882885E+04	1.5240182855838977E+00
8.3803803803803807E+04	1.5240137406542016E+00
8.4724724724724729E+04	1.5240178293805533E+00
8.5645645645645651E+04	1.5240073769545506E+00
8.6566566566566573E+04	1.5240161455787318E+00
8.7487487487487495E+04	1.5240146198286351E+00
8.8408408408408402E+04	1.5240164672243683E+00
8.9329329329329325E+04	1.5240173742537400E+00
9.0250250250250247E+04	1.5240141838273944E+00
9.1171171171171169E+04	1.5240160607120201E+00
9.2092092092092091E+04	1.5240110004381620E+00
9.3013013013013013E+04	1.5240189779760593E+00
9.3933933933933935E+04	1.5240133795085322E+00
9.4854854854854857E+04	1.5240176890873012E+00
9.5775775775775779E+04	1.5240023769132822E+00
9.6696696696696701E+04	1.5240164166470331E+00
9.7617617617617623E+04	1.5240139658842016E+00
9.8538538538538545E+04	1.5240183132832104E+00
9.9459459459459467E+04	1.5240137252748658E+00
1.0038038038038037E+05	1.5240142284734031E+00
1.0130130130130130E+05	1.5240155039901560E+00
1.0222222222222222E+05	1.5240153377126426E+00
1.0314314314314314E+05	1.5240184858001802E+00
1.0406406406406406E+05	1.5240139061474409E+00
1.0498498498498499E+05	1.5240168667426084E+00
1.0590590590590591E+05	1.5240046037428063E+00
1.0682682682682683E+05	1.5240180535849848E+00
1.0774774774774775E+05	1.5240138931772658E+00
1.0866866866866867E+05	1.5240171599895036E+00
1.0958958958958960E+05	1.5240079397588553E+00
1.1051051051051052E+05	1.5240160752211254E+00
1.1143143143143144E+05	1.5240144763624195E+00
1.1235235235235235E+05	1.5240170433963949E+00
1.1327327327327327E+05	1.5240173676459785E+00
1.1419419419419419E+05	1.5240143387590439E+00
1.1511511511511511E+05	1.5240158415700988E+00
1.1603603603603604E+05	1.5240112692020460E+00
1.1695695695695696E+05	1.5240182887704641E+00
1.1787787787787788E+05	1.5240136249283864E+00
1.1879879879879880E+05	1.5240175856199469E+00
1.1971971971971972E+05	1.5240025196790237E+00
1.2064064064064065E+05	1.5240159707299901E+00
1.2156156156156157E+05	1.5240141193514598E+00
1.2248248248248249E+05	1.5240183608531674E+00
1.2340340340340341E+05	1.5240137310072877E+00
1.2432432432432432E+05	1.5240149730234271E+00
1.2524524524524524E+05	1.5240152957566149E+00
1.2616616616616616E+05	1.5240153843997675E+00
1.2708708708708709E+05	1.5240182721869326E+00
1.2800800800800801E+05	1.5240142880975382E+00
1.2892892892892893E+05	1.5240161194741295E+00
1.2984984984984985E+05	1.5240045429567046E+00
1.3077077077077077E+05	1.5240179338869397E+00
1.3169169169169170E+05	1.5240138248826227E+00
1.3261261261261260E+05	1.5240172057160335E+00
1.3353353353353354E+05	1.5240083464352008E+00
1.3445445445445445E+05	1.5240161367245686E+00
1.3537537537537538E+05	1.5240142364332914E+00
1.3629629629629629E+05	1.5240177664139596E+00
1.3721721721721723E+05	1.5240170684541983E+00
1.3813813813813814E+05	1.5240145255125441E+00
1.3905905905905907E+05	1.5240156916094332E+00
1.3997997997997998E+05	1.5240112096565646E+00
1.4090090090090092E+05	1.5240174769583577E+00
1.4182182182182182E+05	1.5240138419108009E+00
1.4274274274274273E+05	1.5240175966798120E+00
1.4366366366366367E+05	1.5240025069023817E+00
1.4458458458458458E+05	1.5240163665464879E+00
1.4550550550550551E+05	1.5240141169864725E+00
1.4642642642642642E+05	1.5240184815367328E+00
1.4734734734734736E+05	1.5240136872657630E+00
1.4826826826826826E+05	1.5240156162734950E+00
1.4918918918918920E+05	1.5240147294832642E+00
1.5011011011011011E+05	1.5240154742322456E+00
1.5103103103103105E+05	1.5240181436442020E+00
1.5195195195195195E+05	1.5240143627426315E+00
1.5287287287287289E+05	1.5240155475690549E+00
1.5379379379379380E+05	1.5240044344573971E+00
1.5471471471471470E+05	1.5240179160981597E+00
1.5563563563563564E+05	1.5240136001212736E+00
1.5655655655655655E+05	1.5240179828931724E+00
1.5747747747747749E+05	1.5240085162073387E+00
1.5839839839839839E+05	1.5240162701060131E+00
1.5931931931931933E+05	1.5240140255575609E+00
1.6024024024024024E+05	1.5240181933832480E+00
1.6116116116116117E+05	1.5240164363839854E+00
1.6208208208208208E+05	1.5240147477379626E+00
1.6300300300300302E+05	1.5240156298879191E+00
1.6392392392392393E+05	1.5240108722890906E+00
1.6484484484484486E+05	1.5240172197631530E+00
1.6576576576576577E+05	1.5240139595045816E+00
1.6668668668668668E+05	1.5240176882376961E+00
1.6760760760760761E+05	1.5240024310071267E+00
1.6852852852852852E+05	1.5240171341155948E+00
1.6944944944944946E+05	1.5240138117170285E+00
1.7037037037037036E+05	1.5240186961010531E+00
1.7129129129129130E+05	1.5240136881631987E+00
1.7221221221221221E+05	1.5240159026848397E+00
1.7313313313313315E+05	1.5240139562689805E+00
1.7405405405405405E+05	1.5240155538807088E+00
1.7497497497497499E+05	1.5240180933689951E+00
1.7589589589589590E+05	1.5240142327207100E+00
1.7681681681681680E+05	1.5240157972215942E+00
1.7773773773773774E+05	1.5240041640413629E+00
1.7865865865865865E+05	1.5240180014976585E+00
1.7957957957957959E+05	1.5240133455108356E+00
1.8050050050050049E+05	1.5240187607835847E+00
1.8142142142142143E+05	1.5240083621731180E+00
1.8234234234234234E+05	1.5240164778524921E+00
1.8326326326326327E+05	1.5240138598016046E+00
1.8418418418418418E+05	1.5240182934962947E+00
1.8510510510510512E+05	1.5240158083844844E+00
1.8602602602602603E+05	1.5240149103366802E+00
1.8694694694694696E+05	1.5240156650585852E+00
1.8786786786786787E+05	1.5240103762736721E+00
1.8878878878878878E+05	1.5240177810623194E+00
1.8970970970970971E+05	1.5240138642365051E+00
1.9063063063063062E+05	1.5240179009454677E+00
1.9155155155155156E+05	1.5240023619866694E+00
1.9247247247247247E+05	1.5240176912556620E+00
1.9339339339339340E+05	1.5240131960474439E+00
1.9431431431431431E+05	1.5240189311857144E+00
1.9523523523523525E+05	1.5240137568364467E+00
1.9615615615615615E+05	1.5240159143732572E+00
1.9707707707707709E+05	1.5240134951016093E+00
1.9799799799799800E+05	1.5240155178300239E+00
1.9891891891891893E+05	1.5240181641209785E+00
1.9983983983983984E+05	1.5240139812813593E+00
2.0076076076076075E+05	1.5240166260928831E+00
2.0168168168168169E+05	1.5240036595716722E+00
2.0260260260260259E+05	1.5240181677617670E+00
2.0352352352352353E+05	1.5240130977978015E+00
2.0444444444444444E+05	1.5240192389982663E+00
2.0536536536536537E+05	1.5240079558388169E+00
2.0628628628628628E+05	1.5240166722809496E+00
2.0720720720720722E+05	1.5240137997274215E+00
2.0812812812812813E+05	1.5240181463535711E+00
2.0904904904904906E+05	1.5240158102627013E+00
2.0996996996996997E+05	1.5240149657582620E+00
2.1089089089089091E+05	1.5240158075447896E+00
2.1181181181181181E+05	1.5240097629632383E+00
2.1273273273273272E+05	1.5240185765884584E+00
2.1365365365365366E+05	1.5240134800135203E+00
2.1457457457457457E+05	1.5240181793407563E+00
2.1549549549549550E+05	1.5240023783559158E+00
2.1641641641641641E+05	1.5240179256448760E+00
2.1733733733733735E+05	1.5240124105579880E+00
2.1825825825825825E+05	1.5240191454865932E+00
2.1917917917917919E+05	1.5240139512001039E+00
2.2010010010010010E+05	1.5240157116453554E+00
2.2102102102102104E+05	1.5240138860253660E+00
2.2194194194194194E+05	1.5240152828054705E+00
2.2286286286286288E+05	1.5240183306508721E+00
2.2378378378378379E+05	1.5240136926249161E+00
2.2470470470470469E+05	1.5240173970394559E+00
2.2562562562562563E+05	1.5240028159153678E+00
2.2654654654654654E+05	1.5240183708403370E+00
2.2746746746746748E+05	1.5240129396942719E+00
2.2838838838838838E+05	1.5240193861915392E+00
2.2930930930930932E+05	1.5240076848608506E+00
2.3023023023023023E+05	1.5240168083887768E+00
2.3115115115115116E+05	1.5240138317817906E+00
2.3207207207207207E+05	1.5240178504129629E+00
2.3299299299299301E+05	1.5240165808554649E+00
2.3391391391391392E+05	1.5240147943567672E+00
2.3483483483483485E+05	1.5240160449930487E+00
2.3575575575575576E+05	1.5240090934115347E+00
2.3667667667667667E+05	1.5240191136344290E+00
2.3759759759759760E+05	1.5240127863924473E+00
2.3851851851851851E+05	1.5240185056157709E+00
2.3943943943943945E+05	1.5240025350419948E+00
2.4036036036036036E+05	1.5240178802893602E+00
2.4128128128128129E+05	1.5240120598308569E+00
2.4220220220220220E+05	1.5240192406938438E+00
2.4312312312312314E+05	1.5240142697029750E+00
2.4404404404404404E+05	1.5240154202118901E+00
2.4496496496496498E+05	1.5240147369240808E+00
2.4588588588588589E+05	1.5240147416646992E+00
2.4680680680680682E+05	1.5240185955913150E+00
2.4772772772772773E+05	1.5240134180103146E+00
2.4864864864864864E+05	1.5240178518372300E+00
2.4956956956956958E+05	1.5240017373573291E+00
2.5049049049049048E+05	1.5240185575862339E+00
2.5141141141141142E+05	1.5240128583545460E+00
2.5233233233233233E+05	1.5240193349971471E+00
2.5325325325325326E+05	1.5240081465230624E+00
2.5417417417417417E+05	1.5240167923368284E+00
2.5509509509509511E+05	1.5240139856225516E+00
2.5601601601601602E+05	1.5240174776218329E+00
2.5693693693693695E+05	1.5240174544936176E+00
2.5785785785785786E+05	1.5240143496737826E+00
2.5877877877877880E+05	1.5240163532915929E+00
2.5969969969969970E+05	1.5240084803778773E+00
2.6062062062062061E+05	1.5240193529635564E+00
2.6154154154154155E+05	1.5240119838598558E+00
2.6246246246246248E+05	1.5240187715812357E+00
2.6338338338338339E+05	1.5240027350405283E+00
2.6430430430430430E+05	1.5240176938301926E+00
2.6522522522522521E+05	1.5240125145656669E+00
2.6614614614614617E+05	1.5240191816467332E+00
2.6706706706706708E+05	1.5240145754326495E+00
2.6798798798798799E+05	1.5240150962604702E+00
2.6890890890890890E+05	1.5240154813744391E+00
2.6982982982982986E+05	1.5240140244300173E+00
2.7075075075075077E+05	1.5240188783844706E+00
2.7167167167167168E+05	1.5240132231204979E+00
2.7259259259259258E+05	1.5240179762941408E+00
2.7351351351351349E+05	1.5240010618741506E+00
2.7443443443443446E+05	1.5240187510829708E+00
2.7535535535535536E+05	1.5240128913567468E+00
2.7627627627627627E+05	1.5240190856307201E+00
2.7719719719719718E+05	1.5240088702324854E+00
2.7811811811811815E+05	1.5240166227444858E+00
2.7903903903903905E+05	1.5240141840136783E+00
2.7995995995995996E+05	1.5240172308554489E+00
2.8088088088088087E+05	1.5240180009485194E+00
2.8180180180180183E+05	1.5240135093826506E+00
2.8272272272272274E+05	1.5240166211895676E+00
2.8364364364364365E+05	1.5240085193141815E+00
2.8456456456456456E+05	1.5240193360715617E+00
2.8548548548548546E+05	1.5240117321988067E+00
2.8640640640640643E+05	1.5240188885832306E+00
2.8732732732732734E+05	1.5240027074304867E+00
2.8824824824824824E+05	1.5240174206490471E+00
2.8916916916916915E+05	1.5240134348308545E+00
2.9009009009009012E+05	1.5240188079295454E+00
2.9101101101101103E+05	1.5240147784772948E+00
2.9193193193193193E+05	1.5240148578711303E+00
2.9285285285285284E+05	1.5240158363766505E+00
2.9377377377377381E+05	1.5240131236659893E+00
2.9469469469469471E+05	1.5240191524482611E+00
2.9561561561561562E+05	1.5240131469917804E+00
2.9653653653653653E+05	1.5240178574700445E+00
2.9745745745745744E+05	1.5240012471183244E+00
2.9837837837837840E+05	1.5240187603548592E+00
2.9929929929929931E+05	1.5240130124424360E+00
3.0022022022022022E+05	1.5240188298146353E+00
3.0114114114114112E+05	1.5240098757647969E+00
3.0206206206206209E+05	1.5240160365562809E+00
3.0298298298298300E+05	1.5240144943608787E+00
3.0390390390390391E+05	1.5240169316195962E+00
3.0482482482482481E+05	1.5240182588661428E+00
3.0574574574574578E+05	1.5240127433034714E+00
3.0666666666666669E+05	1.5240168983385973E+00
3.0758758758758759E+05	1.5240081123566371E+00
3.0850850850850850E+05	1.5240191235997465E+00
3.0942942942942941E+05	1.5240123567310002E+00
3.1035035035035037E+05	1.5240188111503274E+00
3.1127127127127128E+05	1.5240032294947712E+00
3.1219219219219219E+05	1.5240171065990629E+00
3.1311311311311310E+05	1.5240140310428965E+00
3.1403403403403406E+05	1.5240181094076548E+00
3.1495495495495497E+05	1.5240152919347931E+00
3.1587587587587588E+05	1.5240146500147260E+00
3.1679679679679679E+05	1.5240159313457236E+00
3.1771771771771775E+05	1.5240124117216365E+00
3.1863863863863866E+05	1.5240193269896878E+00
3.1955955955955957E+05	1.5240131462301425E+00
3.2048048048048047E+05	1.5240177226295180E+00
3.2140140140140138E+05	1.5240017339447054E+00
3.2232232232232235E+05	1.5240184717906529E+00
3.2324324324324325E+05	1.5240132340195474E+00
3.2416416416416416E+05	1.5240186021564330E+00
3.2508508508508507E+05	1.5240107174719502E+00
3.2600600600600604E+05	1.5240151969128526E+00
3.2692692692692694E+05	1.5240148071598822E+00
3.2784784784784785E+05	1.5240166747733155E+00
3.2876876876876876E+05	1.5240183219599643E+00
3.2968968968968972E+05	1.5240126604923125E+00
3.3061061061061063E+05	1.5240170358724174E+00
3.3153153153153154E+05	1.5240077767980349E+00
3.3245245245245245E+05	1.5240188427582038E+00
3.3337337337337335E+05	1.5240131299198674E+00
3.3429429429429432E+05	1.5240184705380970E+00
3.3521521521521523E+05	1.5240038265152982E+00
3.3613613613613613E+05	1.5240168196942789E+00
3.3705705705705704E+05	1.5240143308813312E+00
3.3797797797797801E+05	1.5240172778297358E+00
3.3889889889889891E+05	1.5240157379169523E+00
3.3981981981981982E+05	1.5240145548847130E+00
3.4074074074074073E+05	1.5240158503931562E+00
3.4166166166166170E+05	1.5240125180016146E+00
3.4258258258258260E+05	1.5240193366832253E+00
3.4350350350350351E+05	1.5240132574931133E+00
3.4442442442442442E+05	1.5240175184326887E+00
3.4534534534534533E+05	1.5240022256404520E+00
3.4626626626626629E+05	1.5240178726760378E+00
3.4718718718718720E+05	1.5240134937177068E+00
3.4810810810810811E+05	1.5240184346495411E+00
3.4902902902902901E+05	1.5240112043861831E+00
3.4994994994994998E+05	1.5240144670712803E+00
3.5087087087087089E+05	1.5240150536776365E+00
3.5179179179179179E+05	1.5240165550134017E+00
3.5271271271271270E+05	1.5240182050604574E+00
3.5363363363363361E+05	1.5240133063860406E+00
3.5455455455455458E+05	1.5240169622313737E+00
3.5547547547547548E+05	1.5240075729083349E+00
3.5639639639639639E+05	1.5240185676453797E+00
3.5731731731731730E+05	1.5240136716752961E+00
3.5823823823823826E+05	1.5240177900788541E+00
3.5915915915915917E+05	1.5240044153541301E+00
3.6008008008008008E+05	1.5240166364684564E+00
3.6100100100100099E+05	1.5240143622990656E+00
3.6192192192192195E+05	1.5240168942517289E+00
3.6284284284284286E+05	1.5240160708666273E+00
3.6376376376376377E+05	1.5240145519084130E+00
3.6468468468468467E+05	1.5240156662673741E+00
3.6560560560560558E+05	1.5240130881895289E+00
3.6652652652652655E+05	1.5240190605714443E+00
3.6744744744744746E+05	1.5240134516948149E+00
3.6836836836836836E+05	1.5240173397128196E+00
3.6928928928928927E+05	1.5240024584781158E+00
3.7021021021021024E+05	1.5240170109340503E+00
3.7113113113113114E+05	1.5240137719988534E+00
3.7205205205205205E+05	1.5240183503933591E+00
3.7297297297297296E+05	1.5240114193230456E+00
3.7389389389389392E+05	1.5240145285730007E+00
3.7481481481481483E+05	1.5240151366298091E+00
3.7573573573573574E+05	1.5240165400743495E+00
3.7665665665665665E+05	1.5240180294182715E+00
3.7757757757757755E+05	1.5240140467663825E+00
3.7849849849849852E+05	1.5240165662991501E+00
3.7941941941941943E+05	1.5240074629178433E+00
3.8034034034034034E+05	1.5240183462637107E+00
3.8126126126126124E+05	1.5240138705069444E+00
3.8218218218218221E+05	1.5240170575125997E+00
3.8310310310310312E+05	1.5240049666691398E+00
3.8402402402402402E+05	1.5240165363285720E+00
3.8494494494494493E+05	1.5240142401458339E+00
3.8586586586586590E+05	1.5240173477574137E+00
3.8678678678678680E+05	1.5240161834509429E+00
3.8770770770770771E+05	1.5240146621881747E+00
3.8862862862862862E+05	1.5240154610182859E+00
3.8954954954954953E+05	1.5240134931884781E+00
3.9047047047047049E+05	1.5240184530744527E+00
3.9139139139139140E+05	1.5240137103085529E+00
3.9231231231231231E+05	1.5240172025926451E+00
3.9323323323323322E+05	1.5240024343381253E+00
3.9415415415415418E+05	1.5240163919587257E+00
3.9507507507507509E+05	1.5240139509988977E+00
3.9599599599599600E+05	1.5240183877295943E+00
3.9691691691691690E+05	1.5240115023729428E+00
3.9783783783783787E+05	1.5240152304030117E+00
3.9875875875875878E+05	1.5240149824253013E+00
3.9967967967967968E+05	1.5240166257119168E+00
4.0060060060060059E+05	1.5240178414122612E+00
4.0152152152152150E+05	1.5240144974739021E+00
4.0244244244244247E+05	1.5240158769927930E+00
4.0336336336336337E+05	1.5240073682663069E+00
4.0428428428428428E+05	1.5240182055605880E+00
4.0520520520520519E+05	1.5240138441853321E+00
4.0612612612612615E+05	1.5240168879083407E+00
4.0704704704704706E+05	1.5240053851926212E+00
4.0796796796796797E+05	1.5240165674639639E+00
4.0888888888888888E+05	1.5240140192545548E+00
4.0980980980980984E+05	1.5240181134488191E+00
4.1073073073073075E+05	1.5240160192919370E+00
4.1165165165165166E+05	1.5240148380992877E+00
4.1257257257257256E+05	1.5240152792588459E+00
4.1349349349349347E+05	1.5240135836693236E+00
4.1441441441441444E+05	1.5240176417135591E+00
4.1533533533533535E+05	1.5240139374941641E+00
4.1625625625625625E+05	1.5240171864821632E+00
4.1717717717717716E+05	1.5240022280105305E+00
4.1809809809809813E+05	1.5240165875846980E+00
4.1901901901901903E+05	1.5240139894122895E+00
4.1993993993993994E+05	1.5240185164059779E+00
4.2086086086086085E+05	1.5240115145247033E+00
4.2178178178178181E+05	1.5240159342670581E+00
4.2270270270270272E+05	1.5240145106148402E+00
4.2362362362362363E+05	1.5240167475507043E+00
4.2454454454454454E+05	1.5240177179718410E+00
4.2546546546546544E+05	1.5240146375911041E+00
4.2638638638638641E+05	1.5240151872623806E+00
4.2730730730730732E+05	1.5240072428141371E+00
4.2822822822822822E+05	1.5240181752400817E+00
4.2914914914914913E+05	1.5240136428964390E+00
4.3007007007007010E+05	1.5240175458518754E+00
4.3099099099099101E+05	1.5240056136533355E+00
4.3191191191191191E+05	1.5240166772280701E+00
4.3283283283283282E+05	1.5240137929996362E+00
4.3375375375375379E+05	1.5240186653446688E+00
4.3467467467467469E+05	1.5240155005829552E+00
4.3559559559559560E+05	1.5240150608776379E+00
4.3651651651651651E+05	1.5240151875021641E+00
4.3743743743743742E+05	1.5240133620120861E+00
4.3835835835835838E+05	1.5240171867541297E+00
4.3927927927927929E+05	1.5240140825960331E+00
4.4020020020020020E+05	1.5240172679561030E+00
4.4112112112112110E+05	1.5240019352413940E+00
4.4204204204204207E+05	1.5240173485854807E+00
4.4296296296296298E+05	1.5240137538059981E+00
4.4388388388388389E+05	1.5240187262512497E+00
4.4480480480480479E+05	1.5240115661372715E+00
4.4572572572572576E+05	1.5240163002795126E+00
4.4664664664664667E+05	1.5240137642780656E+00
4.4756756756756757E+05	1.5240168819889324E+00
4.4848848848848848E+05	1.5240176775958953E+00
4.4940940940940939E+05	1.5240145410697101E+00
4.5033033033033035E+05	1.5240152062063836E+00
4.5125125125125126E+05	1.5240069641549723E+00
4.5217217217217217E+05	1.5240182311095005E+00
4.5309309309309308E+05	1.5240133990225049E+00
4.5401401401401404E+05	1.5240183764920021E+00
4.5493493493493495E+05	1.5240055494677738E+00
4.5585585585585586E+05	1.5240168752704204E+00
4.5677677677677677E+05	1.5240135991593433E+00
4.5769769769769773E+05	1.5240188798217320E+00
4.5861861861861864E+05	1.5240148547398842E+00
4.5953953953953955E+05	1.5240152520487302E+00
4.6046046046046045E+05	1.5240151824788506E+00
4.6138138138138136E+05	1.5240129551911261E+00
4.6230230230230233E+05	1.5240175979773734E+00
4.6322322322322323E+05	1.5240140246720120E+00
4.6414414414414414E+05	1.5240174755213585E+00
4.6506506506506505E+05	1.5240016243745589E+00
4.6598598598598602E+05	1.5240179860627370E+00
4.6690690690690692E+05	1.5240132191276707E+00
4.6782782782782783E+05	1.5240189778041433E+00
4.6874874874874874E+05	1.5240116802519481E+00
4.6966966966966970E+05	1.5240163626354866E+00
4.7059059059059061E+05	1.5240131602184259E+00
4.7151151151151152E+05	1.5240169191712849E+00
4.7243243243243243E+05	1.5240177509419894E+00
4.7335335335335333E+05	1.5240143149514824E+00
4.7427427427427430E+05	1.5240159405567382E+00
4.7519519519519521E+05	1.5240064584100794E+00
4.7611611611611611E+05	1.5240183864592527E+00
4.7703703703703702E+05	1.5240131378505943E+00
4.7795795795795799E+05	1.5240189485810480E+00
4.7887887887887890E+05	1.5240052117228813E+00
4.7979979979979980E+05	1.5240170784598719E+00
4.8072072072072071E+05	1.5240134941387755E+00
4.8164164164164168E+05	1.5240188366919969E+00
4.8256256256256258E+05	1.5240146748759811E+00
4.8348348348348349E+05	1.5240153339262261E+00
4.8440440440440440E+05	1.5240153112310733E+00
4.8532532532532531E+05	1.5240124042199394E+00
4.8624624624624627E+05	1.5240184182955532E+00
4.8716716716716718E+05	1.5240137163256970E+00
4.8808808808808809E+05	1.5240177476736343E+00
4.8900900900900899E+05	1.5240013770013228E+00
4.8992992992992996E+05	1.5240183097203122E+00
4.9085085085085087E+05	1.5240124393997854E+00
4.9177177177177178E+05	1.5240192138317123E+00
4.9269269269269268E+05	1.5240119294491739E+00
4.9361361361361365E+05	1.5240162003587068E+00
4.9453453453453456E+05	1.5240133160915998E+00
4.9545545545545546E+05	1.5240167980587438E+00
4.9637637637637637E+05	1.5240179227394786E+00
4.9729729729729728E+05	1.5240140171397085E+00
4.9821821821821824E+05	1.5240167725046858E+00
4.9913913913913915E+05	1.5240055998022684E+00
5.0006006006006006E+05	1.5240185831801558E+00
5.0098098098098097E+05	1.5240129471306298E+00
5.0190190190190193E+05	1.5240191964989969E+00
5.0282282282282284E+05	1.5240048689707988E+00
5.0374374374374375E+05	1.5240172425520204E+00
5.0466466466466465E+05	1.5240134976591955E+00
5.0558558558558562E+05	1.5240186005779046E+00
5.0650650650650653E+05	1.5240153561552141E+00
5.0742742742742744E+05	1.5240152186506288E+00
5.0834834834834834E+05	1.5240155282805787E+00
5.0926926926926925E+05	1.5240117846510406E+00
5.1019019019019022E+05	1.5240190640577960E+00
5.1111111111111112E+05	1.5240130934282976E+00
5.1203203203203203E+05	1.5240180710320521E+00
5.1295295295295294E+05	1.5240012542268875E+00
5.1387387387387390E+05	1.5240183164769550E+00
5.1479479479479481E+05	1.5240119033862427E+00
5.1571571571571572E+05	1.5240193788792220E+00
5.1663663663663663E+05	1.5240122973958607E+00
5.1755755755755759E+05	1.5240159257453323E+00
5.1847847847847850E+05	1.5240141033222578E+00
5.1939939939939941E+05	1.5240164045385434E+00
5.2032032032032032E+05	1.5240181935192456E+00
5.2124124124124122E+05	1.5240137310754964E+00
5.2216216216216219E+05	1.5240173181578620E+00
5.2308308308308310E+05	1.5240044168346150E+00
5.2400400400400400E+05	1.5240188083624029E+00
5.2492492492492497E+05	1.5240128199518739E+00
5.2584584584584588E+05	1.5240192136416975E+00
5.2676676676676678E+05	1.5240051153491923E+00
5.2768768768768769E+05	1.5240172672920231E+00
5.2860860860860860E+05	1.5240136220803182E+00
5.2952952952952951E+05	1.5240182770768231E+00
5.3045045045045041E+05	1.5240163196777243E+00
5.3137137137137132E+05	1.5240148364613064E+00
5.3229229229229235E+05	1.5240158226140690E+00
5.3321321321321325E+05	1.5240112542718103E+00
5.3413413413413416E+05	1.5240193848055557E+00
5.3505505505505507E+05	1.5240122717068587E+00
5.3597597597597598E+05	1.5240183471711424E+00
5.3689689689689688E+05	1.5240012262486513E+00
5.3781781781781779E+05	1.5240181834166331E+00
5.3873873873873870E+05	1.5240121447068311E+00
5.3965965965965972E+05	1.5240193983741015E+00
5.4058058058058063E+05	1.5240125438938081E+00
5.4150150150150154E+05	1.5240156224782522E+00
5.4242242242242245E+05	1.5240149127294773E+00
5.4334334334334335E+05	1.5240158288176604E+00
5.4426426426426426E+05	1.5240184841619369E+00
5.4518518518518517E+05	1.5240134964886334E+00
5.4610610610610608E+05	1.5240175229281265E+00
5.4702702702702698E+05	1.5240036517759463E+00
5.4794794794794801E+05	1.5240190459427501E+00
5.4886886886886891E+05	1.5240128185648252E+00
5.4978978978978982E+05	1.5240189805045445E+00
5.5071071071071073E+05	1.5240056877486172E+00
5.5163163163163164E+05	1.5240171626328889E+00
5.5255255255255254E+05	1.5240138192949704E+00
5.5347347347347345E+05	1.5240179904924167E+00
5.5439439439439436E+05	1.5240169357137436E+00
5.5531531531531527E+05	1.5240140828536575E+00
5.5623623623623629E+05	1.5240160799341631E+00
5.5715715715715720E+05	1.5240112352588440E+00
5.5807807807807811E+05	1.5240194187618035E+00
5.5899899899899901E+05	1.5240117932217183E+00
5.5991991991991992E+05	1.5240185084122986E+00
5.6084084084084083E+05	1.5240012587815084E+00
5.6176176176176174E+05	1.5240179255946289E+00
5.6268268268268264E+05	1.5240130295698835E+00
5.6360360360360367E+05	1.5240191235251486E+00
5.6452452452452458E+05	1.5240127825832472E+00
5.6544544544544548E+05	1.5240153543609989E+00
5.6636636636636639E+05	1.5240153723282790E+00
5.6728728728728730E+05	1.5240149024545622E+00
5.6820820820820821E+05	1.5240187827260847E+00
5.6912912912912911E+05	1.5240133858002367E+00
5.7005005005005002E+05	1.5240174697136282E+00
5.7097097097097093E+05	1.5240034618119307E+00
5.7189189189189195E+05	1.5240190968013627E+00
5.7281281281281286E+05	1.5240129178305069E+00
5.7373373373373377E+05	1.5240187337325062E+00
5.7465465465465467E+05	1.5240068412703169E+00
5.7557557557557558E+05	1.5240166596305158E+00
5.7649649649649649E+05	1.5240141027224869E+00
5.7741741741741740E+05	1.5240177144939875E+00
5.7833833833833830E+05	1.5240173214882760E+00
5.7925925925925921E+05	1.5240132437591269E+00
5.8018018018018024E+05	1.5240163827565121E+00
5.8110110110110114E+05	1.5240108186498353E+00
5.8202202202202205E+05	1.5240192585084362E+00
5.8294294294294296E+05	1.5240122418338176E+00
5.8386386386386387E+05	1.5240185222305651E+00
5.8478478478478477E+05	1.5240015096030146E+00
5.8570570570570568E+05	1.5240176106184384E+00
5.8662662662662659E+05	1.5240137057678722E+00
5.8754754754754761E+05	1.5240185144872285E+00
5.8846846846846852E+05	1.5240133885912541E+00
5.8938938938938943E+05	1.5240151152298578E+00
5.9031031031031033E+05	1.5240155227840757E+00
5.9123123123123124E+05	1.5240140929268584E+00
5.9215215215215215E+05	1.5240190280880821E+00
5.9307307307307306E+05	1.5240133467368389E+00
5.9399399399399396E+05	1.5240173449405598E+00
5.9491491491491487E+05	1.5240037315023431E+00
5.9583583583583590E+05	1.5240188784474196E+00
5.9675675675675680E+05	1.5240131144400855E+00
5.9767767767767771E+05	1.5240185222890072E+00
5.9859859859859862E+05	1.5240077979806046E+00
5.9951951951951953E+05	1.5240158745133954E+00
6.0044044044044043E+05	1.5240144103548516E+00
6.0136136136136134E+05	1.5240174871904622E+00
6.0228228228228225E+05	1.5240174746813138E+00
6.0320320320320316E+05	1.5240129350156408E+00
6.0412412412412418E+05	1.5240165704642588E+00
6.0504504504504509E+05	1.5240104942908235E+00
6.0596596596596600E+05	1.5240190244886129E+00
6.0688688688688690E+05	1.5240130150966742E+00
6.0780780780780781E+05	1.5240182665366508E+00
6.0872872872872872E+05	1.5240018907248034E+00
6.0964964964964963E+05	1.5240173064066604E+00
6.1057057057057053E+05	1.5240140788832710E+00
6.1149149149149156E+05	1.5240176924664728E+00
6.1241241241241246E+05	1.5240139270523598E+00
6.1333333333333337E+05	1.5240149776800953E+00
6.1425425425425428E+05	1.5240154807061117E+00
6.1517517517517519E+05	1.5240140617607545E+00
6.1609609609609609E+05	1.5240191012586639E+00
6.1701701701701700E+05	1.5240134411231321E+00
6.1793793793793791E+05	1.5240171389385917E+00
6.1885885885885882E+05	1.5240041186048838E+00
6.1977977977977984E+05	1.5240183696658818E+00
6.2070070070070075E+05	1.5240133562596188E+00
6.2162162162162166E+05	1.5240183570154617E+00
6.2254254254254256E+05	1.5240083903109922E+00
6.2346346346346347E+05	1.5240150621327417E+00
6.2438438438438438E+05	1.5240146617157577E+00
6.2530530530530529E+05	1.5240173779060866E+00
6.2622622622622619E+05	1.5240174404574027E+00
6.2714714714714710E+05	1.5240134319175700E+00
6.2806806806806813E+05	1.5240165714772056E+00
6.2898898898898903E+05	1.5240103052103136E+00
6.2990990990990994E+05	1.5240187547750690E+00
6.3083083083083085E+05	1.5240136324281242E+00
6.3175175175175176E+05	1.5240176647340988E+00
6.3267267267267266E+05	1.5240023150570461E+00
6.3359359359359357E+05	1.5240170925013148E+00
6.3451451451451448E+05	1.5240141702718253E+00
6.3543543543543550E+05	1.5240171426012412E+00
6.3635635635635641E+05	1.5240143538162896E+00
6.3727727727727732E+05	1.5240149506434437E+00
6.3819819819819822E+05	1.5240153000532690E+00
6.3911911911911913E+05	1.5240146587651626E+00
6.4004004004004004E+05	1.5240189256184979E+00
6.4096096096096095E+05	1.5240136140082405E+00
6.4188188188188185E+05	1.5240169490532212E+00
6.4280280280280276E+05	1.5240042587436782E+00
6.4372372372372379E+05	1.5240175535707421E+00
6.4464464464464469E+05	1.5240136256157411E+00
6.4556556556556560E+05	1.5240182729341940E+00
6.4648648648648651E+05	1.5240086960069659E+00
6.4740740740740742E+05	1.5240148900887782E+00
6.4832832832832832E+05	1.5240147968513600E+00
6.4924924924924923E+05	1.5240173648781581E+00
6.5017017017017014E+05	1.5240173127399044E+00
6.5109109109109105E+05	1.5240142012935449E+00
6.5201201201201207E+05	1.5240162517415732E+00
6.5293293293293298E+05	1.5240102237599171E+00
6.5385385385385389E+05	1.5240185307560330E+00
6.5477477477477479E+05	1.5240139057278648E+00
6.5569569569569570E+05	1.5240168980668387E+00
6.5661661661661661E+05	1.5240027391138153E+00
6.5753753753753752E+05	1.5240169686175062E+00
6.5845845845845842E+05	1.5240140685016081E+00
6.5937937937937945E+05	1.5240174448283830E+00
6.6030030030030035E+05	1.5240145788320247E+00
6.6122122122122126E+05	1.5240150325840873E+00
6.6214214214214217E+05	1.5240150936650800E+00
6.6306306306306308E+05	1.5240151829712680E+00
6.6398398398398398E+05	1.5240184158514158E+00
6.6490490490490489E+05	1.5240138577469353E+00
6.6582582582582580E+05	1.5240168033982522E+00
6.6674674674674671E+05	1.5240041185924109E+00
6.6766766766766773E+05	1.5240168237234817E+00
6.6858858858858864E+05	1.5240138242085968E+00
6.6950950950950955E+05	1.5240182837921996E+00
6.7043043043043045E+05	1.5240088608809255E+00
6.7135135135135136E+05	1.5240154874936198E+00
6.7227227227227227E+05	1.5240147060422859E+00
6.7319319319319318E+05	1.5240174702856319E+00
6.7411411411411408E+05	1.5240171573736041E+00
6.7503503503503499E+05	1.5240147294848181E+00
6.7595595595595601E+05	1.5240156196160290E+00
6.7687687687687692E+05	1.5240101630689697E+00
6.7779779779779783E+05	1.5240183622498846E+00
6.7871871871871874E+05	1.5240139293338855E+00
6.7963963963963964E+05	1.5240165421049430E+00
6.8056056056056055E+05	1.5240030677459857E+00
6.8148148148148146E+05	1.5240169808199122E+00
6.8240240240240237E+05	1.5240138519852668E+00
6.8332332332332339E+05	1.5240182237958497E+00
6.8424424424424430E+05	1.5240145391323110E+00
6.8516516516516521E+05	1.5240152027268368E+00
6.8608608608608611E+05	1.5240148892499970E+00
6.8700700700700702E+05	1.5240153986432610E+00
6.8792792792792793E+05	1.5240176601020283E+00
6.8884884884884884E+05	1.5240140706406238E+00
6.8976976976976974E+05	1.5240167715523638E+00
6.9069069069069065E+05	1.5240037689670001E+00
6.9161161161161168E+05	1.5240168012132169E+00
6.9253253253253258E+05	1.5240139081368556E+00
6.9345345345345349E+05	1.5240184037863400E+00
6.9437437437437440E+05	1.5240089421336109E+00
6.9529529529529531E+05	1.5240162217336073E+00
6.9621621621621621E+05	1.5240143229282781E+00
6.9713713713713712E+05	1.5240176217326500E+00
6.9805805805805803E+05	1.5240170374089330E+00
6.9897897897897894E+05	1.5240149542838610E+00
6.9989989989989996E+05	1.5240148548376400E+00
7.0082082082082087E+05	1.5240100716835028E+00
7.0174174174174177E+05	1.5240183234042328E+00
7.0266266266266268E+05	1.5240137519409345E+00
7.0358358358358359E+05	1.5240170469704963E+00
7.0450450450450450E+05	1.5240032406668824E+00
7.0542542542542540E+05	1.5240170832550439E+00
7.0634634634634631E+05	1.5240135978903129E+00
7.0726726726726722E+05	1.5240188888741704E+00
7.0818818818818824E+05	1.5240141555250766E+00
7.0910910910910915E+05	1.5240154003038777E+00
7.1003003003003006E+05	1.5240147858936302E+00
7.1095095095095097E+05	1.5240152865921053E+00
7.1187187187187187E+05	1.5240170715576391E+00
7.1279279279279278E+05	1.5240142343338996E+00
7.1371371371371369E+05	1.5240168370935563E+00
7.1463463463463460E+05	1.5240032964455030E+00
7.1555555555555562E+05	1.5240174958426318E+00
7.1647647647647653E+05	1.5240137558105948E+00
7.1739739739739744E+05	1.5240185954992937E+00
7.1831831831831834E+05	1.5240090380910121E+00
7.1923923923923925E+05	1.5240166831451210E+00
7.2016016016016016E+05	1.5240136064122127E+00
7.2108108108108107E+05	1.5240178024583946E+00
7.2200200200200197E+05	1.5240170108733897E+00
7.2292292292292288E+05	1.5240148944770908E+00
7.2384384384384390E+05	1.5240146586300538E+00
7.2476476476476481E+05	1.5240098529150041E+00
7.2568568568568572E+05	1.5240183699355920E+00
7.2660660660660663E+05	1.5240134963149612E+00
7.2752752752752753E+05	1.5240179162111791E+00
7.2844844844844844E+05	1.5240031526126536E+00
7.2936936936936935E+05	1.5240172633072211E+00
7.3029029029029026E+05	1.5240133941826708E+00
7.3121121121121116E+05	1.5240191992319327E+00
7.3213213213213219E+05	1.5240135559446251E+00
7.3305305305305310E+05	1.5240156003990375E+00
7.3397397397397400E+05	1.5240147600748881E+00
7.3489489489489491E+05	1.5240149604894924E+00
7.3581581581581582E+05	1.5240173039468918E+00
7.3673673673673673E+05	1.5240142317778069E+00
7.3765765765765763E+05	1.5240170101414365E+00
7.3857857857857854E+05	1.5240027832670509E+00
7.3949949949949956E+05	1.5240182009135030E+00
7.4042042042042047E+05	1.5240132808037239E+00
7.4134134134134138E+05	1.5240188688791179E+00
7.4226226226226229E+05	1.5240091914163465E+00
7.4318318318318320E+05	1.5240168114371049E+00
7.4410410410410410E+05	1.5240128994811475E+00
7.4502502502502501E+05	1.5240179061247670E+00
7.4594594594594592E+05	1.5240170972094595E+00
7.4686686686686683E+05	1.5240146795077960E+00
7.4778778778778785E+05	1.5240152845674508E+00
7.4870870870870876E+05	1.5240094003503719E+00
7.4962962962962966E+05	1.5240185226365823E+00
7.5055055055055057E+05	1.5240132259905854E+00
7.5147147147147148E+05	1.5240185735490734E+00
7.5239239239239239E+05	1.5240027964955665E+00
7.5331331331331329E+05	1.5240174592387250E+00
7.5423423423423420E+05	1.5240132675828104E+00
7.5515515515515511E+05	1.5240192288612426E+00
7.5607607607607613E+05	1.5240132711142371E+00
7.5699699699699704E+05	1.5240157069458244E+00
7.5791791791791795E+05	1.5240148520542371E+00
7.5883883883883886E+05	1.5240144939094020E+00
7.5975975975975976E+05	1.5240180995306369E+00
7.6068068068068067E+05	1.5240139965774471E+00
7.6160160160160158E+05	1.5240172695911480E+00
7.6252252252252249E+05	1.5240022765065266E+00
7.6344344344344351E+05	1.5240186193216614E+00
7.6436436436436442E+05	1.5240125156192557E+00
7.6528528528528532E+05	1.5240191425654075E+00
7.6620620620620623E+05	1.5240094778631450E+00
7.6712712712712714E+05	1.5240166926440126E+00
7.6804804804804805E+05	1.5240128415361149E+00
7.6896896896896895E+05	1.5240178674304574E+00
7.6988988988988986E+05	1.5240173011933953E+00
7.7081081081081077E+05	1.5240143654915324E+00
7.7173173173173179E+05	1.5240161611804020E+00
7.7265265265265270E+05	1.5240086065097633E+00
7.7357357357357361E+05	1.5240187197461177E+00
7.7449449449449452E+05	1.5240130158945251E+00
7.7541541541541542E+05	1.5240188977167690E+00
7.7633633633633633E+05	1.5240023572220920E+00
7.7725725725725724E+05	1.5240176298148616E+00
7.7817817817817815E+05	1.5240132506767905E+00
7.7909909909909905E+05	1.5240190494423211E+00
7.8002002002002008E+05	1.5240138351960135E+00
7.8094094094094099E+05	1.5240156526655950E+00
7.8186186186186189E+05	1.5240150300980249E+00
7.8278278278278280E+05	1.5240139539131137E+00
7.8370370370370371E+05	1.5240188368177183E+00
7.8462462462462462E+05	1.5240134306515947E+00
7.8554554554554552E+05	1.5240176028806716E+00
7.8646646646646643E+05	1.5240018265136033E+00
7.8738738738738745E+05	1.5240187039388509E+00
7.8830830830830836E+05	1.5240118423643774E+00
7.8922922922922927E+05	1.5240193645436326E+00
7.9015015015015018E+05	1.5240099073991289E+00
7.9107107107107108E+05	1.5240164243851593E+00
7.9199199199199199E+05	1.5240135477359089E+00
7.9291291291291290E+05	1.5240175796294202E+00
7.9383383383383381E+05	1.5240175939680285E+00
7.9475475475475471E+05	1.5240140716899599E+00
7.9567567567567574E+05	1.5240167836211196E+00
7.9659659659659665E+05	1.5240074792956964E+00
7.9751751751751755E+05	1.5240189627862701E+00
7.9843843843843846E+05	1.5240128636128201E+00
7.9935935935935937E+05	1.5240189610699746E+00
8.0028028028028028E+05	1.5240023229119641E+00
8.0120120120120118E+05	1.5240177021891981E+00
8.0212212212212209E+05	1.5240133226845143E+00
8.0304304304304300E+05	1.5240187913008849E+00
8.0396396396396402E+05	1.5240148299302283E+00
8.0488488488488493E+05	1.5240153358258508E+00
8.0580580580580584E+05	1.5240153067964923E+00
8.0672672672672675E+05	1.5240135105896420E+00
8.0764764764764765E+05	1.5240192574212390E+00
8.0856856856856856E+05	1.5240125983597517E+00
8.0948948948948947E+05	1.5240179037098311E+00
8.1041041041041038E+05	1.5240016286872717E+00
8.1133133133133140E+05	1.5240186185124975E+00
8.1225225225225231E+05	1.5240118908230589E+00
8.1317317317317321E+05	1.5240194184320264E+00
8.1409409409409412E+05	1.5240100674377688E+00
8.1501501501501503E+05	1.5240161407105948E+00
8.1593593593593594E+05	1.5240144034151024E+00
8.1685685685685684E+05	1.5240171164062557E+00
8.1777777777777775E+05	1.5240178663539579E+00
8.1869869869869866E+05	1.5240138254339664E+00
8.1961961961961968E+05	1.5240170392521872E+00
8.2054054054054059E+05	1.5240067183967994E+00
8.2146146146146150E+05	1.5240192236903298E+00
8.2238238238238241E+05	1.5240128253747689E+00
8.2330330330330331E+05	1.5240187694220346E+00
8.2422422422422422E+05	1.5240027252953743E+00
8.2514514514514513E+05	1.5240176634949634E+00
8.2606606606606604E+05	1.5240135046125689E+00
8.2698698698698694E+05	1.5240184902842260E+00
8.2790790790790797E+05	1.5240154996751136E+00
8.2882882882882887E+05	1.5240146619781572E+00
8.2974974974974978E+05	1.5240155821495298E+00
8.3067067067067069E+05	1.5240133898549324E+00
8.3159159159159160E+05	1.5240193631611967E+00
8.3251251251251251E+05	1.5240119581484404E+00
8.3343343343343341E+05	1.5240180845463491E+00
8.3435435435435432E+05	1.5240016710303868E+00
8.3527527527527534E+05	1.5240183689312441E+00
8.3619619619619625E+05	1.5240127072440603E+00
8.3711711711711716E+05	1.5240192196534674E+00
8.3803803803803807E+05	1.5240103905403015E+00
8.3895895895895897E+05	1.5240158474516097E+00
8.3987987987987988E+05	1.5240149347561782E+00
8.4080080080080079E+05	1.5240162517522986E+00
8.4172172172172170E+05	1.5240181797576802E+00
8.4264264264264260E+05	1.5240136864015756E+00
8.4356356356356363E+05	1.5240170546252811E+00
8.4448448448448454E+05	1.5240062174551461E+00
8.4540540540540544E+05	1.5240193172824423E+00
8.4632632632632635E+05	1.5240128924781255E+00
8.4724724724724726E+05	1.5240185561589190E+00
8.4816816816816817E+05	1.5240038806488367E+00
8.4908908908908907E+05	1.5240172549689797E+00
8.5001001001000998E+05	1.5240137637821849E+00
8.5093093093093089E+05	1.5240182163441551E+00
8.5185185185185191E+05	1.5240160469844974E+00
8.5277277277277282E+05	1.5240137850583126E+00
8.5369369369369373E+05	1.5240159026854943E+00
8.5461461461461463E+05	1.5240130101671681E+00
8.5553553553553554E+05	1.5240192589107968E+00
8.5645645645645645E+05	1.5240122148811770E+00
8.5737737737737736E+05	1.5240181563199720E+00
8.5829829829829826E+05	1.5240016046754898E+00
8.5921921921921929E+05	1.5240180443715037E+00
8.6014014014014020E+05	1.5240134435690627E+00
8.6106106106106110E+05	1.5240187163969694E+00
8.6198198198198201E+05	1.5240110559836630E+00
8.6290290290290292E+05	1.5240155994738136E+00
8.6382382382382383E+05	1.5240151354537603E+00
8.6474474474474473E+05	1.5240153958534373E+00
8.6566566566566564E+05	1.5240184884379986E+00
8.6658658658658655E+05	1.5240136202791357E+00
8.6750750750750757E+05	1.5240169499663110E+00
8.6842842842842848E+05	1.5240063560511605E+00
8.6934934934934939E+05	1.5240191884270142E+00
8.7027027027027030E+05	1.5240130498214033E+00
8.7119119119119120E+05	1.5240183566946186E+00
8.7211211211211211E+05	1.5240048621920141E+00
8.7303303303303302E+05	1.5240165231698515E+00
8.7395395395395393E+05	1.5240140716457320E+00
8.7487487487487483E+05	1.5240180012083095E+00
8.7579579579579586E+05	1.5240163097775585E+00
8.7671671671671676E+05	1.5240132820670464E+00
8.7763763763763767E+05	1.5240161182087646E+00
8.7855855855855858E+05	1.5240127493370472E+00
8.7947947947947949E+05	1.5240190519986228E+00
8.8040040040040039E+05	1.5240129734707226E+00
8.8132132132132130E+05	1.5240179713047710E+00
8.8224224224224221E+05	1.5240016872509019E+00
8.8316316316316323E+05	1.5240177446552903E+00
8.8408408408408414E+05	1.5240138783777664E+00
8.8500500500500505E+05	1.5240179472691517E+00
8.8592592592592596E+05	1.5240116619027679E+00
8.8684684684684686E+05	1.5240154358653826E+00
8.8776776776776777E+05	1.5240151305268359E+00
8.8868868868868868E+05	1.5240152088684233E+00
8.8960960960960959E+05	1.5240186438387651E+00
8.9053053053053049E+05	1.5240136790884813E+00
8.9145145145145152E+05	1.5240167548098698E+00
8.9237237237237243E+05	1.5240067469438241E+00
8.9329329329329333E+05	1.5240187710445654E+00
8.9421421421421424E+05	1.5240132783633129E+00
8.9513513513513515E+05	1.5240181756053930E+00
8.9605605605605606E+05	1.5240055026941834E+00
8.9697697697697696E+05	1.5240156601542874E+00
8.9789789789789787E+05	1.5240143339934833E+00
8.9881881881881878E+05	1.5240179052001699E+00
8.9973973973973980E+05	1.5240163477239017E+00
9.0066066066066071E+05	1.5240136197531990E+00
9.0158158158158162E+05	1.5240161636992777E+00
9.0250250250250252E+05	1.5240126137999348E+00
9.0342342342342343E+05	1.5240187891596770E+00
9.0434434434434434E+05	1.5240136515960245E+00
9.0526526526526525E+05	1.5240174640080431E+00
9.0618618618618615E+05	1.5240018500287016E+00
9.0710710710710718E+05	1.5240175269477749E+00
9.0802802802802809E+05	1.5240140176063792E+00
9.0894894894894899E+05	1.5240172765159612E+00
9.0986986986986990E+05	1.5240121775016173E+00
9.1079079079079081E+05	1.5240153840452255E+00
9.1171171171171172E+05	1.5240149676832802E+00
9.1263263263263262E+05	1.5240157700467261E+00
9.1355355355355353E+05	1.5240185782800544E+00
9.1447447447447444E+05	1.5240138191614192E+00
9.1539539539539546E+05	1.5240165563798944E+00
9.1631631631631637E+05	1.5240069279452211E+00
9.1723723723723728E+05	1.5240180043852969E+00
9.1815815815815818E+05	1.5240135488540301E+00
9.1907907907907909E+05	1.5240180804863586E+00
9.2000000000000000E+05	1.5240058496402602E+00
