1.1046826839447021E-03	3.6105468750000000E+01
5.9554874897003174E-02	3.6105468750000000E+01
1.1709506064653397E-01	3.6105468750000000E+01
1.7464710772037506E-01	3.6105468750000000E+01
2.3213914781808853E-01	3.6105468750000000E+01
2.8964783996343613E-01	3.6105468750000000E+01
3.4714429825544357E-01	3.6105468750000000E+01
4.0527772158384323E-01	3.6214843750000000E+01
4.6288722753524780E-01	3.6214843750000000E+01
5.2038089931011200E-01	3.6214843750000000E+01
5.7787047326564789E-01	3.6214843750000000E+01
6.3531862199306488E-01	3.6214843750000000E+01
6.9271498173475266E-01	3.6214843750000000E+01
7.5009360164403915E-01	3.6214843750000000E+01
8.0746064335107803E-01	3.6214843750000000E+01
8.6482693254947662E-01	3.6214843750000000E+01
9.2218381911516190E-01	3.6214843750000000E+01
9.7956819832324982E-01	3.6214843750000000E+01
1.0369198843836784E+00	3.6214843750000000E+01
1.0942636281251907E+00	3.6214843750000000E+01
1.1516371071338654E+00	3.6214843750000000E+01
1.2090053707361221E+00	3.6214843750000000E+01
1.2663514763116837E+00	3.6214843750000000E+01
1.3237472474575043E+00	3.6214843750000000E+01
1.3811258971691132E+00	3.6214843750000000E+01
1.4384812191128731E+00	3.6214843750000000E+01
1.4958996996283531E+00	3.6214843750000000E+01
1.5532686635851860E+00	3.6214843750000000E+01
1.6106484085321426E+00	3.6214843750000000E+01
1.6680374518036842E+00	3.6214843750000000E+01
1.7253903001546860E+00	3.6214843750000000E+01
1.7827526777982712E+00	3.6214843750000000E+01
1.8401686176657677E+00	3.6214843750000000E+01
1.8975484669208527E+00	3.6214843750000000E+01
1.9549345970153809E+00	3.6214843750000000E+01
2.0123801529407501E+00	3.6214843750000000E+01
2.0698917284607887E+00	3.6214843750000000E+01
2.1273838207125664E+00	3.6214843750000000E+01
2.1848661378026009E+00	3.6214843750000000E+01
2.2423707470297813E+00	3.6214843750000000E+01
2.2998627051711082E+00	3.6214843750000000E+01
2.3573474138975143E+00	3.6214843750000000E+01
2.4153568968176842E+00	3.6230468750000000E+01
2.4729241877794266E+00	3.6230468750000000E+01
2.5303319469094276E+00	3.6230468750000000E+01
2.5877651423215866E+00	3.6230468750000000E+01
2.6451351717114449E+00	3.6230468750000000E+01
2.7025195360183716E+00	3.6230468750000000E+01
2.7599960938096046E+00	3.6230468750000000E+01
2.8174633905291557E+00	3.6230468750000000E+01
2.8749068900942802E+00	3.6230468750000000E+01
2.9323710203170776E+00	3.6230468750000000E+01
2.9898426607251167E+00	3.6230468750000000E+01
3.0473140254616737E+00	3.6230468750000000E+01
3.1046265959739685E+00	3.6230468750000000E+01
3.1618563979864120E+00	3.6230468750000000E+01
3.2190998047590256E+00	3.6230468750000000E+01
3.2763156145811081E+00	3.6230468750000000E+01
3.3335019126534462E+00	3.6230468750000000E+01
3.3907449468970299E+00	3.6230468750000000E+01
3.4479540660977364E+00	3.6230468750000000E+01
3.5051747411489487E+00	3.6230468750000000E+01
3.5623592063784599E+00	3.6230468750000000E+01
3.6195775568485260E+00	3.6230468750000000E+01
3.6767828091979027E+00	3.6230468750000000E+01
3.7340220138430595E+00	3.6230468750000000E+01
3.7912538200616837E+00	3.6230468750000000E+01
3.8484872654080391E+00	3.6230468750000000E+01
3.9057037755846977E+00	3.6230468750000000E+01
3.9629032835364342E+00	3.6230468750000000E+01
4.0201202705502510E+00	3.6230468750000000E+01
4.0773383155465126E+00	3.6230468750000000E+01
4.1345770433545113E+00	3.6230468750000000E+01
4.1918020397424698E+00	3.6230468750000000E+01
4.2490123584866524E+00	3.6230468750000000E+01
4.3062386736273766E+00	3.6230468750000000E+01
4.3634362146258354E+00	3.6230468750000000E+01
4.4206642359495163E+00	3.6230468750000000E+01
4.4778560027480125E+00	3.6230468750000000E+01
4.5350678637623787E+00	3.6230468750000000E+01
4.5922762006521225E+00	3.6230468750000000E+01
4.6494810730218887E+00	3.6230468750000000E+01
4.7066970318555832E+00	3.6230468750000000E+01
4.7638965696096420E+00	3.6230468750000000E+01
4.8211063817143440E+00	3.6230468750000000E+01
4.8783017918467522E+00	3.6230468750000000E+01
4.9355012029409409E+00	3.6230468750000000E+01
4.9927232116460800E+00	3.6230468750000000E+01
5.0499018430709839E+00	3.6230468750000000E+01
5.1070848256349564E+00	3.6230468750000000E+01
5.1642812117934227E+00	3.6230468750000000E+01
5.2214993163943291E+00	3.6230468750000000E+01
5.2787223458290100E+00	3.6230468750000000E+01
5.3359883129596710E+00	3.6230468750000000E+01
5.3931822851300240E+00	3.6230468750000000E+01
5.4504363313317299E+00	3.6230468750000000E+01
5.5076727941632271E+00	3.6230468750000000E+01
5.5649168714880943E+00	3.6230468750000000E+01
5.6221565604209900E+00	3.6230468750000000E+01
5.6793962791562080E+00	3.6230468750000000E+01
5.7366093024611473E+00	3.6230468750000000E+01
5.7938156798481941E+00	3.6230468750000000E+01
5.8516665846109390E+00	3.6230468750000000E+01
5.9090450480580330E+00	3.6230468750000000E+01
5.9662886634469032E+00	3.6230468750000000E+01
6.0235279798507690E+00	3.6230468750000000E+01
6.0807562172412872E+00	3.6230468750000000E+01
6.1380051150918007E+00	3.6230468750000000E+01
6.1952366232872009E+00	3.6230468750000000E+01
6.2524751499295235E+00	3.6230468750000000E+01
6.3097225502133369E+00	3.6230468750000000E+01
6.3669851720333099E+00	3.6230468750000000E+01
6.4242378175258636E+00	3.6230468750000000E+01
6.4815124571323395E+00	3.6230468750000000E+01
6.5387744531035423E+00	3.6230468750000000E+01
6.5959915742278099E+00	3.6230468750000000E+01
6.6532412990927696E+00	3.6230468750000000E+01
6.7105028182268143E+00	3.6230468750000000E+01
6.7677450701594353E+00	3.6230468750000000E+01
6.8249713480472565E+00	3.6230468750000000E+01
6.8822258263826370E+00	3.6230468750000000E+01
6.9395064786076546E+00	3.6230468750000000E+01
6.9967408254742622E+00	3.6230468750000000E+01
7.0539652705192566E+00	3.6230468750000000E+01
7.1112212240695953E+00	3.6230468750000000E+01
7.1684544831514359E+00	3.6230468750000000E+01
7.2257094606757164E+00	3.6230468750000000E+01
7.2829372584819794E+00	3.6230468750000000E+01
7.3401691168546677E+00	3.6230468750000000E+01
7.3974462077021599E+00	3.6230468750000000E+01
7.4546960666775703E+00	3.6230468750000000E+01
7.5119311586022377E+00	3.6230468750000000E+01
7.5691502541303635E+00	3.6230468750000000E+01
7.6263866722583771E+00	3.6230468750000000E+01
7.6836203485727310E+00	3.6230468750000000E+01
7.7408611848950386E+00	3.6230468750000000E+01
7.7980826869606972E+00	3.6230468750000000E+01
7.8553037941455841E+00	3.6230468750000000E+01
7.9125252515077591E+00	3.6230468750000000E+01
7.9697452858090401E+00	3.6230468750000000E+01
8.0269725695252419E+00	3.6230468750000000E+01
8.0841555446386337E+00	3.6230468750000000E+01
8.1413722112774849E+00	3.6230468750000000E+01
8.1985526829957962E+00	3.6230468750000000E+01
8.2557647749781609E+00	3.6230468750000000E+01
8.3129580244421959E+00	3.6230468750000000E+01
8.3701917529106140E+00	3.6230468750000000E+01
8.4273718297481537E+00	3.6230468750000000E+01
8.4845649600028992E+00	3.6230468750000000E+01
8.5418103337287903E+00	3.6230468750000000E+01
8.5990236550569534E+00	3.6230468750000000E+01
8.6562174707651138E+00	3.6230468750000000E+01
8.7134057506918907E+00	3.6230468750000000E+01
8.7705933675169945E+00	3.6230468750000000E+01
8.8278936669230461E+00	3.6230468750000000E+01
8.8852431327104568E+00	3.6230468750000000E+01
8.9426527395844460E+00	3.6230468750000000E+01
9.0000171437859535E+00	3.6230468750000000E+01
9.0573841705918312E+00	3.6230468750000000E+01
9.1147554069757462E+00	3.6230468750000000E+01
9.1721420735120773E+00	3.6230468750000000E+01
9.2295088395476341E+00	3.6230468750000000E+01
9.2868745550513268E+00	3.6230468750000000E+01
9.3442188724875450E+00	3.6230468750000000E+01
9.4015685990452766E+00	3.6230468750000000E+01
9.4589150622487068E+00	3.6230468750000000E+01
9.5162886679172516E+00	3.6230468750000000E+01
9.5736602544784546E+00	3.6230468750000000E+01
9.6310411468148232E+00	3.6230468750000000E+01
9.6884354948997498E+00	3.6230468750000000E+01
9.7458558306097984E+00	3.6230468750000000E+01
9.8032612726092339E+00	3.6230468750000000E+01
9.8607209697365761E+00	3.6230468750000000E+01
9.9181706458330154E+00	3.6230468750000000E+01
9.9755813628435135E+00	3.6230468750000000E+01
1.0033013559877872E+01	3.6230468750000000E+01
1.0090465433895588E+01	3.6230468750000000E+01
1.0148138046264648E+01	3.6230468750000000E+01
1.0205504328012466E+01	3.6230468750000000E+01
1.0262902006506920E+01	3.6230468750000000E+01
1.0320260204374790E+01	3.6230468750000000E+01
1.0377666339278221E+01	3.6230468750000000E+01
1.0435073882341385E+01	3.6230468750000000E+01
1.0492460660636425E+01	3.6230468750000000E+01
1.0549876034259796E+01	3.6230468750000000E+01
1.0607278570532799E+01	3.6230468750000000E+01
1.0664732627570629E+01	3.6230468750000000E+01
1.0722161449491978E+01	3.6230468750000000E+01
1.0779563948512077E+01	3.6230468750000000E+01
1.0837000094354153E+01	3.6230468750000000E+01
1.0894436664879322E+01	3.6230468750000000E+01
1.0951860025525093E+01	3.6230468750000000E+01
1.1009269312024117E+01	3.6230468750000000E+01
1.1066701173782349E+01	3.6230468750000000E+01
1.1124141119420528E+01	3.6230468750000000E+01
1.1181541785597801E+01	3.6230468750000000E+01
1.1238965675234795E+01	3.6230468750000000E+01
1.1296345472335815E+01	3.6230468750000000E+01
1.1353745780885220E+01	3.6230468750000000E+01
1.1411165326833725E+01	3.6230468750000000E+01
1.1468555688858032E+01	3.6230468750000000E+01
1.1525945886969566E+01	3.6230468750000000E+01
1.1583339929580688E+01	3.6230468750000000E+01
1.1641364596784115E+01	3.6230468750000000E+01
1.1698799178004265E+01	3.6230468750000000E+01
1.1756042070686817E+01	3.6230468750000000E+01
1.1813259743154049E+01	3.6230468750000000E+01
1.1870524108409882E+01	3.6230468750000000E+01
1.1927779324352741E+01	3.6230468750000000E+01
1.1985018730163574E+01	3.6230468750000000E+01
1.2042225785553455E+01	3.6230468750000000E+01
1.2099448196589947E+01	3.6230468750000000E+01
1.2156646184623241E+01	3.6230468750000000E+01
1.2213834218680859E+01	3.6230468750000000E+01
1.2271049372851849E+01	3.6230468750000000E+01
1.2328229226171970E+01	3.6230468750000000E+01
1.2385466098785400E+01	3.6230468750000000E+01
1.2442669764161110E+01	3.6230468750000000E+01
1.2499891512095928E+01	3.6230468750000000E+01
1.2557084076106548E+01	3.6230468750000000E+01
1.2614309750497341E+01	3.6230468750000000E+01
1.2671537928283215E+01	3.6230468750000000E+01
1.2728758431971073E+01	3.6230468750000000E+01
1.2785982951521873E+01	3.6230468750000000E+01
1.2843190647661686E+01	3.6230468750000000E+01
1.2900429300963879E+01	3.6230468750000000E+01
1.2957672268152237E+01	3.6230468750000000E+01
1.3014903202652931E+01	3.6230468750000000E+01
1.3072152376174927E+01	3.6230468750000000E+01
1.3129361510276794E+01	3.6230468750000000E+01
1.3186602778732777E+01	3.6230468750000000E+01
1.3243837215006351E+01	3.6230468750000000E+01
1.3301062531769276E+01	3.6230468750000000E+01
1.3358290560543537E+01	3.6230468750000000E+01
1.3415488220751286E+01	3.6230468750000000E+01
1.3472717925906181E+01	3.6230468750000000E+01
1.3529933646321297E+01	3.6230468750000000E+01
1.3587170250713825E+01	3.6230468750000000E+01
1.3644406057894230E+01	3.6230468750000000E+01
1.3701669156551361E+01	3.6230468750000000E+01
1.3758911266922951E+01	3.6230468750000000E+01
1.3816200859844685E+01	3.6230468750000000E+01
1.3873429171741009E+01	3.6230468750000000E+01
1.3930667325854301E+01	3.6230468750000000E+01
1.3987900570034981E+01	3.6230468750000000E+01
1.4045142062008381E+01	3.6230468750000000E+01
1.4102389074862003E+01	3.6230468750000000E+01
1.4159626781940460E+01	3.6230468750000000E+01
1.4216897524893284E+01	3.6230468750000000E+01
1.4274158246815205E+01	3.6230468750000000E+01
1.4331430740654469E+01	3.6230468750000000E+01
1.4388706699013710E+01	3.6230468750000000E+01
1.4445978775620461E+01	3.6230468750000000E+01
1.4503246717154980E+01	3.6230468750000000E+01
1.4560496345162392E+01	3.6230468750000000E+01
1.4617766745388508E+01	3.6230468750000000E+01
1.4675020694732666E+01	3.6230468750000000E+01
1.4732275292277336E+01	3.6230468750000000E+01
1.4789545737206936E+01	3.6230468750000000E+01
1.4846796728670597E+01	3.6230468750000000E+01
1.4904067866504192E+01	3.6230468750000000E+01
1.4961351200938225E+01	3.6230468750000000E+01
1.5018643543124199E+01	3.6230468750000000E+01
1.5075917735695839E+01	3.6230468750000000E+01
1.5133167609572411E+01	3.6230468750000000E+01
1.5190439812839031E+01	3.6230468750000000E+01
1.5247730888426304E+01	3.6230468750000000E+01
1.5304998554289341E+01	3.6230468750000000E+01
1.5362298481166363E+01	3.6230468750000000E+01
1.5419562831521034E+01	3.6230468750000000E+01
1.5476859658956528E+01	3.6230468750000000E+01
1.5534131772816181E+01	3.6230468750000000E+01
1.5591438464820385E+01	3.6230468750000000E+01
1.5648701138794422E+01	3.6230468750000000E+01
1.5705941721796989E+01	3.6230468750000000E+01
1.5763202778995037E+01	3.6230468750000000E+01
1.5820470064878464E+01	3.6230468750000000E+01
1.5877770498394966E+01	3.6230468750000000E+01
1.5935041368007660E+01	3.6230468750000000E+01
1.5992318108677864E+01	3.6230468750000000E+01
1.6049577102065086E+01	3.6230468750000000E+01
1.6106821350753307E+01	3.6230468750000000E+01
1.6164067476987839E+01	3.6230468750000000E+01
1.6221323885023594E+01	3.6230468750000000E+01
1.6278602011501789E+01	3.6230468750000000E+01
1.6335910722613335E+01	3.6230468750000000E+01
1.6393206112086773E+01	3.6230468750000000E+01
1.6450514025986195E+01	3.6230468750000000E+01
1.6507811494171619E+01	3.6230468750000000E+01
1.6565103940665722E+01	3.6230468750000000E+01
1.6622364506125450E+01	3.6230468750000000E+01
1.6679640382528305E+01	3.6230468750000000E+01
1.6736922279000282E+01	3.6230468750000000E+01
1.6794211328029633E+01	3.6230468750000000E+01
1.6851511768996716E+01	3.6230468750000000E+01
1.6908809706568718E+01	3.6230468750000000E+01
1.6966057755053043E+01	3.6230468750000000E+01
1.7023326151072979E+01	3.6230468750000000E+01
1.7080627381801605E+01	3.6230468750000000E+01
1.7137927107512951E+01	3.6230468750000000E+01
1.7195212580263615E+01	3.6230468750000000E+01
1.7252500452101231E+01	3.6230468750000000E+01
1.7309803500771523E+01	3.6230468750000000E+01
1.7367092035710812E+01	3.6230468750000000E+01
1.7424325942993164E+01	3.6230468750000000E+01
1.7481617033481598E+01	3.6230468750000000E+01
1.7538866728544235E+01	3.6230468750000000E+01
1.7596130594611168E+01	3.6230468750000000E+01
1.7653456382453442E+01	3.6230468750000000E+01
1.7710781767964363E+01	3.6230468750000000E+01
1.7768056333065033E+01	3.6230468750000000E+01
1.7825332522392273E+01	3.6230468750000000E+01
1.7882649406790733E+01	3.6230468750000000E+01
1.7939934045076370E+01	3.6230468750000000E+01
1.7997267141938210E+01	3.6230468750000000E+01
1.8054585434496403E+01	3.6230468750000000E+01
1.8111854597926140E+01	3.6230468750000000E+01
1.8169146984815598E+01	3.6230468750000000E+01
1.8226450286805630E+01	3.6230468750000000E+01
1.8283840842545033E+01	3.6230468750000000E+01
1.8341258160769939E+01	3.6230468750000000E+01
1.8398704946041107E+01	3.6230468750000000E+01
1.8456159107387066E+01	3.6230468750000000E+01
1.8513608090579510E+01	3.6230468750000000E+01
1.8571243859827518E+01	3.6230468750000000E+01
1.8628666937351227E+01	3.6230468750000000E+01
1.8686122536659241E+01	3.6230468750000000E+01
1.8743517719209194E+01	3.6230468750000000E+01
1.8800885438919067E+01	3.6230468750000000E+01
1.8858269214630127E+01	3.6230468750000000E+01
1.8915663555264473E+01	3.6230468750000000E+01
1.8973064668476582E+01	3.6230468750000000E+01
1.9030483722686768E+01	3.6230468750000000E+01
1.9087875239551067E+01	3.6230468750000000E+01
1.9145272016525269E+01	3.6230468750000000E+01
1.9202673532068729E+01	3.6230468750000000E+01
1.9260051719844341E+01	3.6230468750000000E+01
1.9317442543804646E+01	3.6230468750000000E+01
1.9374861292541027E+01	3.6230468750000000E+01
1.9432275772094727E+01	3.6230468750000000E+01
1.9489723540842533E+01	3.6230468750000000E+01
1.9547161191701889E+01	3.6230468750000000E+01
1.9604587271809578E+01	3.6230468750000000E+01
1.9661986619234085E+01	3.6230468750000000E+01
1.9719389431178570E+01	3.6230468750000000E+01
1.9776797242462635E+01	3.6230468750000000E+01
1.9834169715642929E+01	3.6230468750000000E+01
1.9891505762934685E+01	3.6230468750000000E+01
1.9948801293969154E+01	3.6230468750000000E+01
2.0006103336811066E+01	3.6230468750000000E+01
2.0063387356698513E+01	3.6230468750000000E+01
2.0120624929666519E+01	3.6230468750000000E+01
2.0177901871502399E+01	3.6230468750000000E+01
2.0235210679471493E+01	3.6230468750000000E+01
2.0292476870119572E+01	3.6230468750000000E+01
2.0349777430295944E+01	3.6230468750000000E+01
2.0407108217477798E+01	3.6230468750000000E+01
2.0464429385960102E+01	3.6230468750000000E+01
2.0521737545728683E+01	3.6230468750000000E+01
2.0579037964344025E+01	3.6230468750000000E+01
2.0636339768767357E+01	3.6230468750000000E+01
2.0693651922047138E+01	3.6230468750000000E+01
2.0750956505537033E+01	3.6230468750000000E+01
2.0808241121470928E+01	3.6230468750000000E+01
2.0865569546818733E+01	3.6230468750000000E+01
2.0922881484031677E+01	3.6230468750000000E+01
2.0980188399553299E+01	3.6230468750000000E+01
2.1037688009440899E+01	3.6230468750000000E+01
2.1094993881881237E+01	3.6230468750000000E+01
2.1152295172214508E+01	3.6230468750000000E+01
2.1209603294730186E+01	3.6230468750000000E+01
2.1266910284757614E+01	3.6230468750000000E+01
2.1324203111231327E+01	3.6230468750000000E+01
2.1381510488688946E+01	3.6230468750000000E+01
2.1439393989741802E+01	3.6230468750000000E+01
2.1496843807399273E+01	3.6230468750000000E+01
2.1554158344864845E+01	3.6230468750000000E+01
2.1611464582383633E+01	3.6230468750000000E+01
2.1668742462992668E+01	3.6230468750000000E+01
2.1726023472845554E+01	3.6230468750000000E+01
2.1783318489789963E+01	3.6230468750000000E+01
2.1840567268431187E+01	3.6230468750000000E+01
2.1897858008742332E+01	3.6230468750000000E+01
2.1955154933035374E+01	3.6230468750000000E+01
2.2012433283030987E+01	3.6230468750000000E+01
2.2069708570837975E+01	3.6230468750000000E+01
2.2126967594027519E+01	3.6230468750000000E+01
2.2184266857802868E+01	3.6230468750000000E+01
2.2241532623767853E+01	3.6230468750000000E+01
2.2298798061907291E+01	3.6230468750000000E+01
2.2356088161468506E+01	3.6230468750000000E+01
2.2413403145968914E+01	3.6230468750000000E+01
2.2470695845782757E+01	3.6230468750000000E+01
2.2527984820306301E+01	3.6230468750000000E+01
2.2585257649421692E+01	3.6230468750000000E+01
2.2642509318888187E+01	3.6230468750000000E+01
2.2699840478599072E+01	3.6230468750000000E+01
2.2757124818861485E+01	3.6230468750000000E+01
2.2814391441643238E+01	3.6230468750000000E+01
2.2871696300804615E+01	3.6230468750000000E+01
2.2928966172039509E+01	3.6230468750000000E+01
2.2986247763037682E+01	3.6230468750000000E+01
2.3043513193726540E+01	3.6230468750000000E+01
2.3100786633789539E+01	3.6230468750000000E+01
2.3158068649470806E+01	3.6230468750000000E+01
2.3215351469814777E+01	3.6230468750000000E+01
2.3272652544081211E+01	3.6230468750000000E+01
2.3329922929406166E+01	3.6230468750000000E+01
2.3387182392179966E+01	3.6230468750000000E+01
2.3444441713392735E+01	3.6230468750000000E+01
2.3501696683466434E+01	3.6230468750000000E+01
2.3558941155672073E+01	3.6230468750000000E+01
2.3616201609373093E+01	3.6230468750000000E+01
2.3673484243452549E+01	3.6230468750000000E+01
2.3730737209320068E+01	3.6230468750000000E+01
2.3788002632558346E+01	3.6230468750000000E+01
2.3845301121473312E+01	3.6230468750000000E+01
2.3902565293014050E+01	3.6230468750000000E+01
2.3959858387708664E+01	3.6230468750000000E+01
2.4017121955752373E+01	3.6230468750000000E+01
2.4074386611580849E+01	3.6230468750000000E+01
2.4131665438413620E+01	3.6230468750000000E+01
2.4188919700682163E+01	3.6230468750000000E+01
2.4246190167963505E+01	3.6230468750000000E+01
2.4303458198904991E+01	3.6230468750000000E+01
2.4360737830400467E+01	3.6230468750000000E+01
2.4418031275272369E+01	3.6230468750000000E+01
2.4475312620401382E+01	3.6230468750000000E+01
2.4532578416168690E+01	3.6230468750000000E+01
2.4589843943715096E+01	3.6230468750000000E+01
2.4647095642983913E+01	3.6230468750000000E+01
2.4704324431717396E+01	3.6230468750000000E+01
2.4761586152017117E+01	3.6230468750000000E+01
2.4818837091326714E+01	3.6230468750000000E+01
2.4876098863780499E+01	3.6230468750000000E+01
2.4933359637856483E+01	3.6230468750000000E+01
2.4990626595914364E+01	3.6230468750000000E+01
2.5047897450625896E+01	3.6230468750000000E+01
2.5105162851512432E+01	3.6230468750000000E+01
2.5162418588995934E+01	3.6230468750000000E+01
2.5219679892063141E+01	3.6230468750000000E+01
2.5276962883770466E+01	3.6230468750000000E+01
2.5334236271679401E+01	3.6230468750000000E+01
2.5391507372260094E+01	3.6230468750000000E+01
2.5448788098990917E+01	3.6230468750000000E+01
2.5506061255931854E+01	3.6230468750000000E+01
2.5563336953520775E+01	3.6230468750000000E+01
2.5620616272091866E+01	3.6230468750000000E+01
2.5677848488092422E+01	3.6230468750000000E+01
2.5735137186944485E+01	3.6230468750000000E+01
2.5792414657771587E+01	3.6230468750000000E+01
2.5849695324897766E+01	3.6230468750000000E+01
2.5906979687511921E+01	3.6230468750000000E+01
2.5964276179671288E+01	3.6230468750000000E+01
2.6021526582539082E+01	3.6230468750000000E+01
2.6078823946416378E+01	3.6230468750000000E+01
2.6136115781962872E+01	3.6230468750000000E+01
2.6193402633070946E+01	3.6230468750000000E+01
2.6250689461827278E+01	3.6230468750000000E+01
2.6307974211871624E+01	3.6230468750000000E+01
2.6365254975855350E+01	3.6230468750000000E+01
2.6422514103353024E+01	3.6230468750000000E+01
2.6479759722948074E+01	3.6230468750000000E+01
2.6537020236253738E+01	3.6230468750000000E+01
2.6594298996031284E+01	3.6230468750000000E+01
2.6651594839990139E+01	3.6230468750000000E+01
2.6708862215280533E+01	3.6230468750000000E+01
2.6766169011592865E+01	3.6230468750000000E+01
2.6823475271463394E+01	3.6230468750000000E+01
2.6880775675177574E+01	3.6230468750000000E+01
2.6938045717775822E+01	3.6230468750000000E+01
2.6995356470346451E+01	3.6230468750000000E+01
2.7052642628550529E+01	3.6230468750000000E+01
2.7109928660094738E+01	3.6230468750000000E+01
2.7167198888957500E+01	3.6230468750000000E+01
2.7224492177367210E+01	3.6230468750000000E+01
2.7281810998916626E+01	3.6230468750000000E+01
2.7339123398065567E+01	3.6230468750000000E+01
2.7396432153880596E+01	3.6230468750000000E+01
2.7453736476600170E+01	3.6230468750000000E+01
2.7511031769216061E+01	3.6230468750000000E+01
2.7568356558680534E+01	3.6230468750000000E+01
2.7625679984688759E+01	3.6230468750000000E+01
2.7682985320687294E+01	3.6230468750000000E+01
2.7740284882485867E+01	3.6230468750000000E+01
2.7797596491873264E+01	3.6230468750000000E+01
2.7854947112500668E+01	3.6230468750000000E+01
2.7912254497408867E+01	3.6230468750000000E+01
2.7969531953334808E+01	3.6230468750000000E+01
2.8026818715035915E+01	3.6230468750000000E+01
2.8084108658134937E+01	3.6230468750000000E+01
2.8141397334635258E+01	3.6230468750000000E+01
2.8198689483106136E+01	3.6230468750000000E+01
2.8256009839475155E+01	3.6230468750000000E+01
2.8313332848250866E+01	3.6230468750000000E+01
2.8370663344860077E+01	3.6230468750000000E+01
2.8427962727844715E+01	3.6230468750000000E+01
2.8485280014574528E+01	3.6230468750000000E+01
2.8542546041309834E+01	3.6230468750000000E+01
2.8599840171635151E+01	3.6230468750000000E+01
2.8657120972871780E+01	3.6230468750000000E+01
2.8714410670101643E+01	3.6230468750000000E+01
2.8771690145134926E+01	3.6230468750000000E+01
2.8828938953578472E+01	3.6230468750000000E+01
2.8886218883097172E+01	3.6230468750000000E+01
2.8943530149757862E+01	3.6230468750000000E+01
2.9000801503658295E+01	3.6230468750000000E+01
2.9058097995817661E+01	3.6230468750000000E+01
2.9115367352962494E+01	3.6230468750000000E+01
2.9172671087086201E+01	3.6230468750000000E+01
2.9229936316609383E+01	3.6230468750000000E+01
2.9287255659699440E+01	3.6230468750000000E+01
2.9344563476741314E+01	3.6230468750000000E+01
2.9401840843260288E+01	3.6230468750000000E+01
2.9459115244448185E+01	3.6230468750000000E+01
2.9516390390694141E+01	3.6230468750000000E+01
2.9573683723807335E+01	3.6230468750000000E+01
2.9630965352058411E+01	3.6230468750000000E+01
2.9688270047307014E+01	3.6230468750000000E+01
2.9745542220771313E+01	3.6230468750000000E+01
2.9802857138216496E+01	3.6230468750000000E+01
2.9860150843858719E+01	3.6230468750000000E+01
2.9917476423084736E+01	3.6230468750000000E+01
2.9974783942103386E+01	3.6230468750000000E+01
3.0032110892236233E+01	3.6230468750000000E+01
3.0089434131979942E+01	3.6230468750000000E+01
3.0146734818816185E+01	3.6230468750000000E+01
3.0204057104885578E+01	3.6230468750000000E+01
3.0261330887675285E+01	3.6230468750000000E+01
3.0318624794483185E+01	3.6230468750000000E+01
3.0375900335609913E+01	3.6230468750000000E+01
3.0433179378509521E+01	3.6230468750000000E+01
3.0490447975695133E+01	3.6230468750000000E+01
3.0547779098153114E+01	3.6230468750000000E+01
3.0605085328221321E+01	3.6230468750000000E+01
3.0662419289350510E+01	3.6230468750000000E+01
3.0719738461077213E+01	3.6230468750000000E+01
3.0777022473514080E+01	3.6230468750000000E+01
3.0834307529032230E+01	3.6230468750000000E+01
3.0891568601131439E+01	3.6230468750000000E+01
3.0948891788721085E+01	3.6230468750000000E+01
3.1006193660199642E+01	3.6230468750000000E+01
3.1063495337963104E+01	3.6230468750000000E+01
3.1120781131088734E+01	3.6230468750000000E+01
3.1178105831146240E+01	3.6230468750000000E+01
3.1235424377024174E+01	3.6230468750000000E+01
3.1292717508971691E+01	3.6230468750000000E+01
3.1350002348423004E+01	3.6230468750000000E+01
3.1407318316400051E+01	3.6230468750000000E+01
3.1464615970849991E+01	3.6230468750000000E+01
3.1521905958652496E+01	3.6230468750000000E+01
3.1579215198755264E+01	3.6230468750000000E+01
3.1636533297598362E+01	3.6230468750000000E+01
3.1693846374750137E+01	3.6230468750000000E+01
3.1751123309135437E+01	3.6230468750000000E+01
3.1808411836624146E+01	3.6230468750000000E+01
3.1865713141858578E+01	3.6230468750000000E+01
3.1923016406595707E+01	3.6230468750000000E+01
3.1980301983654499E+01	3.6230468750000000E+01
3.2037594862282276E+01	3.6230468750000000E+01
3.2094894774258137E+01	3.6230468750000000E+01
3.2152218073606491E+01	3.6230468750000000E+01
3.2209485448896885E+01	3.6230468750000000E+01
3.2266784608364105E+01	3.6230468750000000E+01
3.2324099473655224E+01	3.6230468750000000E+01
3.2381407067179680E+01	3.6230468750000000E+01
3.2438693769276142E+01	3.6230468750000000E+01
3.2495979614555836E+01	3.6230468750000000E+01
3.2553255207836628E+01	3.6230468750000000E+01
3.2610567361116409E+01	3.6230468750000000E+01
3.2667870223522186E+01	3.6230468750000000E+01
3.2725139252841473E+01	3.6230468750000000E+01
3.2782411806285381E+01	3.6230468750000000E+01
3.2839696168899536E+01	3.6230468750000000E+01
3.2896968871355057E+01	3.6230468750000000E+01
3.2954209022223949E+01	3.6230468750000000E+01
3.3011463642120361E+01	3.6230468750000000E+01
3.3068776845932007E+01	3.6230468750000000E+01
3.3126054488122463E+01	3.6230468750000000E+01
3.3183341778814793E+01	3.6230468750000000E+01
3.3240643419325352E+01	3.6230468750000000E+01
3.3297915339469910E+01	3.6230468750000000E+01
3.3355165801942348E+01	3.6230468750000000E+01
3.3412438318133354E+01	3.6230468750000000E+01
3.3469690449535847E+01	3.6230468750000000E+01
3.3526971399784088E+01	3.6230468750000000E+01
3.3584252879023552E+01	3.6230468750000000E+01
3.3641545929014683E+01	3.6230468750000000E+01
3.3698834083974361E+01	3.6230468750000000E+01
3.3756105929613113E+01	3.6230468750000000E+01
3.3813394524157047E+01	3.6230468750000000E+01
3.3870673276484013E+01	3.6230468750000000E+01
3.3927960887551308E+01	3.6230468750000000E+01
3.3985238403081894E+01	3.6230468750000000E+01
3.4042520470917225E+01	3.6230468750000000E+01
3.4099816687405109E+01	3.6230468750000000E+01
3.4157083205878735E+01	3.6230468750000000E+01
3.4214371584355831E+01	3.6230468750000000E+01
3.4271680042147636E+01	3.6230468750000000E+01
3.4328925348818302E+01	3.6230468750000000E+01
3.4386236026883125E+01	3.6230468750000000E+01
3.4443501614034176E+01	3.6230468750000000E+01
3.4500802427530289E+01	3.6230468750000000E+01
3.4558099828660488E+01	3.6230468750000000E+01
3.4615348190069199E+01	3.6230468750000000E+01
3.4672612965106964E+01	3.6230468750000000E+01
3.4729894079267979E+01	3.6230468750000000E+01
3.4787198409438133E+01	3.6230468750000000E+01
3.4844472423195839E+01	3.6230468750000000E+01
3.4901767060160637E+01	3.6230468750000000E+01
3.4959063611924648E+01	3.6230468750000000E+01
3.5016308531165123E+01	3.6230468750000000E+01
3.5073601730167866E+01	3.6230468750000000E+01
3.5130882933735847E+01	3.6230468750000000E+01
3.5188422322273254E+01	3.6230468750000000E+01
3.5245703801512718E+01	3.6230468750000000E+01
3.5302973613142967E+01	3.6230468750000000E+01
3.5360225833952427E+01	3.6230468750000000E+01
3.5417463555932045E+01	3.6230468750000000E+01
3.5474724993109703E+01	3.6230468750000000E+01
3.5531977944076061E+01	3.6230468750000000E+01
3.5589216753840446E+01	3.6230468750000000E+01
3.5646450936794281E+01	3.6230468750000000E+01
3.5703673265874386E+01	3.6230468750000000E+01
3.5760947011411190E+01	3.6230468750000000E+01
3.5818166531622410E+01	3.6230468750000000E+01
3.5875416599214077E+01	3.6230468750000000E+01
3.5932652838528156E+01	3.6230468750000000E+01
3.5989878065884113E+01	3.6230468750000000E+01
3.6047100789844990E+01	3.6230468750000000E+01
3.6104324996471405E+01	3.6230468750000000E+01
3.6161584772169590E+01	3.6230468750000000E+01
3.6218848980963230E+01	3.6230468750000000E+01
3.6276076257228851E+01	3.6230468750000000E+01
3.6333332873880863E+01	3.6230468750000000E+01
3.6390538416802883E+01	3.6230468750000000E+01
3.6447767496109009E+01	3.6230468750000000E+01
3.6505002431571484E+01	3.6230468750000000E+01
3.6562210470438004E+01	3.6230468750000000E+01
3.6619445793330669E+01	3.6230468750000000E+01
3.6676674351096153E+01	3.6230468750000000E+01
3.6733952686190605E+01	3.6230468750000000E+01
3.6791249610483646E+01	3.6230468750000000E+01
3.6848663955926895E+01	3.6230468750000000E+01
3.6906055659055710E+01	3.6230468750000000E+01
3.6963421985507011E+01	3.6230468750000000E+01
3.7020807787775993E+01	3.6230468750000000E+01
3.7078197516500950E+01	3.6230468750000000E+01
3.7135558754205704E+01	3.6230468750000000E+01
3.7192945666611195E+01	3.6230468750000000E+01
3.7250341556966305E+01	3.6230468750000000E+01
3.7307726554572582E+01	3.6230468750000000E+01
3.7365078523755074E+01	3.6230468750000000E+01
3.7422490611672401E+01	3.6230468750000000E+01
3.7479888327419758E+01	3.6230468750000000E+01
3.7537257947027683E+01	3.6230468750000000E+01
3.7594552673399448E+01	3.6230468750000000E+01
3.7651764795184135E+01	3.6230468750000000E+01
3.7708951279520988E+01	3.6230468750000000E+01
3.7766143001616001E+01	3.6230468750000000E+01
3.7823343075811863E+01	3.6230468750000000E+01
3.7880540698766708E+01	3.6230468750000000E+01
3.7937736056745052E+01	3.6230468750000000E+01
3.7994916081428528E+01	3.6230468750000000E+01
3.8052119627594948E+01	3.6230468750000000E+01
3.8109298467636108E+01	3.6230468750000000E+01
3.8167212434113026E+01	3.6230468750000000E+01
3.8224718183279037E+01	3.6230468750000000E+01
3.8282085277140141E+01	3.6230468750000000E+01
3.8339439384639263E+01	3.6230468750000000E+01
3.8396804504096508E+01	3.6230468750000000E+01
3.8454143404960632E+01	3.6230468750000000E+01
3.8511749111115932E+01	3.6230468750000000E+01
3.8569129720330238E+01	3.6230468750000000E+01
3.8626467294991016E+01	3.6230468750000000E+01
3.8683783397078514E+01	3.6230468750000000E+01
3.8741033606231213E+01	3.6230468750000000E+01
3.8798288986086845E+01	3.6230468750000000E+01
3.8855556182563305E+01	3.6230468750000000E+01
3.8912866026163101E+01	3.6230468750000000E+01
3.8970176041126251E+01	3.6230468750000000E+01
3.9027458511292934E+01	3.6230468750000000E+01
3.9084710620343685E+01	3.6230468750000000E+01
3.9141933873295784E+01	3.6230468750000000E+01
3.9199185363948345E+01	3.6230468750000000E+01
3.9256432846188545E+01	3.6230468750000000E+01
3.9313668921589851E+01	3.6230468750000000E+01
3.9370889440178871E+01	3.6230468750000000E+01
3.9428142406046391E+01	3.6230468750000000E+01
3.9485408827662468E+01	3.6230468750000000E+01
3.9542667858302593E+01	3.6230468750000000E+01
3.9599890954792500E+01	3.6230468750000000E+01
3.9657158866524696E+01	3.6230468750000000E+01
3.9714394234120846E+01	3.6230468750000000E+01
3.9771623164415359E+01	3.6230468750000000E+01
3.9828852258622646E+01	3.6230468750000000E+01
3.9886102564632893E+01	3.6230468750000000E+01
3.9943325147032738E+01	3.6230468750000000E+01
4.0000544302165508E+01	3.6230468750000000E+01
4.0057744316756725E+01	3.6230468750000000E+01
4.0114961273968220E+01	3.6230468750000000E+01
4.0172169074416161E+01	3.6230468750000000E+01
4.0229346036911011E+01	3.6230468750000000E+01
4.0286509178578854E+01	3.6230468750000000E+01
4.0343677923083305E+01	3.6230468750000000E+01
4.0400864005088806E+01	3.6230468750000000E+01
4.0458053670823574E+01	3.6230468750000000E+01
4.0515242792665958E+01	3.6230468750000000E+01
4.0572447627782822E+01	3.6230468750000000E+01
4.0629600748419762E+01	3.6230468750000000E+01
4.0686761975288391E+01	3.6230468750000000E+01
4.0743945911526680E+01	3.6230468750000000E+01
4.0801154032349586E+01	3.6230468750000000E+01
4.0858329176902771E+01	3.6230468750000000E+01
4.0915513232350349E+01	3.6230468750000000E+01
4.0972688801586628E+01	3.6230468750000000E+01
4.1029862217605114E+01	3.6230468750000000E+01
4.1087039358913898E+01	3.6230468750000000E+01
4.1144184283912182E+01	3.6230468750000000E+01
4.1201400622725487E+01	3.6230468750000000E+01
4.1258577607572079E+01	3.6230468750000000E+01
4.1315758198499680E+01	3.6230468750000000E+01
4.1372981384396553E+01	3.6230468750000000E+01
4.1430180259048939E+01	3.6230468750000000E+01
4.1487399175763130E+01	3.6230468750000000E+01
4.1544599801301956E+01	3.6230468750000000E+01
4.1601843580603600E+01	3.6230468750000000E+01
4.1659085027873516E+01	3.6230468750000000E+01
4.1716283783316612E+01	3.6230468750000000E+01
4.1773497998714447E+01	3.6230468750000000E+01
4.1830704331398010E+01	3.6230468750000000E+01
4.1887942127883434E+01	3.6230468750000000E+01
4.1945191182196140E+01	3.6230468750000000E+01
4.2002391569316387E+01	3.6230468750000000E+01
4.2059633992612362E+01	3.6230468750000000E+01
4.2116842754185200E+01	3.6230468750000000E+01
4.2174078740179539E+01	3.6230468750000000E+01
4.2231303967535496E+01	3.6230468750000000E+01
4.2288540460169315E+01	3.6230468750000000E+01
4.2345794342458248E+01	3.6230468750000000E+01
4.2403050489723682E+01	3.6230468750000000E+01
4.2460292622447014E+01	3.6230468750000000E+01
4.2517527595162392E+01	3.6230468750000000E+01
4.2574779316782951E+01	3.6230468750000000E+01
4.2632039599120617E+01	3.6230468750000000E+01
4.2689290761947632E+01	3.6230468750000000E+01
4.2746549308300018E+01	3.6230468750000000E+01
4.2803784772753716E+01	3.6230468750000000E+01
4.2861017145216465E+01	3.6230468750000000E+01
4.2918260544538498E+01	3.6230468750000000E+01
4.2975520171225071E+01	3.6230468750000000E+01
4.3032792367041111E+01	3.6230468750000000E+01
4.3090058185160160E+01	3.6230468750000000E+01
4.3147287696599960E+01	3.6230468750000000E+01
4.3204552270472050E+01	3.6230468750000000E+01
4.3261763758957386E+01	3.6230468750000000E+01
4.3318998120725155E+01	3.6230468750000000E+01
4.3376222535967827E+01	3.6230468750000000E+01
4.3433465830981731E+01	3.6230468750000000E+01
4.3490691706538200E+01	3.6230468750000000E+01
4.3547929920256138E+01	3.6230468750000000E+01
4.3605182170867920E+01	3.6230468750000000E+01
4.3662399224936962E+01	3.6230468750000000E+01
4.3719656772911549E+01	3.6230468750000000E+01
4.3776900969445705E+01	3.6230468750000000E+01
4.3834149807691574E+01	3.6230468750000000E+01
4.3891405180096626E+01	3.6230468750000000E+01
4.3948670171201229E+01	3.6230468750000000E+01
4.4005920924246311E+01	3.6230468750000000E+01
4.4063168168067932E+01	3.6230468750000000E+01
4.4120372571051121E+01	3.6230468750000000E+01
4.4177590392529964E+01	3.6230468750000000E+01
4.4234810508787632E+01	3.6230468750000000E+01
4.4292042769491673E+01	3.6230468750000000E+01
4.4349225744605064E+01	3.6230468750000000E+01
4.4406452335417271E+01	3.6230468750000000E+01
4.4463696628808975E+01	3.6230468750000000E+01
4.4520919017493725E+01	3.6230468750000000E+01
4.4578164331614971E+01	3.6230468750000000E+01
4.4635366275906563E+01	3.6230468750000000E+01
4.4692598350346088E+01	3.6230468750000000E+01
4.4749809294939041E+01	3.6230468750000000E+01
4.4807031184434891E+01	3.6230468750000000E+01
4.4864248327910900E+01	3.6230468750000000E+01
4.4921484537422657E+01	3.6230468750000000E+01
4.4978709764778614E+01	3.6230468750000000E+01
4.5035950168967247E+01	3.6230468750000000E+01
4.5093145176768303E+01	3.6230468750000000E+01
4.5150366313755512E+01	3.6230468750000000E+01
4.5207597032189369E+01	3.6230468750000000E+01
4.5264803647994995E+01	3.6230468750000000E+01
4.5322025224566460E+01	3.6230468750000000E+01
4.5379214070737362E+01	3.6230468750000000E+01
4.5436453543603420E+01	3.6230468750000000E+01
4.5493680126965046E+01	3.6230468750000000E+01
4.5550889007747173E+01	3.6230468750000000E+01
4.5608112677931786E+01	3.6230468750000000E+01
4.5665345527231693E+01	3.6230468750000000E+01
4.5722578212618828E+01	3.6230468750000000E+01
4.5779793582856655E+01	3.6230468750000000E+01
4.5837014913558960E+01	3.6230468750000000E+01
4.5894258499145508E+01	3.6230468750000000E+01
4.5951476506888866E+01	3.6230468750000000E+01
4.6008706755936146E+01	3.6230468750000000E+01
4.6065896920859814E+01	3.6230468750000000E+01
4.6123115278780460E+01	3.6230468750000000E+01
4.6180353306233883E+01	3.6230468750000000E+01
4.6237565934658051E+01	3.6230468750000000E+01
4.6294792026281357E+01	3.6230468750000000E+01
4.6352033391594887E+01	3.6230468750000000E+01
4.6409289509057999E+01	3.6230468750000000E+01
4.6466532170772552E+01	3.6230468750000000E+01
4.6523754633963108E+01	3.6230468750000000E+01
4.6580957219004631E+01	3.6230468750000000E+01
4.6638184092938900E+01	3.6230468750000000E+01
4.6695389553904533E+01	3.6230468750000000E+01
4.6752629056572914E+01	3.6230468750000000E+01
4.6809859886765480E+01	3.6230468750000000E+01
4.6867093466222286E+01	3.6230468750000000E+01
4.6924296393990517E+01	3.6230468750000000E+01
4.6981502152979374E+01	3.6230468750000000E+01
4.7038714699447155E+01	3.6230468750000000E+01
4.7095924280583858E+01	3.6230468750000000E+01
4.7153129927814007E+01	3.6230468750000000E+01
4.7210323609411716E+01	3.6230468750000000E+01
4.7267539113759995E+01	3.6230468750000000E+01
4.7324757561087608E+01	3.6230468750000000E+01
4.7381999723613262E+01	3.6230468750000000E+01
4.7439221255481243E+01	3.6230468750000000E+01
4.7496415667235851E+01	3.6230468750000000E+01
4.7553610108792782E+01	3.6230468750000000E+01
4.7610820434987545E+01	3.6230468750000000E+01
4.7668007232248783E+01	3.6230468750000000E+01
4.7725212320685387E+01	3.6230468750000000E+01
4.7782516188919544E+01	3.6230468750000000E+01
4.7839910767972469E+01	3.6230468750000000E+01
4.7897279851138592E+01	3.6230468750000000E+01
4.7954629667103291E+01	3.6230468750000000E+01
4.8011983238160610E+01	3.6230468750000000E+01
4.8069357506930828E+01	3.6230468750000000E+01
4.8126747116446495E+01	3.6230468750000000E+01
4.8184085339307785E+01	3.6230468750000000E+01
4.8241466224193573E+01	3.6230468750000000E+01
4.8298841312527657E+01	3.6230468750000000E+01
4.8356199748814106E+01	3.6230468750000000E+01
4.8413578115403652E+01	3.6230468750000000E+01
4.8470965944230556E+01	3.6230468750000000E+01
4.8528377056121826E+01	3.6230468750000000E+01
4.8585728012025356E+01	3.6230468750000000E+01
4.8643115274608135E+01	3.6230468750000000E+01
4.8700459942221642E+01	3.6230468750000000E+01
4.8757830552756786E+01	3.6230468750000000E+01
4.8815167918801308E+01	3.6230468750000000E+01
4.8872530519962311E+01	3.6230468750000000E+01
4.8929904960095882E+01	3.6230468750000000E+01
4.8987245671451092E+01	3.6230468750000000E+01
4.9044664017856121E+01	3.6230468750000000E+01
4.9102008730173111E+01	3.6230468750000000E+01
4.9159363262355328E+01	3.6230468750000000E+01
4.9216751784086227E+01	3.6230468750000000E+01
4.9274163663387299E+01	3.6230468750000000E+01
4.9331528201699257E+01	3.6230468750000000E+01
4.9388927340507507E+01	3.6230468750000000E+01
4.9446296274662018E+01	3.6230468750000000E+01
4.9503694526851177E+01	3.6230468750000000E+01
4.9561041250824928E+01	3.6230468750000000E+01
4.9618408128619194E+01	3.6230468750000000E+01
4.9675776764750481E+01	3.6230468750000000E+01
4.9733135201036930E+01	3.6230468750000000E+01
4.9790495440363884E+01	3.6230468750000000E+01
4.9847869895398617E+01	3.6230468750000000E+01
4.9905226767063141E+01	3.6230468750000000E+01
4.9962689109146595E+01	3.6230468750000000E+01
5.0020074315369129E+01	3.6230468750000000E+01
5.0077480100095272E+01	3.6230468750000000E+01
5.0134864956140518E+01	3.6230468750000000E+01
5.0192228682339191E+01	3.6230468750000000E+01
5.0249638713896275E+01	3.6230468750000000E+01
5.0306998036801815E+01	3.6230468750000000E+01
5.0364405289292336E+01	3.6230468750000000E+01
5.0421766683459282E+01	3.6230468750000000E+01
5.0479120686650276E+01	3.6230468750000000E+01
5.0536419384181499E+01	3.6230468750000000E+01
5.0593685999512672E+01	3.6230468750000000E+01
5.0650933273136616E+01	3.6230468750000000E+01
5.0708181515336037E+01	3.6230468750000000E+01
5.0765404492616653E+01	3.6230468750000000E+01
5.0822661899030209E+01	3.6230468750000000E+01
5.0879909902811050E+01	3.6230468750000000E+01
5.0937134586274624E+01	3.6230468750000000E+01
5.0994380451738834E+01	3.6230468750000000E+01
5.1051633387804031E+01	3.6230468750000000E+01
5.1108862049877644E+01	3.6230468750000000E+01
5.1166121818125248E+01	3.6230468750000000E+01
5.1223564982414246E+01	3.6230468750000000E+01
5.1280822701752186E+01	3.6230468750000000E+01
5.1338040985167027E+01	3.6230468750000000E+01
5.1395305737853050E+01	3.6230468750000000E+01
5.1452563576400280E+01	3.6230468750000000E+01
5.1509817898273468E+01	3.6230468750000000E+01
5.1567056447267532E+01	3.6230468750000000E+01
5.1624274745583534E+01	3.6230468750000000E+01
5.1681520462036133E+01	3.6230468750000000E+01
5.1738774515688419E+01	3.6230468750000000E+01
5.1795984804630280E+01	3.6230468750000000E+01
5.1853206366300583E+01	3.6230468750000000E+01
5.1910632550716400E+01	3.6230468750000000E+01
5.1967861272394657E+01	3.6230468750000000E+01
5.2025113664567471E+01	3.6230468750000000E+01
5.2082343205809593E+01	3.6230468750000000E+01
5.2139587067067623E+01	3.6230468750000000E+01
5.2196838252246380E+01	3.6230468750000000E+01
5.2254091538488865E+01	3.6230468750000000E+01
5.2311319537460804E+01	3.6230468750000000E+01
5.2368555471301079E+01	3.6230468750000000E+01
5.2425764359533787E+01	3.6230468750000000E+01
5.2482964806258678E+01	3.6230468750000000E+01
5.2540224567055702E+01	3.6230468750000000E+01
5.2597492910921574E+01	3.6230468750000000E+01
5.2654712483286858E+01	3.6230468750000000E+01
5.2711955621838570E+01	3.6230468750000000E+01
5.2769189611077309E+01	3.6230468750000000E+01
5.2826427400112152E+01	3.6230468750000000E+01
5.2883687928318977E+01	3.6230468750000000E+01
5.2940953567624092E+01	3.6230468750000000E+01
5.2998164705932140E+01	3.6230468750000000E+01
5.3055383265018463E+01	3.6230468750000000E+01
5.3112633377313614E+01	3.6230468750000000E+01
5.3169863134622574E+01	3.6230468750000000E+01
5.3227112054824829E+01	3.6230468750000000E+01
5.3284360833466053E+01	3.6230468750000000E+01
5.3341624654829502E+01	3.6230468750000000E+01
5.3398864999413490E+01	3.6230468750000000E+01
5.3456095203757286E+01	3.6230468750000000E+01
5.3513332150876522E+01	3.6230468750000000E+01
5.3570591449737549E+01	3.6230468750000000E+01
5.3627811603248119E+01	3.6230468750000000E+01
5.3685017354786396E+01	3.6230468750000000E+01
5.3742265269160271E+01	3.6230468750000000E+01
5.3799554094672203E+01	3.6230468750000000E+01
5.3856809929013252E+01	3.6230468750000000E+01
5.3914025098085403E+01	3.6230468750000000E+01
5.3971275582909584E+01	3.6230468750000000E+01
5.4028548978269100E+01	3.6230468750000000E+01
5.4085828505456448E+01	3.6230468750000000E+01
5.4143074281513691E+01	3.6230468750000000E+01
5.4200302079319954E+01	3.6230468750000000E+01
5.4257768906652927E+01	3.6230468750000000E+01
5.4315015166997910E+01	3.6230468750000000E+01
5.4372239649295807E+01	3.6230468750000000E+01
5.4429483570158482E+01	3.6230468750000000E+01
5.4486724950373173E+01	3.6230468750000000E+01
5.4543944679200649E+01	3.6230468750000000E+01
5.4601170964539051E+01	3.6230468750000000E+01
5.4658397324383259E+01	3.6230468750000000E+01
5.4715596161782742E+01	3.6230468750000000E+01
5.4772797904908657E+01	3.6230468750000000E+01
5.4830008432269096E+01	3.6230468750000000E+01
5.4887208350002766E+01	3.6230468750000000E+01
5.4944438807666302E+01	3.6230468750000000E+01
5.5001648932695389E+01	3.6230468750000000E+01
5.5058867789804935E+01	3.6230468750000000E+01
5.5116676494479179E+01	3.6230468750000000E+01
5.5174002334475517E+01	3.6230468750000000E+01
5.5231214776635170E+01	3.6230468750000000E+01
5.5288514114916325E+01	3.6230468750000000E+01
5.5345807857811451E+01	3.6230468750000000E+01
5.5403061375021935E+01	3.6230468750000000E+01
5.5460356160998344E+01	3.6230468750000000E+01
5.5517642825841904E+01	3.6230468750000000E+01
5.5574892342090607E+01	3.6230468750000000E+01
5.5632175676524639E+01	3.6230468750000000E+01
5.5689436167478561E+01	3.6230468750000000E+01
5.5746727608144283E+01	3.6230468750000000E+01
5.5804055973887444E+01	3.6230468750000000E+01
5.5861357972025871E+01	3.6230468750000000E+01
5.5918628230690956E+01	3.6230468750000000E+01
5.5975886002182961E+01	3.6230468750000000E+01
5.6033143334090710E+01	3.6230468750000000E+01
5.6090443767607212E+01	3.6230468750000000E+01
5.6147704072296619E+01	3.6230468750000000E+01
5.6204996831715107E+01	3.6230468750000000E+01
5.6262280128896236E+01	3.6230468750000000E+01
5.6319564729928970E+01	3.6230468750000000E+01
5.6376867868006229E+01	3.6230468750000000E+01
5.6434146098792553E+01	3.6230468750000000E+01
5.6491443179547787E+01	3.6230468750000000E+01
5.6548730887472630E+01	3.6230468750000000E+01
5.6606020994484425E+01	3.6230468750000000E+01
5.6663333840668201E+01	3.6230468750000000E+01
5.6720641829073429E+01	3.6230468750000000E+01
5.6777888394892216E+01	3.6230468750000000E+01
5.6835168801248074E+01	3.6230468750000000E+01
5.6892406865954399E+01	3.6230468750000000E+01
5.6949660860002041E+01	3.6230468750000000E+01
5.7006948463618755E+01	3.6230468750000000E+01
5.7064217396080494E+01	3.6230468750000000E+01
5.7121481716632843E+01	3.6230468750000000E+01
5.7178845740854740E+01	3.6230468750000000E+01
5.7236295036971569E+01	3.6230468750000000E+01
