0.0000000000000000E+00	3.9883398585594483E-02
1.0010010010010010E+05	3.9878281217333639E-02
2.0020020020020020E+05	3.9878678879075112E-02
3.0030030030030030E+05	3.9889774983703212E-02
4.0040040040040039E+05	3.9912030052808987E-02
5.0050050050050049E+05	3.9942740341483755E-02
6.0060060060060059E+05	3.9979143840447637E-02
7.0070070070070075E+05	4.0018478540418616E-02
8.0080080080080079E+05	4.0057996021389319E-02
9.0090090090090083E+05	4.0096175767756988E-02
1.0010010010010010E+06	4.0133685603678443E-02
1.1011011011011011E+06	4.0171419373853344E-02
1.2012012012012012E+06	4.0210270922980580E-02
1.3013013013013012E+06	4.0251134095759866E-02
1.4014014014014015E+06	4.0294902736888544E-02
1.5015015015015015E+06	4.0342138384768911E-02
1.6016016016016016E+06	4.0391213619737652E-02
1.7017017017017016E+06	4.0439615456833861E-02
1.8018018018018017E+06	4.0484828416539449E-02
1.9019019019019019E+06	4.0524337019335457E-02
2.0020020020020020E+06	4.0555625785703417E-02
2.1021021021021022E+06	4.0576179236123111E-02
2.2022022022022023E+06	4.0583483513841750E-02
2.3023023023023023E+06	4.0577065350170582E-02
2.4024024024024024E+06	4.0562479639120179E-02
2.5025025025025024E+06	4.0546389044270055E-02
2.6026026026026024E+06	4.0535456229198824E-02
2.7027027027027025E+06	4.0535291776554377E-02
2.8028028028028030E+06	4.0545462197811535E-02
2.9029029029029030E+06	4.0563379779182902E-02
3.0030030030030031E+06	4.0586454163055466E-02
3.1031031031031031E+06	4.0612094991816727E-02
3.2032032032032032E+06	4.0638049183824611E-02
3.3033033033033032E+06	4.0664444906805507E-02
3.4034034034034032E+06	4.0692435516036643E-02
3.5035035035035033E+06	4.0723178366016299E-02
3.6036036036036033E+06	4.0757830811244296E-02
3.7037037037037038E+06	4.0797550206219960E-02
3.8038038038038039E+06	4.0843210603559769E-02
3.9039039039039039E+06	4.0893093801253375E-02
4.0040040040040039E+06	4.0944091282635736E-02
4.1041041041041040E+06	4.0993081274425060E-02
4.2042042042042045E+06	4.1036942003336740E-02
4.3043043043043045E+06	4.1072551696089012E-02
4.4044044044044046E+06	4.1096788579399177E-02
4.5045045045045046E+06	4.1106665110826737E-02
4.6046046046046047E+06	4.1103360842916728E-02
4.7047047047047047E+06	4.1092928573326977E-02
4.8048048048048047E+06	4.1081697646368369E-02
4.9049049049049048E+06	4.1075977144132123E-02
5.0050050050050048E+06	4.1079445232816258E-02
5.1051051051051049E+06	4.1090571119437293E-02
5.2052052052052049E+06	4.1107211435169294E-02
5.3053053053053049E+06	4.1127222811185297E-02
5.4054054054054050E+06	4.1148466184147352E-02
5.5055055055055050E+06	4.1169643633592719E-02
5.6056056056056060E+06	4.1191299930640496E-02
5.7057057057057060E+06	4.1214223987593591E-02
5.8058058058058061E+06	4.1239204716756156E-02
5.9059059059059061E+06	4.1267031030432458E-02
6.0060060060060062E+06	4.1298489286135602E-02
6.1061061061061062E+06	4.1333444756025170E-02
6.2062062062062062E+06	4.1369479665806827E-02
6.3063063063063063E+06	4.1403828596077802E-02
6.4064064064064063E+06	4.1433726127433360E-02
6.5065065065065064E+06	4.1456406840470812E-02
6.6066066066066064E+06	4.1469105315786882E-02
6.7067067067067064E+06	4.1469056133977666E-02
6.8068068068068065E+06	4.1454893113268006E-02
6.9069069069069065E+06	4.1432585293462221E-02
7.0070070070070066E+06	4.1410497173933726E-02
7.1071071071071066E+06	4.1396994594753871E-02
7.2072072072072066E+06	4.1399310247076070E-02
7.3073073073073076E+06	4.1416493369110491E-02
7.4074074074074076E+06	4.1443998864662469E-02
7.5075075075075077E+06	4.1477266200255582E-02
7.6076076076076077E+06	4.1511734842413196E-02
7.7077077077077078E+06	4.1543522399012246E-02
7.8078078078078078E+06	4.1572603794526160E-02
7.9079079079079079E+06	4.1600315920208263E-02
8.0080080080080079E+06	4.1627997219818837E-02
8.1081081081081079E+06	4.1656986137116589E-02
8.2082082082082080E+06	4.1688621115861815E-02
8.3083083083083080E+06	4.1723513734305301E-02
8.4084084084084090E+06	4.1759143070544888E-02
8.5085085085085090E+06	4.1792144530851373E-02
8.6086086086086091E+06	4.1819153509481691E-02
8.7087087087087091E+06	4.1836805400692172E-02
8.8088088088088091E+06	4.1841735598739015E-02
8.9089089089089092E+06	4.1830579497878301E-02
9.0090090090090092E+06	4.1801399158073765E-02
9.1091091091091093E+06	4.1760333425495302E-02
9.2092092092092093E+06	4.1716360234830115E-02
9.3093093093093093E+06	4.1678460642968894E-02
9.4094094094094094E+06	4.1653756662911538E-02
9.5095095095095094E+06	4.1640832785736111E-02
9.6096096096096095E+06	4.1635824189109098E-02
9.7097097097097095E+06	4.1634865842546130E-02
9.8098098098098096E+06	4.1634106566768289E-02
9.9099099099099096E+06	4.1631614614599355E-02
1.0010010010010010E+07	4.1629324746278590E-02
1.0110110110110110E+07	4.1629635946517654E-02
1.0210210210210210E+07	4.1634947200028395E-02
1.0310310310310310E+07	4.1647657491522320E-02
1.0410410410410410E+07	4.1669958714847355E-02
1.0510510510510510E+07	4.1700629134440378E-02
1.0610610610610610E+07	4.1735648191779891E-02
1.0710710710710710E+07	4.1770912720733654E-02
1.0810810810810810E+07	4.1802319555168929E-02
1.0910910910910910E+07	4.1825765528953326E-02
1.1011011011011010E+07	4.1837147475953136E-02
1.1111111111111110E+07	4.1833179805035495E-02
1.1211211211211212E+07	4.1816958176146397E-02
1.1311311311311312E+07	4.1794576541548549E-02
1.1411411411411412E+07	4.1772146223748551E-02
1.1511511511511512E+07	4.1755206129048858E-02
1.1611611611611612E+07	4.1744331964936390E-02
1.1711711711711712E+07	4.1737551926596096E-02
1.1811811811811812E+07	4.1732873393175274E-02
1.1911911911911912E+07	4.1728303743821471E-02
1.2012012012012012E+07	4.1722196352004040E-02
1.2112112112112112E+07	4.1714704529282706E-02
1.2212212212212212E+07	4.1706565046526041E-02
1.2312312312312312E+07	4.1698514976408203E-02
1.2412412412412412E+07	4.1691291391603789E-02
1.2512512512512513E+07	4.1685631197979765E-02
1.2612612612612613E+07	4.1682086112327980E-02
1.2712712712712713E+07	4.1680668348092864E-02
1.2812812812812813E+07	4.1681292411175762E-02
1.2912912912912913E+07	4.1683872807477956E-02
1.3013013013013013E+07	4.1688324042900834E-02
1.3113113113113113E+07	4.1694560623345540E-02
1.3213213213213213E+07	4.1702496528680612E-02
1.3313313313313313E+07	4.1711761267541836E-02
1.3413413413413413E+07	4.1721230700284939E-02
1.3513513513513513E+07	4.1729657295704103E-02
1.3613613613613613E+07	4.1735793522594072E-02
1.3713713713713713E+07	4.1738391849749451E-02
1.3813813813813813E+07	4.1736204745964671E-02
1.3913913913913913E+07	4.1727984680034406E-02
1.4014014014014013E+07	4.1712489157359124E-02
1.4114114114114113E+07	4.1689000828453449E-02
1.4214214214214213E+07	4.1657779799248895E-02
1.4314314314314313E+07	4.1619192772411280E-02
1.4414414414414413E+07	4.1573606450605892E-02
1.4514514514514515E+07	4.1521387536500670E-02
1.4614614614614615E+07	4.1462902732761042E-02
1.4714714714714715E+07	4.1398962306804059E-02
1.4814814814814815E+07	4.1332339506639351E-02
1.4914914914914915E+07	4.1266350418554074E-02
1.5015015015015015E+07	4.1204311147597615E-02
1.5115115115115115E+07	4.1149537798820621E-02
1.5215215215215215E+07	4.1105333571202100E-02
1.5315315315315315E+07	4.1073561321019178E-02
1.5415415415415416E+07	4.1053349518797369E-02
1.5515515515515516E+07	4.1043521085570057E-02
1.5615615615615616E+07	4.1042898942371016E-02
1.5715715715715716E+07	4.1050306010233413E-02
1.5815815815815816E+07	4.1064565210190709E-02
1.5915915915915916E+07	4.1084481829652096E-02
1.6016016016016016E+07	4.1108535890881981E-02
1.6116116116116116E+07	4.1134921354270514E-02
1.6216216216216216E+07	4.1161822427801815E-02
1.6316316316316316E+07	4.1187423319458460E-02
1.6416416416416416E+07	4.1209908237224570E-02
1.6516516516516516E+07	4.1227461389083751E-02
1.6616616616616616E+07	4.1238266983019758E-02
1.6716716716716716E+07	4.1240558613264033E-02
1.6816816816816818E+07	4.1233715030237192E-02
1.6916916916916918E+07	4.1218265315735594E-02
1.7017017017017018E+07	4.1194788972849110E-02
1.7117117117117118E+07	4.1163865504666761E-02
1.7217217217217218E+07	4.1126074414277819E-02
1.7317317317317318E+07	4.1081995204770606E-02
1.7417417417417418E+07	4.1032207379236095E-02
1.7517517517517518E+07	4.0977290440762731E-02
1.7617617617617618E+07	4.0917823892438601E-02
1.7717717717717718E+07	4.0854427056314715E-02
1.7817817817817818E+07	4.0787980807643516E-02
1.7917917917917918E+07	4.0719471564391492E-02
1.8018018018018018E+07	4.0649886037579921E-02
1.8118118118118118E+07	4.0580210938234031E-02
1.8218218218218219E+07	4.0511432977375104E-02
1.8318318318318319E+07	4.0444538866025719E-02
1.8418418418418419E+07	4.0380515315207290E-02
1.8518518518518519E+07	4.0320349035944843E-02
1.8618618618618619E+07	4.0265026739259718E-02
1.8718718718718719E+07	4.0215535136173611E-02
1.8818818818818819E+07	4.0172856453286346E-02
1.8918918918918919E+07	4.0137395538453940E-02
1.9019019019019019E+07	4.0108416682593774E-02
1.9119119119119119E+07	4.0085050413720569E-02
1.9219219219219219E+07	4.0066427259850323E-02
1.9319319319319319E+07	4.0051677748997629E-02
1.9419419419419419E+07	4.0039932409177408E-02
1.9519519519519519E+07	4.0030321768405194E-02
1.9619619619619619E+07	4.0021976354695871E-02
1.9719719719719719E+07	4.0014026696064520E-02
1.9819819819819819E+07	4.0005603320526092E-02
1.9919919919919919E+07	3.9995836756096012E-02
2.0020020020020019E+07	3.9983857584573672E-02
2.0120120120120119E+07	3.9969085180562608E-02
2.0220220220220219E+07	3.9951902867947864E-02
2.0320320320320319E+07	3.9932894851034115E-02
2.0420420420420419E+07	3.9912645334126279E-02
2.0520520520520519E+07	3.9891738521528892E-02
2.0620620620620620E+07	3.9870758617547672E-02
2.0720720720720720E+07	3.9850289826487154E-02
2.0820820820820820E+07	3.9830916352651922E-02
2.0920920920920920E+07	3.9813222400347632E-02
2.1021021021021020E+07	3.9797792173878840E-02
2.1121121121121120E+07	3.9785209877550465E-02
2.1221221221221220E+07	3.9776059715667292E-02
2.1321321321321320E+07	3.9770803506229503E-02
2.1421421421421420E+07	3.9769380931809005E-02
2.1521521521521520E+07	3.9771592458391708E-02
2.1621621621621620E+07	3.9777238550669572E-02
2.1721721721721720E+07	3.9786119673334140E-02
2.1821821821821820E+07	3.9798036291077317E-02
2.1921921921921920E+07	3.9812788868591180E-02
2.2022022022022020E+07	3.9830177870566953E-02
2.2122122122122120E+07	3.9850003761696687E-02
2.2222222222222220E+07	3.9872067006672188E-02
2.2322322322322320E+07	3.9896168070185707E-02
2.2422422422422424E+07	3.9922108978811786E-02
2.2522522522522524E+07	3.9949758387927949E-02
2.2622622622622624E+07	3.9979075089685484E-02
2.2722722722722724E+07	4.0010024274715332E-02
2.2822822822822824E+07	4.0042571133650132E-02
2.2922922922922924E+07	4.0076680857121974E-02
2.3023023023023024E+07	4.0112318635763616E-02
2.3123123123123124E+07	4.0149449660205790E-02
2.3223223223223224E+07	4.0188039121081251E-02
2.3323323323323324E+07	4.0228052209022848E-02
2.3423423423423424E+07	4.0269454114661145E-02
2.3523523523523524E+07	4.0312210028628954E-02
2.3623623623623624E+07	4.0356285141558389E-02
2.3723723723723724E+07	4.0401601790558926E-02
2.3823823823823825E+07	4.0447854912048782E-02
2.3923923923923925E+07	4.0494664303668028E-02
2.4024024024024025E+07	4.0541649715639470E-02
2.4124124124124125E+07	4.0588430898183224E-02
2.4224224224224225E+07	4.0634627601522130E-02
2.4324324324324325E+07	4.0679859575878094E-02
2.4424424424424425E+07	4.0723746571473866E-02
2.4524524524524525E+07	4.0765908338529694E-02
2.4624624624624625E+07	4.0805964627268342E-02
2.4724724724724725E+07	4.0843535187911735E-02
2.4824824824824825E+07	4.0878239770682438E-02
2.4924924924924925E+07	4.0909698125801024E-02
2.5025025025025025E+07	4.0937576075456075E-02
2.5125125125125125E+07	4.0962113716041269E-02
2.5225225225225225E+07	4.0983940881621911E-02
2.5325325325325325E+07	4.1003694823597094E-02
2.5425425425425425E+07	4.1022012793365405E-02
2.5525525525525525E+07	4.1039532042325765E-02
2.5625625625625625E+07	4.1056889821876115E-02
2.5725725725725725E+07	4.1074723383415390E-02
2.5825825825825825E+07	4.1093669978342559E-02
2.5925925925925925E+07	4.1114366858055494E-02
2.6026026026026025E+07	4.1137451273953136E-02
2.6126126126126125E+07	4.1163560437964153E-02
2.6226226226226225E+07	4.1193312863698532E-02
2.6326326326326326E+07	4.1227278536254117E-02
2.6426426426426426E+07	4.1266019670136718E-02
2.6526526526526526E+07	4.1310098479852522E-02
2.6626626626626626E+07	4.1360077179905128E-02
2.6726726726726726E+07	4.1416517984800609E-02
2.6826826826826826E+07	4.1479983109044244E-02
2.6926926926926926E+07	4.1551034767142753E-02
2.7027027027027026E+07	4.1630235173598699E-02
2.7127127127127126E+07	4.1718146542918659E-02
2.7227227227227226E+07	4.1815268634087098E-02
2.7327327327327326E+07	4.1921333331961928E-02
2.7427427427427426E+07	4.2035556505249538E-02
2.7527527527527526E+07	4.2157144446976769E-02
2.7627627627627626E+07	4.2285303450172979E-02
2.7727727727727726E+07	4.2419239807860130E-02
2.7827827827827826E+07	4.2558159813067473E-02
2.7927927927927926E+07	4.2701269758821839E-02
2.8028028028028026E+07	4.2847775938152921E-02
2.8128128128128126E+07	4.2996884644081974E-02
2.8228228228228226E+07	4.3147802169638594E-02
2.8328328328328326E+07	4.3299734807852569E-02
2.8428428428428426E+07	4.3451892878424991E-02
2.8528528528528526E+07	4.3603513057845850E-02
2.8628628628628626E+07	4.3753842624301799E-02
2.8728728728728727E+07	4.3902128884894531E-02
2.8828828828828827E+07	4.4047619146717322E-02
2.8928928928928930E+07	4.4189560716871905E-02
2.9029029029029030E+07	4.4327200902459785E-02
2.9129129129129130E+07	4.4459787010574611E-02
2.9229229229229230E+07	4.4586566348317959E-02
2.9329329329329330E+07	4.4706786222788765E-02
2.9429429429429431E+07	4.4819693941087979E-02
2.9529529529529531E+07	4.4924536810310230E-02
2.9629629629629631E+07	4.5020578248580093E-02
2.9729729729729731E+07	4.5107641923434451E-02
2.9829829829829831E+07	4.5186243217824891E-02
2.9929929929929931E+07	4.5256940285710479E-02
3.0030030030030031E+07	4.5320291281048530E-02
3.0130130130130131E+07	4.5376854357797404E-02
3.0230230230230231E+07	4.5427187669912258E-02
3.0330330330330331E+07	4.5471849371351548E-02
3.0430430430430431E+07	4.5511397616073333E-02
3.0530530530530531E+07	4.5546390558033424E-02
3.0630630630630631E+07	4.5577386340218025E-02
3.0730730730730731E+07	4.5604936149959835E-02
3.0830830830830831E+07	4.5629572311983363E-02
3.0930930930930931E+07	4.5651823984383791E-02
3.1031031031031031E+07	4.5672220325257737E-02
3.1131131131131131E+07	4.5691290492701361E-02
3.1231231231231231E+07	4.5709563644811123E-02
3.1331331331331331E+07	4.5727568939682467E-02
3.1431431431431431E+07	4.5745835535411887E-02
3.1531531531531531E+07	4.5764892590095904E-02
3.1631631631631631E+07	4.5785269261829901E-02
3.1731731731731731E+07	4.5807429093727987E-02
3.1831831831831831E+07	4.5831413752079844E-02
3.1931931931931932E+07	4.5857097950114244E-02
3.2032032032032032E+07	4.5884355986596521E-02
3.2132132132132132E+07	4.5913062160293464E-02
3.2232232232232232E+07	4.5943090769971946E-02
3.2332332332332332E+07	4.5974316114397153E-02
3.2432432432432432E+07	4.6006612492335938E-02
3.2532532532532532E+07	4.6039854202554617E-02
3.2632632632632632E+07	4.6073915543820149E-02
3.2732732732732732E+07	4.6108670814897550E-02
3.2832832832832832E+07	4.6143994314553766E-02
3.2932932932932932E+07	4.6179790277013404E-02
3.3033033033033032E+07	4.6216264255240919E-02
3.3133133133133132E+07	4.6253796110775583E-02
3.3233233233233232E+07	4.6292767827799848E-02
3.3333333333333332E+07	4.6333561390497005E-02
3.3433433433433432E+07	4.6376558783047979E-02
3.3533533533533532E+07	4.6422141989635991E-02
3.3633633633633636E+07	4.6470692994444472E-02
3.3733733733733736E+07	4.6522593781654062E-02
3.3833833833833836E+07	4.6578226335448135E-02
3.3933933933933936E+07	4.6637972640009150E-02
3.4034034034034036E+07	4.6702214679520869E-02
3.4134134134134136E+07	4.6771334438163302E-02
3.4234234234234236E+07	4.6845683256873986E-02
3.4334334334334336E+07	4.6925411819072907E-02
3.4434434434434436E+07	4.7010590066462701E-02
3.4534534534534536E+07	4.7101287720089369E-02
3.4634634634634636E+07	4.7197574501003751E-02
3.4734734734734736E+07	4.7299520130257108E-02
3.4834834834834836E+07	4.7407194328894814E-02
3.4934934934934936E+07	4.7520666817968023E-02
3.5035035035035037E+07	4.7640007318525995E-02
3.5135135135135137E+07	4.7765285551620427E-02
3.5235235235235237E+07	4.7896571238295813E-02
3.5335335335335337E+07	4.8033934099603756E-02
3.5435435435435437E+07	4.8177443856596294E-02
3.5535535535535537E+07	4.8327081676748228E-02
3.5635635635635637E+07	4.8482094310092608E-02
3.5735735735735737E+07	4.8641365224138373E-02
3.5835835835835837E+07	4.8803775300479912E-02
3.5935935935935937E+07	4.8968205420702293E-02
3.6036036036036037E+07	4.9133536466399876E-02
3.6136136136136137E+07	4.9298649319167068E-02
3.6236236236236237E+07	4.9462424860588855E-02
3.6336336336336337E+07	4.9623743972259646E-02
3.6436436436436437E+07	4.9781487535770726E-02
3.6536536536536537E+07	4.9934536432716246E-02
3.6636636636636637E+07	5.0081771544681630E-02
3.6736736736736737E+07	5.0222073753261140E-02
3.6836836836836837E+07	5.0354435951393973E-02
3.6936936936936937E+07	5.0478845426240725E-02
3.7037037037037037E+07	5.0595809848779413E-02
3.7137137137137137E+07	5.0705841447036257E-02
3.7237237237237237E+07	5.0809452449039373E-02
3.7337337337337337E+07	5.0907155082811018E-02
3.7437437437437437E+07	5.0999461576379454E-02
3.7537537537537538E+07	5.1086884157770865E-02
3.7637637637637638E+07	5.1169935055013022E-02
3.7737737737737738E+07	5.1249126496128956E-02
3.7837837837837838E+07	5.1324970709146517E-02
3.7937937937937938E+07	5.1397979922093273E-02
3.8038038038038038E+07	5.1468661988998313E-02
3.8138138138138138E+07	5.1537463946659694E-02
3.8238238238238238E+07	5.1604788275436513E-02
3.8338338338338338E+07	5.1671036432854228E-02
3.8438438438438438E+07	5.1736609876434532E-02
3.8538538538538538E+07	5.1801910063702911E-02
3.8638638638638638E+07	5.1867338452184844E-02
3.8738738738738738E+07	5.1933296499402051E-02
3.8838838838838838E+07	5.2000185662879998E-02
3.8938938938938938E+07	5.2068407400142895E-02
3.9039039039039038E+07	5.2138363168716312E-02
3.9139139139139138E+07	5.2210451930724280E-02
3.9239239239239238E+07	5.2284892148756285E-02
3.9339339339339338E+07	5.2361603214301035E-02
3.9439439439439438E+07	5.2440476396792120E-02
3.9539539539539538E+07	5.2521402965667478E-02
3.9639639639639638E+07	5.2604274190363592E-02
3.9739739739739738E+07	5.2688981340318602E-02
3.9839839839839838E+07	5.2775415684965785E-02
3.9939939939939938E+07	5.2863468493743210E-02
4.0040040040040039E+07	5.2953031036089122E-02
4.0140140140140139E+07	5.3043994581436597E-02
4.0240240240240239E+07	5.3136250321559081E-02
4.0340340340340339E+07	5.3229670480518597E-02
4.0440440440440439E+07	5.3324083662301958E-02
4.0540540540540539E+07	5.3419312361828834E-02
4.0640640640640639E+07	5.3515179074024331E-02
4.0740740740740739E+07	5.3611506293811700E-02
4.0840840840840839E+07	5.3708116516116115E-02
4.0940940940940939E+07	5.3804832235857157E-02
4.1041041041041039E+07	5.3901475947959965E-02
4.1141141141141139E+07	5.3997870147349677E-02
4.1241241241241239E+07	5.4093837328945883E-02
4.1341341341341339E+07	5.4189202316262633E-02
4.1441441441441439E+07	5.4283888602565736E-02
4.1541541541541539E+07	5.4377952778939066E-02
4.1641641641641639E+07	5.4471460844609472E-02
4.1741741741741739E+07	5.4564478798809164E-02
4.1841841841841839E+07	5.4657072640770347E-02
4.1941941941941939E+07	5.4749308369719918E-02
4.2042042042042039E+07	5.4841251984890066E-02
4.2142142142142139E+07	5.4932969485511240E-02
4.2242242242242239E+07	5.5024526870815590E-02
4.2342342342342339E+07	5.5115990140030068E-02
4.2442442442442439E+07	5.5207458370005090E-02
4.2542542542542540E+07	5.5299190594433147E-02
4.2642642642642640E+07	5.5391494133804210E-02
4.2742742742742740E+07	5.5484676318721601E-02
4.2842842842842840E+07	5.5579044479786850E-02
4.2942942942942940E+07	5.5674905947603374E-02
4.3043043043043040E+07	5.5772568052769096E-02
4.3143143143143140E+07	5.5872338125887391E-02
4.3243243243243240E+07	5.5974523497561775E-02
4.3343343343343340E+07	5.6079431498389926E-02
4.3443443443443440E+07	5.6187346517748822E-02
4.3543543543543540E+07	5.6298425072923979E-02
4.3643643643643640E+07	5.6412779392040743E-02
4.3743743743743740E+07	5.6530521660120743E-02
4.3843843843843840E+07	5.6651764062192064E-02
4.3943943943943940E+07	5.6776618783280698E-02
4.4044044044044040E+07	5.6905198008415071E-02
4.4144144144144140E+07	5.7037613922616241E-02
4.4244244244244240E+07	5.7173978710912628E-02
4.4344344344344340E+07	5.7314402235842284E-02
4.4444444444444440E+07	5.7458782210762956E-02
4.4544544544544540E+07	5.7606636978747891E-02
4.4644644644644640E+07	5.7757445531823916E-02
4.4744744744744740E+07	5.7910686862020777E-02
4.4844844844844848E+07	5.8065839961359479E-02
4.4944944944944948E+07	5.8222383821869707E-02
4.5045045045045048E+07	5.8379797435581311E-02
4.5145145145145148E+07	5.8537559794515089E-02
4.5245245245245248E+07	5.8695149876547927E-02
4.5345345345345348E+07	5.8852006337686759E-02
4.5445445445445448E+07	5.9007439208471603E-02
4.5545545545545548E+07	5.9160732927203238E-02
4.5645645645645648E+07	5.9311171932191376E-02
4.5745745745745748E+07	5.9458040661745468E-02
4.5845845845845848E+07	5.9600623554166662E-02
4.5945945945945948E+07	5.9738205047764482E-02
4.6046046046046048E+07	5.9870069580845668E-02
4.6146146146146148E+07	5.9995503085431896E-02
4.6246246246246248E+07	6.0114158431682031E-02
4.6346346346346349E+07	6.0226533361194316E-02
4.6446446446446449E+07	6.0333244103543036E-02
4.6546546546546549E+07	6.0434906888296461E-02
4.6646646646646649E+07	6.0532137945028999E-02
4.6746746746746749E+07	6.0625553503312939E-02
4.6846846846846849E+07	6.0715769792722314E-02
4.6946946946946949E+07	6.0803403042825978E-02
4.7047047047047049E+07	6.0889052067766895E-02
4.7147147147147149E+07	6.0973105078301421E-02
4.7247247247247249E+07	6.1055810439732135E-02
4.7347347347347349E+07	6.1137414001454907E-02
4.7447447447447449E+07	6.1218161612870352E-02
4.7547547547547549E+07	6.1298299123379002E-02
4.7647647647647649E+07	6.1378072382376844E-02
4.7747747747747749E+07	6.1457727239264424E-02
4.7847847847847849E+07	6.1537506934168026E-02
4.7947947947947949E+07	6.1617606942810266E-02
4.8048048048048049E+07	6.1698180928392320E-02
4.8148148148148149E+07	6.1779381141838015E-02
4.8248248248248249E+07	6.1861359834071192E-02
4.8348348348348349E+07	6.1944269256011007E-02
4.8448448448448449E+07	6.2028261658581316E-02
4.8548548548548549E+07	6.2113489292704396E-02
4.8648648648648649E+07	6.2200059394496722E-02
4.8748748748748749E+07	6.2287762565643633E-02
4.8848848848848850E+07	6.2376253538298017E-02
4.8948948948948950E+07	6.2465186523137817E-02
4.9049049049049050E+07	6.2554215730835874E-02
4.9149149149149150E+07	6.2642995372070104E-02
4.9249249249249250E+07	6.2731179657516747E-02
4.9349349349349350E+07	6.2818430703864503E-02
4.9449449449449450E+07	6.2904765224334094E-02
4.9549549549549550E+07	6.2990689932878971E-02
4.9649649649649650E+07	6.3076747421440302E-02
4.9749749749749750E+07	6.3163480281954454E-02
4.9849849849849850E+07	6.3251431106362596E-02
4.9949949949949950E+07	6.3341142486604343E-02
5.0050050050050050E+07	6.3433156314895073E-02
5.0150150150150150E+07	6.3527850608881414E-02
5.0250250250250250E+07	6.3625229821028764E-02
5.0350350350350350E+07	6.3725246604178096E-02
5.0450450450450450E+07	6.3827853611172353E-02
5.0550550550550550E+07	6.3933003494848609E-02
5.0650650650650650E+07	6.4040648908049724E-02
5.0750750750750750E+07	6.4150740464498854E-02
5.0850850850850850E+07	6.4262922122401950E-02
5.0950950950950950E+07	6.4376206962740573E-02
5.1051051051051050E+07	6.4489530399330725E-02
5.1151151151151150E+07	6.4601827845990570E-02
5.1251251251251251E+07	6.4712034716531766E-02
5.1351351351351351E+07	6.4819086424772521E-02
5.1451451451451451E+07	6.4921960466135534E-02
5.1551551551551551E+07	6.5020868576869201E-02
5.1651651651651651E+07	6.5117425814475161E-02
5.1751751751751751E+07	6.5213323308965843E-02
5.1851851851851851E+07	6.5310252190355453E-02
5.1951951951951951E+07	6.5409903588652729E-02
5.2052052052052051E+07	6.5513968633871891E-02
5.2152152152152151E+07	6.5623952504745023E-02
5.2252252252252251E+07	6.5740036824259107E-02
5.2352352352352351E+07	6.5861829282859427E-02
5.2452452452452451E+07	6.5988935252349543E-02
5.2552552552552551E+07	6.6120960104535567E-02
5.2652652652652651E+07	6.6257509211216065E-02
5.2752752752752751E+07	6.6398185824817352E-02
5.2852852852852851E+07	6.6542418733765152E-02
5.2952952952952951E+07	6.6689334900657843E-02
5.3053053053053051E+07	6.6838031271840556E-02
5.3153153153153151E+07	6.6987604793655744E-02
5.3253253253253251E+07	6.7137152412448650E-02
5.3353353353353351E+07	6.7285771074555994E-02
5.3453453453453451E+07	6.7432667262350962E-02
5.3553553553553551E+07	6.7577634404712220E-02
5.3653653653653651E+07	6.7720661700958792E-02
5.3753753753753752E+07	6.7861738485879980E-02
5.3853853853853852E+07	6.8000854094273228E-02
5.3953953953953952E+07	6.8137997860935842E-02
5.4054054054054052E+07	6.8273040739660548E-02
5.4154154154154152E+07	6.8404556293150856E-02
5.4254254254254252E+07	6.8530317011269881E-02
5.4354354354354352E+07	6.8648083558856196E-02
5.4454454454454452E+07	6.8755616600741698E-02
5.4554554554554552E+07	6.8850676801765140E-02
5.4654654654654652E+07	6.8931295216457633E-02
5.4754754754754752E+07	6.8999015256427459E-02
5.4854854854854852E+07	6.9057834901034884E-02
5.4954954954954952E+07	6.9111802408809750E-02
5.5055055055055052E+07	6.9164966038282968E-02
5.5155155155155152E+07	6.9221374047982426E-02
5.5255255255255252E+07	6.9284671437897030E-02
5.5355355355355352E+07	6.9354838400237123E-02
5.5455455455455452E+07	6.9429900375540685E-02
5.5555555555555552E+07	6.9507864513750253E-02
5.5655655655655652E+07	6.9586737964807133E-02
5.5755755755755752E+07	6.9664527878654056E-02
5.5855855855855852E+07	6.9739491261878880E-02
5.5955955955955952E+07	6.9810985597796818E-02
5.6056056056056052E+07	6.9878671254479718E-02
5.6156156156156152E+07	6.9942208609097944E-02
5.6256256256256253E+07	7.0001258038825662E-02
5.6356356356356353E+07	7.0055501889555352E-02
5.6456456456456453E+07	7.0106146821403051E-02
5.6556556556556553E+07	7.0156889048689872E-02
5.6656656656656653E+07	7.0211654487404879E-02
5.6756756756756753E+07	7.0274369053536026E-02
5.6856856856856853E+07	7.0348958663072919E-02
5.6956956956956953E+07	7.0439462011945883E-02
5.7057057057057053E+07	7.0550670130274579E-02
5.7157157157157153E+07	7.0687681908916250E-02
5.7257257257257253E+07	7.0855597162377076E-02
5.7357357357357353E+07	7.1059515705170800E-02
5.7457457457457453E+07	7.1304880731391407E-02
5.7557557557557553E+07	7.1603169788910029E-02
5.7657657657657653E+07	7.1971011577291452E-02
5.7757757757757761E+07	7.2425200147451269E-02
5.7857857857857861E+07	7.2982529550311634E-02
5.7957957957957961E+07	7.3658521272023728E-02
5.8058058058058061E+07	7.4429133477110929E-02
5.8158158158158161E+07	7.5224023703470352E-02
5.8258258258258261E+07	7.5970219009367249E-02
5.8358358358358361E+07	7.6594746453023957E-02
5.8458458458458461E+07	7.7025297585589375E-02
5.8558558558558561E+07	7.7213545840372516E-02
5.8658658658658661E+07	7.7141287913408796E-02
5.8758758758758761E+07	7.6792233320030198E-02
5.8858858858858861E+07	7.6150091575562698E-02
5.8958958958958961E+07	7.5205221699317218E-02
5.9059059059059061E+07	7.4066808580769430E-02
5.9159159159159161E+07	7.2946528085952839E-02
5.9259259259259261E+07	7.2059416192450973E-02
5.9359359359359361E+07	7.1620377261876922E-02
5.9459459459459461E+07	7.1743193341559333E-02
5.9559559559559561E+07	7.2260097124439718E-02
5.9659659659659661E+07	7.2954709386846311E-02
5.9759759759759761E+07	7.3614972974002074E-02
5.9859859859859861E+07	7.4144423844075227E-02
5.9959959959959961E+07	7.4571969265529128E-02
6.0060060060060062E+07	7.4932798258620162E-02
6.0160160160160162E+07	7.5252676720322084E-02
6.0260260260260262E+07	7.5496002070014001E-02
6.0360360360360362E+07	7.5602600191005453E-02
6.0460460460460462E+07	7.5512231687272585E-02
6.0560560560560562E+07	7.5174763665465813E-02
6.0660660660660662E+07	7.4655473148495660E-02
6.0760760760760762E+07	7.4093120104201424E-02
6.0860860860860862E+07	7.3627646144775613E-02
6.0960960960960962E+07	7.3394829775453793E-02
6.1061061061061062E+07	7.3421959836519113E-02
6.1161161161161162E+07	7.3620248135118707E-02
6.1261261261261262E+07	7.3895223723741313E-02
6.1361361361361362E+07	7.4156354764233171E-02
6.1461461461461462E+07	7.4368448861235295E-02
6.1561561561561562E+07	7.4537144151332904E-02
6.1661661661661662E+07	7.4669031740845729E-02
6.1761761761761762E+07	7.4771236223878962E-02
6.1861861861861862E+07	7.4854843132045698E-02
6.1961961961961962E+07	7.4932720419845306E-02
6.2062062062062062E+07	7.5017744603123507E-02
6.2162162162162162E+07	7.5122113987087791E-02
6.2262262262262262E+07	7.5250198373910421E-02
6.2362362362362362E+07	7.5401343239942159E-02
6.2462462462462462E+07	7.5574811497420263E-02
6.2562562562562563E+07	7.5769726669379853E-02
6.2662662662662663E+07	7.5981965790542658E-02
6.2762762762762763E+07	7.6204136725817759E-02
6.2862862862862863E+07	7.6428703414560345E-02
6.2962962962962963E+07	7.6648169231325100E-02
6.3063063063063063E+07	7.6857483155832282E-02
6.3163163163163163E+07	7.7055431284485068E-02
6.3263263263263263E+07	7.7241135274974393E-02
6.3363363363363363E+07	7.7413716238659752E-02
6.3463463463463463E+07	7.7571999618274365E-02
6.3563563563563563E+07	7.7714027452389589E-02
6.3663663663663663E+07	7.7837713500214067E-02
6.3763763763763763E+07	7.7940971520964741E-02
6.3863863863863863E+07	7.8023822202650958E-02
6.3963963963963963E+07	7.8095804157683510E-02
6.4064064064064063E+07	7.8169142391668389E-02
6.4164164164164163E+07	7.8256062068806115E-02
6.4264264264264263E+07	7.8367349681577797E-02
6.4364364364364363E+07	7.8504017842321624E-02
6.4464464464464463E+07	7.8663013327845518E-02
6.4564564564564563E+07	7.8841269593724020E-02
6.4664664664664663E+07	7.9035997271790226E-02
6.4764764764764763E+07	7.9246710713997096E-02
6.4864864864864863E+07	7.9474065877569278E-02
6.4964964964964963E+07	7.9718726902407874E-02
6.5065065065065064E+07	7.9980356979962447E-02
6.5165165165165164E+07	8.0250097474257681E-02
6.5265265265265264E+07	8.0514781223543261E-02
6.5365365365365364E+07	8.0761207758495851E-02
6.5465465465465464E+07	8.0977109332438971E-02
6.5565565565565564E+07	8.1157299348470407E-02
6.5665665665665664E+07	8.1299839985836078E-02
6.5765765765765764E+07	8.1402810425484612E-02
6.5865865865865864E+07	8.1466785475840242E-02
6.5965965965965964E+07	8.1506454362003988E-02
6.6066066066066064E+07	8.1541463008447404E-02
6.6166166166166164E+07	8.1591461615249578E-02
6.6266266266266264E+07	8.1671989186611990E-02
6.6366366366366364E+07	8.1785225177125817E-02
6.6466466466466464E+07	8.1930640077645056E-02
6.6566566566566564E+07	8.2107620549677740E-02
6.6666666666666664E+07	8.2311645270910394E-02
6.6766766766766764E+07	8.2532705180064739E-02
6.6866866866866864E+07	8.2760379975667750E-02
6.6966966966966964E+07	8.2984855980930583E-02
6.7067067067067064E+07	8.3201817417405344E-02
6.7167167167167172E+07	8.3409874490117192E-02
6.7267267267267272E+07	8.3607665009396495E-02
6.7367367367367372E+07	8.3794161818650389E-02
6.7467467467467472E+07	8.3969270830469109E-02
6.7567567567567572E+07	8.4133059106564573E-02
6.7667667667667672E+07	8.4287082211379885E-02
6.7767767767767772E+07	8.4460510085320489E-02
6.7867867867867872E+07	8.4706883635678201E-02
6.7967967967967972E+07	8.5080577912246089E-02
6.8068068068068072E+07	8.5618090175390904E-02
6.8168168168168172E+07	8.6295207638012003E-02
6.8268268268268272E+07	8.7074842733407279E-02
6.8368368368368372E+07	8.7912656448917895E-02
6.8468468468468472E+07	8.8669309195206589E-02
6.8568568568568572E+07	8.9138673518836850E-02
6.8668668668668672E+07	8.9114865880044275E-02
6.8768768768768772E+07	8.8576559192817136E-02
6.8868868868868873E+07	8.7854100312866959E-02
6.8968968968968973E+07	8.7317313172318098E-02
6.9069069069069073E+07	8.7277309474483492E-02
6.9169169169169173E+07	8.7761938789941485E-02
6.9269269269269273E+07	8.8713736041729344E-02
6.9369369369369373E+07	9.0016448423739431E-02
6.9469469469469473E+07	9.1236038238611997E-02
6.9569569569569573E+07	9.1831548194881263E-02
6.9669669669669673E+07	9.1508609773337760E-02
6.9769769769769773E+07	9.0957912958951198E-02
6.9869869869869873E+07	9.1116008325968195E-02
6.9969969969969973E+07	9.2532555498378175E-02
7.0070070070070073E+07	9.4246086240273350E-02
7.0170170170170173E+07	9.4928520043535428E-02
7.0270270270270273E+07	9.3924220555736057E-02
7.0370370370370373E+07	9.2184269615308428E-02
7.0470470470470473E+07	9.0879295634547205E-02
7.0570570570570573E+07	9.0677459642481362E-02
7.0670670670670673E+07	9.1644252718280153E-02
7.0770770770770773E+07	9.3582502503921583E-02
7.0870870870870873E+07	9.5223413085311959E-02
7.0970970970970973E+07	9.5109281812062282E-02
7.1071071071071073E+07	9.3461536403391832E-02
7.1171171171171173E+07	9.1689956875910417E-02
7.1271271271271273E+07	9.0912451998448537E-02
7.1371371371371374E+07	9.1247074357959118E-02
7.1471471471471474E+07	9.2532477802157259E-02
7.1571571571571574E+07	9.3860890218387311E-02
7.1671671671671674E+07	9.4018500569350599E-02
7.1771771771771774E+07	9.3208470846362190E-02
7.1871871871871874E+07	9.2767102169886914E-02
7.1971971971971974E+07	9.3452047908721678E-02
7.2072072072072074E+07	9.4562789318633003E-02
7.2172172172172174E+07	9.5263441920932404E-02
7.2272272272272274E+07	9.5372172097279106E-02
7.2372372372372374E+07	9.5037277989053981E-02
7.2472472472472474E+07	9.4538140051916728E-02
7.2572572572572574E+07	9.4331536603416366E-02
7.2672672672672674E+07	9.4781705154523638E-02
7.2772772772772774E+07	9.5610060693634535E-02
7.2872872872872874E+07	9.6304469739753457E-02
7.2972972972972974E+07	9.6647689855601723E-02
7.3073073073073074E+07	9.6785561383105970E-02
7.3173173173173174E+07	9.6880871602039967E-02
7.3273273273273274E+07	9.7074552880693402E-02
7.3373373373373374E+07	9.7496776548760627E-02
7.3473473473473474E+07	9.8155509740904881E-02
7.3573573573573574E+07	9.8934874673045792E-02
7.3673673673673674E+07	9.9686849110594819E-02
7.3773773773773775E+07	1.0016199320737636E-01
7.3873873873873875E+07	1.0010851129930660E-01
7.3973973973973975E+07	9.9677806791247978E-02
7.4074074074074075E+07	9.9376500572827542E-02
7.4174174174174175E+07	9.9544905545813994E-02
7.4274274274274275E+07	9.9989774608916351E-02
7.4374374374374375E+07	1.0044232427623345E-01
7.4474474474474475E+07	1.0082336618322801E-01
7.4574574574574575E+07	1.0114473686258096E-01
7.4674674674674675E+07	1.0142251974235805E-01
7.4774774774774775E+07	1.0167623036425287E-01
7.4874874874874875E+07	1.0193034441741504E-01
7.4974974974974975E+07	1.0221881395805496E-01
7.5075075075075075E+07	1.0256382069406993E-01
7.5175175175175175E+07	1.0292977899990859E-01
7.5275275275275275E+07	1.0326912349031271E-01
7.5375375375375375E+07	1.0357775902671083E-01
7.5475475475475475E+07	1.0387666735526058E-01
7.5575575575575575E+07	1.0417336300433530E-01
7.5675675675675675E+07	1.0446136917963450E-01
7.5775775775775775E+07	1.0479434876272584E-01
7.5875875875875875E+07	1.0533016959533878E-01
7.5975975975975975E+07	1.0613690463847859E-01
7.6076076076076075E+07	1.0703083952752866E-01
7.6176176176176175E+07	1.0777682936774745E-01
7.6276276276276276E+07	1.0809621674873900E-01
7.6376376376376376E+07	1.0783669909079159E-01
7.6476476476476476E+07	1.0749907158870337E-01
7.6576576576576576E+07	1.0766163471661927E-01
7.6676676676676676E+07	1.0816003928761478E-01
7.6776776776776776E+07	1.0860500178526665E-01
7.6876876876876876E+07	1.0897445438904878E-01
7.6976976976976976E+07	1.0935618204437857E-01
7.7077077077077076E+07	1.0972376161166066E-01
7.7177177177177176E+07	1.1002934521050005E-01
7.7277277277277276E+07	1.1026595316240868E-01
7.7377377377377376E+07	1.1053612754437819E-01
7.7477477477477476E+07	1.1120787751907753E-01
7.7577577577577576E+07	1.1238595708755433E-01
7.7677677677677676E+07	1.1360675456122810E-01
7.7777777777777776E+07	1.1437916865277160E-01
7.7877877877877876E+07	1.1429755699544197E-01
7.7977977977977976E+07	1.1373053291054025E-01
7.8078078078078076E+07	1.1361684769141438E-01
7.8178178178178176E+07	1.1390065898716283E-01
7.8278278278278276E+07	1.1410667509587223E-01
7.8378378378378376E+07	1.1458178649071131E-01
7.8478478478478476E+07	1.1560363763765130E-01
7.8578578578578576E+07	1.1682609621440358E-01
7.8678678678678676E+07	1.1765833931294241E-01
7.8778778778778777E+07	1.1753348766837349E-01
7.8878878878878877E+07	1.1721643923252729E-01
7.8978978978978977E+07	1.1762725824162233E-01
7.9079079079079077E+07	1.1822936255721206E-01
7.9179179179179177E+07	1.1853044676722377E-01
7.9279279279279277E+07	1.1854236676835030E-01
7.9379379379379377E+07	1.1852087007076514E-01
7.9479479479479477E+07	1.1876643008410943E-01
7.9579579579579577E+07	1.1939244266525761E-01
7.9679679679679677E+07	1.2025543994470818E-01
7.9779779779779777E+07	1.2102029155486622E-01
7.9879879879879877E+07	1.2144757083987250E-01
7.9979979979979977E+07	1.2159919132142812E-01
8.0080080080080077E+07	1.2187663430303912E-01
8.0180180180180177E+07	1.2225397120111052E-01
8.0280280280280277E+07	1.2270992722927589E-01
8.0380380380380377E+07	1.2366888823881877E-01
8.0480480480480477E+07	1.2523199366086218E-01
8.0580580580580577E+07	1.2677234946337415E-01
8.0680680680680677E+07	1.2671814021686956E-01
8.0780780780780777E+07	1.2591599597286657E-01
8.0880880880880877E+07	1.2600044962387302E-01
8.0980980980980977E+07	1.2648443488533720E-01
8.1081081081081077E+07	1.2713483997003464E-01
8.1181181181181177E+07	1.2790037360184447E-01
8.1281281281281278E+07	1.2855455235109831E-01
8.1381381381381378E+07	1.2928609807114744E-01
8.1481481481481478E+07	1.3003799125131302E-01
8.1581581581581578E+07	1.3055000521723614E-01
8.1681681681681678E+07	1.3090402991978381E-01
8.1781781781781778E+07	1.3127150922134023E-01
8.1881881881881878E+07	1.3180396279299414E-01
8.1981981981981978E+07	1.3260904531008588E-01
8.2082082082082078E+07	1.3367836546171449E-01
8.2182182182182178E+07	1.3430654524320593E-01
8.2282282282282278E+07	1.3461124365352420E-01
8.2382382382382378E+07	1.3507755320604081E-01
8.2482482482482478E+07	1.3529851969893758E-01
8.2582582582582578E+07	1.3613707577433706E-01
8.2682682682682678E+07	1.3726444325206155E-01
8.2782782782782778E+07	1.3787031498718647E-01
8.2882882882882878E+07	1.3823156817262144E-01
8.2982982982982978E+07	1.3905761310527814E-01
8.3083083083083078E+07	1.3937386820245429E-01
8.3183183183183178E+07	1.4000798480632587E-01
8.3283283283283278E+07	1.4072133619978247E-01
8.3383383383383378E+07	1.4126408084797926E-01
8.3483483483483478E+07	1.4217346775590131E-01
8.3583583583583578E+07	1.4314882591030351E-01
8.3683683683683679E+07	1.4356983750705396E-01
8.3783783783783779E+07	1.4427578066185143E-01
8.3883883883883879E+07	1.4520101087634182E-01
8.3983983983983979E+07	1.4620706333203828E-01
8.4084084084084079E+07	1.4648784380026067E-01
8.4184184184184179E+07	1.4707451991577156E-01
8.4284284284284279E+07	1.4865308310671674E-01
8.4384384384384379E+07	1.4891173112303896E-01
8.4484484484484479E+07	1.4968790305199017E-01
8.4584584584584579E+07	1.5114293108698049E-01
8.4684684684684679E+07	1.5120021240083967E-01
8.4784784784784779E+07	1.5164356013086025E-01
8.4884884884884879E+07	1.5296103464064212E-01
8.4984984984984979E+07	1.5360159698319573E-01
8.5085085085085079E+07	1.5408989408168741E-01
8.5185185185185179E+07	1.5506117860919200E-01
8.5285285285285279E+07	1.5569036237472425E-01
8.5385385385385379E+07	1.5693511710766192E-01
8.5485485485485479E+07	1.5769561145868241E-01
8.5585585585585579E+07	1.5866244700832419E-01
8.5685685685685679E+07	1.5966713113546646E-01
8.5785785785785779E+07	1.6058258109535209E-01
8.5885885885885879E+07	1.6201324441293535E-01
8.5985985985985979E+07	1.6387017653640681E-01
8.6086086086086079E+07	1.6436659047979577E-01
8.6186186186186180E+07	1.6541476036399391E-01
8.6286286286286280E+07	1.6724970748214635E-01
8.6386386386386380E+07	1.6774062009408511E-01
8.6486486486486480E+07	1.6918376840462745E-01
8.6586586586586580E+07	1.6947295909001123E-01
8.6686686686686680E+07	1.7076902037516845E-01
8.6786786786786780E+07	1.7073999443338614E-01
8.6886886886886880E+07	1.7111330716764170E-01
8.6986986986986980E+07	1.7144377364527966E-01
8.7087087087087080E+07	1.7306656567724105E-01
8.7187187187187180E+07	1.7425469304279834E-01
8.7287287287287280E+07	1.7579506769719511E-01
8.7387387387387380E+07	1.7697054619827798E-01
8.7487487487487480E+07	1.7658399742549022E-01
8.7587587587587580E+07	1.7765158316657995E-01
8.7687687687687680E+07	1.7868389568020149E-01
8.7787787787787780E+07	1.8003119416260627E-01
8.7887887887887880E+07	1.8098497587104354E-01
8.7987987987987980E+07	1.8191379445537761E-01
8.8088088088088080E+07	1.8321835862351754E-01
8.8188188188188180E+07	1.8553127151367915E-01
8.8288288288288280E+07	1.8519284885118056E-01
8.8388388388388380E+07	1.8794680033582542E-01
8.8488488488488480E+07	1.8951930013033697E-01
8.8588588588588580E+07	1.8983765056255086E-01
8.8688688688688681E+07	1.9122476403380823E-01
8.8788788788788781E+07	1.9320941429344854E-01
8.8888888888888881E+07	1.9447338450899629E-01
8.8988988988988981E+07	1.9512922794466298E-01
8.9089089089089081E+07	1.9627305513678536E-01
8.9189189189189181E+07	1.9826150403199527E-01
8.9289289289289281E+07	1.9926064713776090E-01
8.9389389389389381E+07	2.0067433697918019E-01
8.9489489489489481E+07	2.0149181334280994E-01
8.9589589589589581E+07	2.0351968191696160E-01
8.9689689689689696E+07	2.0388167828942885E-01
8.9789789789789796E+07	2.0520977322253414E-01
8.9889889889889896E+07	2.0589119379191029E-01
8.9989989989989996E+07	2.0840268515555788E-01
9.0090090090090096E+07	2.1022264280010372E-01
9.0190190190190196E+07	2.1095593186282122E-01
9.0290290290290296E+07	2.1285590706782101E-01
9.0390390390390396E+07	2.1393786703185930E-01
9.0490490490490496E+07	2.1535580747714880E-01
9.0590590590590596E+07	2.1776281062625105E-01
9.0690690690690696E+07	2.1854600480030317E-01
9.0790790790790796E+07	2.2088639124427789E-01
9.0890890890890896E+07	2.2227179434383210E-01
9.0990990990990996E+07	2.2384554920728564E-01
9.1091091091091096E+07	2.2652416190867863E-01
9.1191191191191196E+07	2.2291377007418714E-01
9.1291291291291296E+07	2.2644464342861448E-01
9.1391391391391397E+07	2.2908029503895949E-01
9.1491491491491497E+07	2.3113619991950327E-01
9.1591591591591597E+07	2.3322828196052148E-01
9.1691691691691697E+07	2.3533638303009766E-01
9.1791791791791797E+07	2.3753612444728248E-01
9.1891891891891897E+07	2.3968646977903696E-01
9.1991991991991997E+07	2.4186992872193100E-01
9.2092092092092097E+07	2.4411854884651824E-01
9.2192192192192197E+07	2.4644629708917234E-01
9.2292292292292297E+07	2.4874000797461468E-01
9.2392392392392397E+07	2.5107625963580632E-01
9.2492492492492497E+07	2.5351357342206343E-01
9.2592592592592597E+07	2.5603173093336706E-01
9.2692692692692697E+07	2.5850828094466866E-01
9.2792792792792797E+07	2.6110279125678126E-01
9.2892892892892897E+07	2.6373121793301352E-01
9.2992992992992997E+07	2.6641213502989808E-01
9.3093093093093097E+07	2.6909776077388442E-01
9.3193193193193197E+07	2.7185787325376615E-01
9.3293293293293297E+07	2.7473101214702306E-01
9.3393393393393397E+07	2.7757118453348900E-01
9.3493493493493497E+07	2.8055861810679289E-01
9.3593593593593597E+07	2.8359516009657559E-01
9.3693693693693697E+07	2.8666112050062692E-01
9.3793793793793797E+07	2.8971371324176420E-01
9.3893893893893898E+07	2.9305278291882381E-01
9.3993993993993998E+07	2.9628553544371150E-01
9.4094094094094098E+07	2.9972099485661474E-01
9.4194194194194198E+07	3.0314222100168425E-01
9.4294294294294298E+07	3.0672791279571637E-01
9.4394394394394398E+07	3.1036266921908856E-01
9.4494494494494498E+07	3.1414336146960881E-01
9.4594594594594598E+07	3.1798564811215568E-01
9.4694694694694698E+07	3.2180650073734307E-01
9.4794794794794798E+07	3.2580750338518893E-01
9.4894894894894898E+07	3.2993296369762060E-01
9.4994994994994998E+07	3.3415450019486304E-01
9.5095095095095098E+07	3.3847569976357161E-01
9.5195195195195198E+07	3.4292577164822075E-01
9.5295295295295298E+07	3.4747810201851442E-01
9.5395395395395398E+07	3.5215704740172582E-01
9.5495495495495498E+07	3.5693085219579906E-01
9.5595595595595598E+07	3.6181943397741051E-01
9.5695695695695698E+07	3.6688382763338045E-01
9.5795795795795798E+07	3.7207526924446044E-01
9.5895895895895898E+07	3.7748763652667489E-01
9.5995995995995998E+07	3.8290752663874850E-01
9.6096096096096098E+07	3.8859427573398936E-01
9.6196196196196198E+07	3.9448840100186572E-01
9.6296296296296299E+07	4.0062574459595118E-01
9.6396396396396399E+07	4.0678464318323460E-01
9.6496496496496499E+07	4.1321477929553802E-01
9.6596596596596599E+07	4.1976717084594162E-01
9.6696696696696699E+07	4.2669144947516352E-01
9.6796796796796799E+07	4.3090732412825528E-01
9.6896896896896899E+07	4.4130706595955604E-01
9.6996996996996999E+07	4.4882491877432490E-01
9.7097097097097099E+07	4.5670877719252584E-01
9.7197197197197199E+07	4.6495874947106708E-01
9.7297297297297299E+07	4.7002896497912189E-01
9.7397397397397399E+07	4.8223765130389973E-01
9.7497497497497499E+07	4.9126927227520284E-01
9.7597597597597599E+07	4.9492176922958736E-01
9.7697697697697699E+07	5.1062885276960679E-01
9.7797797797797799E+07	5.1448046958858717E-01
9.7897897897897899E+07	5.2391885790855253E-01
9.7997997997997999E+07	5.3536310783713859E-01
9.8098098098098099E+07	5.4686738323108552E-01
9.8198198198198199E+07	5.5907586788308306E-01
9.8298298298298299E+07	5.7175321920630795E-01
9.8398398398398399E+07	5.8480327574513680E-01
9.8498498498498499E+07	5.9786107512410003E-01
9.8598598598598599E+07	6.1242691617282852E-01
9.8698698698698699E+07	6.2766826437934997E-01
9.8798798798798800E+07	6.4321020803430018E-01
9.8898898898898900E+07	6.6009950963111497E-01
9.8998998998999000E+07	6.7732517623718758E-01
9.9099099099099100E+07	6.9611238149367916E-01
9.9199199199199200E+07	7.1481202034747027E-01
9.9299299299299300E+07	7.3391180001380840E-01
9.9399399399399400E+07	7.5407655348017366E-01
9.9499499499499500E+07	7.7388791412007396E-01
9.9599599599599600E+07	7.9110112241321751E-01
9.9699699699699700E+07	7.9759222885711623E-01
9.9799799799799800E+07	6.9814065143860168E-02
9.9899899899899900E+07	7.8523997457223646E-02
1.0000000000000000E+08	4.8849802948660433E-02
