2.7645998448133469E-01	3.7316406250000000E+01
3.4333446621894836E-01	3.7574218750000000E+01
4.0943872183561325E-01	3.7574218750000000E+01
4.7566083818674088E-01	3.7574218750000000E+01
5.4187346249818802E-01	3.7574218750000000E+01
6.0913998633623123E-01	3.7593750000000000E+01
6.7547263950109482E-01	3.7593750000000000E+01
7.4168244004249573E-01	3.7593750000000000E+01
8.0790655314922333E-01	3.7593750000000000E+01
8.7411963194608688E-01	3.7593750000000000E+01
9.4037487357854843E-01	3.7593750000000000E+01
1.0066146999597549E+00	3.7593750000000000E+01
1.0734315812587738E+00	3.7593750000000000E+01
1.1396619081497192E+00	3.7593750000000000E+01
1.2059572413563728E+00	3.7593750000000000E+01
1.2722292765974998E+00	3.7593750000000000E+01
1.3390612974762917E+00	3.7593750000000000E+01
1.4058601707220078E+00	3.7593750000000000E+01
1.4728004038333893E+00	3.7593750000000000E+01
1.5391942337155342E+00	3.7593750000000000E+01
1.6056774482131004E+00	3.7593750000000000E+01
1.6724556609988213E+00	3.7593750000000000E+01
1.7394736632704735E+00	3.7593750000000000E+01
1.8057611435651779E+00	3.7593750000000000E+01
1.8720560148358345E+00	3.7593750000000000E+01
1.9383479654788971E+00	3.7593750000000000E+01
2.0046710073947906E+00	3.7593750000000000E+01
2.0715033411979675E+00	3.7593750000000000E+01
2.1378028541803360E+00	3.7593750000000000E+01
2.2040887922048569E+00	3.7593750000000000E+01
2.2704385817050934E+00	3.7593750000000000E+01
2.3373896479606628E+00	3.7593750000000000E+01
2.4043657034635544E+00	3.7593750000000000E+01
2.4713245183229446E+00	3.7593750000000000E+01
2.5383101701736450E+00	3.7593750000000000E+01
2.6059472486376762E+00	3.7601562500000000E+01
2.6729887276887894E+00	3.7601562500000000E+01
2.7399956881999969E+00	3.7601562500000000E+01
2.8068543300032616E+00	3.7601562500000000E+01
2.8737391531467438E+00	3.7601562500000000E+01
2.9407095760107040E+00	3.7601562500000000E+01
3.0076885446906090E+00	3.7601562500000000E+01
3.0744064897298813E+00	3.7601562500000000E+01
3.1412511169910431E+00	3.7601562500000000E+01
3.2081907540559769E+00	3.7601562500000000E+01
3.2750540077686310E+00	3.7601562500000000E+01
3.3419865146279335E+00	3.7601562500000000E+01
3.4089919254183769E+00	3.7601562500000000E+01
3.4758649319410324E+00	3.7601562500000000E+01
3.5428012236952782E+00	3.7601562500000000E+01
3.6097103804349899E+00	3.7601562500000000E+01
3.6763783916831017E+00	3.7601562500000000E+01
3.7432479113340378E+00	3.7601562500000000E+01
3.8102208822965622E+00	3.7601562500000000E+01
3.8772418126463890E+00	3.7601562500000000E+01
3.9439707100391388E+00	3.7601562500000000E+01
4.0108751207590103E+00	3.7601562500000000E+01
4.0777510777115822E+00	3.7601562500000000E+01
4.1446861624717712E+00	3.7601562500000000E+01
4.2115218266844749E+00	3.7601562500000000E+01
4.2777987346053123E+00	3.7601562500000000E+01
4.3440360128879547E+00	3.7601562500000000E+01
4.4102577418088913E+00	3.7601562500000000E+01
4.4765025451779366E+00	3.7601562500000000E+01
4.5428202822804451E+00	3.7601562500000000E+01
4.6090931370854378E+00	3.7601562500000000E+01
4.6753897890448570E+00	3.7601562500000000E+01
4.7418793439865112E+00	3.7601562500000000E+01
4.8081625476479530E+00	3.7601562500000000E+01
4.8744816556572914E+00	3.7601562500000000E+01
4.9408275559544563E+00	3.7601562500000000E+01
5.0072057992219925E+00	3.7601562500000000E+01
5.0742404833436012E+00	3.7601562500000000E+01
5.1406311094760895E+00	3.7601562500000000E+01
5.2069394960999489E+00	3.7601562500000000E+01
5.2732207030057907E+00	3.7601562500000000E+01
5.3395288735628128E+00	3.7601562500000000E+01
5.4058857485651970E+00	3.7601562500000000E+01
5.4724190160632133E+00	3.7601562500000000E+01
5.5386898070573807E+00	3.7601562500000000E+01
5.6050017401576042E+00	3.7601562500000000E+01
5.6717675328254700E+00	3.7601562500000000E+01
5.7386838868260384E+00	3.7601562500000000E+01
5.8052945658564568E+00	3.7601562500000000E+01
5.8716165944933891E+00	3.7601562500000000E+01
5.9379321932792664E+00	3.7601562500000000E+01
6.0050870180130005E+00	3.7601562500000000E+01
6.0715173259377480E+00	3.7601562500000000E+01
6.1380462571978569E+00	3.7601562500000000E+01
6.2043436914682388E+00	3.7601562500000000E+01
6.2706701830029488E+00	3.7601562500000000E+01
6.3370251432061195E+00	3.7601562500000000E+01
6.4033432230353355E+00	3.7601562500000000E+01
6.4702672883868217E+00	3.7601562500000000E+01
6.5365898981690407E+00	3.7601562500000000E+01
6.6029438599944115E+00	3.7601562500000000E+01
6.6692949831485748E+00	3.7601562500000000E+01
6.7363159433007240E+00	3.7601562500000000E+01
6.8026589155197144E+00	3.7601562500000000E+01
6.8690551221370697E+00	3.7601562500000000E+01
6.9354240819811821E+00	3.7601562500000000E+01
7.0017484501004219E+00	3.7601562500000000E+01
7.0680240169167519E+00	3.7601562500000000E+01
7.1343422755599022E+00	3.7601562500000000E+01
7.2007129490375519E+00	3.7601562500000000E+01
7.2671124860644341E+00	3.7601562500000000E+01
7.3335719928145409E+00	3.7601562500000000E+01
7.4001407921314240E+00	3.7601562500000000E+01
7.4675943404436111E+00	3.7601562500000000E+01
7.5345167592167854E+00	3.7601562500000000E+01
7.6015591844916344E+00	3.7601562500000000E+01
7.6686859577894211E+00	3.7601562500000000E+01
7.7358122840523720E+00	3.7601562500000000E+01
7.8029161840677261E+00	3.7601562500000000E+01
7.8699548691511154E+00	3.7601562500000000E+01
7.9369173124432564E+00	3.7601562500000000E+01
8.0039695575833321E+00	3.7601562500000000E+01
8.0710570290684700E+00	3.7601562500000000E+01
8.1380861029028893E+00	3.7601562500000000E+01
8.2051099985837936E+00	3.7601562500000000E+01
8.2721675857901573E+00	3.7601562500000000E+01
8.3398553505539894E+00	3.7601562500000000E+01
8.4068821966648102E+00	3.7601562500000000E+01
8.4739437848329544E+00	3.7601562500000000E+01
8.5409469753503799E+00	3.7601562500000000E+01
8.6080026254057884E+00	3.7601562500000000E+01
8.6753437519073486E+00	3.7601562500000000E+01
8.7430830150842667E+00	3.7601562500000000E+01
8.8107338324189186E+00	3.7601562500000000E+01
8.8783960938453674E+00	3.7601562500000000E+01
8.9454606622457504E+00	3.7601562500000000E+01
9.0126091539859772E+00	3.7601562500000000E+01
9.0795639827847481E+00	3.7601562500000000E+01
9.1466359049081802E+00	3.7601562500000000E+01
9.2137312889099121E+00	3.7601562500000000E+01
9.2813087925314903E+00	3.7601562500000000E+01
9.3481855913996696E+00	3.7601562500000000E+01
9.4150377959012985E+00	3.7601562500000000E+01
9.4819708839058876E+00	3.7601562500000000E+01
9.5489629209041595E+00	3.7601562500000000E+01
9.6160307973623276E+00	3.7601562500000000E+01
9.6831657662987709E+00	3.7601562500000000E+01
9.7503051608800888E+00	3.7601562500000000E+01
9.8181512057781219E+00	3.7601562500000000E+01
9.8853806778788567E+00	3.7601562500000000E+01
9.9526168853044510E+00	3.7601562500000000E+01
1.0019847765564919E+01	3.7601562500000000E+01
1.0087768942117691E+01	3.7601562500000000E+01
1.0155007414519787E+01	3.7601562500000000E+01
1.0222285941243172E+01	3.7601562500000000E+01
1.0289530552923679E+01	3.7601562500000000E+01
1.0356762886047363E+01	3.7601562500000000E+01
1.0424011662602425E+01	3.7601562500000000E+01
1.0491258934140205E+01	3.7601562500000000E+01
1.0558507844805717E+01	3.7601562500000000E+01
1.0625733591616154E+01	3.7601562500000000E+01
1.0692960053682327E+01	3.7601562500000000E+01
1.0760723091661930E+01	3.7601562500000000E+01
1.0828269548714161E+01	3.7601562500000000E+01
1.0895510666072369E+01	3.7601562500000000E+01
1.0962757721543312E+01	3.7601562500000000E+01
1.1030179895460606E+01	3.7601562500000000E+01
1.1097427643835545E+01	3.7601562500000000E+01
1.1164668127894402E+01	3.7601562500000000E+01
1.1232674777507782E+01	3.7601562500000000E+01
1.1299936100840569E+01	3.7601562500000000E+01
1.1367845878005028E+01	3.7601562500000000E+01
1.1435114815831184E+01	3.7601562500000000E+01
1.1502337805926800E+01	3.7601562500000000E+01
1.1569677472114563E+01	3.7601562500000000E+01
1.1636889271438122E+01	3.7601562500000000E+01
1.1704041816294193E+01	3.7601562500000000E+01
1.1771867677569389E+01	3.7605468750000000E+01
1.1839596360921860E+01	3.7605468750000000E+01
1.1906776838004589E+01	3.7605468750000000E+01
1.1973964206874371E+01	3.7605468750000000E+01
1.2041172191500664E+01	3.7605468750000000E+01
1.2108386822044849E+01	3.7605468750000000E+01
1.2175558760762215E+01	3.7605468750000000E+01
1.2242767065763474E+01	3.7605468750000000E+01
1.2309991940855980E+01	3.7605468750000000E+01
1.2377205990254879E+01	3.7605468750000000E+01
1.2444403447210789E+01	3.7605468750000000E+01
1.2511624485254288E+01	3.7605468750000000E+01
1.2579500034451485E+01	3.7605468750000000E+01
1.2647298201918602E+01	3.7605468750000000E+01
1.2714492499828339E+01	3.7605468750000000E+01
1.2781635344028473E+01	3.7605468750000000E+01
1.2849520258605480E+01	3.7605468750000000E+01
1.2917486362159252E+01	3.7605468750000000E+01
1.2985473915934563E+01	3.7605468750000000E+01
1.3053502529859543E+01	3.7605468750000000E+01
1.3121523365378380E+01	3.7605468750000000E+01
1.3189448960125446E+01	3.7605468750000000E+01
1.3257449828088284E+01	3.7605468750000000E+01
1.3325283117592335E+01	3.7605468750000000E+01
1.3393258891999722E+01	3.7605468750000000E+01
1.3461354777216911E+01	3.7605468750000000E+01
1.3529246769845486E+01	3.7605468750000000E+01
1.3596906527876854E+01	3.7605468750000000E+01
1.3664455264806747E+01	3.7605468750000000E+01
1.3731935076415539E+01	3.7605468750000000E+01
1.3799714043736458E+01	3.7605468750000000E+01
1.3867504678666592E+01	3.7605468750000000E+01
1.3935194782912731E+01	3.7605468750000000E+01
1.4002881109714508E+01	3.7605468750000000E+01
1.4070632308721542E+01	3.7605468750000000E+01
1.4138354860246181E+01	3.7605468750000000E+01
1.4206045694649220E+01	3.7605468750000000E+01
1.4273782536387444E+01	3.7605468750000000E+01
1.4341441012918949E+01	3.7605468750000000E+01
1.4409043870866299E+01	3.7605468750000000E+01
1.4476096570491791E+01	3.7605468750000000E+01
1.4543036736547947E+01	3.7605468750000000E+01
1.4609972454607487E+01	3.7605468750000000E+01
1.4676992394030094E+01	3.7605468750000000E+01
1.4744015559554100E+01	3.7605468750000000E+01
1.4811346329748631E+01	3.7605468750000000E+01
1.4878210797905922E+01	3.7605468750000000E+01
1.4945538915693760E+01	3.7605468750000000E+01
1.5012434154748917E+01	3.7605468750000000E+01
1.5079452589154243E+01	3.7605468750000000E+01
1.5146482273936272E+01	3.7605468750000000E+01
1.5213543646037579E+01	3.7605468750000000E+01
1.5280565418303013E+01	3.7605468750000000E+01
1.5347463570535183E+01	3.7605468750000000E+01
1.5414360642433167E+01	3.7605468750000000E+01
1.5481377668678761E+01	3.7605468750000000E+01
1.5548419691622257E+01	3.7605468750000000E+01
1.5615372247993946E+01	3.7605468750000000E+01
1.5682408794760704E+01	3.7605468750000000E+01
1.5749386094510555E+01	3.7605468750000000E+01
1.5816984109580517E+01	3.7605468750000000E+01
1.5883992075920105E+01	3.7605468750000000E+01
1.5951051048934460E+01	3.7605468750000000E+01
1.6018061146140099E+01	3.7605468750000000E+01
1.6085655465722084E+01	3.7605468750000000E+01
1.6152739182114601E+01	3.7605468750000000E+01
1.6219815880060196E+01	3.7605468750000000E+01
1.6286859437823296E+01	3.7605468750000000E+01
1.6353880420327187E+01	3.7605468750000000E+01
1.6420937761664391E+01	3.7605468750000000E+01
1.6488045416772366E+01	3.7605468750000000E+01
1.6555756807327271E+01	3.7605468750000000E+01
1.6622951544821262E+01	3.7605468750000000E+01
1.6690534472465515E+01	3.7605468750000000E+01
1.6758335791528225E+01	3.7605468750000000E+01
1.6825572587549686E+01	3.7605468750000000E+01
1.6892767690122128E+01	3.7605468750000000E+01
1.6960806660354137E+01	3.7605468750000000E+01
1.7028050698339939E+01	3.7605468750000000E+01
1.7095239192247391E+01	3.7605468750000000E+01
1.7162466153502464E+01	3.7605468750000000E+01
1.7229732543230057E+01	3.7605468750000000E+01
1.7296986900269985E+01	3.7605468750000000E+01
1.7364183127880096E+01	3.7605468750000000E+01
1.7431429758667946E+01	3.7605468750000000E+01
1.7498942226171494E+01	3.7605468750000000E+01
1.7566161006689072E+01	3.7605468750000000E+01
1.7633440934121609E+01	3.7605468750000000E+01
1.7700651913881302E+01	3.7605468750000000E+01
1.7767881087958813E+01	3.7605468750000000E+01
1.7835137397050858E+01	3.7605468750000000E+01
1.7902752801775932E+01	3.7605468750000000E+01
1.7970035992562771E+01	3.7605468750000000E+01
1.8037625379860401E+01	3.7605468750000000E+01
1.8104859657585621E+01	3.7605468750000000E+01
1.8172817528247833E+01	3.7605468750000000E+01
1.8240083932876587E+01	3.7605468750000000E+01
1.8307350113987923E+01	3.7605468750000000E+01
1.8374955736100674E+01	3.7605468750000000E+01
1.8442211478948593E+01	3.7605468750000000E+01
1.8509649850428104E+01	3.7605468750000000E+01
1.8576954253017902E+01	3.7605468750000000E+01
1.8644910432398319E+01	3.7605468750000000E+01
1.8712184265255928E+01	3.7605468750000000E+01
1.8779487736523151E+01	3.7605468750000000E+01
1.8847468473017216E+01	3.7605468750000000E+01
1.8914743997156620E+01	3.7605468750000000E+01
1.8982021681964397E+01	3.7605468750000000E+01
1.9049337789416313E+01	3.7605468750000000E+01
1.9116983890533447E+01	3.7605468750000000E+01
1.9184281729161739E+01	3.7605468750000000E+01
1.9251610264182091E+01	3.7605468750000000E+01
1.9318893991410732E+01	3.7605468750000000E+01
1.9386167250573635E+01	3.7605468750000000E+01
1.9453459367156029E+01	3.7605468750000000E+01
1.9520863331854343E+01	3.7605468750000000E+01
1.9588089540600777E+01	3.7605468750000000E+01
1.9655387558043003E+01	3.7605468750000000E+01
1.9722769469022751E+01	3.7605468750000000E+01
1.9790079079568386E+01	3.7605468750000000E+01
1.9857363641262054E+01	3.7605468750000000E+01
1.9924652904272079E+01	3.7605468750000000E+01
1.9991953745484352E+01	3.7605468750000000E+01
2.0059258349239826E+01	3.7605468750000000E+01
2.0126578353345394E+01	3.7605468750000000E+01
2.0194331951439381E+01	3.7605468750000000E+01
2.0261630393564701E+01	3.7605468750000000E+01
2.0328903429210186E+01	3.7605468750000000E+01
2.0396194644272327E+01	3.7605468750000000E+01
2.0463487632572651E+01	3.7605468750000000E+01
2.0530745178461075E+01	3.7605468750000000E+01
2.0598423391580582E+01	3.7605468750000000E+01
2.0665707550942898E+01	3.7605468750000000E+01
2.0733014941215515E+01	3.7605468750000000E+01
2.0800266988575459E+01	3.7605468750000000E+01
2.0867524497210979E+01	3.7605468750000000E+01
2.0934811152517796E+01	3.7605468750000000E+01
2.1002062551677227E+01	3.7605468750000000E+01
2.1069323368370533E+01	3.7605468750000000E+01
2.1137046307325363E+01	3.7605468750000000E+01
2.1204296872019768E+01	3.7605468750000000E+01
2.1271572634577751E+01	3.7605468750000000E+01
2.1338824845850468E+01	3.7605468750000000E+01
2.1406758397817612E+01	3.7605468750000000E+01
2.1474010087549686E+01	3.7605468750000000E+01
2.1541253775358200E+01	3.7605468750000000E+01
2.1609328076243401E+01	3.7605468750000000E+01
2.1677404925227165E+01	3.7605468750000000E+01
2.1744668334722519E+01	3.7605468750000000E+01
2.1812193028628826E+01	3.7605468750000000E+01
2.1879448361694813E+01	3.7605468750000000E+01
2.1946686983108521E+01	3.7605468750000000E+01
2.2013914912939072E+01	3.7605468750000000E+01
2.2081223800778389E+01	3.7605468750000000E+01
2.2148471623659134E+01	3.7605468750000000E+01
2.2215698838233948E+01	3.7605468750000000E+01
2.2283659815788269E+01	3.7605468750000000E+01
2.2350883565843105E+01	3.7605468750000000E+01
2.2418165229260921E+01	3.7605468750000000E+01
2.2486134313046932E+01	3.7605468750000000E+01
2.2553435198962688E+01	3.7605468750000000E+01
2.2620722427964211E+01	3.7605468750000000E+01
2.2688017077744007E+01	3.7605468750000000E+01
2.2755287960171700E+01	3.7605468750000000E+01
2.2822579823434353E+01	3.7605468750000000E+01
2.2889874301850796E+01	3.7605468750000000E+01
2.2957106836140156E+01	3.7605468750000000E+01
2.3024390883743763E+01	3.7605468750000000E+01
2.3092356294393539E+01	3.7605468750000000E+01
2.3159605361521244E+01	3.7605468750000000E+01
2.3227550163865089E+01	3.7605468750000000E+01
2.3294800378382206E+01	3.7605468750000000E+01
2.3362066596746445E+01	3.7605468750000000E+01
2.3429299041628838E+01	3.7605468750000000E+01
2.3496548518538475E+01	3.7605468750000000E+01
2.3564256146550179E+01	3.7605468750000000E+01
2.3631514020264149E+01	3.7605468750000000E+01
2.3698728531599045E+01	3.7605468750000000E+01
2.3765905797481537E+01	3.7605468750000000E+01
2.3833096966147423E+01	3.7605468750000000E+01
2.3900309838354588E+01	3.7605468750000000E+01
2.3967560067772865E+01	3.7605468750000000E+01
2.4034760661423206E+01	3.7605468750000000E+01
2.4101955942809582E+01	3.7605468750000000E+01
2.4169166073203087E+01	3.7605468750000000E+01
2.4236413009464741E+01	3.7605468750000000E+01
2.4303621776401997E+01	3.7605468750000000E+01
2.4370799496769905E+01	3.7605468750000000E+01
2.4438622862100601E+01	3.7605468750000000E+01
2.4505817428231239E+01	3.7605468750000000E+01
2.4573689721524715E+01	3.7605468750000000E+01
2.4641390770673752E+01	3.7605468750000000E+01
2.4708526536822319E+01	3.7605468750000000E+01
2.4775596685707569E+01	3.7605468750000000E+01
2.4842620544135571E+01	3.7605468750000000E+01
2.4909647367894650E+01	3.7605468750000000E+01
2.4976759493350983E+01	3.7605468750000000E+01
2.5043785333633423E+01	3.7605468750000000E+01
2.5110852323472500E+01	3.7605468750000000E+01
2.5178573846817017E+01	3.7605468750000000E+01
2.5245666958391666E+01	3.7605468750000000E+01
2.5312723062932491E+01	3.7605468750000000E+01
2.5379772894084454E+01	3.7605468750000000E+01
2.5446890354156494E+01	3.7605468750000000E+01
2.5514016605913639E+01	3.7605468750000000E+01
2.5581169717013836E+01	3.7605468750000000E+01
2.5648329451680183E+01	3.7605468750000000E+01
2.5715914517641068E+01	3.7605468750000000E+01
2.5783148780465126E+01	3.7605468750000000E+01
2.5850362643599510E+01	3.7605468750000000E+01
2.5917599536478519E+01	3.7605468750000000E+01
2.5984810613095760E+01	3.7605468750000000E+01
2.6052016034722328E+01	3.7605468750000000E+01
2.6119285896420479E+01	3.7605468750000000E+01
2.6186526000499725E+01	3.7605468750000000E+01
2.6254470847547054E+01	3.7605468750000000E+01
2.6322085976600647E+01	3.7605468750000000E+01
2.6389328949153423E+01	3.7605468750000000E+01
2.6456573061645031E+01	3.7605468750000000E+01
2.6523795977234840E+01	3.7605468750000000E+01
2.6590978182852268E+01	3.7605468750000000E+01
2.6658188566565514E+01	3.7605468750000000E+01
2.6725410103797913E+01	3.7605468750000000E+01
2.6792616762220860E+01	3.7605468750000000E+01
2.6859871931374073E+01	3.7605468750000000E+01
2.6927126705646515E+01	3.7605468750000000E+01
2.6994391269981861E+01	3.7605468750000000E+01
2.7062013350427151E+01	3.7605468750000000E+01
2.7129576243460178E+01	3.7605468750000000E+01
2.7196787238121033E+01	3.7605468750000000E+01
2.7264017336070538E+01	3.7605468750000000E+01
2.7331768773496151E+01	3.7605468750000000E+01
2.7399035781621933E+01	3.7605468750000000E+01
2.7466328710317612E+01	3.7605468750000000E+01
2.7533609606325626E+01	3.7605468750000000E+01
2.7600864529609680E+01	3.7605468750000000E+01
2.7668144196271896E+01	3.7605468750000000E+01
2.7735423170030117E+01	3.7605468750000000E+01
2.7802735351026058E+01	3.7605468750000000E+01
2.7870039120316505E+01	3.7605468750000000E+01
2.7937561959028244E+01	3.7605468750000000E+01
2.8004833914339542E+01	3.7605468750000000E+01
2.8072828359901905E+01	3.7605468750000000E+01
2.8140132203698158E+01	3.7605468750000000E+01
2.8207541905343533E+01	3.7605468750000000E+01
2.8274863153696060E+01	3.7605468750000000E+01
2.8342151693999767E+01	3.7605468750000000E+01
2.8409476183354855E+01	3.7605468750000000E+01
2.8476807251572609E+01	3.7605468750000000E+01
2.8544110909104347E+01	3.7605468750000000E+01
2.8611400648951530E+01	3.7605468750000000E+01
2.8678718566894531E+01	3.7605468750000000E+01
2.8746044874191284E+01	3.7605468750000000E+01
2.8813336201012135E+01	3.7605468750000000E+01
2.8880634993314743E+01	3.7605468750000000E+01
2.8947924427688122E+01	3.7605468750000000E+01
2.9015861816704273E+01	3.7605468750000000E+01
2.9083172202110291E+01	3.7605468750000000E+01
2.9150509461760521E+01	3.7605468750000000E+01
2.9217836171388626E+01	3.7605468750000000E+01
2.9285154201090336E+01	3.7605468750000000E+01
2.9353154473006725E+01	3.7605468750000000E+01
2.9420427784323692E+01	3.7605468750000000E+01
2.9487721480429173E+01	3.7605468750000000E+01
2.9555050849914551E+01	3.7605468750000000E+01
2.9622443437576294E+01	3.7605468750000000E+01
2.9689782716333866E+01	3.7605468750000000E+01
2.9757084250450134E+01	3.7605468750000000E+01
2.9824409320950508E+01	3.7605468750000000E+01
2.9891715213656425E+01	3.7605468750000000E+01
2.9958996437489986E+01	3.7605468750000000E+01
3.0026317209005356E+01	3.7605468750000000E+01
3.0093602210283279E+01	3.7605468750000000E+01
3.0160896085202694E+01	3.7605468750000000E+01
3.0228175774216652E+01	3.7605468750000000E+01
3.0295490942895412E+01	3.7605468750000000E+01
3.0362802602350712E+01	3.7605468750000000E+01
3.0430526703596115E+01	3.7605468750000000E+01
3.0497777909040451E+01	3.7605468750000000E+01
3.0565020889043808E+01	3.7605468750000000E+01
3.0632305108010769E+01	3.7605468750000000E+01
3.0700354158878326E+01	3.7605468750000000E+01
3.0767727680504322E+01	3.7605468750000000E+01
3.0835252337157726E+01	3.7605468750000000E+01
3.0902814701199532E+01	3.7605468750000000E+01
3.0970401510596275E+01	3.7605468750000000E+01
3.1037994280457497E+01	3.7605468750000000E+01
3.1106336332857609E+01	3.7605468750000000E+01
3.1174604594707489E+01	3.7605468750000000E+01
3.1242281079292297E+01	3.7605468750000000E+01
3.1309947036206722E+01	3.7605468750000000E+01
3.1377570554614067E+01	3.7605468750000000E+01
3.1445677623152733E+01	3.7605468750000000E+01
3.1514021895825863E+01	3.7605468750000000E+01
3.1581772305071354E+01	3.7605468750000000E+01
3.1649502076208591E+01	3.7605468750000000E+01
3.1717473030090332E+01	3.7605468750000000E+01
3.1785299062728882E+01	3.7605468750000000E+01
3.1853403337299824E+01	3.7605468750000000E+01
3.1921195447444916E+01	3.7605468750000000E+01
3.1988988757133484E+01	3.7605468750000000E+01
3.2056763939559460E+01	3.7605468750000000E+01
3.2124547481536865E+01	3.7605468750000000E+01
3.2192336738109589E+01	3.7605468750000000E+01
3.2260580264031887E+01	3.7605468750000000E+01
3.2328424647450447E+01	3.7605468750000000E+01
3.2396284893155098E+01	3.7605468750000000E+01
3.2464209318161011E+01	3.7605468750000000E+01
3.2532186836004257E+01	3.7605468750000000E+01
3.2600192710757256E+01	3.7605468750000000E+01
3.2668449304997921E+01	3.7605468750000000E+01
3.2736507087945938E+01	3.7605468750000000E+01
3.2804580934345722E+01	3.7605468750000000E+01
3.2872702881693840E+01	3.7605468750000000E+01
3.2941302441060543E+01	3.7605468750000000E+01
3.3009482212364674E+01	3.7605468750000000E+01
3.3077790766954422E+01	3.7605468750000000E+01
3.3146106503903866E+01	3.7605468750000000E+01
3.3214493200182915E+01	3.7605468750000000E+01
3.3283466070890427E+01	3.7605468750000000E+01
3.3352533124387264E+01	3.7605468750000000E+01
3.3420944370329380E+01	3.7605468750000000E+01
3.3489356435835361E+01	3.7605468750000000E+01
3.3558409914374352E+01	3.7605468750000000E+01
3.3627171956002712E+01	3.7605468750000000E+01
3.3695571951568127E+01	3.7605468750000000E+01
3.3763981394469738E+01	3.7605468750000000E+01
3.3832582630217075E+01	3.7605468750000000E+01
3.3901421539485455E+01	3.7605468750000000E+01
3.3969808347523212E+01	3.7605468750000000E+01
3.4038181692361832E+01	3.7605468750000000E+01
3.4106576301157475E+01	3.7605468750000000E+01
3.4174959488213062E+01	3.7605468750000000E+01
3.4243351891636848E+01	3.7605468750000000E+01
3.4311749242246151E+01	3.7605468750000000E+01
3.4380125395953655E+01	3.7605468750000000E+01
3.4448523543775082E+01	3.7605468750000000E+01
3.4516912378370762E+01	3.7605468750000000E+01
3.4585330188274384E+01	3.7605468750000000E+01
3.4653713859617710E+01	3.7605468750000000E+01
3.4722122684121132E+01	3.7605468750000000E+01
3.4790462732315063E+01	3.7605468750000000E+01
3.4859438546001911E+01	3.7605468750000000E+01
3.4927766166627407E+01	3.7605468750000000E+01
3.4996118135750294E+01	3.7605468750000000E+01
3.5064515575766563E+01	3.7605468750000000E+01
3.5132844641804695E+01	3.7605468750000000E+01
3.5201207607984543E+01	3.7605468750000000E+01
3.5269594848155975E+01	3.7605468750000000E+01
3.5337985135614872E+01	3.7605468750000000E+01
3.5406527630984783E+01	3.7605468750000000E+01
3.5474852450191975E+01	3.7605468750000000E+01
3.5543125711381435E+01	3.7605468750000000E+01
3.5611402615904808E+01	3.7605468750000000E+01
3.5679705120623112E+01	3.7605468750000000E+01
3.5747954703867435E+01	3.7605468750000000E+01
3.5816294372081757E+01	3.7605468750000000E+01
3.5884546667337418E+01	3.7605468750000000E+01
3.5952799297869205E+01	3.7605468750000000E+01
3.6021017290651798E+01	3.7605468750000000E+01
3.6089284151792526E+01	3.7605468750000000E+01
3.6157536841928959E+01	3.7605468750000000E+01
3.6225766390562057E+01	3.7605468750000000E+01
3.6294304832816124E+01	3.7605468750000000E+01
3.6362541437149048E+01	3.7605468750000000E+01
3.6430751256644726E+01	3.7605468750000000E+01
3.6498963147401810E+01	3.7605468750000000E+01
3.6567205943167210E+01	3.7605468750000000E+01
3.6635495834052563E+01	3.7605468750000000E+01
3.6703788086771965E+01	3.7605468750000000E+01
3.6772110335528851E+01	3.7605468750000000E+01
3.6840479493141174E+01	3.7605468750000000E+01
3.6908783257007599E+01	3.7605468750000000E+01
3.6977122776210308E+01	3.7605468750000000E+01
3.7045442305505276E+01	3.7605468750000000E+01
3.7113800458610058E+01	3.7605468750000000E+01
3.7182638280093670E+01	3.7605468750000000E+01
3.7251030586659908E+01	3.7605468750000000E+01
3.7319395832717419E+01	3.7605468750000000E+01
3.7387765280902386E+01	3.7605468750000000E+01
3.7456128887832165E+01	3.7605468750000000E+01
3.7524489492177963E+01	3.7605468750000000E+01
3.7592857494950294E+01	3.7605468750000000E+01
3.7661249898374081E+01	3.7605468750000000E+01
3.7729608401656151E+01	3.7605468750000000E+01
3.7797983646392822E+01	3.7605468750000000E+01
3.7866379082202911E+01	3.7605468750000000E+01
3.7934782654047012E+01	3.7605468750000000E+01
3.8003194116055965E+01	3.7605468750000000E+01
3.8071634523570538E+01	3.7605468750000000E+01
3.8140043385326862E+01	3.7605468750000000E+01
3.8208973318338394E+01	3.7605468750000000E+01
3.8277396522462368E+01	3.7605468750000000E+01
3.8346843220293522E+01	3.7605468750000000E+01
3.8415406107902527E+01	3.7605468750000000E+01
3.8483836442232132E+01	3.7605468750000000E+01
3.8552286148071289E+01	3.7605468750000000E+01
3.8620729513466358E+01	3.7605468750000000E+01
3.8689128406345844E+01	3.7605468750000000E+01
3.8757541202008724E+01	3.7605468750000000E+01
3.8825973086059093E+01	3.7605468750000000E+01
3.8894407413899899E+01	3.7605468750000000E+01
3.8962819240987301E+01	3.7605468750000000E+01
3.9031231179833412E+01	3.7605468750000000E+01
3.9099660053849220E+01	3.7605468750000000E+01
3.9168065488338470E+01	3.7605468750000000E+01
3.9236464999616146E+01	3.7605468750000000E+01
3.9304893806576729E+01	3.7605468750000000E+01
3.9373329162597656E+01	3.7605468750000000E+01
3.9441775351762772E+01	3.7605468750000000E+01
3.9510201610624790E+01	3.7605468750000000E+01
3.9578655794262886E+01	3.7605468750000000E+01
3.9647641055285931E+01	3.7605468750000000E+01
3.9716219522058964E+01	3.7605468750000000E+01
3.9784695759415627E+01	3.7605468750000000E+01
3.9853150852024555E+01	3.7605468750000000E+01
3.9921607702970505E+01	3.7605468750000000E+01
3.9990073442459106E+01	3.7605468750000000E+01
4.0058561682701111E+01	3.7605468750000000E+01
4.0127657592296600E+01	3.7605468750000000E+01
4.0196146704256535E+01	3.7605468750000000E+01
4.0264628469944000E+01	3.7605468750000000E+01
4.0333092853426933E+01	3.7605468750000000E+01
4.0401573687791824E+01	3.7605468750000000E+01
4.0470784157514572E+01	3.7605468750000000E+01
4.0539305478334427E+01	3.7605468750000000E+01
4.0607818447053432E+01	3.7605468750000000E+01
4.0676362670958042E+01	3.7605468750000000E+01
4.0744866624474525E+01	3.7605468750000000E+01
4.0813576638698578E+01	3.7605468750000000E+01
4.0882077872753143E+01	3.7605468750000000E+01
4.0950579218566418E+01	3.7605468750000000E+01
4.1019113495945930E+01	3.7605468750000000E+01
4.1087665319442749E+01	3.7605468750000000E+01
4.1156218446791172E+01	3.7605468750000000E+01
4.1224921286106110E+01	3.7605468750000000E+01
4.1293480806052685E+01	3.7605468750000000E+01
4.1362047858536243E+01	3.7605468750000000E+01
4.1430639870464802E+01	3.7605468750000000E+01
4.1499229572713375E+01	3.7605468750000000E+01
4.1568284802138805E+01	3.7605468750000000E+01
4.1636868260800838E+01	3.7605468750000000E+01
4.1705425329506397E+01	3.7605468750000000E+01
4.1774125009775162E+01	3.7605468750000000E+01
4.1842758156359196E+01	3.7605468750000000E+01
4.1911405779421329E+01	3.7605468750000000E+01
4.1980314441025257E+01	3.7605468750000000E+01
4.2049037449061871E+01	3.7605468750000000E+01
4.2117802277207375E+01	3.7605468750000000E+01
4.2186619400978088E+01	3.7605468750000000E+01
4.2256104663014412E+01	3.7605468750000000E+01
4.2324876606464386E+01	3.7605468750000000E+01
4.2393707342445850E+01	3.7605468750000000E+01
4.2462900534272194E+01	3.7605468750000000E+01
4.2531720481812954E+01	3.7605468750000000E+01
4.2600562632083893E+01	3.7605468750000000E+01
4.2669408217072487E+01	3.7605468750000000E+01
4.2738230384886265E+01	3.7605468750000000E+01
4.2807109989225864E+01	3.7605468750000000E+01
4.2875955961644650E+01	3.7605468750000000E+01
4.2944774739444256E+01	3.7605468750000000E+01
4.3014078795909882E+01	3.7605468750000000E+01
4.3083035409450531E+01	3.7605468750000000E+01
4.3151932120323181E+01	3.7605468750000000E+01
4.3220893338322639E+01	3.7605468750000000E+01
4.3289893969893456E+01	3.7605468750000000E+01
4.3358914971351624E+01	3.7605468750000000E+01
4.3428077168762684E+01	3.7605468750000000E+01
4.3497779600322247E+01	3.7605468750000000E+01
4.3567284882068634E+01	3.7605468750000000E+01
4.3636867567896843E+01	3.7605468750000000E+01
4.3706599600613117E+01	3.7605468750000000E+01
4.3776174567639828E+01	3.7605468750000000E+01
4.3845903359353542E+01	3.7605468750000000E+01
4.3915460735559464E+01	3.7605468750000000E+01
4.3985105060040951E+01	3.7605468750000000E+01
4.4054646775126457E+01	3.7605468750000000E+01
4.4124195218086243E+01	3.7605468750000000E+01
4.4193734981119633E+01	3.7605468750000000E+01
4.4263311460614204E+01	3.7605468750000000E+01
4.4332728415727615E+01	3.7605468750000000E+01
4.4402250900864601E+01	3.7605468750000000E+01
4.4471849605441093E+01	3.7605468750000000E+01
4.4541523970663548E+01	3.7605468750000000E+01
4.4611099921166897E+01	3.7605468750000000E+01
4.4680732876062393E+01	3.7605468750000000E+01
4.4750338494777679E+01	3.7605468750000000E+01
4.4819832719862461E+01	3.7605468750000000E+01
4.4889380350708961E+01	3.7605468750000000E+01
4.4958762764930725E+01	3.7605468750000000E+01
4.5027987971901894E+01	3.7605468750000000E+01
4.5097378358244896E+01	3.7605468750000000E+01
4.5166724562644958E+01	3.7605468750000000E+01
4.5236125640571117E+01	3.7605468750000000E+01
4.5305470697581768E+01	3.7605468750000000E+01
4.5374728895723820E+01	3.7605468750000000E+01
4.5443986602127552E+01	3.7605468750000000E+01
4.5513314671814442E+01	3.7605468750000000E+01
4.5582466602325439E+01	3.7605468750000000E+01
4.5651738144457340E+01	3.7605468750000000E+01
4.5720923088490963E+01	3.7605468750000000E+01
4.5790288105607033E+01	3.7605468750000000E+01
4.5859562568366528E+01	3.7605468750000000E+01
4.5928816847503185E+01	3.7605468750000000E+01
4.5997924007475376E+01	3.7605468750000000E+01
4.6066955029964447E+01	3.7605468750000000E+01
4.6135500356554985E+01	3.7605468750000000E+01
4.6204004421830177E+01	3.7605468750000000E+01
4.6272494263947010E+01	3.7605468750000000E+01
4.6340951822698116E+01	3.7605468750000000E+01
4.6409406766295433E+01	3.7605468750000000E+01
4.6477994412183762E+01	3.7605468750000000E+01
4.6546431399881840E+01	3.7605468750000000E+01
4.6614962041378021E+01	3.7605468750000000E+01
4.6683372087776661E+01	3.7605468750000000E+01
4.6751779071986675E+01	3.7605468750000000E+01
4.6820405200123787E+01	3.7605468750000000E+01
4.6888816572725773E+01	3.7605468750000000E+01
4.6957719191908836E+01	3.7605468750000000E+01
4.7026140555739403E+01	3.7605468750000000E+01
4.7094528354704380E+01	3.7605468750000000E+01
4.7162948705255985E+01	3.7605468750000000E+01
4.7231304213404655E+01	3.7605468750000000E+01
4.7299658119678497E+01	3.7605468750000000E+01
4.7368040598928928E+01	3.7605468750000000E+01
4.7436396487057209E+01	3.7605468750000000E+01
4.7504717111587524E+01	3.7605468750000000E+01
4.7572996564209461E+01	3.7605468750000000E+01
4.7641739323735237E+01	3.7605468750000000E+01
4.7709910452365875E+01	3.7605468750000000E+01
4.7778130002319813E+01	3.7605468750000000E+01
4.7846429631114006E+01	3.7605468750000000E+01
4.7914588473737240E+01	3.7605468750000000E+01
4.7982633456587791E+01	3.7605468750000000E+01
4.8050614997744560E+01	3.7605468750000000E+01
4.8118805207312107E+01	3.7605468750000000E+01
4.8186767525970936E+01	3.7605468750000000E+01
4.8255100384354591E+01	3.7605468750000000E+01
4.8323601096868515E+01	3.7605468750000000E+01
4.8391840435564518E+01	3.7605468750000000E+01
4.8460146501660347E+01	3.7605468750000000E+01
4.8528375811874866E+01	3.7605468750000000E+01
4.8596679463982582E+01	3.7605468750000000E+01
4.8664897501468658E+01	3.7605468750000000E+01
4.8733079656958580E+01	3.7605468750000000E+01
4.8801064789295197E+01	3.7605468750000000E+01
4.8869004003703594E+01	3.7605468750000000E+01
4.8937112174928188E+01	3.7605468750000000E+01
4.9005075857043266E+01	3.7605468750000000E+01
4.9073525533080101E+01	3.7605468750000000E+01
4.9141647167503834E+01	3.7605468750000000E+01
4.9209791019558907E+01	3.7605468750000000E+01
4.9277403570711613E+01	3.7605468750000000E+01
4.9345286339521408E+01	3.7605468750000000E+01
4.9413000568747520E+01	3.7605468750000000E+01
4.9480563133955002E+01	3.7605468750000000E+01
4.9547994360327721E+01	3.7605468750000000E+01
4.9615398168563843E+01	3.7605468750000000E+01
4.9682876281440258E+01	3.7605468750000000E+01
4.9750389635562897E+01	3.7605468750000000E+01
4.9817891098558903E+01	3.7605468750000000E+01
4.9885648854076862E+01	3.7605468750000000E+01
4.9954184174537659E+01	3.7605468750000000E+01
5.0022235624492168E+01	3.7605468750000000E+01
5.0090808093547821E+01	3.7605468750000000E+01
5.0158804930746555E+01	3.7605468750000000E+01
5.0227010279893875E+01	3.7605468750000000E+01
5.0295365788042545E+01	3.7605468750000000E+01
5.0363760888576508E+01	3.7605468750000000E+01
5.0432112015783787E+01	3.7605468750000000E+01
5.0501319907605648E+01	3.7605468750000000E+01
5.0570760212838650E+01	3.7605468750000000E+01
5.0639621429145336E+01	3.7605468750000000E+01
5.0708495661616325E+01	3.7605468750000000E+01
5.0777468673884869E+01	3.7605468750000000E+01
5.0846416965126991E+01	3.7605468750000000E+01
5.0915375083684921E+01	3.7605468750000000E+01
5.0984410129487514E+01	3.7605468750000000E+01
5.1053461022675037E+01	3.7605468750000000E+01
5.1122496366500854E+01	3.7605468750000000E+01
5.1191539667546749E+01	3.7605468750000000E+01
5.1260549634695053E+01	3.7605468750000000E+01
5.1329607285559177E+01	3.7605468750000000E+01
5.1398699544370174E+01	3.7605468750000000E+01
5.1467754252254963E+01	3.7605468750000000E+01
5.1537264123558998E+01	3.7605468750000000E+01
5.1606368377804756E+01	3.7605468750000000E+01
5.1675455965101719E+01	3.7605468750000000E+01
5.1744680218398571E+01	3.7605468750000000E+01
5.1813830427825451E+01	3.7605468750000000E+01
5.1882995232939720E+01	3.7605468750000000E+01
5.1952181264758110E+01	3.7605468750000000E+01
5.2021364413201809E+01	3.7605468750000000E+01
5.2090556196868420E+01	3.7605468750000000E+01
5.2159742198884487E+01	3.7605468750000000E+01
5.2228959299623966E+01	3.7605468750000000E+01
5.2298848994076252E+01	3.7605468750000000E+01
5.2368240825831890E+01	3.7605468750000000E+01
5.2437487907707691E+01	3.7605468750000000E+01
5.2507037177681923E+01	3.7605468750000000E+01
5.2576254859566689E+01	3.7605468750000000E+01
5.2645492032170296E+01	3.7605468750000000E+01
5.2714716121554375E+01	3.7605468750000000E+01
5.2783948361873627E+01	3.7605468750000000E+01
5.2853185653686523E+01	3.7605468750000000E+01
5.2922441720962524E+01	3.7605468750000000E+01
5.2991674229502678E+01	3.7605468750000000E+01
5.3060950726270676E+01	3.7605468750000000E+01
5.3130244620144367E+01	3.7605468750000000E+01
5.3199524022638798E+01	3.7605468750000000E+01
5.3268894441425800E+01	3.7605468750000000E+01
5.3338139541447163E+01	3.7605468750000000E+01
5.3407385528087616E+01	3.7605468750000000E+01
5.3476634532213211E+01	3.7605468750000000E+01
5.3545864552259445E+01	3.7605468750000000E+01
5.3615121230483055E+01	3.7605468750000000E+01
5.3684362977743149E+01	3.7605468750000000E+01
5.3753587879240513E+01	3.7605468750000000E+01
5.3822788901627064E+01	3.7605468750000000E+01
5.3892558455467224E+01	3.7605468750000000E+01
5.3961772337555885E+01	3.7605468750000000E+01
5.4030975542962551E+01	3.7605468750000000E+01
5.4100143760442734E+01	3.7605468750000000E+01
5.4169606149196625E+01	3.7605468750000000E+01
5.4238717012107372E+01	3.7605468750000000E+01
5.4307786040008068E+01	3.7605468750000000E+01
5.4376804642379284E+01	3.7605468750000000E+01
5.4445798724889755E+01	3.7605468750000000E+01
5.4514797836542130E+01	3.7605468750000000E+01
5.4583746820688248E+01	3.7605468750000000E+01
5.4652650251984596E+01	3.7605468750000000E+01
5.4721531085669994E+01	3.7605468750000000E+01
5.4790758982300758E+01	3.7605468750000000E+01
5.4860230542719364E+01	3.7605468750000000E+01
5.4928973764181137E+01	3.7605468750000000E+01
5.4997735038399696E+01	3.7605468750000000E+01
5.5066461794078350E+01	3.7605468750000000E+01
5.5135143123567104E+01	3.7605468750000000E+01
5.5203860662877560E+01	3.7605468750000000E+01
5.5272545330226421E+01	3.7605468750000000E+01
5.5341249145567417E+01	3.7605468750000000E+01
5.5409929350018501E+01	3.7605468750000000E+01
5.5478557117283344E+01	3.7605468750000000E+01
5.5547161765396595E+01	3.7605468750000000E+01
5.5615783050656319E+01	3.7605468750000000E+01
5.5684402875602245E+01	3.7605468750000000E+01
5.5752995759248734E+01	3.7605468750000000E+01
5.5821541942656040E+01	3.7605468750000000E+01
5.5890125513076782E+01	3.7605468750000000E+01
5.5958741538226604E+01	3.7605468750000000E+01
5.6027309954166412E+01	3.7605468750000000E+01
5.6095911629498005E+01	3.7605468750000000E+01
5.6164493523538113E+01	3.7605468750000000E+01
5.6233060836791992E+01	3.7605468750000000E+01
5.6301919177174568E+01	3.7605468750000000E+01
5.6370478153228760E+01	3.7605468750000000E+01
5.6439016863703728E+01	3.7605468750000000E+01
5.6507578887045383E+01	3.7605468750000000E+01
5.6576118305325508E+01	3.7605468750000000E+01
5.6644682481884956E+01	3.7605468750000000E+01
5.6713172309100628E+01	3.7605468750000000E+01
5.6781671769917011E+01	3.7605468750000000E+01
5.6850195735692978E+01	3.7605468750000000E+01
5.6918675124645233E+01	3.7605468750000000E+01
5.6987167119979858E+01	3.7605468750000000E+01
5.7056023217737675E+01	3.7605468750000000E+01
5.7124548673629761E+01	3.7605468750000000E+01
5.7193007305264473E+01	3.7605468750000000E+01
5.7261514574289322E+01	3.7605468750000000E+01
5.7330052599310875E+01	3.7605468750000000E+01
5.7398545295000076E+01	3.7605468750000000E+01
5.7467018902301788E+01	3.7605468750000000E+01
5.7535490073263645E+01	3.7605468750000000E+01
5.7604015171527863E+01	3.7605468750000000E+01
5.7672544479370117E+01	3.7605468750000000E+01
5.7741108663380146E+01	3.7605468750000000E+01
5.7809699691832066E+01	3.7605468750000000E+01
5.7878473937511444E+01	3.7605468750000000E+01
5.7947166487574577E+01	3.7605468750000000E+01
5.8015930898487568E+01	3.7605468750000000E+01
5.8084732592105865E+01	3.7605468750000000E+01
5.8153514958918095E+01	3.7605468750000000E+01
5.8222346156835556E+01	3.7605468750000000E+01
5.8291266001760960E+01	3.7605468750000000E+01
5.8360197134315968E+01	3.7605468750000000E+01
5.8429172620177269E+01	3.7605468750000000E+01
5.8498551055788994E+01	3.7605468750000000E+01
5.8567575693130493E+01	3.7605468750000000E+01
5.8636644341051579E+01	3.7605468750000000E+01
5.8706240110099316E+01	3.7605468750000000E+01
5.8775320567190647E+01	3.7605468750000000E+01
5.8844408929347992E+01	3.7605468750000000E+01
5.8913554400205612E+01	3.7605468750000000E+01
5.8982737705111504E+01	3.7605468750000000E+01
5.9051951274275780E+01	3.7605468750000000E+01
5.9121179088950157E+01	3.7605468750000000E+01
5.9190410286188126E+01	3.7605468750000000E+01
5.9259676568210125E+01	3.7605468750000000E+01
5.9329235613346100E+01	3.7605468750000000E+01
5.9398485630750656E+01	3.7605468750000000E+01
5.9467754490673542E+01	3.7605468750000000E+01
5.9537026941776276E+01	3.7605468750000000E+01
5.9606324940919876E+01	3.7605468750000000E+01
5.9675589166581631E+01	3.7605468750000000E+01
5.9744900047779083E+01	3.7605468750000000E+01
5.9814195096492767E+01	3.7605468750000000E+01
5.9883497729897499E+01	3.7605468750000000E+01
5.9953350491821766E+01	3.7605468750000000E+01
6.0022663690149784E+01	3.7605468750000000E+01
6.0091999657452106E+01	3.7605468750000000E+01
6.0161302141845226E+01	3.7605468750000000E+01
6.0230600073933601E+01	3.7605468750000000E+01
6.0299856893718243E+01	3.7605468750000000E+01
6.0369116067886353E+01	3.7605468750000000E+01
6.0438424661755562E+01	3.7605468750000000E+01
6.0507726550102234E+01	3.7605468750000000E+01
6.0577042326331139E+01	3.7605468750000000E+01
6.0646366208791733E+01	3.7605468750000000E+01
6.0715682744979858E+01	3.7605468750000000E+01
6.0785009965300560E+01	3.7605468750000000E+01
6.0854314893484116E+01	3.7605468750000000E+01
6.0923645421862602E+01	3.7605468750000000E+01
6.0992956362664700E+01	3.7605468750000000E+01
6.1062237240374088E+01	3.7605468750000000E+01
6.1131756342947483E+01	3.7605468750000000E+01
6.1201062023639679E+01	3.7605468750000000E+01
6.1270358562469482E+01	3.7605468750000000E+01
6.1339668020606041E+01	3.7605468750000000E+01
6.1408980086445808E+01	3.7605468750000000E+01
6.1478300295770168E+01	3.7605468750000000E+01
6.1547967486083508E+01	3.7605468750000000E+01
6.1617254227399826E+01	3.7605468750000000E+01
6.1686565175652504E+01	3.7605468750000000E+01
6.1756228916347027E+01	3.7605468750000000E+01
6.1825546026229858E+01	3.7605468750000000E+01
6.1894850999116898E+01	3.7605468750000000E+01
6.1964160598814487E+01	3.7605468750000000E+01
6.2033444620668888E+01	3.7605468750000000E+01
6.2102749072015285E+01	3.7605468750000000E+01
6.2172045230865479E+01	3.7605468750000000E+01
6.2241334311664104E+01	3.7605468750000000E+01
6.2310617864131927E+01	3.7605468750000000E+01
6.2379896782338619E+01	3.7605468750000000E+01
6.2449189551174641E+01	3.7605468750000000E+01
6.2518445000052452E+01	3.7605468750000000E+01
6.2587721101939678E+01	3.7605468750000000E+01
6.2656989596784115E+01	3.7605468750000000E+01
6.2726920276880264E+01	3.7605468750000000E+01
6.2796173952519894E+01	3.7605468750000000E+01
6.2865863069891930E+01	3.7605468750000000E+01
6.2935114741325378E+01	3.7605468750000000E+01
6.3004338726401329E+01	3.7605468750000000E+01
6.3073569364845753E+01	3.7605468750000000E+01
6.3142760768532753E+01	3.7605468750000000E+01
6.3211949624121189E+01	3.7605468750000000E+01
6.3281783401966095E+01	3.7605468750000000E+01
6.3350947022438049E+01	3.7605468750000000E+01
6.3420080631971359E+01	3.7605468750000000E+01
6.3489171050488949E+01	3.7605468750000000E+01
6.3558200016617775E+01	3.7605468750000000E+01
6.3627666294574738E+01	3.7605468750000000E+01
6.3696692332625389E+01	3.7605468750000000E+01
6.3765729419887066E+01	3.7605468750000000E+01
6.3834737814962864E+01	3.7605468750000000E+01
6.3903761908411980E+01	3.7605468750000000E+01
6.3972712181508541E+01	3.7605468750000000E+01
6.4041582830250263E+01	3.7605468750000000E+01
6.4110396325588226E+01	3.7605468750000000E+01
6.4179170288145542E+01	3.7605468750000000E+01
6.4248079098761082E+01	3.7605468750000000E+01
6.4316767163574696E+01	3.7605468750000000E+01
6.4385431930422783E+01	3.7605468750000000E+01
6.4454059883952141E+01	3.7605468750000000E+01
6.4522870868444443E+01	3.7605468750000000E+01
6.4591447919607162E+01	3.7605468750000000E+01
6.4660003259778023E+01	3.7605468750000000E+01
6.4728552870452404E+01	3.7605468750000000E+01
6.4797091685235500E+01	3.7605468750000000E+01
6.4865565434098244E+01	3.7605468750000000E+01
6.4934045195579529E+01	3.7605468750000000E+01
6.5002565957605839E+01	3.7605468750000000E+01
6.5071027010679245E+01	3.7605468750000000E+01
6.5139500483870506E+01	3.7605468750000000E+01
6.5207971915602684E+01	3.7605468750000000E+01
6.5276443764567375E+01	3.7605468750000000E+01
6.5344894789159298E+01	3.7605468750000000E+01
6.5413378469645977E+01	3.7605468750000000E+01
6.5482250846922398E+01	3.7605468750000000E+01
6.5551743425428867E+01	3.7605468750000000E+01
6.5620196007192135E+01	3.7605468750000000E+01
6.5688619159162045E+01	3.7605468750000000E+01
6.5757738426327705E+01	3.7605468750000000E+01
6.5826213538646698E+01	3.7605468750000000E+01
6.5895218178629875E+01	3.7605468750000000E+01
6.5963698647916317E+01	3.7605468750000000E+01
6.6032155752182007E+01	3.7605468750000000E+01
6.6100634545087814E+01	3.7605468750000000E+01
6.6169114612042904E+01	3.7605468750000000E+01
6.6237605251371861E+01	3.7605468750000000E+01
6.6306233644485474E+01	3.7605468750000000E+01
6.6374693349003792E+01	3.7605468750000000E+01
6.6443186536431313E+01	3.7605468750000000E+01
6.6511765778064728E+01	3.7605468750000000E+01
6.6580290779471397E+01	3.7605468750000000E+01
6.6648789249360561E+01	3.7605468750000000E+01
6.6717945672571659E+01	3.7605468750000000E+01
6.6786603100597858E+01	3.7605468750000000E+01
6.6855081960558891E+01	3.7605468750000000E+01
6.6923561915755272E+01	3.7605468750000000E+01
6.6992103062570095E+01	3.7605468750000000E+01
6.7061334721744061E+01	3.7605468750000000E+01
6.7130126126110554E+01	3.7605468750000000E+01
6.7198669455945492E+01	3.7605468750000000E+01
6.7267401166260242E+01	3.7605468750000000E+01
6.7335926495492458E+01	3.7605468750000000E+01
6.7404518343508244E+01	3.7605468750000000E+01
6.7473123542964458E+01	3.7605468750000000E+01
6.7592408999800682E+01	3.7695312500000000E+01
6.7710684083402157E+01	3.7695312500000000E+01
6.7821182526648045E+01	3.7695312500000000E+01
6.7915341943502426E+01	3.7695312500000000E+01
6.7974779143929482E+01	3.7695312500000000E+01
6.8001788452267647E+01	3.7695312500000000E+01
6.8028820067644119E+01	3.7695312500000000E+01
6.8055771119892597E+01	3.7695312500000000E+01
6.8082607813179493E+01	3.7695312500000000E+01
6.8109619028866291E+01	3.7695312500000000E+01
6.8136547029018402E+01	3.7695312500000000E+01
