0.0000000000000000E+00	9.9999999999999978E-01
9.2092092092092093E+02	1.0000316983799999E+00
1.8418418418418419E+03	1.0000371744417367E+00
2.7627627627627626E+03	1.0000697564504131E+00
3.6836836836836837E+03	1.0000881314150476E+00
4.6046046046046049E+03	1.0001091038999852E+00
5.5255255255255252E+03	1.0001320823538351E+00
6.4464464464464463E+03	1.0001510012862731E+00
7.3673673673673675E+03	1.0001663477649740E+00
8.2882882882882877E+03	1.0001704378051333E+00
9.2092092092092098E+03	1.0002057622203753E+00
1.0130130130130130E+04	1.0002262618246349E+00
1.1051051051051050E+04	1.0002402744022607E+00
1.1971971971971972E+04	1.0002612133783553E+00
1.2892892892892893E+04	1.0002831069563507E+00
1.3813813813813815E+04	1.0002850771463985E+00
1.4734734734734735E+04	1.0003213322254254E+00
1.5655655655655655E+04	1.0003372686458447E+00
1.6576576576576575E+04	1.0003610639602247E+00
1.7497497497497498E+04	1.0003681441003252E+00
1.8418418418418420E+04	1.0003983773893179E+00
1.9339339339339338E+04	1.0004134856922433E+00
2.0260260260260260E+04	1.0004346673599500E+00
2.1181181181181182E+04	1.0004561460412082E+00
2.2102102102102101E+04	1.0004563540209244E+00
2.3023023023023023E+04	1.0004938990674106E+00
2.3943943943943945E+04	1.0005139122384539E+00
2.4864864864864867E+04	1.0005292216381769E+00
2.5785785785785785E+04	1.0005470669793142E+00
2.6706706706706707E+04	1.0005671622100778E+00
2.7627627627627629E+04	1.0005877082363877E+00
2.8548548548548548E+04	1.0006078693371074E+00
2.9469469469469470E+04	1.0006294475332727E+00
3.0390390390390392E+04	1.0006476022465323E+00
3.1311311311311310E+04	1.0006674262989048E+00
3.2232232232232232E+04	1.0006862387816047E+00
3.3153153153153151E+04	1.0007063905439273E+00
3.4074074074074073E+04	1.0007236887237649E+00
3.4994994994994995E+04	1.0007421154570164E+00
3.5915915915915917E+04	1.0007595871189896E+00
3.6836836836836839E+04	1.0007775896945077E+00
3.7757757757757761E+04	1.0007975571499492E+00
3.8678678678678676E+04	1.0008189149693696E+00
3.9599599599599598E+04	1.0008403081534651E+00
4.0520520520520520E+04	1.0008524436130877E+00
4.1441441441441442E+04	1.0008747358334238E+00
4.2362362362362364E+04	1.0008977633867513E+00
4.3283283283283286E+04	1.0009136530382241E+00
4.4204204204204201E+04	1.0009337876161595E+00
4.5125125125125123E+04	1.0009554899106137E+00
4.6046046046046045E+04	1.0009705426469777E+00
4.6966966966966967E+04	1.0009922630042409E+00
4.7887887887887890E+04	1.0010099553683904E+00
4.8808808808808812E+04	1.0010327967670272E+00
4.9729729729729734E+04	1.0010525048471923E+00
5.0650650650650648E+04	1.0010684919108259E+00
5.1571571571571571E+04	1.0010913142968938E+00
5.2492492492492493E+04	1.0011079662211324E+00
5.3413413413413415E+04	1.0011251138733195E+00
5.4334334334334337E+04	1.0011496906461763E+00
5.5255255255255259E+04	1.0011693485392583E+00
5.6176176176176174E+04	1.0011840353387973E+00
5.7097097097097096E+04	1.0011888032823859E+00
5.8018018018018018E+04	1.0012228917568622E+00
5.8938938938938940E+04	1.0012452012648994E+00
5.9859859859859862E+04	1.0012638507076836E+00
6.0780780780780784E+04	1.0012850036768508E+00
6.1701701701701706E+04	1.0013047657746101E+00
6.2622622622622621E+04	1.0013236920032793E+00
6.3543543543543543E+04	1.0013423508280639E+00
6.4464464464464465E+04	1.0013630040187937E+00
6.5385385385385387E+04	1.0013790610788358E+00
6.6306306306306302E+04	1.0013972338106143E+00
6.7227227227227224E+04	1.0014161745790096E+00
6.8148148148148146E+04	1.0014364251807286E+00
6.9069069069069068E+04	1.0014585991589158E+00
6.9989989989989990E+04	1.0014779800346874E+00
7.0910910910910912E+04	1.0014895283758831E+00
7.1831831831831834E+04	1.0015145353493855E+00
7.2752752752752756E+04	1.0015371957993784E+00
7.3673673673673678E+04	1.0015487722382568E+00
7.4594594594594600E+04	1.0015740233926498E+00
7.5515515515515523E+04	1.0015940086042290E+00
7.6436436436436445E+04	1.0016101045496908E+00
7.7357357357357352E+04	1.0016358888085690E+00
7.8278278278278274E+04	1.0016507690076231E+00
7.9199199199199196E+04	1.0016720810298598E+00
8.0120120120120118E+04	1.0016929471699372E+00
8.1041041041041040E+04	1.0017080747174476E+00
8.1961961961961963E+04	1.0017330873044246E+00
8.2882882882882885E+04	1.0017490113578098E+00
8.3803803803803807E+04	1.0017685188983707E+00
8.4724724724724729E+04	1.0017909658762714E+00
8.5645645645645651E+04	1.0018124744113546E+00
8.6566566566566573E+04	1.0018201903498853E+00
8.7487487487487495E+04	1.0018405214442667E+00
8.8408408408408402E+04	1.0018698175637013E+00
8.9329329329329325E+04	1.0018903383736177E+00
9.0250250250250247E+04	1.0019107533879434E+00
9.1171171171171169E+04	1.0019284333038709E+00
9.2092092092092091E+04	1.0019481019586580E+00
9.3013013013013013E+04	1.0019672092647696E+00
9.3933933933933935E+04	1.0019878090478029E+00
9.4854854854854857E+04	1.0020077265508238E+00
9.5775775775775779E+04	1.0020278334547728E+00
9.6696696696696701E+04	1.0020480539370071E+00
9.7617617617617623E+04	1.0020629375554519E+00
9.8538538538538545E+04	1.0020678014387323E+00
9.9459459459459467E+04	1.0021037464007003E+00
1.0038038038038037E+05	1.0021264625093205E+00
1.0130130130130130E+05	1.0021443558144358E+00
1.0222222222222222E+05	1.0021611410349345E+00
1.0314314314314314E+05	1.0021832232795949E+00
1.0406406406406406E+05	1.0022051953844182E+00
1.0498498498498499E+05	1.0022112873758606E+00
1.0590590590590591E+05	1.0022444358474161E+00
1.0682682682682683E+05	1.0022597300844551E+00
1.0774774774774775E+05	1.0022829404665847E+00
1.0866866866866867E+05	1.0022932310041124E+00
1.0958958958958960E+05	1.0023238880612326E+00
1.1051051051051052E+05	1.0023386719977485E+00
1.1143143143143144E+05	1.0023633947574575E+00
1.1235235235235235E+05	1.0023816468622360E+00
1.1327327327327327E+05	1.0023991374544463E+00
1.1419419419419419E+05	1.0024229800014386E+00
1.1511511511511511E+05	1.0024421396930998E+00
1.1603603603603604E+05	1.0024581267368087E+00
1.1695695695695696E+05	1.0024774757247263E+00
1.1787787787787788E+05	1.0024999193139306E+00
1.1879879879879880E+05	1.0025217729668923E+00
1.1971971971971972E+05	1.0025415747159581E+00
1.2064064064064065E+05	1.0025584136016104E+00
1.2156156156156157E+05	1.0025774728923416E+00
1.2248248248248249E+05	1.0025969552159897E+00
1.2340340340340341E+05	1.0026141688767014E+00
1.2432432432432432E+05	1.0026366196941834E+00
1.2524524524524524E+05	1.0026582827078208E+00
1.2616616616616616E+05	1.0026780572634673E+00
1.2708708708708709E+05	1.0027008295535909E+00
1.2800800800800801E+05	1.0027202774379407E+00
1.2892892892892893E+05	1.0027380972301596E+00
1.2984984984984985E+05	1.0027502084713771E+00
1.3077077077077077E+05	1.0027763485578138E+00
1.3169169169169170E+05	1.0028003820509008E+00
1.3261261261261260E+05	1.0028197523250626E+00
1.3353353353353354E+05	1.0028352242898442E+00
1.3445445445445445E+05	1.0028601622230620E+00
1.3537537537537538E+05	1.0028783706848068E+00
1.3629629629629629E+05	1.0028958695072403E+00
1.3721721721721723E+05	1.0029182406127741E+00
1.3813813813813814E+05	1.0029299164784244E+00
1.3905905905905907E+05	1.0029615597035761E+00
1.3997997997997998E+05	1.0029759087245202E+00
1.4090090090090092E+05	1.0029970896135947E+00
1.4182182182182182E+05	1.0030197984920319E+00
1.4274274274274273E+05	1.0030274827365493E+00
1.4366366366366367E+05	1.0030604461667805E+00
1.4458458458458458E+05	1.0030768594667172E+00
1.4550550550550551E+05	1.0030964242048030E+00
1.4642642642642642E+05	1.0031169318767594E+00
1.4734734734734736E+05	1.0031399157413150E+00
1.4826826826826826E+05	1.0031604763593087E+00
1.4918918918918920E+05	1.0031752700511816E+00
1.5011011011011011E+05	1.0031827873190413E+00
1.5103103103103105E+05	1.0032074755398590E+00
1.5195195195195195E+05	1.0032341460984704E+00
1.5287287287287289E+05	1.0032580440222398E+00
1.5379379379379380E+05	1.0032775814564578E+00
1.5471471471471470E+05	1.0032964526842256E+00
1.5563563563563564E+05	1.0033133472313178E+00
1.5655655655655655E+05	1.0033244522046165E+00
1.5747747747747749E+05	1.0033483481647918E+00
1.5839839839839839E+05	1.0033791398983760E+00
1.5931931931931933E+05	1.0034019337997520E+00
1.6024024024024024E+05	1.0034204390809374E+00
1.6116116116116117E+05	1.0034381887569928E+00
1.6208208208208208E+05	1.0034584820273456E+00
1.6300300300300302E+05	1.0034808917356639E+00
1.6392392392392393E+05	1.0035030635745121E+00
1.6484484484484486E+05	1.0035088508936525E+00
1.6576576576576577E+05	1.0035430393934948E+00
1.6668668668668668E+05	1.0035588420995387E+00
1.6760760760760761E+05	1.0035805464659215E+00
1.6852852852852852E+05	1.0036008595143151E+00
1.6944944944944946E+05	1.0036236660216027E+00
1.7037037037037036E+05	1.0036409472871417E+00
1.7129129129129130E+05	1.0036627813450716E+00
1.7221221221221221E+05	1.0036655594547266E+00
1.7313313313313315E+05	1.0037041503566937E+00
1.7405405405405405E+05	1.0037221335582842E+00
1.7497497497497499E+05	1.0037274153293958E+00
1.7589589589589590E+05	1.0037631528129010E+00
1.7681681681681680E+05	1.0037846312025280E+00
1.7773773773773774E+05	1.0038043651240072E+00
1.7865865865865865E+05	1.0038216640830191E+00
1.7957957957957959E+05	1.0038386906965091E+00
1.8050050050050049E+05	1.0038638156609763E+00
1.8142142142142143E+05	1.0038874178347219E+00
1.8234234234234234E+05	1.0039065539237957E+00
1.8326326326326327E+05	1.0039280989948658E+00
1.8418418418418418E+05	1.0039472947267956E+00
1.8510510510510512E+05	1.0039687215794808E+00
1.8602602602602603E+05	1.0039884439826514E+00
1.8694694694694696E+05	1.0040094311924443E+00
1.8786786786786787E+05	1.0040255965719276E+00
1.8878878878878878E+05	1.0040325224084785E+00
1.8970970970970971E+05	1.0040660491678810E+00
1.9063063063063062E+05	1.0040909050898728E+00
1.9155155155155156E+05	1.0041113512782549E+00
1.9247247247247247E+05	1.0041273023386694E+00
1.9339339339339340E+05	1.0041463845054661E+00
1.9431431431431431E+05	1.0041717296968569E+00
1.9523523523523525E+05	1.0041885612570323E+00
1.9615615615615615E+05	1.0042118008310816E+00
1.9707707707707709E+05	1.0042352598810529E+00
1.9799799799799800E+05	1.0042498278109033E+00
1.9891891891891893E+05	1.0042732141016364E+00
1.9983983983983984E+05	1.0042843172388036E+00
2.0076076076076075E+05	1.0043160839026974E+00
2.0168168168168169E+05	1.0043323707345375E+00
2.0260260260260259E+05	1.0043525237287829E+00
2.0352352352352353E+05	1.0043776070779789E+00
2.0444444444444444E+05	1.0043881286835874E+00
2.0536536536536537E+05	1.0044152532720718E+00
2.0628628628628628E+05	1.0044381702341285E+00
2.0720720720720722E+05	1.0044571159210349E+00
2.0812812812812813E+05	1.0044748852923409E+00
2.0904904904904906E+05	1.0044957594796720E+00
2.0996996996996997E+05	1.0045180554333195E+00
2.1089089089089091E+05	1.0045393953698669E+00
2.1181181181181181E+05	1.0045612769304826E+00
2.1273273273273272E+05	1.0045834032794048E+00
2.1365365365365366E+05	1.0046030376617836E+00
2.1457457457457457E+05	1.0046233292185014E+00
2.1549549549549550E+05	1.0046437591988806E+00
2.1641641641641641E+05	1.0046642055706456E+00
2.1733733733733735E+05	1.0046843663298508E+00
2.1825825825825825E+05	1.0047028864069971E+00
2.1917917917917919E+05	1.0047231159910632E+00
2.2010010010010010E+05	1.0047425465635476E+00
2.2102102102102104E+05	1.0047657819999800E+00
2.2194194194194194E+05	1.0047881862212806E+00
2.2286286286286288E+05	1.0048066755441700E+00
2.2378378378378379E+05	1.0048191276267551E+00
2.2470470470470469E+05	1.0048499957689152E+00
2.2562562562562563E+05	1.0048667121724870E+00
2.2654654654654654E+05	1.0048876991039242E+00
2.2746746746746748E+05	1.0049133413102571E+00
2.2838838838838838E+05	1.0049203173804746E+00
2.2930930930930932E+05	1.0049523494059767E+00
2.3023023023023023E+05	1.0049707671445218E+00
2.3115115115115116E+05	1.0049949695907998E+00
2.3207207207207207E+05	1.0050133282331919E+00
2.3299299299299301E+05	1.0050321646055960E+00
2.3391391391391392E+05	1.0050561404767770E+00
2.3483483483483485E+05	1.0050708380892694E+00
2.3575575575575576E+05	1.0050944448789594E+00
2.3667667667667667E+05	1.0051189830655418E+00
2.3759759759759760E+05	1.0051412739112737E+00
2.3851851851851851E+05	1.0051560969637146E+00
2.3943943943943945E+05	1.0051658202326370E+00
2.4036036036036036E+05	1.0051985674912407E+00
2.4128128128128129E+05	1.0052229952600169E+00
2.4220220220220220E+05	1.0052419957733629E+00
2.4312312312312314E+05	1.0052642658873476E+00
2.4404404404404404E+05	1.0052847140611798E+00
2.4496496496496498E+05	1.0053068577590316E+00
2.4588588588588589E+05	1.0053270217029513E+00
2.4680680680680682E+05	1.0053490022976912E+00
2.4772772772772773E+05	1.0053661457799683E+00
2.4864864864864864E+05	1.0053827442185748E+00
2.4956956956956958E+05	1.0054066476745345E+00
2.5049049049049048E+05	1.0054302454246247E+00
2.5141141141141142E+05	1.0054513092328419E+00
2.5233233233233233E+05	1.0054699286029805E+00
2.5325325325325326E+05	1.0054750298914543E+00
2.5417417417417417E+05	1.0055117292025537E+00
2.5509509509509511E+05	1.0055336795331338E+00
2.5601601601601602E+05	1.0055379468351433E+00
2.5693693693693695E+05	1.0055758239430812E+00
2.5785785785785786E+05	1.0055940761002498E+00
2.5877877877877880E+05	1.0056191496758371E+00
2.5969969969969970E+05	1.0056359947201321E+00
2.6062062062062061E+05	1.0056589716834274E+00
2.6154154154154155E+05	1.0056770487662225E+00
2.6246246246246248E+05	1.0057036379488942E+00
2.6338338338338339E+05	1.0057147759384331E+00
2.6430430430430430E+05	1.0057432377871875E+00
2.6522522522522521E+05	1.0057644957911529E+00
2.6614614614614617E+05	1.0057821569747918E+00
2.6706706706706708E+05	1.0058032579389979E+00
2.6798798798798799E+05	1.0058259594928405E+00
2.6890890890890890E+05	1.0058490819750701E+00
2.6982982982982986E+05	1.0058704648128185E+00
2.7075075075075077E+05	1.0058884337873035E+00
2.7167167167167168E+05	1.0058992268782982E+00
2.7259259259259258E+05	1.0059146170206950E+00
2.7351351351351349E+05	1.0059385566133112E+00
2.7443443443443446E+05	1.0059607306108902E+00
2.7535535535535536E+05	1.0059799005236201E+00
2.7627627627627627E+05	1.0059986649317587E+00
2.7719719719719718E+05	1.0060270807150493E+00
2.7811811811811815E+05	1.0060565217762221E+00
2.7903903903903905E+05	1.0060810843130858E+00
2.7995995995995996E+05	1.0061020385059627E+00
2.8088088088088087E+05	1.0061203280643263E+00
2.8180180180180183E+05	1.0061392689364230E+00
2.8272272272272274E+05	1.0061612370564690E+00
2.8364364364364365E+05	1.0061860671933633E+00
2.8456456456456456E+05	1.0062041835357485E+00
2.8548548548548546E+05	1.0062246997338447E+00
2.8640640640640643E+05	1.0062487060248300E+00
2.8732732732732734E+05	1.0062663750758283E+00
2.8824824824824824E+05	1.0062905951387977E+00
2.8916916916916915E+05	1.0063019482337403E+00
2.9009009009009012E+05	1.0063343064362569E+00
2.9101101101101103E+05	1.0063513847846033E+00
2.9193193193193193E+05	1.0063763535726162E+00
2.9285285285285284E+05	1.0063906129151603E+00
2.9377377377377381E+05	1.0064158779288837E+00
2.9469469469469471E+05	1.0064388848290975E+00
2.9561561561561562E+05	1.0064527743008522E+00
2.9653653653653653E+05	1.0064796940876397E+00
2.9745745745745744E+05	1.0065042401365345E+00
2.9837837837837840E+05	1.0065251874879799E+00
2.9929929929929931E+05	1.0065424415001185E+00
3.0022022022022022E+05	1.0065510915899789E+00
3.0114114114114112E+05	1.0065844025691699E+00
3.0206206206206209E+05	1.0066062054985061E+00
3.0298298298298300E+05	1.0066283056402217E+00
3.0390390390390391E+05	1.0066521067853702E+00
3.0482482482482481E+05	1.0066710394967064E+00
3.0574574574574578E+05	1.0066938924649824E+00
3.0666666666666669E+05	1.0067126785076541E+00
3.0758758758758759E+05	1.0067259113311233E+00
3.0850850850850850E+05	1.0067541921978604E+00
3.0942942942942941E+05	1.0067774554298612E+00
3.1035035035035037E+05	1.0068009736856527E+00
3.1127127127127128E+05	1.0068216677696118E+00
3.1219219219219219E+05	1.0068396782903515E+00
3.1311311311311310E+05	1.0068616866466678E+00
3.1403403403403406E+05	1.0068874671528025E+00
3.1495495495495497E+05	1.0069072283679799E+00
3.1587587587587588E+05	1.0069255713186154E+00
3.1679679679679679E+05	1.0069508509975520E+00
3.1771771771771775E+05	1.0069568564224312E+00
3.1863863863863866E+05	1.0069926734864751E+00
3.1955955955955957E+05	1.0070108148159429E+00
3.2048048048048047E+05	1.0070374241138180E+00
3.2140140140140138E+05	1.0070397403745628E+00
3.2232232232232235E+05	1.0070798982426319E+00
3.2324324324324325E+05	1.0070975303647234E+00
3.2416416416416416E+05	1.0071184591471403E+00
3.2508508508508507E+05	1.0071435973513381E+00
3.2600600600600604E+05	1.0071629905835877E+00
3.2692692692692694E+05	1.0071725392104522E+00
3.2784784784784785E+05	1.0072085134175781E+00
3.2876876876876876E+05	1.0072307084176855E+00
3.2968968968968972E+05	1.0072494842339215E+00
3.3061061061061063E+05	1.0072697380847457E+00
3.3153153153153154E+05	1.0072900932441617E+00
3.3245245245245245E+05	1.0073123207390262E+00
3.3337337337337335E+05	1.0073330205066304E+00
3.3429429429429432E+05	1.0073548264659169E+00
3.3521521521521523E+05	1.0073759670874647E+00
3.3613613613613613E+05	1.0073971026106026E+00
3.3705705705705704E+05	1.0074189641991631E+00
3.3797797797797801E+05	1.0074414937814125E+00
3.3889889889889891E+05	1.0074644114323772E+00
3.3981981981981982E+05	1.0074875884784324E+00
3.4074074074074073E+05	1.0075101882902204E+00
3.4166166166166170E+05	1.0075193767542232E+00
3.4258258258258260E+05	1.0075487127393397E+00
3.4350350350350351E+05	1.0075749009459247E+00
3.4442442442442442E+05	1.0075925729727928E+00
3.4534534534534533E+05	1.0076139249490148E+00
3.4626626626626629E+05	1.0076392752372987E+00
3.4718718718718720E+05	1.0076469232735494E+00
3.4810810810810811E+05	1.0076832151697721E+00
3.4902902902902901E+05	1.0077001646433728E+00
3.4994994994994998E+05	1.0077239656568724E+00
3.5087087087087089E+05	1.0077385715642537E+00
3.5179179179179179E+05	1.0077692674728815E+00
3.5271271271271270E+05	1.0077861799767061E+00
3.5363363363363361E+05	1.0078125440366494E+00
3.5455455455455458E+05	1.0078347621685344E+00
3.5547547547547548E+05	1.0078517146819674E+00
3.5639639639639639E+05	1.0078761838751380E+00
3.5731731731731730E+05	1.0078992684118893E+00
3.5823823823823826E+05	1.0079188901066458E+00
3.5915915915915917E+05	1.0079353550086187E+00
3.6008008008008008E+05	1.0079601935652309E+00
3.6100100100100099E+05	1.0079811965995362E+00
3.6192192192192195E+05	1.0080049701804508E+00
3.6284284284284286E+05	1.0080296834793212E+00
3.6376376376376377E+05	1.0080498128281441E+00
3.6468468468468467E+05	1.0080750134234600E+00
3.6560560560560558E+05	1.0080926764033882E+00
3.6652652652652655E+05	1.0081161046053182E+00
3.6744744744744746E+05	1.0081350666403923E+00
3.6836836836836836E+05	1.0081438905164906E+00
3.6928928928928927E+05	1.0081781901957185E+00
3.7021021021021024E+05	1.0082043163012884E+00
3.7113113113113114E+05	1.0082260606274032E+00
3.7205205205205205E+05	1.0082449080828122E+00
3.7297297297297296E+05	1.0082528354260067E+00
3.7389389389389392E+05	1.0082895463109089E+00
3.7481481481481483E+05	1.0083114950007961E+00
3.7573573573573574E+05	1.0083198936235340E+00
3.7665665665665665E+05	1.0083565776771244E+00
3.7757757757757755E+05	1.0083753359344392E+00
3.7849849849849852E+05	1.0084012797654944E+00
3.7941941941941943E+05	1.0084179919982226E+00
3.8034034034034034E+05	1.0084432148742279E+00
3.8126126126126124E+05	1.0084625733283996E+00
3.8218218218218221E+05	1.0084887533591780E+00
3.8310310310310312E+05	1.0085036722882130E+00
3.8402402402402402E+05	1.0085316679498786E+00
3.8494494494494493E+05	1.0085550259063762E+00
3.8586586586586590E+05	1.0085726728907294E+00
3.8678678678678680E+05	1.0085953559107987E+00
3.8770770770770771E+05	1.0086187861642095E+00
3.8862862862862862E+05	1.0086424403793894E+00
3.8954954954954953E+05	1.0086640389374146E+00
3.9047047047047049E+05	1.0086810846374374E+00
3.9139139139139140E+05	1.0086933353513279E+00
3.9231231231231231E+05	1.0087133200198726E+00
3.9323323323323322E+05	1.0087394945193104E+00
3.9415415415415418E+05	1.0087632774794544E+00
3.9507507507507509E+05	1.0087834087108487E+00
3.9599599599599600E+05	1.0088005634786452E+00
3.9691691691691690E+05	1.0088270137423667E+00
3.9783783783783787E+05	1.0088578674692583E+00
3.9875875875875878E+05	1.0088849329420977E+00
3.9967967967967968E+05	1.0089065828084525E+00
4.0060060060060059E+05	1.0089269637659599E+00
4.0152152152152150E+05	1.0089464968957396E+00
4.0244244244244247E+05	1.0089692104147110E+00
4.0336336336336337E+05	1.0089950254088258E+00
4.0428428428428428E+05	1.0090150151068502E+00
4.0520520520520519E+05	1.0090338433511470E+00
4.0612612612612615E+05	1.0090606878934594E+00
4.0704704704704706E+05	1.0090793833688951E+00
4.0796796796796797E+05	1.0091058085547169E+00
4.0888888888888888E+05	1.0091200260061115E+00
4.0980980980980984E+05	1.0091508729850915E+00
4.1073073073073075E+05	1.0091679218422707E+00
4.1165165165165166E+05	1.0091944372575443E+00
4.1257257257257256E+05	1.0092085484933233E+00
4.1349349349349347E+05	1.0092364855410794E+00
4.1441441441441444E+05	1.0092612950154043E+00
4.1533533533533535E+05	1.0092750912760056E+00
4.1625625625625625E+05	1.0093015162444301E+00
4.1717717717717716E+05	1.0093280744256903E+00
4.1809809809809813E+05	1.0093506562565580E+00
4.1901901901901903E+05	1.0093690300587437E+00
4.1993993993993994E+05	1.0093794916269117E+00
4.2086086086086085E+05	1.0094121941544543E+00
4.2178178178178181E+05	1.0094349190804648E+00
4.2270270270270272E+05	1.0094576287979400E+00
4.2362362362362363E+05	1.0094824489588932E+00
4.2454454454454454E+05	1.0095025705280580E+00
4.2546546546546544E+05	1.0095259252224940E+00
4.2638638638638641E+05	1.0095460449114739E+00
4.2730730730730732E+05	1.0095557040484224E+00
4.2822822822822822E+05	1.0095904407939800E+00
4.2914914914914913E+05	1.0096163091995065E+00
4.3007007007007010E+05	1.0096391241294469E+00
4.3099099099099101E+05	1.0096597736573860E+00
4.3191191191191191E+05	1.0096722987917632E+00
4.3283283283283282E+05	1.0097032782952617E+00
4.3375375375375379E+05	1.0097294716131873E+00
4.3467467467467469E+05	1.0097455136079909E+00
4.3559559559559560E+05	1.0097712948371227E+00
4.3651651651651651E+05	1.0097946889105369E+00
4.3743743743743742E+05	1.0098064927895458E+00
4.3835835835835838E+05	1.0098414459358227E+00
4.3927927927927929E+05	1.0098592944434004E+00
4.4020020020020020E+05	1.0098851971853375E+00
4.4112112112112110E+05	1.0099032338394478E+00
4.4204204204204207E+05	1.0099304607446531E+00
4.4296296296296298E+05	1.0099511285556069E+00
4.4388388388388389E+05	1.0099708593090369E+00
4.4480480480480479E+05	1.0099959151188795E+00
4.4572572572572576E+05	1.0100218562169938E+00
4.4664664664664667E+05	1.0100378415633762E+00
4.4756756756756757E+05	1.0100521862908565E+00
4.4848848848848848E+05	1.0100876045205112E+00
4.4940940940940939E+05	1.0101108636105096E+00
4.5033033033033035E+05	1.0101328070518312E+00
4.5125125125125126E+05	1.0101536488522982E+00
4.5217217217217217E+05	1.0101762367247509E+00
4.5309309309309308E+05	1.0101974104699138E+00
4.5401401401401404E+05	1.0102202619074248E+00
4.5493493493493495E+05	1.0102431317746203E+00
4.5585585585585586E+05	1.0102659614328895E+00
4.5677677677677677E+05	1.0102897166543905E+00
4.5769769769769773E+05	1.0103149007539227E+00
4.5861861861861864E+05	1.0103363442500490E+00
4.5953953953953955E+05	1.0103525831940816E+00
4.6046046046046045E+05	1.0103673773310911E+00
4.6138138138138136E+05	1.0104040034998496E+00
4.6230230230230233E+05	1.0104255280989740E+00
4.6322322322322323E+05	1.0104451861330936E+00
4.6414414414414414E+05	1.0104684889279616E+00
4.6506506506506505E+05	1.0104950015249565E+00
4.6598598598598602E+05	1.0104993306803982E+00
4.6690690690690692E+05	1.0105401149994127E+00
4.6782782782782783E+05	1.0105581133278765E+00
4.6874874874874874E+05	1.0105830566582996E+00
4.6966966966966970E+05	1.0106009349129808E+00
4.7059059059059061E+05	1.0106315431694344E+00
4.7151151151151152E+05	1.0106483297510249E+00
4.7243243243243243E+05	1.0106764240965549E+00
4.7335335335335333E+05	1.0106982807007741E+00
4.7427427427427430E+05	1.0107166956732814E+00
4.7519519519519521E+05	1.0107448543109285E+00
4.7611611611611611E+05	1.0107671874907000E+00
4.7703703703703702E+05	1.0107857418802457E+00
4.7795795795795799E+05	1.0107974713917516E+00
4.7887887887887890E+05	1.0108320220925002E+00
4.7979979979979980E+05	1.0108580699632668E+00
4.8072072072072071E+05	1.0108804214673783E+00
4.8164164164164168E+05	1.0109025844971922E+00
4.8256256256256258E+05	1.0109263761316618E+00
4.8348348348348349E+05	1.0109478293219916E+00
4.8440440440440440E+05	1.0109729575553079E+00
4.8532532532532531E+05	1.0109940213811859E+00
4.8624624624624627E+05	1.0110168492932414E+00
4.8716716716716718E+05	1.0110405892916454E+00
4.8808808808808809E+05	1.0110599101949698E+00
4.8900900900900899E+05	1.0110715727257222E+00
4.8992992992992996E+05	1.0111050122530352E+00
4.9085085085085087E+05	1.0111321743057495E+00
4.9177177177177178E+05	1.0111552844775500E+00
4.9269269269269268E+05	1.0111728151069466E+00
4.9361361361361365E+05	1.0111994617077118E+00
4.9453453453453456E+05	1.0112239483475951E+00
4.9545545545545546E+05	1.0112423973192781E+00
4.9637637637637637E+05	1.0112699327427495E+00
4.9729729729729728E+05	1.0112855605771278E+00
4.9821821821821824E+05	1.0113130124081153E+00
4.9913913913913915E+05	1.0113343747421160E+00
5.0006006006006006E+05	1.0113613646470854E+00
5.0098098098098097E+05	1.0113675504438091E+00
5.0190190190190193E+05	1.0114074280086178E+00
5.0282282282282284E+05	1.0114264300000941E+00
5.0374374374374375E+05	1.0114489640342770E+00
5.0466466466466465E+05	1.0114751065001406E+00
5.0558558558558562E+05	1.0114988510326914E+00
5.0650650650650653E+05	1.0115065694216296E+00
5.0742742742742744E+05	1.0115403944009647E+00
5.0834834834834834E+05	1.0115681290755272E+00
5.0926926926926925E+05	1.0115920212590996E+00
5.1019019019019022E+05	1.0116131756722813E+00
5.1111111111111112E+05	1.0116343993379651E+00
5.1203203203203203E+05	1.0116569812853329E+00
5.1295295295295294E+05	1.0116800781669277E+00
5.1387387387387390E+05	1.0117032614896293E+00
5.1479479479479481E+05	1.0117266569201806E+00
5.1571571571571572E+05	1.0117506533853167E+00
5.1663663663663663E+05	1.0117751268263526E+00
5.1755755755755759E+05	1.0117994161999984E+00
5.1847847847847850E+05	1.0118216910044626E+00
5.1939939939939941E+05	1.0118335677670507E+00
5.2032032032032032E+05	1.0118614721025856E+00
5.2124124124124122E+05	1.0118923418900758E+00
5.2216216216216219E+05	1.0119136338975743E+00
5.2308308308308310E+05	1.0119330492956129E+00
5.2400400400400400E+05	1.0119587801230221E+00
5.2492492492492497E+05	1.0119842045100678E+00
5.2584584584584588E+05	1.0119994130462726E+00
5.2676676676676678E+05	1.0120299854982082E+00
5.2768768768768769E+05	1.0120495186385008E+00
5.2860860860860860E+05	1.0120773274456267E+00
5.2952952952952951E+05	1.0120859506197704E+00
5.3045045045045041E+05	1.0121218055165471E+00
5.3137137137137132E+05	1.0121430324254970E+00
5.3229229229229235E+05	1.0121651364643043E+00
5.3321321321321325E+05	1.0121930082679358E+00
5.3413413413413416E+05	1.0122126654518728E+00
5.3505505505505507E+05	1.0122298987515237E+00
5.3597597597597598E+05	1.0122617740942004E+00
5.3689689689689688E+05	1.0122856900676087E+00
5.3781781781781779E+05	1.0123085040005022E+00
5.3873873873873870E+05	1.0123286057223231E+00
5.3965965965965972E+05	1.0123402942344466E+00
5.4058058058058063E+05	1.0123756401154849E+00
5.4150150150150154E+05	1.0124007490319173E+00
5.4242242242242245E+05	1.0124231809576205E+00
5.4334334334334335E+05	1.0124487138976992E+00
5.4426426426426426E+05	1.0124695877799865E+00
5.4518518518518517E+05	1.0124911525643152E+00
5.4610610610610608E+05	1.0125156868809229E+00
5.4702702702702698E+05	1.0125295986952902E+00
5.4794794794794801E+05	1.0125634788703621E+00
5.4886886886886891E+05	1.0125905240505699E+00
5.4978978978978982E+05	1.0126139902546916E+00
5.5071071071071073E+05	1.0126332118117474E+00
5.5163163163163164E+05	1.0126525963921382E+00
5.5255255255255254E+05	1.0126837246696150E+00
5.5347347347347345E+05	1.0127038079257631E+00
5.5439439439439436E+05	1.0127241175155579E+00
5.5531531531531527E+05	1.0127541325677116E+00
5.5623623623623629E+05	1.0127744682228419E+00
5.5715715715715720E+05	1.0128013757450105E+00
5.5807807807807811E+05	1.0128127831532026E+00
5.5899899899899901E+05	1.0128474724658931E+00
5.5991991991991992E+05	1.0128668692559903E+00
5.6084084084084083E+05	1.0128936997014195E+00
5.6176176176176174E+05	1.0129160616008404E+00
5.6268268268268264E+05	1.0129383135500716E+00
5.6360360360360367E+05	1.0129660245524921E+00
5.6452452452452458E+05	1.0129857539566920E+00
5.6544544544544548E+05	1.0130079405627999E+00
5.6636636636636639E+05	1.0130331237185948E+00
5.6728728728728730E+05	1.0130592573153461E+00
5.6820820820820821E+05	1.0130840025528998E+00
5.6912912912912911E+05	1.0131058161859039E+00
5.7005005005005002E+05	1.0131244764183944E+00
5.7097097097097093E+05	1.0131417320908236E+00
5.7189189189189195E+05	1.0131600949035295E+00
5.7281281281281286E+05	1.0131826377556246E+00
5.7373373373373377E+05	1.0132076969567072E+00
5.7465465465465467E+05	1.0132369525151574E+00
5.7557557557557558E+05	1.0132676247593864E+00
5.7649649649649649E+05	1.0132954124896136E+00
5.7741741741741740E+05	1.0133213339407012E+00
5.7833833833833830E+05	1.0133423176537510E+00
5.7925925925925921E+05	1.0133639071588540E+00
5.8018018018018024E+05	1.0133863503975491E+00
5.8110110110110114E+05	1.0134128978981056E+00
5.8202202202202205E+05	1.0134389187396105E+00
5.8294294294294296E+05	1.0134499219214927E+00
5.8386386386386387E+05	1.0134865215324556E+00
5.8478478478478477E+05	1.0135074219400584E+00
5.8570570570570568E+05	1.0135288460405762E+00
5.8662662662662659E+05	1.0135576853324153E+00
5.8754754754754761E+05	1.0135640768979093E+00
5.8846846846846852E+05	1.0136038928135076E+00
5.8938938938938943E+05	1.0136242191113105E+00
5.9031031031031033E+05	1.0136519934552077E+00
5.9123123123123124E+05	1.0136755848594821E+00
5.9215215215215215E+05	1.0136950645938965E+00
5.9307307307307306E+05	1.0137240929576881E+00
5.9399399399399396E+05	1.0137472368664122E+00
5.9491491491491487E+05	1.0137667737497824E+00
5.9583583583583590E+05	1.0137929971446151E+00
5.9675675675675680E+05	1.0138179113128376E+00
5.9767767767767771E+05	1.0138415172992101E+00
5.9859859859859862E+05	1.0138659786878721E+00
5.9951951951951953E+05	1.0138867365933322E+00
6.0044044044044043E+05	1.0139031057367078E+00
6.0136136136136134E+05	1.0139334609955051E+00
6.0228228228228225E+05	1.0139442505868961E+00
6.0320320320320316E+05	1.0139812445889063E+00
6.0412412412412418E+05	1.0139971845514593E+00
6.0504504504504509E+05	1.0140299364701524E+00
6.0596596596596600E+05	1.0140573479937585E+00
6.0688688688688690E+05	1.0140804345058887E+00
6.0780780780780781E+05	1.0141062072903846E+00
6.0872872872872872E+05	1.0141285974919043E+00
6.0964964964964963E+05	1.0141491031721697E+00
6.1057057057057053E+05	1.0141769045271067E+00
6.1149149149149156E+05	1.0142023554435815E+00
6.1241241241241246E+05	1.0142216366649088E+00
6.1333333333333337E+05	1.0142474967612736E+00
6.1425425425425428E+05	1.0142743310811553E+00
6.1517517517517519E+05	1.0142931028256614E+00
6.1609609609609609E+05	1.0143221552555350E+00
6.1701701701701700E+05	1.0143325326671675E+00
6.1793793793793791E+05	1.0143691938638419E+00
6.1885885885885882E+05	1.0143891516665502E+00
6.1977977977977984E+05	1.0144174547931253E+00
6.2070070070070075E+05	1.0144367744352025E+00
6.2162162162162166E+05	1.0144644521781307E+00
6.2254254254254256E+05	1.0144897744502652E+00
6.2346346346346347E+05	1.0145107568028717E+00
6.2438438438438438E+05	1.0145345624190187E+00
6.2530530530530529E+05	1.0145612667946580E+00
6.2622622622622619E+05	1.0145875733051097E+00
6.2714714714714710E+05	1.0146094391731870E+00
6.2806806806806813E+05	1.0146235029977626E+00
6.2898898898898903E+05	1.0146430666172703E+00
6.2990990990990994E+05	1.0146776831500295E+00
6.3083083083083085E+05	1.0147042857980146E+00
6.3175175175175176E+05	1.0147299612648726E+00
6.3267267267267266E+05	1.0147535250392699E+00
6.3359359359359357E+05	1.0147760856491148E+00
6.3451451451451448E+05	1.0147957911929955E+00
6.3543543543543550E+05	1.0148104816865493E+00
6.3635635635635641E+05	1.0148445457588338E+00
6.3727727727727732E+05	1.0148766709990105E+00
6.3819819819819822E+05	1.0149015486384778E+00
6.3911911911911913E+05	1.0149233098526280E+00
6.4004004004004004E+05	1.0149465153232118E+00
6.4096096096096095E+05	1.0149709589868721E+00
6.4188188188188185E+05	1.0149993028639754E+00
6.4280280280280276E+05	1.0150140192247257E+00
6.4372372372372379E+05	1.0150478200382631E+00
6.4464464464464469E+05	1.0150693965592659E+00
6.4556556556556560E+05	1.0150913565651019E+00
6.4648648648648651E+05	1.0151201981790010E+00
6.4740740740740742E+05	1.0151323072541696E+00
6.4832832832832832E+05	1.0151678864764393E+00
6.4924924924924923E+05	1.0151893573382682E+00
6.5017017017017014E+05	1.0152156324361761E+00
6.5109109109109105E+05	1.0152426349038299E+00
6.5201201201201207E+05	1.0152616781249937E+00
6.5293293293293298E+05	1.0152900971436660E+00
6.5385385385385389E+05	1.0153153648721018E+00
6.5477477477477479E+05	1.0153356931173969E+00
6.5569569569569570E+05	1.0153460813082831E+00
6.5661661661661661E+05	1.0153851463112475E+00
6.5753753753753752E+05	1.0154131171949228E+00
6.5845845845845842E+05	1.0154379115300203E+00
6.5937937937937945E+05	1.0154605139057882E+00
6.6030030030030035E+05	1.0154862012929440E+00
6.6122122122122126E+05	1.0155080517415702E+00
6.6214214214214217E+05	1.0155351461606990E+00
6.6306306306306308E+05	1.0155578135284922E+00
6.6398398398398398E+05	1.0155850177182209E+00
6.6490490490490489E+05	1.0156081940049821E+00
6.6582582582582580E+05	1.0156317931082643E+00
6.6674674674674671E+05	1.0156569765296533E+00
6.6766766766766773E+05	1.0156780506192218E+00
6.6858858858858864E+05	1.0157007609414903E+00
6.6950950950950955E+05	1.0157298704561810E+00
6.7043043043043045E+05	1.0157539059890894E+00
6.7135135135135136E+05	1.0157639478360745E+00
6.7227227227227227E+05	1.0158022040494772E+00
6.7319319319319318E+05	1.0158275114169206E+00
6.7411411411411408E+05	1.0158404392744342E+00
6.7503503503503499E+05	1.0158784414064435E+00
6.7595595595595601E+05	1.0158989839625263E+00
6.7687687687687692E+05	1.0159283193579776E+00
6.7779779779779783E+05	1.0159358463440180E+00
6.7871871871871874E+05	1.0159772073179922E+00
6.7963963963963964E+05	1.0159976896884912E+00
6.8056056056056055E+05	1.0160241512024166E+00
6.8148148148148146E+05	1.0160522662791065E+00
6.8240240240240237E+05	1.0160587930242553E+00
6.8332332332332339E+05	1.0160999163318341E+00
6.8424424424424430E+05	1.0161259224652570E+00
6.8516516516516521E+05	1.0161470958039616E+00
6.8608608608608611E+05	1.0161699050431041E+00
6.8700700700700702E+05	1.0161952639508820E+00
6.8792792792792793E+05	1.0162213074955682E+00
6.8884884884884884E+05	1.0162481405473052E+00
6.8976976976976974E+05	1.0162732372871224E+00
6.9069069069069065E+05	1.0162993238525255E+00
6.9161161161161168E+05	1.0163234616170977E+00
6.9253253253253258E+05	1.0163484619535017E+00
6.9345345345345349E+05	1.0163722347769153E+00
6.9437437437437440E+05	1.0163954537401074E+00
6.9529529529529531E+05	1.0164191428426650E+00
6.9621621621621621E+05	1.0164430381214919E+00
6.9713713713713712E+05	1.0164685629152057E+00
6.9805805805805803E+05	1.0164945336964144E+00
6.9897897897897894E+05	1.0165214991147753E+00
6.9989989989989996E+05	1.0165456585331216E+00
7.0082082082082087E+05	1.0165584615865106E+00
7.0174174174174177E+05	1.0165971852626827E+00
7.0266266266266268E+05	1.0166183364530350E+00
7.0358358358358359E+05	1.0166419041795840E+00
7.0450450450450450E+05	1.0166717574700752E+00
7.0542542542542540E+05	1.0166779375732409E+00
7.0634634634634631E+05	1.0167207915464038E+00
7.0726726726726722E+05	1.0167420432745367E+00
7.0818818818818824E+05	1.0167717241557794E+00
7.0910910910910915E+05	1.0167882930118051E+00
7.1003003003003006E+05	1.0168181952511779E+00
7.1095095095095097E+05	1.0168444657421198E+00
7.1187187187187187E+05	1.0168538719609077E+00
7.1279279279279278E+05	1.0168933861187255E+00
7.1371371371371369E+05	1.0169207449784312E+00
7.1463463463463460E+05	1.0169439787610930E+00
7.1555555555555562E+05	1.0169663899325994E+00
7.1647647647647653E+05	1.0169918287947342E+00
7.1739739739739744E+05	1.0170191359547081E+00
7.1831831831831834E+05	1.0170468139939799E+00
7.1923923923923925E+05	1.0170710772007088E+00
7.2016016016016016E+05	1.0170949165145069E+00
7.2108108108108107E+05	1.0171217626557889E+00
7.2200200200200197E+05	1.0171467588744720E+00
7.2292292292292288E+05	1.0171715596087714E+00
7.2384384384384390E+05	1.0171966711884766E+00
7.2476476476476481E+05	1.0172203027463491E+00
7.2568568568568572E+05	1.0172455631915531E+00
7.2660660660660663E+05	1.0172686769976054E+00
7.2752752752752753E+05	1.0172875636969996E+00
7.2844844844844844E+05	1.0173206434037989E+00
7.2936936936936935E+05	1.0173464448067489E+00
7.3029029029029026E+05	1.0173661814522279E+00
7.3121121121121116E+05	1.0173945289759596E+00
7.3213213213213219E+05	1.0174224015592610E+00
7.3305305305305310E+05	1.0174375863034992E+00
7.3397397397397400E+05	1.0174714714113677E+00
7.3489489489489491E+05	1.0174960426911595E+00
7.3581581581581582E+05	1.0175220491258523E+00
7.3673673673673673E+05	1.0175487222082773E+00
7.3765765765765763E+05	1.0175712885337171E+00
7.3857857857857854E+05	1.0175957310929453E+00
7.3949949949949956E+05	1.0176252042719145E+00
7.4042042042042047E+05	1.0176329490175999E+00
7.4134134134134138E+05	1.0176759116035927E+00
7.4226226226226229E+05	1.0176995036396592E+00
7.4318318318318320E+05	1.0177223036806513E+00
7.4410410410410410E+05	1.0177483461067089E+00
7.4502502502502501E+05	1.0177754520869331E+00
7.4594594594594592E+05	1.0178025065627281E+00
7.4686686686686683E+05	1.0178278265139502E+00
7.4778778778778785E+05	1.0178459030080327E+00
7.4870870870870876E+05	1.0178611373858562E+00
7.4962962962962966E+05	1.0178869788500071E+00
7.5055055055055057E+05	1.0179151832149296E+00
7.5147147147147148E+05	1.0179413372477177E+00
7.5239239239239239E+05	1.0179634265250177E+00
7.5331331331331329E+05	1.0179862356097173E+00
7.5423423423423420E+05	1.0180201931518198E+00
7.5515515515515511E+05	1.0180537201554023E+00
7.5607607607607613E+05	1.0180821648898886E+00
7.5699699699699704E+05	1.0181062588566301E+00
7.5791791791791795E+05	1.0181291639454726E+00
7.5883883883883886E+05	1.0181531948185474E+00
7.5975975975975976E+05	1.0181799861209295E+00
7.6068068068068067E+05	1.0182088083806957E+00
7.6160160160160158E+05	1.0182243065789158E+00
7.6252252252252249E+05	1.0182595509772996E+00
7.6344344344344351E+05	1.0182831384009772E+00
7.6436436436436442E+05	1.0183064150138434E+00
7.6528528528528532E+05	1.0183362590977325E+00
7.6620620620620623E+05	1.0183439416366518E+00
7.6712712712712714E+05	1.0183868341667754E+00
7.6804804804804805E+05	1.0184088815341232E+00
7.6896896896896895E+05	1.0184392441934662E+00
7.6988988988988986E+05	1.0184643008279568E+00
7.7081081081081077E+05	1.0184850788576985E+00
7.7173173173173179E+05	1.0185175849890336E+00
7.7265265265265270E+05	1.0185410318095236E+00
7.7357357357357361E+05	1.0185625862494219E+00
7.7449449449449452E+05	1.0185897678991096E+00
7.7541541541541542E+05	1.0186172464123595E+00
7.7633633633633633E+05	1.0186424140989339E+00
7.7725725725725724E+05	1.0186689940555747E+00
7.7817817817817815E+05	1.0186909230158738E+00
7.7909909909909905E+05	1.0187076914056801E+00
7.8002002002002008E+05	1.0187421562966898E+00
7.8094094094094099E+05	1.0187535267756265E+00
7.8186186186186189E+05	1.0187930766438000E+00
7.8278278278278280E+05	1.0188085804277749E+00
7.8370370370370371E+05	1.0188449841537981E+00
7.8462462462462462E+05	1.0188739383968339E+00
7.8554554554554552E+05	1.0188999356547195E+00
7.8646646646646643E+05	1.0189265268907819E+00
7.8738738738738745E+05	1.0189531048242797E+00
7.8830830830830836E+05	1.0189737562457826E+00
7.8922922922922927E+05	1.0190014580519948E+00
7.9015015015015018E+05	1.0190297510730724E+00
7.9107107107107108E+05	1.0190517275828022E+00
7.9199199199199199E+05	1.0190764156952727E+00
7.9291291291291290E+05	1.0191080193434507E+00
7.9383383383383381E+05	1.0191284181986766E+00
7.9475475475475471E+05	1.0191595497876487E+00
7.9567567567567574E+05	1.0191797062290904E+00
7.9659659659659665E+05	1.0192090049298561E+00
7.9751751751751755E+05	1.0192332928801966E+00
7.9843843843843846E+05	1.0192628916287867E+00
7.9935935935935937E+05	1.0192730466148401E+00
8.0028028028028028E+05	1.0193148748360215E+00
8.0120120120120118E+05	1.0193386955525230E+00
8.0212212212212209E+05	1.0193616030183315E+00
8.0304304304304300E+05	1.0193892105704714E+00
8.0396396396396402E+05	1.0194187201948750E+00
8.0488488488488493E+05	1.0194438813008606E+00
8.0580580580580584E+05	1.0194567301515127E+00
8.0672672672672675E+05	1.0194853682552034E+00
8.0764764764764765E+05	1.0195201336818953E+00
8.0856856856856856E+05	1.0195480527097520E+00
8.0948948948948947E+05	1.0195742243080741E+00
8.1041041041041038E+05	1.0196001094847382E+00
8.1133133133133140E+05	1.0196261636874997E+00
8.1225225225225231E+05	1.0196524098441251E+00
8.1317317317317321E+05	1.0196786134502200E+00
8.1409409409409412E+05	1.0197038058013723E+00
8.1501501501501503E+05	1.0197247831223240E+00
8.1593593593593594E+05	1.0197380132052591E+00
8.1685685685685684E+05	1.0197788405065280E+00
8.1777777777777775E+05	1.0198098593458975E+00
8.1869869869869866E+05	1.0198333755720181E+00
8.1961961961961968E+05	1.0198565922515401E+00
8.2054054054054059E+05	1.0198835840225462E+00
8.2146146146146150E+05	1.0199128728304832E+00
8.2238238238238241E+05	1.0199307141382936E+00
8.2330330330330331E+05	1.0199650822229209E+00
8.2422422422422422E+05	1.0199889227601346E+00
8.2514514514514513E+05	1.0200142941421366E+00
8.2606606606606604E+05	1.0200445138531349E+00
8.2698698698698694E+05	1.0200660419677761E+00
8.2790790790790797E+05	1.0200952501013580E+00
8.2882882882882887E+05	1.0201199332957351E+00
8.2974974974974978E+05	1.0201387506849604E+00
8.3067067067067069E+05	1.0201742554006568E+00
8.3159159159159160E+05	1.0201979711961395E+00
8.3251251251251251E+05	1.0202172702758636E+00
8.3343343343343341E+05	1.0202522032856534E+00
8.3435435435435432E+05	1.0202784277109749E+00
8.3527527527527534E+05	1.0203026406084894E+00
8.3619619619619625E+05	1.0203282138528891E+00
8.3711711711711716E+05	1.0203526888110777E+00
8.3803803803803807E+05	1.0203825710360364E+00
8.3895895895895897E+05	1.0204128937484940E+00
8.3987987987987988E+05	1.0204368535052650E+00
8.4080080080080079E+05	1.0204648690303064E+00
8.4172172172172170E+05	1.0204911229291338E+00
8.4264264264264260E+05	1.0205173105527077E+00
8.4356356356356363E+05	1.0205414369531685E+00
8.4448448448448454E+05	1.0205680671026389E+00
8.4540540540540544E+05	1.0205922239533791E+00
8.4632632632632635E+05	1.0206081818612605E+00
8.4724724724724726E+05	1.0206462124459970E+00
8.4816816816816817E+05	1.0206756113773847E+00
8.4908908908908907E+05	1.0207015997425644E+00
8.5001001001000998E+05	1.0207250990588679E+00
8.5093093093093089E+05	1.0207552391517996E+00
8.5185185185185191E+05	1.0207817410035300E+00
8.5277277277277282E+05	1.0208036372645963E+00
8.5369369369369373E+05	1.0208348338324766E+00
8.5461461461461463E+05	1.0208550999754333E+00
8.5553553553553554E+05	1.0208853391991135E+00
8.5645645645645645E+05	1.0209105665608538E+00
8.5737737737737736E+05	1.0209409551424746E+00
8.5829829829829826E+05	1.0209573922842199E+00
8.5921921921921929E+05	1.0209936451935258E+00
8.6014014014014020E+05	1.0210155830313516E+00
8.6106106106106110E+05	1.0210436999799444E+00
8.6198198198198201E+05	1.0210739501347714E+00
8.6290290290290292E+05	1.0210938379654655E+00
8.6382382382382383E+05	1.0211190834330286E+00
8.6474474474474473E+05	1.0211539014698010E+00
8.6566566566566564E+05	1.0211791072196996E+00
8.6658658658658655E+05	1.0212036815574284E+00
8.6750750750750757E+05	1.0212302314661952E+00
8.6842842842842848E+05	1.0212549752503866E+00
8.6934934934934939E+05	1.0212823435374341E+00
8.7027027027027030E+05	1.0213088242527344E+00
8.7119119119119120E+05	1.0213353803165679E+00
8.7211211211211211E+05	1.0213624700741835E+00
8.7303303303303302E+05	1.0213888233714525E+00
8.7395395395395393E+05	1.0214155255688624E+00
8.7487487487487483E+05	1.0214428428300075E+00
8.7579579579579586E+05	1.0214714310049324E+00
8.7671671671671676E+05	1.0214992264703522E+00
8.7763763763763767E+05	1.0215275103446415E+00
8.7855855855855858E+05	1.0215482012697186E+00
8.7947947947947949E+05	1.0215712410139062E+00
8.8040040040040039E+05	1.0216080166586161E+00
8.8132132132132130E+05	1.0216321622753710E+00
8.8224224224224221E+05	1.0216566875534492E+00
8.8316316316316323E+05	1.0216873235919794E+00
8.8408408408408414E+05	1.0217088183650236E+00
8.8500500500500505E+05	1.0217409775241604E+00
8.8592592592592596E+05	1.0217652523129592E+00
8.8684684684684686E+05	1.0217922618832560E+00
8.8776776776776777E+05	1.0218191880957752E+00
8.8868868868868868E+05	1.0218499934466994E+00
8.8960960960960959E+05	1.0218711411902435E+00
8.9053053053053049E+05	1.0219032639594039E+00
8.9145145145145152E+05	1.0219275653279405E+00
8.9237237237237243E+05	1.0219528472849462E+00
8.9329329329329333E+05	1.0219841003081376E+00
8.9421421421421424E+05	1.0220113159177351E+00
8.9513513513513515E+05	1.0220338033521394E+00
8.9605605605605606E+05	1.0220486424143442E+00
8.9697697697697696E+05	1.0220877934649573E+00
8.9789789789789787E+05	1.0221194827749567E+00
8.9881881881881878E+05	1.0221451377293231E+00
8.9973973973973980E+05	1.0221719759784871E+00
9.0066066066066071E+05	1.0221994822592584E+00
9.0158158158158162E+05	1.0222252748359306E+00
9.0250250250250252E+05	1.0222535070151713E+00
9.0342342342342343E+05	1.0222799269871035E+00
9.0434434434434434E+05	1.0223064968320912E+00
9.0526526526526525E+05	1.0223357165116460E+00
9.0618618618618615E+05	1.0223587010026021E+00
9.0710710710710718E+05	1.0223696449108293E+00
9.0802802802802809E+05	1.0224122696033477E+00
9.0894894894894899E+05	1.0224437255876115E+00
9.0986986986986990E+05	1.0224694654498401E+00
9.1079079079079081E+05	1.0224917511186191E+00
9.1171171171171172E+05	1.0225247457521243E+00
9.1263263263263262E+05	1.0225506954848176E+00
9.1355355355355353E+05	1.0225737364717464E+00
9.1447447447447444E+05	1.0226052446572294E+00
9.1539539539539546E+05	1.0226212782280932E+00
9.1631631631631637E+05	1.0226580959398304E+00
9.1723723723723728E+05	1.0226823970652617E+00
9.1815815815815818E+05	1.0227151093691114E+00
9.1907907907907909E+05	1.0227217090412937E+00
9.2000000000000000E+05	1.0227693467479424E+00
