1.0877624154090881E-03	3.6023437500000000E+01
6.8407334387302399E-02	3.6023437500000000E+01
1.3462448865175247E-01	3.6023437500000000E+01
2.0157263427972794E-01	3.6023437500000000E+01
2.6775710284709930E-01	3.6023437500000000E+01
3.3394696563482285E-01	3.6023437500000000E+01
4.0013244748115540E-01	3.6023437500000000E+01
4.6635232865810394E-01	3.6023437500000000E+01
5.3331515938043594E-01	3.6257812500000000E+01
5.9964452683925629E-01	3.6257812500000000E+01
6.6604307293891907E-01	3.6257812500000000E+01
7.3253878206014633E-01	3.6257812500000000E+01
7.9923938214778900E-01	3.6257812500000000E+01
8.6620292067527771E-01	3.6257812500000000E+01
9.3305200338363647E-01	3.6257812500000000E+01
1.0000277087092400E+00	3.6257812500000000E+01
1.0669773221015930E+00	3.6257812500000000E+01
1.1339054405689240E+00	3.6257812500000000E+01
1.2005621194839478E+00	3.6257812500000000E+01
1.2674039825797081E+00	3.6257812500000000E+01
1.3342803046107292E+00	3.6257812500000000E+01
1.4013252407312393E+00	3.6257812500000000E+01
1.4681889414787292E+00	3.6257812500000000E+01
1.5351602584123611E+00	3.6257812500000000E+01
1.6013810187578201E+00	3.6257812500000000E+01
1.6675295382738113E+00	3.6257812500000000E+01
1.7336997091770172E+00	3.6257812500000000E+01
1.8001225814223289E+00	3.6257812500000000E+01
1.8667559102177620E+00	3.6257812500000000E+01
1.9329023212194443E+00	3.6257812500000000E+01
1.9991386756300926E+00	3.6257812500000000E+01
2.0653544291853905E+00	3.6257812500000000E+01
2.1315462291240692E+00	3.6257812500000000E+01
2.1977178975939751E+00	3.6257812500000000E+01
2.2639368176460266E+00	3.6257812500000000E+01
2.3301269263029099E+00	3.6257812500000000E+01
2.3963349685072899E+00	3.6257812500000000E+01
2.4625105187296867E+00	3.6257812500000000E+01
2.5287713855504990E+00	3.6257812500000000E+01
2.5955486819148064E+00	3.6269531250000000E+01
2.6618826314806938E+00	3.6269531250000000E+01
2.7281031906604767E+00	3.6269531250000000E+01
2.7942955344915390E+00	3.6269531250000000E+01
2.8604798763990402E+00	3.6269531250000000E+01
2.9268717765808105E+00	3.6269531250000000E+01
2.9931621104478836E+00	3.6269531250000000E+01
3.0593489110469818E+00	3.6269531250000000E+01
3.1255349218845367E+00	3.6269531250000000E+01
3.1917744353413582E+00	3.6269531250000000E+01
3.2579661756753922E+00	3.6269531250000000E+01
3.3242803364992142E+00	3.6269531250000000E+01
3.3908015340566635E+00	3.6269531250000000E+01
3.4576161280274391E+00	3.6269531250000000E+01
3.5239145383238792E+00	3.6269531250000000E+01
3.5901136547327042E+00	3.6269531250000000E+01
3.6562997773289680E+00	3.6269531250000000E+01
3.7224938347935677E+00	3.6269531250000000E+01
3.7892037555575371E+00	3.6269531250000000E+01
3.8554310575127602E+00	3.6269531250000000E+01
3.9216654300689697E+00	3.6269531250000000E+01
3.9878670275211334E+00	3.6269531250000000E+01
4.0541016235947609E+00	3.6269531250000000E+01
4.1203863695263863E+00	3.6269531250000000E+01
4.1866048946976662E+00	3.6269531250000000E+01
4.2528074011206627E+00	3.6269531250000000E+01
4.3190448954701424E+00	3.6269531250000000E+01
4.3852850869297981E+00	3.6269531250000000E+01
4.4515316784381866E+00	3.6269531250000000E+01
4.5177545025944710E+00	3.6269531250000000E+01
4.5839520171284676E+00	3.6269531250000000E+01
4.6501925811171532E+00	3.6269531250000000E+01
4.7165417745709419E+00	3.6269531250000000E+01
4.7827640399336815E+00	3.6269531250000000E+01
4.8489643335342407E+00	3.6269531250000000E+01
4.9151874929666519E+00	3.6269531250000000E+01
4.9814042299985886E+00	3.6269531250000000E+01
5.0477798581123352E+00	3.6269531250000000E+01
5.1139579266309738E+00	3.6269531250000000E+01
5.1803151667118073E+00	3.6269531250000000E+01
5.2465211674571037E+00	3.6269531250000000E+01
5.3127244561910629E+00	3.6269531250000000E+01
5.3788942992687225E+00	3.6269531250000000E+01
5.4450897276401520E+00	3.6269531250000000E+01
5.5113093107938766E+00	3.6269531250000000E+01
5.5775490403175354E+00	3.6269531250000000E+01
5.6438554674386978E+00	3.6269531250000000E+01
5.7101309075951576E+00	3.6269531250000000E+01
5.7763616070151329E+00	3.6269531250000000E+01
5.8431875929236412E+00	3.6269531250000000E+01
5.9095270559191704E+00	3.6269531250000000E+01
5.9761544764041901E+00	3.6273437500000000E+01
6.0425163060426712E+00	3.6273437500000000E+01
6.1086965501308441E+00	3.6273437500000000E+01
6.1749190688133240E+00	3.6273437500000000E+01
6.2411625310778618E+00	3.6273437500000000E+01
6.3074101507663727E+00	3.6273437500000000E+01
6.3736237660050392E+00	3.6273437500000000E+01
6.4398658424615860E+00	3.6273437500000000E+01
6.5062468573451042E+00	3.6273437500000000E+01
6.5731634497642517E+00	3.6273437500000000E+01
6.6394116207957268E+00	3.6273437500000000E+01
6.7060832530260086E+00	3.6273437500000000E+01
6.7726543694734573E+00	3.6273437500000000E+01
6.8388874977827072E+00	3.6273437500000000E+01
6.9051439166069031E+00	3.6273437500000000E+01
6.9714007228612900E+00	3.6273437500000000E+01
7.0379499346017838E+00	3.6273437500000000E+01
7.1041937991976738E+00	3.6273437500000000E+01
7.1704195812344551E+00	3.6273437500000000E+01
7.2369557395577431E+00	3.6273437500000000E+01
7.3032335042953491E+00	3.6273437500000000E+01
7.3694496378302574E+00	3.6273437500000000E+01
7.4356918260455132E+00	3.6273437500000000E+01
7.5019322261214256E+00	3.6273437500000000E+01
7.5682065784931183E+00	3.6273437500000000E+01
7.6344575881958008E+00	3.6273437500000000E+01
7.7007250487804413E+00	3.6273437500000000E+01
7.7669615149497986E+00	3.6273437500000000E+01
7.8331497535109520E+00	3.6273437500000000E+01
7.8993711844086647E+00	3.6273437500000000E+01
7.9656238406896591E+00	3.6273437500000000E+01
8.0321293845772743E+00	3.6273437500000000E+01
8.0983507111668587E+00	3.6273437500000000E+01
8.1645697504281998E+00	3.6273437500000000E+01
8.2308261841535568E+00	3.6273437500000000E+01
8.2970668971538544E+00	3.6273437500000000E+01
8.3633107915520668E+00	3.6273437500000000E+01
8.4295362904667854E+00	3.6273437500000000E+01
8.4957709088921547E+00	3.6273437500000000E+01
8.5619797334074974E+00	3.6273437500000000E+01
8.6282018646597862E+00	3.6273437500000000E+01
8.6944016963243484E+00	3.6273437500000000E+01
8.7606394961476326E+00	3.6273437500000000E+01
8.8272552415728569E+00	3.6273437500000000E+01
8.8935300260782242E+00	3.6273437500000000E+01
8.9598472788929939E+00	3.6273437500000000E+01
9.0261171311140060E+00	3.6273437500000000E+01
9.0924141630530357E+00	3.6273437500000000E+01
9.1593499779701233E+00	3.6273437500000000E+01
9.2257343977689743E+00	3.6273437500000000E+01
9.2920158877968788E+00	3.6273437500000000E+01
9.3582463040947914E+00	3.6273437500000000E+01
9.4247082397341728E+00	3.6273437500000000E+01
9.4909684658050537E+00	3.6273437500000000E+01
9.5576391816139221E+00	3.6273437500000000E+01
9.6238802149891853E+00	3.6273437500000000E+01
9.6901074424386024E+00	3.6273437500000000E+01
9.7569745779037476E+00	3.6273437500000000E+01
9.8231952264904976E+00	3.6273437500000000E+01
9.8893841132521629E+00	3.6273437500000000E+01
9.9559609964489937E+00	3.6273437500000000E+01
1.0022227242588997E+01	3.6273437500000000E+01
1.0089603997766972E+01	3.6273437500000000E+01
1.0157029263675213E+01	3.6273437500000000E+01
1.0224071055650711E+01	3.6273437500000000E+01
1.0291286319494247E+01	3.6273437500000000E+01
1.0358318775892258E+01	3.6273437500000000E+01
1.0425348699092865E+01	3.6273437500000000E+01
1.0492420613765717E+01	3.6273437500000000E+01
1.0559684507548809E+01	3.6273437500000000E+01
1.0626747317612171E+01	3.6273437500000000E+01
1.0693971998989582E+01	3.6273437500000000E+01
1.0760982677340508E+01	3.6273437500000000E+01
1.0828175000846386E+01	3.6273437500000000E+01
1.0895547233521938E+01	3.6273437500000000E+01
1.0962571471929550E+01	3.6273437500000000E+01
1.1029584847390652E+01	3.6273437500000000E+01
1.1097593002021313E+01	3.6273437500000000E+01
1.1164620041847229E+01	3.6273437500000000E+01
1.1231831230223179E+01	3.6273437500000000E+01
1.1298881500959396E+01	3.6273437500000000E+01
1.1365911737084389E+01	3.6273437500000000E+01
1.1433223344385624E+01	3.6273437500000000E+01
1.1500223636627197E+01	3.6273437500000000E+01
1.1567245870828629E+01	3.6273437500000000E+01
1.1634266629815102E+01	3.6273437500000000E+01
1.1701295740902424E+01	3.6273437500000000E+01
1.1768742926418781E+01	3.6273437500000000E+01
1.1835915327072144E+01	3.6273437500000000E+01
1.1902967661619186E+01	3.6273437500000000E+01
1.1970037743449211E+01	3.6273437500000000E+01
1.2037065409123898E+01	3.6273437500000000E+01
1.2104076772928238E+01	3.6273437500000000E+01
1.2171119585633278E+01	3.6273437500000000E+01
1.2238140344619751E+01	3.6273437500000000E+01
1.2305675975978374E+01	3.6273437500000000E+01
1.2372725829482079E+01	3.6273437500000000E+01
1.2439755417406559E+01	3.6273437500000000E+01
1.2506792180240154E+01	3.6273437500000000E+01
1.2573889359831810E+01	3.6273437500000000E+01
1.2641554169356823E+01	3.6273437500000000E+01
1.2708645559847355E+01	3.6273437500000000E+01
1.2775689728558064E+01	3.6273437500000000E+01
1.2842739880084991E+01	3.6273437500000000E+01
1.2909812569618225E+01	3.6273437500000000E+01
1.2976907953619957E+01	3.6273437500000000E+01
1.3043957456946373E+01	3.6273437500000000E+01
1.3111046440899372E+01	3.6273437500000000E+01
1.3178122289478779E+01	3.6273437500000000E+01
1.3245179720222950E+01	3.6273437500000000E+01
1.3312255859375000E+01	3.6273437500000000E+01
1.3380011998116970E+01	3.6273437500000000E+01
1.3447050012648106E+01	3.6273437500000000E+01
1.3514127589762211E+01	3.6273437500000000E+01
1.3581194832921028E+01	3.6273437500000000E+01
1.3648252934217453E+01	3.6273437500000000E+01
1.3715337619185448E+01	3.6273437500000000E+01
1.3782395049929619E+01	3.6273437500000000E+01
1.3849457710981369E+01	3.6273437500000000E+01
1.3916527330875397E+01	3.6273437500000000E+01
1.3983575396239758E+01	3.6273437500000000E+01
1.4050975181162357E+01	3.6273437500000000E+01
1.4118196763098240E+01	3.6273437500000000E+01
1.4185364730656147E+01	3.6273437500000000E+01
1.4252860903739929E+01	3.6273437500000000E+01
1.4320127956569195E+01	3.6273437500000000E+01
1.4387181222438812E+01	3.6273437500000000E+01
1.4454212710261345E+01	3.6273437500000000E+01
1.4521249182522297E+01	3.6273437500000000E+01
1.4588283009827137E+01	3.6273437500000000E+01
1.4655285909771919E+01	3.6273437500000000E+01
1.4722323693335056E+01	3.6273437500000000E+01
1.4789352566003799E+01	3.6273437500000000E+01
1.4856382131576538E+01	3.6273437500000000E+01
1.4923404350876808E+01	3.6273437500000000E+01
1.4990422993898392E+01	3.6273437500000000E+01
1.5057463757693768E+01	3.6273437500000000E+01
1.5124488271772861E+01	3.6273437500000000E+01
1.5192232936620712E+01	3.6273437500000000E+01
1.5259274192154408E+01	3.6273437500000000E+01
1.5326359607279301E+01	3.6273437500000000E+01
1.5393421806395054E+01	3.6273437500000000E+01
1.5460562489926815E+01	3.6273437500000000E+01
1.5527629233896732E+01	3.6273437500000000E+01
1.5594781555235386E+01	3.6273437500000000E+01
1.5662329219281673E+01	3.6273437500000000E+01
1.5729392841458321E+01	3.6273437500000000E+01
1.5796571195125580E+01	3.6273437500000000E+01
1.5863643206655979E+01	3.6273437500000000E+01
1.5930705219507217E+01	3.6273437500000000E+01
1.5997766420245171E+01	3.6273437500000000E+01
1.6064828082919121E+01	3.6273437500000000E+01
1.6131905287504196E+01	3.6273437500000000E+01
1.6199009880423546E+01	3.6273437500000000E+01
1.6266047574579716E+01	3.6273437500000000E+01
1.6333095863461494E+01	3.6273437500000000E+01
1.6400241598486900E+01	3.6273437500000000E+01
1.6467294692993164E+01	3.6273437500000000E+01
1.6534554876387119E+01	3.6273437500000000E+01
1.6601648792624474E+01	3.6273437500000000E+01
1.6668811298906803E+01	3.6273437500000000E+01
1.6736133269965649E+01	3.6273437500000000E+01
1.6803249768912792E+01	3.6273437500000000E+01
1.6870348192751408E+01	3.6273437500000000E+01
1.6938135437667370E+01	3.6273437500000000E+01
1.7005241572856903E+01	3.6273437500000000E+01
1.7072320781648159E+01	3.6273437500000000E+01
1.7139430031180382E+01	3.6273437500000000E+01
1.7206556297838688E+01	3.6273437500000000E+01
1.7273658402264118E+01	3.6273437500000000E+01
1.7340880639851093E+01	3.6273437500000000E+01
1.7408000864088535E+01	3.6273437500000000E+01
1.7475093260407448E+01	3.6273437500000000E+01
1.7542177647352219E+01	3.6273437500000000E+01
1.7609283946454525E+01	3.6273437500000000E+01
1.7676434271037579E+01	3.6273437500000000E+01
1.7743572741746902E+01	3.6273437500000000E+01
1.7810673415660858E+01	3.6273437500000000E+01
1.7877803765237331E+01	3.6273437500000000E+01
1.7945073209702969E+01	3.6273437500000000E+01
1.8012174338102341E+01	3.6273437500000000E+01
1.8079299993813038E+01	3.6273437500000000E+01
1.8146431393921375E+01	3.6273437500000000E+01
1.8213519558310509E+01	3.6273437500000000E+01
1.8280623443424702E+01	3.6273437500000000E+01
1.8347730435431004E+01	3.6273437500000000E+01
1.8414818271994591E+01	3.6273437500000000E+01
1.8482044696807861E+01	3.6273437500000000E+01
1.8549168869853020E+01	3.6273437500000000E+01
1.8616977073252201E+01	3.6273437500000000E+01
1.8684693209826946E+01	3.6273437500000000E+01
1.8752451859414577E+01	3.6273437500000000E+01
1.8820221662521362E+01	3.6273437500000000E+01
1.8888213478028774E+01	3.6273437500000000E+01
1.8955857500433922E+01	3.6273437500000000E+01
1.9023505710065365E+01	3.6273437500000000E+01
1.9091405376791954E+01	3.6273437500000000E+01
1.9159016706049442E+01	3.6273437500000000E+01
1.9226895317435265E+01	3.6273437500000000E+01
1.9294703923165798E+01	3.6273437500000000E+01
1.9362535141408443E+01	3.6273437500000000E+01
1.9430359147489071E+01	3.6273437500000000E+01
1.9498183287680149E+01	3.6273437500000000E+01
1.9565923005342484E+01	3.6273437500000000E+01
1.9633732773363590E+01	3.6273437500000000E+01
1.9701100304722786E+01	3.6273437500000000E+01
1.9768564410507679E+01	3.6273437500000000E+01
1.9836062103509903E+01	3.6273437500000000E+01
1.9903759077191353E+01	3.6273437500000000E+01
1.9971643343567848E+01	3.6273437500000000E+01
2.0039478048682213E+01	3.6273437500000000E+01
2.0107213981449604E+01	3.6273437500000000E+01
2.0175066381692886E+01	3.6273437500000000E+01
2.0242469497025013E+01	3.6273437500000000E+01
2.0309945091605186E+01	3.6273437500000000E+01
2.0377323210239410E+01	3.6273437500000000E+01
2.0444846779108047E+01	3.6273437500000000E+01
2.0512347757816315E+01	3.6273437500000000E+01
2.0580026432871819E+01	3.6273437500000000E+01
2.0647673361003399E+01	3.6273437500000000E+01
2.0714808098971844E+01	3.6273437500000000E+01
2.0781907185912132E+01	3.6273437500000000E+01
2.0849168166518211E+01	3.6273437500000000E+01
2.0916300259530544E+01	3.6273437500000000E+01
2.0983398750424385E+01	3.6273437500000000E+01
2.1050501585006714E+01	3.6273437500000000E+01
2.1117604285478592E+01	3.6273437500000000E+01
2.1185400374233723E+01	3.6273437500000000E+01
2.1252496853470802E+01	3.6273437500000000E+01
2.1319732867181301E+01	3.6273437500000000E+01
2.1386844269931316E+01	3.6273437500000000E+01
2.1453923672437668E+01	3.6273437500000000E+01
2.1521038070321083E+01	3.6273437500000000E+01
2.1589195095002651E+01	3.6273437500000000E+01
2.1656601458787918E+01	3.6273437500000000E+01
2.1723728269338608E+01	3.6273437500000000E+01
2.1791468687355518E+01	3.6273437500000000E+01
2.1858554169535637E+01	3.6273437500000000E+01
2.1925606034696102E+01	3.6273437500000000E+01
2.1993304528295994E+01	3.6273437500000000E+01
2.2060415804386139E+01	3.6273437500000000E+01
2.2128216519951820E+01	3.6273437500000000E+01
2.2195287130773067E+01	3.6273437500000000E+01
2.2262355327606201E+01	3.6273437500000000E+01
2.2329492494463921E+01	3.6273437500000000E+01
2.2396598093211651E+01	3.6273437500000000E+01
2.2463715292513371E+01	3.6273437500000000E+01
2.2530812226235867E+01	3.6273437500000000E+01
2.2597901642322540E+01	3.6273437500000000E+01
2.2665006570518017E+01	3.6273437500000000E+01
2.2732079356908798E+01	3.6273437500000000E+01
2.2799182258546352E+01	3.6273437500000000E+01
2.2866293407976627E+01	3.6273437500000000E+01
2.2933379046618938E+01	3.6273437500000000E+01
2.3000792965292931E+01	3.6273437500000000E+01
2.3067886680364609E+01	3.6273437500000000E+01
2.3134954154491425E+01	3.6273437500000000E+01
2.3202054575085640E+01	3.6273437500000000E+01
2.3269755199551582E+01	3.6273437500000000E+01
2.3336849749088287E+01	3.6273437500000000E+01
2.3403929695487022E+01	3.6273437500000000E+01
2.3471142143011093E+01	3.6273437500000000E+01
2.3538282431662083E+01	3.6273437500000000E+01
2.3605394639074802E+01	3.6273437500000000E+01
2.3672522813081741E+01	3.6273437500000000E+01
2.3739907145500183E+01	3.6273437500000000E+01
2.3807497099041939E+01	3.6273437500000000E+01
2.3874769717454910E+01	3.6273437500000000E+01
2.3941892147064209E+01	3.6273437500000000E+01
2.4009012505412102E+01	3.6273437500000000E+01
2.4076142065227032E+01	3.6273437500000000E+01
2.4143237866461277E+01	3.6273437500000000E+01
2.4210346981883049E+01	3.6273437500000000E+01
2.4278158359229565E+01	3.6273437500000000E+01
2.4345293745398521E+01	3.6273437500000000E+01
2.4412379778921604E+01	3.6273437500000000E+01
2.4479494623839855E+01	3.6273437500000000E+01
2.4546573795378208E+01	3.6273437500000000E+01
2.4614121787250042E+01	3.6273437500000000E+01
2.4681923441588879E+01	3.6273437500000000E+01
2.4749505728483200E+01	3.6273437500000000E+01
2.4816607713699341E+01	3.6273437500000000E+01
2.4883706472814083E+01	3.6273437500000000E+01
2.4951389230787754E+01	3.6273437500000000E+01
2.5018506102263927E+01	3.6273437500000000E+01
2.5085638210177422E+01	3.6273437500000000E+01
2.5152760818600655E+01	3.6273437500000000E+01
2.5219886504113674E+01	3.6273437500000000E+01
2.5287050925195217E+01	3.6273437500000000E+01
2.5354158617556095E+01	3.6273437500000000E+01
2.5421257823705673E+01	3.6273437500000000E+01
2.5488370977342129E+01	3.6273437500000000E+01
2.5555483378469944E+01	3.6273437500000000E+01
2.5622581884264946E+01	3.6273437500000000E+01
2.5689690798521042E+01	3.6273437500000000E+01
2.5756820961833000E+01	3.6273437500000000E+01
2.5823905676603317E+01	3.6273437500000000E+01
2.5891005702316761E+01	3.6273437500000000E+01
2.5958080627024174E+01	3.6273437500000000E+01
2.6025173403322697E+01	3.6273437500000000E+01
2.6092361651360989E+01	3.6273437500000000E+01
2.6159454882144928E+01	3.6273437500000000E+01
2.6226586572825909E+01	3.6273437500000000E+01
2.6293720319867134E+01	3.6273437500000000E+01
2.6360817626118660E+01	3.6273437500000000E+01
2.6427913151681423E+01	3.6273437500000000E+01
2.6494995146989822E+01	3.6273437500000000E+01
2.6562125898897648E+01	3.6273437500000000E+01
2.6629252016544342E+01	3.6273437500000000E+01
2.6696367844939232E+01	3.6273437500000000E+01
2.6763476148247719E+01	3.6273437500000000E+01
2.6830566518008709E+01	3.6273437500000000E+01
2.6897705100476742E+01	3.6273437500000000E+01
2.6964796364307404E+01	3.6273437500000000E+01
2.7031866237521172E+01	3.6273437500000000E+01
2.7098958522081375E+01	3.6273437500000000E+01
2.7166057564318180E+01	3.6273437500000000E+01
2.7233156450092793E+01	3.6273437500000000E+01
2.7300244510173798E+01	3.6273437500000000E+01
2.7367337666451931E+01	3.6273437500000000E+01
2.7434411682188511E+01	3.6273437500000000E+01
2.7501532167196274E+01	3.6273437500000000E+01
2.7568692043423653E+01	3.6273437500000000E+01
2.7635780028998852E+01	3.6273437500000000E+01
2.7702883958816528E+01	3.6273437500000000E+01
2.7770235978066921E+01	3.6273437500000000E+01
2.7837333247065544E+01	3.6273437500000000E+01
2.7904456838965416E+01	3.6273437500000000E+01
2.7971809111535549E+01	3.6273437500000000E+01
2.8039579316973686E+01	3.6273437500000000E+01
2.8106876462697983E+01	3.6273437500000000E+01
2.8174000158905983E+01	3.6273437500000000E+01
2.8241083875298500E+01	3.6273437500000000E+01
2.8308164671063423E+01	3.6273437500000000E+01
2.8375261537730694E+01	3.6273437500000000E+01
2.8442352689802647E+01	3.6273437500000000E+01
2.8509421013295650E+01	3.6273437500000000E+01
2.8576513573527336E+01	3.6273437500000000E+01
2.8643580764532089E+01	3.6273437500000000E+01
2.8710640400648117E+01	3.6273437500000000E+01
2.8777719885110855E+01	3.6273437500000000E+01
2.8844797641038895E+01	3.6273437500000000E+01
2.8911940418183804E+01	3.6273437500000000E+01
2.8979051768779755E+01	3.6273437500000000E+01
2.9046100594103336E+01	3.6273437500000000E+01
2.9113154135644436E+01	3.6273437500000000E+01
2.9180200420320034E+01	3.6273437500000000E+01
2.9247221544384956E+01	3.6273437500000000E+01
2.9314271561801434E+01	3.6273437500000000E+01
2.9381309360265732E+01	3.6273437500000000E+01
2.9448404267430305E+01	3.6273437500000000E+01
2.9515482641756535E+01	3.6273437500000000E+01
2.9582545727491379E+01	3.6273437500000000E+01
2.9649985156953335E+01	3.6273437500000000E+01
2.9717115245759487E+01	3.6273437500000000E+01
2.9784192092716694E+01	3.6273437500000000E+01
2.9851292610168457E+01	3.6273437500000000E+01
2.9918404437601566E+01	3.6273437500000000E+01
2.9985543690621853E+01	3.6273437500000000E+01
3.0052968077361584E+01	3.6273437500000000E+01
3.0120051480829716E+01	3.6273437500000000E+01
3.0187130264937878E+01	3.6273437500000000E+01
3.0254241958260536E+01	3.6273437500000000E+01
3.0321367815136909E+01	3.6273437500000000E+01
3.0388420008122921E+01	3.6273437500000000E+01
3.0455541133880615E+01	3.6273437500000000E+01
3.0522655509412289E+01	3.6273437500000000E+01
3.0589770294725895E+01	3.6273437500000000E+01
3.0657321721315384E+01	3.6273437500000000E+01
3.0724427208304405E+01	3.6273437500000000E+01
3.0791514575481415E+01	3.6273437500000000E+01
3.0858608432114124E+01	3.6273437500000000E+01
3.0925734587013721E+01	3.6273437500000000E+01
3.0992854870855808E+01	3.6273437500000000E+01
3.1059963673353195E+01	3.6273437500000000E+01
3.1127078182995319E+01	3.6273437500000000E+01
3.1194662265479565E+01	3.6273437500000000E+01
3.1261745244264603E+01	3.6273437500000000E+01
3.1328823454678059E+01	3.6273437500000000E+01
3.1395895481109619E+01	3.6273437500000000E+01
3.1462992355227470E+01	3.6273437500000000E+01
3.1530464798212051E+01	3.6273437500000000E+01
3.1597538396716118E+01	3.6273437500000000E+01
3.1664632514119148E+01	3.6273437500000000E+01
3.1731721274554729E+01	3.6273437500000000E+01
3.1799519173800945E+01	3.6273437500000000E+01
3.1866611838340759E+01	3.6273437500000000E+01
3.1933705717325211E+01	3.6273437500000000E+01
3.2000783987343311E+01	3.6273437500000000E+01
3.2067847825586796E+01	3.6273437500000000E+01
3.2134952254593372E+01	3.6273437500000000E+01
3.2202045664191246E+01	3.6273437500000000E+01
3.2269107937812805E+01	3.6273437500000000E+01
3.2336305327713490E+01	3.6273437500000000E+01
3.2403770476579666E+01	3.6277343750000000E+01
3.2470862530171871E+01	3.6277343750000000E+01
3.2537940472364426E+01	3.6277343750000000E+01
3.2605046369135380E+01	3.6277343750000000E+01
3.2672111384570599E+01	3.6277343750000000E+01
3.2739193581044674E+01	3.6277343750000000E+01
3.2806283459067345E+01	3.6277343750000000E+01
3.2873344346880913E+01	3.6277343750000000E+01
3.2940452761948109E+01	3.6277343750000000E+01
3.3007489092648029E+01	3.6277343750000000E+01
3.3074581913650036E+01	3.6277343750000000E+01
3.3141657724976540E+01	3.6277343750000000E+01
3.3208739325404167E+01	3.6277343750000000E+01
3.3275814123451710E+01	3.6277343750000000E+01
3.3342913679778576E+01	3.6277343750000000E+01
3.3410001836717129E+01	3.6277343750000000E+01
3.3477115370333195E+01	3.6277343750000000E+01
3.3544216029345989E+01	3.6277343750000000E+01
3.3611291937530041E+01	3.6277343750000000E+01
3.3678366273641586E+01	3.6277343750000000E+01
3.3745471552014351E+01	3.6277343750000000E+01
3.3813238747417927E+01	3.6277343750000000E+01
3.3880313776433468E+01	3.6277343750000000E+01
3.3947414852678776E+01	3.6277343750000000E+01
3.4014499165117741E+01	3.6277343750000000E+01
3.4081589020788670E+01	3.6277343750000000E+01
3.4148695148527622E+01	3.6277343750000000E+01
3.4215779796242714E+01	3.6277343750000000E+01
3.4282854378223419E+01	3.6277343750000000E+01
3.4349949434399605E+01	3.6277343750000000E+01
3.4417054980993271E+01	3.6277343750000000E+01
3.4484141573309898E+01	3.6277343750000000E+01
3.4551226049661636E+01	3.6277343750000000E+01
3.4618317186832428E+01	3.6277343750000000E+01
3.4685720637440681E+01	3.6277343750000000E+01
3.4752800554037094E+01	3.6277343750000000E+01
3.4819904118776321E+01	3.6277343750000000E+01
3.4887008532881737E+01	3.6277343750000000E+01
3.4954093672335148E+01	3.6277343750000000E+01
3.5021173350512981E+01	3.6277343750000000E+01
3.5088231436908245E+01	3.6277343750000000E+01
3.5155528910458088E+01	3.6277343750000000E+01
3.5222964636981487E+01	3.6277343750000000E+01
3.5290047436952591E+01	3.6277343750000000E+01
3.5357120908796787E+01	3.6277343750000000E+01
3.5424425534904003E+01	3.6277343750000000E+01
3.5491492152214050E+01	3.6277343750000000E+01
3.5558544039726257E+01	3.6277343750000000E+01
3.5625595234334469E+01	3.6277343750000000E+01
3.5693156123161316E+01	3.6277343750000000E+01
3.5760240599513054E+01	3.6277343750000000E+01
3.5827300705015659E+01	3.6277343750000000E+01
3.5894418187439442E+01	3.6277343750000000E+01
3.5961498446762562E+01	3.6277343750000000E+01
3.6028581038117409E+01	3.6277343750000000E+01
3.6096381418406963E+01	3.6277343750000000E+01
3.6163463100790977E+01	3.6277343750000000E+01
3.6230574868619442E+01	3.6277343750000000E+01
3.6297653838992119E+01	3.6277343750000000E+01
3.6364755414426327E+01	3.6277343750000000E+01
3.6431865312159061E+01	3.6277343750000000E+01
3.6499640181660652E+01	3.6277343750000000E+01
3.6566732265055180E+01	3.6277343750000000E+01
3.6633830256760120E+01	3.6277343750000000E+01
3.6700931176543236E+01	3.6277343750000000E+01
3.6768012367188931E+01	3.6277343750000000E+01
3.6835113659501076E+01	3.6277343750000000E+01
3.6902169488370419E+01	3.6277343750000000E+01
3.6969244368374348E+01	3.6277343750000000E+01
3.7037029936909676E+01	3.6277343750000000E+01
3.7104680560529232E+01	3.6277343750000000E+01
3.7172443129122257E+01	3.6277343750000000E+01
3.7239539943635464E+01	3.6277343750000000E+01
3.7306773521006107E+01	3.6277343750000000E+01
3.7373822331428528E+01	3.6277343750000000E+01
3.7441008538007736E+01	3.6277343750000000E+01
3.7508079148828983E+01	3.6277343750000000E+01
3.7575795680284500E+01	3.6277343750000000E+01
3.7642876327037811E+01	3.6277343750000000E+01
3.7709958881139755E+01	3.6277343750000000E+01
3.7777033425867558E+01	3.6277343750000000E+01
3.7844131521880627E+01	3.6277343750000000E+01
3.7911239221692085E+01	3.6277343750000000E+01
3.7978342100977898E+01	3.6277343750000000E+01
3.8045441560447216E+01	3.6277343750000000E+01
3.8112550809979439E+01	3.6277343750000000E+01
3.8179651059210300E+01	3.6277343750000000E+01
3.8246716864407063E+01	3.6277343750000000E+01
3.8314207270741463E+01	3.6277343750000000E+01
3.8381419666111469E+01	3.6277343750000000E+01
3.8449042312800884E+01	3.6277343750000000E+01
3.8516144104301929E+01	3.6277343750000000E+01
3.8583219811320305E+01	3.6277343750000000E+01
3.8650297336280346E+01	3.6277343750000000E+01
3.8717365629971027E+01	3.6277343750000000E+01
3.8784468956291676E+01	3.6277343750000000E+01
3.8851855933666229E+01	3.6277343750000000E+01
3.8919816695153713E+01	3.6277343750000000E+01
3.8987408436834812E+01	3.6277343750000000E+01
3.9055182240903378E+01	3.6277343750000000E+01
3.9123098649084568E+01	3.6277343750000000E+01
3.9190946593880653E+01	3.6277343750000000E+01
3.9258819967508316E+01	3.6277343750000000E+01
3.9326733961701393E+01	3.6277343750000000E+01
3.9394445657730103E+01	3.6277343750000000E+01
3.9462318152189255E+01	3.6277343750000000E+01
3.9530070647597313E+01	3.6277343750000000E+01
3.9597899459302425E+01	3.6277343750000000E+01
3.9665746688842773E+01	3.6277343750000000E+01
3.9733440637588501E+01	3.6277343750000000E+01
3.9801340959966183E+01	3.6277343750000000E+01
3.9869210608303547E+01	3.6277343750000000E+01
3.9937096461653709E+01	3.6277343750000000E+01
4.0004933230578899E+01	3.6277343750000000E+01
4.0072750903666019E+01	3.6277343750000000E+01
4.0140206106007099E+01	3.6277343750000000E+01
4.0208048492670059E+01	3.6277343750000000E+01
4.0275826476514339E+01	3.6277343750000000E+01
4.0343634292483330E+01	3.6277343750000000E+01
4.0411182701587677E+01	3.6277343750000000E+01
4.0478624328970909E+01	3.6277343750000000E+01
4.0546013817191124E+01	3.6277343750000000E+01
4.0613927073776722E+01	3.6277343750000000E+01
4.0681702926754951E+01	3.6277343750000000E+01
4.0749488160014153E+01	3.6277343750000000E+01
4.0817284338176250E+01	3.6277343750000000E+01
4.0885128065943718E+01	3.6277343750000000E+01
4.0952873878180981E+01	3.6277343750000000E+01
4.1020620889961720E+01	3.6277343750000000E+01
4.1088395871222019E+01	3.6277343750000000E+01
4.1156225182116032E+01	3.6277343750000000E+01
4.1224024318158627E+01	3.6277343750000000E+01
4.1291171982884407E+01	3.6277343750000000E+01
4.1358262725174427E+01	3.6277343750000000E+01
4.1425353713333607E+01	3.6277343750000000E+01
4.1492438383400440E+01	3.6277343750000000E+01
4.1559581488370895E+01	3.6277343750000000E+01
4.1626689828932285E+01	3.6277343750000000E+01
4.1693766698241234E+01	3.6277343750000000E+01
4.1760865144431591E+01	3.6277343750000000E+01
4.1827918112277985E+01	3.6277343750000000E+01
4.1895031265914440E+01	3.6277343750000000E+01
4.1962099120020866E+01	3.6277343750000000E+01
4.2029845811426640E+01	3.6277343750000000E+01
4.2096933491528034E+01	3.6277343750000000E+01
4.2164004385471344E+01	3.6277343750000000E+01
4.2231340944766998E+01	3.6277343750000000E+01
4.2298378959298134E+01	3.6277343750000000E+01
4.2365430042147636E+01	3.6277343750000000E+01
4.2432504653930664E+01	3.6277343750000000E+01
4.2499565742909908E+01	3.6277343750000000E+01
4.2566624589264393E+01	3.6277343750000000E+01
4.2633682087063789E+01	3.6277343750000000E+01
4.2701424665749073E+01	3.6277343750000000E+01
4.2768482632935047E+01	3.6277343750000000E+01
4.2836266092956066E+01	3.6277343750000000E+01
4.2903328277170658E+01	3.6277343750000000E+01
4.2970879577100277E+01	3.6277343750000000E+01
4.3037924580276012E+01	3.6277343750000000E+01
4.3105546392500401E+01	3.6277343750000000E+01
4.3172923676669598E+01	3.6277343750000000E+01
4.3239963814616203E+01	3.6277343750000000E+01
4.3307021632790565E+01	3.6277343750000000E+01
4.3374109737575054E+01	3.6277343750000000E+01
4.3441176258027554E+01	3.6277343750000000E+01
4.3508215755224228E+01	3.6277343750000000E+01
4.3575299054384232E+01	3.6277343750000000E+01
4.3642374843358994E+01	3.6277343750000000E+01
4.3709400445222855E+01	3.6277343750000000E+01
4.3776412561535835E+01	3.6277343750000000E+01
4.3843424424529076E+01	3.6277343750000000E+01
4.3911194376647472E+01	3.6277343750000000E+01
4.3978261090815067E+01	3.6277343750000000E+01
4.4045290768146515E+01	3.6277343750000000E+01
4.4112301833927631E+01	3.6277343750000000E+01
4.4179352901875973E+01	3.6277343750000000E+01
4.4246387392282486E+01	3.6277343750000000E+01
4.4313438415527344E+01	3.6277343750000000E+01
4.4380697406828403E+01	3.6277343750000000E+01
4.4447737045586109E+01	3.6277343750000000E+01
4.4514793545007706E+01	3.6277343750000000E+01
4.4582060977816582E+01	3.6277343750000000E+01
4.4649132721126080E+01	3.6277343750000000E+01
4.4716187998652458E+01	3.6277343750000000E+01
4.4783240839838982E+01	3.6277343750000000E+01
4.4850320145487785E+01	3.6277343750000000E+01
4.4917397625744343E+01	3.6277343750000000E+01
4.4984450265765190E+01	3.6277343750000000E+01
4.5051501721143723E+01	3.6277343750000000E+01
4.5118569664657116E+01	3.6277343750000000E+01
4.5185641318559647E+01	3.6277343750000000E+01
4.5253061793744564E+01	3.6277343750000000E+01
4.5320652872323990E+01	3.6277343750000000E+01
4.5388279326260090E+01	3.6277343750000000E+01
4.5455300040543079E+01	3.6277343750000000E+01
4.5522583223879337E+01	3.6277343750000000E+01
4.5590323470532894E+01	3.6277343750000000E+01
4.5657863892614841E+01	3.6277343750000000E+01
4.5724863313138485E+01	3.6277343750000000E+01
4.5792596191167831E+01	3.6277343750000000E+01
4.5859612457454205E+01	3.6277343750000000E+01
4.5926654480397701E+01	3.6277343750000000E+01
4.5993693396449089E+01	3.6277343750000000E+01
4.6060749970376492E+01	3.6277343750000000E+01
4.6128070183098316E+01	3.6277343750000000E+01
4.6195196889340878E+01	3.6277343750000000E+01
4.6262278266251087E+01	3.6277343750000000E+01
4.6329328104853630E+01	3.6277343750000000E+01
4.6396339945495129E+01	3.6277343750000000E+01
4.6464103162288666E+01	3.6277343750000000E+01
4.6531165644526482E+01	3.6277343750000000E+01
4.6598207131028175E+01	3.6277343750000000E+01
4.6665652960538864E+01	3.6277343750000000E+01
4.6732746064662933E+01	3.6277343750000000E+01
4.6799824111163616E+01	3.6277343750000000E+01
4.6866902522742748E+01	3.6277343750000000E+01
4.6933974646031857E+01	3.6277343750000000E+01
4.7001005262136459E+01	3.6277343750000000E+01
4.7068070247769356E+01	3.6277343750000000E+01
4.7135148905217648E+01	3.6277343750000000E+01
4.7202184714376926E+01	3.6277343750000000E+01
4.7269258588552475E+01	3.6277343750000000E+01
4.7336288593709469E+01	3.6277343750000000E+01
4.7403673887252808E+01	3.6277343750000000E+01
4.7470729015767574E+01	3.6277343750000000E+01
4.7537746869027615E+01	3.6277343750000000E+01
4.7604759894311428E+01	3.6277343750000000E+01
4.7671794526278973E+01	3.6277343750000000E+01
4.7738829173147678E+01	3.6277343750000000E+01
4.7805943325161934E+01	3.6277343750000000E+01
4.7873405933380127E+01	3.6277343750000000E+01
4.7940871834754944E+01	3.6277343750000000E+01
4.8008509285748005E+01	3.6277343750000000E+01
4.8076596640050411E+01	3.6277343750000000E+01
4.8144263841211796E+01	3.6277343750000000E+01
4.8212192632257938E+01	3.6277343750000000E+01
4.8280214525759220E+01	3.6277343750000000E+01
4.8348107777535915E+01	3.6277343750000000E+01
4.8415775060653687E+01	3.6277343750000000E+01
4.8483609318733215E+01	3.6277343750000000E+01
4.8551233075559139E+01	3.6277343750000000E+01
4.8618814103305340E+01	3.6277343750000000E+01
4.8686466448009014E+01	3.6277343750000000E+01
4.8754150651395321E+01	3.6277343750000000E+01
4.8821909502148628E+01	3.6277343750000000E+01
4.8889517329633236E+01	3.6277343750000000E+01
4.8957337148487568E+01	3.6277343750000000E+01
4.9025345064699650E+01	3.6277343750000000E+01
4.9093124456703663E+01	3.6277343750000000E+01
4.9161111086606979E+01	3.6277343750000000E+01
4.9228742443025112E+01	3.6277343750000000E+01
4.9296463936567307E+01	3.6277343750000000E+01
4.9364375405013561E+01	3.6277343750000000E+01
4.9432219848036766E+01	3.6277343750000000E+01
4.9499865673482418E+01	3.6277343750000000E+01
4.9567595876753330E+01	3.6277343750000000E+01
4.9635305918753147E+01	3.6277343750000000E+01
4.9703073725104332E+01	3.6277343750000000E+01
4.9770841389894485E+01	3.6277343750000000E+01
4.9838714919984341E+01	3.6277343750000000E+01
4.9906536817550659E+01	3.6277343750000000E+01
4.9974345885217190E+01	3.6277343750000000E+01
5.0041491217911243E+01	3.6277343750000000E+01
5.0108747079968452E+01	3.6277343750000000E+01
5.0175867900252342E+01	3.6277343750000000E+01
5.0243029117584229E+01	3.6277343750000000E+01
5.0310516238212585E+01	3.6277343750000000E+01
5.0377641573548317E+01	3.6277343750000000E+01
5.0444756008684635E+01	3.6277343750000000E+01
5.0511903218924999E+01	3.6277343750000000E+01
5.0579074658453465E+01	3.6277343750000000E+01
5.0646212197840214E+01	3.6277343750000000E+01
5.0713360078632832E+01	3.6277343750000000E+01
5.0780502401292324E+01	3.6277343750000000E+01
5.0847693242132664E+01	3.6277343750000000E+01
5.0914797149598598E+01	3.6277343750000000E+01
5.0981890447437763E+01	3.6277343750000000E+01
5.1049684293568134E+01	3.6277343750000000E+01
5.1116760589182377E+01	3.6277343750000000E+01
5.1184054657816887E+01	3.6277343750000000E+01
5.1251169279217720E+01	3.6277343750000000E+01
5.1318254269659519E+01	3.6277343750000000E+01
5.1385370656847954E+01	3.6277343750000000E+01
5.1452490746974945E+01	3.6277343750000000E+01
5.1519585169851780E+01	3.6277343750000000E+01
5.1586667254567146E+01	3.6277343750000000E+01
5.1653754808008671E+01	3.6277343750000000E+01
5.1721061937510967E+01	3.6277343750000000E+01
5.1788149684667587E+01	3.6277343750000000E+01
5.1855223953723907E+01	3.6277343750000000E+01
5.1922308497130871E+01	3.6277343750000000E+01
5.1989394307136536E+01	3.6277343750000000E+01
5.2057194568216801E+01	3.6277343750000000E+01
5.2124269962310791E+01	3.6277343750000000E+01
5.2191327638924122E+01	3.6277343750000000E+01
5.2259088538587093E+01	3.6277343750000000E+01
5.2326117649674416E+01	3.6277343750000000E+01
5.2393259577453136E+01	3.6277343750000000E+01
5.2460481189191341E+01	3.6277343750000000E+01
5.2527557320892811E+01	3.6277343750000000E+01
5.2594633296132088E+01	3.6277343750000000E+01
5.2661733537912369E+01	3.6277343750000000E+01
5.2728802233934402E+01	3.6277343750000000E+01
5.2795877017080784E+01	3.6277343750000000E+01
5.2862910553812981E+01	3.6277343750000000E+01
5.2930045299232006E+01	3.6277343750000000E+01
5.2997613325715065E+01	3.6277343750000000E+01
5.3065220184624195E+01	3.6277343750000000E+01
5.3132248140871525E+01	3.6277343750000000E+01
5.3199299365282059E+01	3.6277343750000000E+01
5.3266389437019825E+01	3.6277343750000000E+01
5.3333399377763271E+01	3.6277343750000000E+01
5.3400903984904289E+01	3.6277343750000000E+01
5.3467963702976704E+01	3.6277343750000000E+01
5.3535004265606403E+01	3.6277343750000000E+01
5.3602074392139912E+01	3.6277343750000000E+01
5.3669127672910690E+01	3.6277343750000000E+01
5.3736186355352402E+01	3.6277343750000000E+01
5.3803247831761837E+01	3.6277343750000000E+01
5.3870890058577061E+01	3.6277343750000000E+01
5.3937920302152634E+01	3.6277343750000000E+01
5.4004953399300575E+01	3.6277343750000000E+01
5.4072037473320961E+01	3.6277343750000000E+01
5.4139094263315201E+01	3.6277343750000000E+01
5.4206178754568100E+01	3.6277343750000000E+01
5.4273229785263538E+01	3.6277343750000000E+01
5.4340294592082500E+01	3.6277343750000000E+01
5.4407353959977627E+01	3.6277343750000000E+01
5.4474395386874676E+01	3.6277343750000000E+01
5.4541441217064857E+01	3.6277343750000000E+01
5.4608471587300301E+01	3.6277343750000000E+01
5.4675498306751251E+01	3.6277343750000000E+01
5.4742626503109932E+01	3.6277343750000000E+01
5.4809683881700039E+01	3.6277343750000000E+01
5.4876732818782330E+01	3.6277343750000000E+01
5.4943727552890778E+01	3.6277343750000000E+01
5.5010773040354252E+01	3.6277343750000000E+01
5.5078535363078117E+01	3.6277343750000000E+01
5.5145543411374092E+01	3.6277343750000000E+01
5.5212590999901295E+01	3.6277343750000000E+01
5.5279605932533741E+01	3.6277343750000000E+01
5.5346648834645748E+01	3.6277343750000000E+01
5.5413717605173588E+01	3.6277343750000000E+01
5.5481453716754913E+01	3.6277343750000000E+01
5.5548501119017601E+01	3.6277343750000000E+01
5.5616250507533550E+01	3.6277343750000000E+01
5.5683328047394753E+01	3.6277343750000000E+01
5.5750359006226063E+01	3.6277343750000000E+01
5.5817409470677376E+01	3.6277343750000000E+01
5.5884457021951675E+01	3.6277343750000000E+01
5.5951496042311192E+01	3.6277343750000000E+01
5.6018487006425858E+01	3.6277343750000000E+01
5.6085544481873512E+01	3.6277343750000000E+01
5.6153170056641102E+01	3.6277343750000000E+01
5.6220200166106224E+01	3.6277343750000000E+01
5.6287239953875542E+01	3.6277343750000000E+01
5.6354263596236706E+01	3.6277343750000000E+01
5.6421684853732586E+01	3.6277343750000000E+01
5.6488727748394012E+01	3.6277343750000000E+01
5.6556356355547905E+01	3.6277343750000000E+01
5.6623393312096596E+01	3.6277343750000000E+01
5.6690445192158222E+01	3.6277343750000000E+01
5.6757518619298935E+01	3.6277343750000000E+01
5.6824581272900105E+01	3.6277343750000000E+01
5.6891657143831253E+01	3.6277343750000000E+01
5.6958724953234196E+01	3.6277343750000000E+01
5.7025769844651222E+01	3.6277343750000000E+01
5.7092805445194244E+01	3.6277343750000000E+01
5.7159854963421822E+01	3.6277343750000000E+01
5.7226919308304787E+01	3.6277343750000000E+01
5.7293965056538582E+01	3.6277343750000000E+01
5.7361559361219406E+01	3.6277343750000000E+01
5.7428639121353626E+01	3.6277343750000000E+01
5.7495674863457680E+01	3.6277343750000000E+01
5.7562731601297855E+01	3.6277343750000000E+01
5.7629783861339092E+01	3.6277343750000000E+01
5.7696809574961662E+01	3.6277343750000000E+01
5.7763815812766552E+01	3.6277343750000000E+01
5.7831222765147686E+01	3.6277343750000000E+01
5.7898252353072166E+01	3.6277343750000000E+01
5.7965310454368591E+01	3.6277343750000000E+01
5.8032335102558136E+01	3.6277343750000000E+01
5.8100009247660637E+01	3.6277343750000000E+01
5.8167328685522079E+01	3.6277343750000000E+01
5.8234402336180210E+01	3.6277343750000000E+01
5.8301697097718716E+01	3.6277343750000000E+01
5.8368787974119186E+01	3.6277343750000000E+01
5.8435974434018135E+01	3.6277343750000000E+01
5.8503055654466152E+01	3.6277343750000000E+01
5.8570103421807289E+01	3.6277343750000000E+01
5.8637142322957516E+01	3.6277343750000000E+01
5.8704181425273418E+01	3.6277343750000000E+01
5.8771800257265568E+01	3.6277343750000000E+01
5.8838859900832176E+01	3.6277343750000000E+01
5.8905892401933670E+01	3.6277343750000000E+01
5.8972948156297207E+01	3.6277343750000000E+01
5.9040826573967934E+01	3.6277343750000000E+01
5.9108383722603321E+01	3.6277343750000000E+01
5.9175961516797543E+01	3.6277343750000000E+01
5.9243569374084473E+01	3.6277343750000000E+01
5.9311215914785862E+01	3.6277343750000000E+01
5.9378424450755119E+01	3.6277343750000000E+01
5.9445889361202717E+01	3.6277343750000000E+01
5.9513790138065815E+01	3.6277343750000000E+01
5.9581414885818958E+01	3.6277343750000000E+01
5.9648878552019596E+01	3.6277343750000000E+01
5.9716223612427711E+01	3.6277343750000000E+01
5.9783471301198006E+01	3.6277343750000000E+01
5.9851066157221794E+01	3.6277343750000000E+01
5.9918541945517063E+01	3.6277343750000000E+01
5.9986024737358093E+01	3.6277343750000000E+01
6.0053639307618141E+01	3.6277343750000000E+01
6.0120957508683205E+01	3.6277343750000000E+01
6.0188154637813568E+01	3.6277343750000000E+01
6.0255370497703552E+01	3.6277343750000000E+01
6.0322561033070087E+01	3.6277343750000000E+01
6.0390085197985172E+01	3.6277343750000000E+01
6.0457252778112888E+01	3.6277343750000000E+01
6.0524919532239437E+01	3.6277343750000000E+01
6.0592122018337250E+01	3.6277343750000000E+01
6.0659587740898132E+01	3.6277343750000000E+01
6.0727226667106152E+01	3.6277343750000000E+01
6.0794705525040627E+01	3.6277343750000000E+01
6.0862204328179359E+01	3.6277343750000000E+01
6.0929532647132874E+01	3.6277343750000000E+01
6.0997263215482235E+01	3.6277343750000000E+01
6.1064954735338688E+01	3.6277343750000000E+01
6.1132535658776760E+01	3.6277343750000000E+01
6.1199899233877659E+01	3.6277343750000000E+01
6.1267424881458282E+01	3.6277343750000000E+01
6.1334968015551567E+01	3.6277343750000000E+01
6.1402534082531929E+01	3.6277343750000000E+01
6.1470004834234715E+01	3.6277343750000000E+01
6.1537682831287384E+01	3.6277343750000000E+01
6.1605059385299683E+01	3.6277343750000000E+01
6.1672505676746368E+01	3.6277343750000000E+01
6.1739765264093876E+01	3.6277343750000000E+01
6.1807653538882732E+01	3.6277343750000000E+01
6.1874840714037418E+01	3.6277343750000000E+01
6.1942445665597916E+01	3.6277343750000000E+01
6.2010147325694561E+01	3.6277343750000000E+01
6.2077907644212246E+01	3.6277343750000000E+01
6.2145624928176403E+01	3.6277343750000000E+01
6.2213478006422520E+01	3.6277343750000000E+01
6.2281289048492908E+01	3.6277343750000000E+01
6.2349221132695675E+01	3.6277343750000000E+01
6.2417057909071445E+01	3.6277343750000000E+01
6.2484455034136772E+01	3.6277343750000000E+01
6.2552112087607384E+01	3.6277343750000000E+01
6.2619726754724979E+01	3.6277343750000000E+01
6.2687458671629429E+01	3.6277343750000000E+01
6.2755368448793888E+01	3.6277343750000000E+01
6.2823036193847656E+01	3.6277343750000000E+01
6.2890640564262867E+01	3.6277343750000000E+01
6.2958019956946373E+01	3.6277343750000000E+01
6.3025560036301613E+01	3.6277343750000000E+01
6.3093356803059578E+01	3.6277343750000000E+01
6.3161135442554951E+01	3.6277343750000000E+01
6.3228360481560230E+01	3.6277343750000000E+01
6.3296041719615459E+01	3.6277343750000000E+01
6.3363379150629044E+01	3.6277343750000000E+01
6.3431293152272701E+01	3.6277343750000000E+01
6.3499101601541042E+01	3.6277343750000000E+01
6.3566644020378590E+01	3.6277343750000000E+01
6.3634406402707100E+01	3.6277343750000000E+01
6.3701965935528278E+01	3.6277343750000000E+01
6.3769375830888748E+01	3.6277343750000000E+01
6.3836974993348122E+01	3.6277343750000000E+01
6.3904649138450623E+01	3.6277343750000000E+01
6.3972126938402653E+01	3.6277343750000000E+01
6.4039948306977749E+01	3.6277343750000000E+01
6.4107516534626484E+01	3.6277343750000000E+01
6.4175360538065434E+01	3.6277343750000000E+01
6.4243188440799713E+01	3.6277343750000000E+01
6.4310961872339249E+01	3.6277343750000000E+01
6.4378396794199944E+01	3.6277343750000000E+01
6.4446154579520226E+01	3.6277343750000000E+01
6.4514040581882000E+01	3.6277343750000000E+01
6.4581335440278053E+01	3.6277343750000000E+01
6.4649120524525642E+01	3.6277343750000000E+01
6.4716820396482944E+01	3.6277343750000000E+01
6.4784547872841358E+01	3.6277343750000000E+01
6.4852281123399734E+01	3.6277343750000000E+01
6.4919795997440815E+01	3.6277343750000000E+01
6.4987313009798527E+01	3.6277343750000000E+01
6.5055122397840023E+01	3.6277343750000000E+01
6.5122863568365574E+01	3.6277343750000000E+01
6.5190692879259586E+01	3.6277343750000000E+01
6.5258498996496201E+01	3.6277343750000000E+01
6.5326103694736958E+01	3.6277343750000000E+01
6.5393547520041466E+01	3.6277343750000000E+01
6.5461162380874157E+01	3.6277343750000000E+01
6.5528903774917126E+01	3.6277343750000000E+01
6.5596569038927555E+01	3.6277343750000000E+01
6.5663730472326279E+01	3.6277343750000000E+01
6.5730821102857590E+01	3.6277343750000000E+01
6.5797872252762318E+01	3.6277343750000000E+01
6.5864934079349041E+01	3.6277343750000000E+01
6.5932071924209595E+01	3.6277343750000000E+01
6.5999166503548622E+01	3.6277343750000000E+01
6.6066263735294342E+01	3.6277343750000000E+01
6.6133380457758904E+01	3.6277343750000000E+01
6.6200488790869713E+01	3.6277343750000000E+01
6.6267899565398693E+01	3.6277343750000000E+01
6.6335013188421726E+01	3.6277343750000000E+01
6.6402150765061378E+01	3.6277343750000000E+01
6.6469270534813404E+01	3.6277343750000000E+01
6.6536389678716660E+01	3.6277343750000000E+01
6.6603525735437870E+01	3.6277343750000000E+01
6.6671371541917324E+01	3.6277343750000000E+01
6.6739055909216404E+01	3.6277343750000000E+01
6.6806863710284233E+01	3.6277343750000000E+01
6.6873532488942146E+01	3.6277343750000000E+01
6.6941180005669594E+01	3.6277343750000000E+01
6.7009063228964806E+01	3.6277343750000000E+01
6.7077066808938980E+01	3.6277343750000000E+01
