2.6938392966985703E-01	3.7320312500000000E+01
3.3603535592556000E-01	3.7578125000000000E+01
4.0175081789493561E-01	3.7578125000000000E+01
4.6762964129447937E-01	3.7578125000000000E+01
5.3376834839582443E-01	3.7578125000000000E+01
6.0073229670524597E-01	3.7597656250000000E+01
6.6668118536472321E-01	3.7597656250000000E+01
7.3302360624074936E-01	3.7597656250000000E+01
7.9957102984189987E-01	3.7597656250000000E+01
8.6552490293979645E-01	3.7597656250000000E+01
9.3142133951187134E-01	3.7597656250000000E+01
9.9729366600513458E-01	3.7597656250000000E+01
1.0633182153105736E+00	3.7597656250000000E+01
1.1291729584336281E+00	3.7597656250000000E+01
1.1950702741742134E+00	3.7597656250000000E+01
1.2610038742423058E+00	3.7597656250000000E+01
1.3271771520376205E+00	3.7597656250000000E+01
1.3937307819724083E+00	3.7597656250000000E+01
1.4597580879926682E+00	3.7597656250000000E+01
1.5263963416218758E+00	3.7597656250000000E+01
1.5924450010061264E+00	3.7597656250000000E+01
1.6585655063390732E+00	3.7597656250000000E+01
1.7247182950377464E+00	3.7597656250000000E+01
1.7911397442221642E+00	3.7597656250000000E+01
1.8574727699160576E+00	3.7597656250000000E+01
1.9234941005706787E+00	3.7597656250000000E+01
1.9894156530499458E+00	3.7597656250000000E+01
2.0553421452641487E+00	3.7597656250000000E+01
2.1212564185261726E+00	3.7597656250000000E+01
2.1871471926569939E+00	3.7597656250000000E+01
2.2536020725965500E+00	3.7597656250000000E+01
2.3200017213821411E+00	3.7597656250000000E+01
2.3866816535592079E+00	3.7597656250000000E+01
2.4532402530312538E+00	3.7597656250000000E+01
2.5198915302753448E+00	3.7597656250000000E+01
2.5871373564004898E+00	3.7605468750000000E+01
2.6538800522685051E+00	3.7605468750000000E+01
2.7204549089074135E+00	3.7605468750000000E+01
2.7869627699255943E+00	3.7605468750000000E+01
2.8535676598548889E+00	3.7605468750000000E+01
2.9200604185461998E+00	3.7605468750000000E+01
2.9865911379456520E+00	3.7605468750000000E+01
3.0530045479536057E+00	3.7605468750000000E+01
3.1193401291966438E+00	3.7605468750000000E+01
3.1856392323970795E+00	3.7605468750000000E+01
3.2521031796932220E+00	3.7605468750000000E+01
3.3186432495713234E+00	3.7605468750000000E+01
3.3851266577839851E+00	3.7605468750000000E+01
3.4516683518886566E+00	3.7605468750000000E+01
3.5182791948318481E+00	3.7605468750000000E+01
3.5846518799662590E+00	3.7605468750000000E+01
3.6511886566877365E+00	3.7605468750000000E+01
3.7176174744963646E+00	3.7605468750000000E+01
3.7842037901282310E+00	3.7605468750000000E+01
3.8505632802844048E+00	3.7605468750000000E+01
3.9171425402164459E+00	3.7605468750000000E+01
3.9835317730903625E+00	3.7605468750000000E+01
4.0500922054052353E+00	3.7605468750000000E+01
4.1165962368249893E+00	3.7605468750000000E+01
4.1832388490438461E+00	3.7605468750000000E+01
4.2491256445646286E+00	3.7605468750000000E+01
4.3154857382178307E+00	3.7605468750000000E+01
4.3814603984355927E+00	3.7605468750000000E+01
4.4479118585586548E+00	3.7605468750000000E+01
4.5137650892138481E+00	3.7605468750000000E+01
4.5796535760164261E+00	3.7605468750000000E+01
4.6457649767398834E+00	3.7605468750000000E+01
4.7119790241122246E+00	3.7605468750000000E+01
4.7782607078552246E+00	3.7605468750000000E+01
4.8441612049937248E+00	3.7605468750000000E+01
4.9101039171218872E+00	3.7605468750000000E+01
4.9761280119419098E+00	3.7605468750000000E+01
5.0421776250004768E+00	3.7605468750000000E+01
5.1088828369975090E+00	3.7605468750000000E+01
5.1750025376677513E+00	3.7605468750000000E+01
5.2409698963165283E+00	3.7605468750000000E+01
5.3069368600845337E+00	3.7605468750000000E+01
5.3729297965764999E+00	3.7605468750000000E+01
5.4389127343893051E+00	3.7605468750000000E+01
5.5050420984625816E+00	3.7605468750000000E+01
5.5709636434912682E+00	3.7605468750000000E+01
5.6371605619788170E+00	3.7605468750000000E+01
5.7031073048710823E+00	3.7605468750000000E+01
5.7690392807126045E+00	3.7605468750000000E+01
5.8349737897515297E+00	3.7605468750000000E+01
5.9009023457765579E+00	3.7605468750000000E+01
5.9675058647990227E+00	3.7605468750000000E+01
6.0335586443543434E+00	3.7605468750000000E+01
6.0995039865374565E+00	3.7605468750000000E+01
6.1654473543167114E+00	3.7605468750000000E+01
6.2314371019601822E+00	3.7605468750000000E+01
6.2973683327436447E+00	3.7605468750000000E+01
6.3633152395486832E+00	3.7605468750000000E+01
6.4292490780353546E+00	3.7605468750000000E+01
6.4951538741588593E+00	3.7605468750000000E+01
6.5611147955060005E+00	3.7605468750000000E+01
6.6276278197765350E+00	3.7605468750000000E+01
6.6935739219188690E+00	3.7605468750000000E+01
6.7596138045191765E+00	3.7605468750000000E+01
6.8256116285920143E+00	3.7605468750000000E+01
6.8915652483701706E+00	3.7605468750000000E+01
6.9579716548323631E+00	3.7605468750000000E+01
7.0238849446177483E+00	3.7605468750000000E+01
7.0897817984223366E+00	3.7605468750000000E+01
7.1557730212807655E+00	3.7605468750000000E+01
7.2217672467231750E+00	3.7605468750000000E+01
7.2879220694303513E+00	3.7605468750000000E+01
7.3541231527924538E+00	3.7605468750000000E+01
7.4204986542463303E+00	3.7605468750000000E+01
7.4874982982873917E+00	3.7605468750000000E+01
7.5545208007097244E+00	3.7605468750000000E+01
7.6212605014443398E+00	3.7605468750000000E+01
7.6880001053214073E+00	3.7605468750000000E+01
7.7547173351049423E+00	3.7605468750000000E+01
7.8213830292224884E+00	3.7605468750000000E+01
7.8884608298540115E+00	3.7605468750000000E+01
7.9551139920949936E+00	3.7605468750000000E+01
8.0222506374120712E+00	3.7605468750000000E+01
8.0889212265610695E+00	3.7605468750000000E+01
8.1555549427866936E+00	3.7605468750000000E+01
8.2225961536169052E+00	3.7605468750000000E+01
8.2892121747136116E+00	3.7605468750000000E+01
8.3558347299695015E+00	3.7605468750000000E+01
8.4225060716271400E+00	3.7605468750000000E+01
8.4891567751765251E+00	3.7605468750000000E+01
8.5561347827315331E+00	3.7605468750000000E+01
8.6227657198905945E+00	3.7605468750000000E+01
8.6894597187638283E+00	3.7605468750000000E+01
8.7562228813767433E+00	3.7605468750000000E+01
8.8228317424654961E+00	3.7605468750000000E+01
8.8896054774522781E+00	3.7605468750000000E+01
8.9562283381819725E+00	3.7605468750000000E+01
9.0228150337934494E+00	3.7605468750000000E+01
9.0894485041499138E+00	3.7605468750000000E+01
9.1563182771205902E+00	3.7605468750000000E+01
9.2229432687163353E+00	3.7605468750000000E+01
9.2894569262862206E+00	3.7605468750000000E+01
9.3559293076395988E+00	3.7605468750000000E+01
9.4224475026130676E+00	3.7605468750000000E+01
9.4896968528628349E+00	3.7605468750000000E+01
9.5563799291849136E+00	3.7605468750000000E+01
9.6230981275439262E+00	3.7605468750000000E+01
9.6897931993007660E+00	3.7605468750000000E+01
9.7565589547157288E+00	3.7605468750000000E+01
9.8233189061284065E+00	3.7605468750000000E+01
9.8901114538311958E+00	3.7605468750000000E+01
9.9569551348686218E+00	3.7605468750000000E+01
1.0023784041404724E+01	3.7605468750000000E+01
1.0090606845915318E+01	3.7605468750000000E+01
1.0157526053488255E+01	3.7605468750000000E+01
1.0224371880292892E+01	3.7605468750000000E+01
1.0291216567158699E+01	3.7605468750000000E+01
1.0358024023473263E+01	3.7605468750000000E+01
1.0424852713942528E+01	3.7605468750000000E+01
1.0491668127477169E+01	3.7605468750000000E+01
1.0558497719466686E+01	3.7605468750000000E+01
1.0625445820391178E+01	3.7605468750000000E+01
1.0692271336913109E+01	3.7605468750000000E+01
1.0759082920849323E+01	3.7605468750000000E+01
1.0825918920338154E+01	3.7605468750000000E+01
1.0892718009650707E+01	3.7605468750000000E+01
1.0959531940519810E+01	3.7605468750000000E+01
1.1026362210512161E+01	3.7605468750000000E+01
1.1093209169805050E+01	3.7605468750000000E+01
1.1160030141472816E+01	3.7605468750000000E+01
1.1226890102028847E+01	3.7605468750000000E+01
1.1293737120926380E+01	3.7605468750000000E+01
1.1360731899738312E+01	3.7605468750000000E+01
1.1427752621471882E+01	3.7605468750000000E+01
1.1494560956954956E+01	3.7605468750000000E+01
1.1561377108097076E+01	3.7605468750000000E+01
1.1628449708223343E+01	3.7605468750000000E+01
1.1695178724825382E+01	3.7605468750000000E+01
1.1762701906263828E+01	3.7609375000000000E+01
1.1829623341560364E+01	3.7609375000000000E+01
1.1896417282521725E+01	3.7609375000000000E+01
1.1963249608874321E+01	3.7609375000000000E+01
1.2030044332146645E+01	3.7609375000000000E+01
1.2096837744116783E+01	3.7609375000000000E+01
1.2163811586797237E+01	3.7609375000000000E+01
1.2230621062219143E+01	3.7609375000000000E+01
1.2297429829835892E+01	3.7609375000000000E+01
1.2364194445312023E+01	3.7609375000000000E+01
1.2431012697517872E+01	3.7609375000000000E+01
1.2497818179428577E+01	3.7609375000000000E+01
1.2564624093472958E+01	3.7609375000000000E+01
1.2631472975015640E+01	3.7609375000000000E+01
1.2698262616991997E+01	3.7609375000000000E+01
1.2765114620327950E+01	3.7609375000000000E+01
1.2832351587712765E+01	3.7609375000000000E+01
1.2900044552981853E+01	3.7609375000000000E+01
1.2967799693346024E+01	3.7609375000000000E+01
1.3035472176969051E+01	3.7609375000000000E+01
1.3103124365210533E+01	3.7609375000000000E+01
1.3170818462967873E+01	3.7609375000000000E+01
1.3238370507955551E+01	3.7609375000000000E+01
1.3305904276669025E+01	3.7609375000000000E+01
1.3373397886753082E+01	3.7609375000000000E+01
1.3440773241221905E+01	3.7609375000000000E+01
1.3508083544671535E+01	3.7609375000000000E+01
1.3575207792222500E+01	3.7609375000000000E+01
1.3642354987561703E+01	3.7609375000000000E+01
1.3709551453590393E+01	3.7609375000000000E+01
1.3776953905820847E+01	3.7609375000000000E+01
1.3844266697764397E+01	3.7609375000000000E+01
1.3911481037735939E+01	3.7609375000000000E+01
1.3978856384754181E+01	3.7609375000000000E+01
1.4046088762581348E+01	3.7609375000000000E+01
1.4113385900855064E+01	3.7609375000000000E+01
1.4180697917938232E+01	3.7609375000000000E+01
1.4248013004660606E+01	3.7609375000000000E+01
1.4315334305167198E+01	3.7609375000000000E+01
1.4382721774280071E+01	3.7609375000000000E+01
1.4449333839118481E+01	3.7609375000000000E+01
1.4515862308442593E+01	3.7609375000000000E+01
1.4582479111850262E+01	3.7609375000000000E+01
1.4649110794067383E+01	3.7609375000000000E+01
1.4715673327445984E+01	3.7609375000000000E+01
1.4782267138361931E+01	3.7609375000000000E+01
1.4849319741129875E+01	3.7609375000000000E+01
1.4915823116898537E+01	3.7609375000000000E+01
1.4982413351535797E+01	3.7609375000000000E+01
1.5049485735595226E+01	3.7609375000000000E+01
1.5116223923861980E+01	3.7609375000000000E+01
1.5183050625026226E+01	3.7609375000000000E+01
1.5249538987874985E+01	3.7609375000000000E+01
1.5316413573920727E+01	3.7609375000000000E+01
1.5383633799850941E+01	3.7609375000000000E+01
1.5450225047767162E+01	3.7609375000000000E+01
1.5516752652823925E+01	3.7609375000000000E+01
1.5583885729312897E+01	3.7609375000000000E+01
1.5650490887463093E+01	3.7609375000000000E+01
1.5717140853404999E+01	3.7609375000000000E+01
1.5783781327307224E+01	3.7609375000000000E+01
1.5850464224815369E+01	3.7609375000000000E+01
1.5917262136936188E+01	3.7609375000000000E+01
1.5983930572867393E+01	3.7609375000000000E+01
1.6050626292824745E+01	3.7609375000000000E+01
1.6117295660078526E+01	3.7609375000000000E+01
1.6183902099728584E+01	3.7609375000000000E+01
1.6250518515706062E+01	3.7609375000000000E+01
1.6317205898463726E+01	3.7609375000000000E+01
1.6383953064680099E+01	3.7609375000000000E+01
1.6451156355440617E+01	3.7609375000000000E+01
1.6517985060811043E+01	3.7609375000000000E+01
1.6584780946373940E+01	3.7609375000000000E+01
1.6651570610702038E+01	3.7609375000000000E+01
1.6718591548502445E+01	3.7609375000000000E+01
1.6785356931388378E+01	3.7609375000000000E+01
1.6852200001478195E+01	3.7609375000000000E+01
1.6918996565043926E+01	3.7609375000000000E+01
1.6985753960907459E+01	3.7609375000000000E+01
1.7052575431764126E+01	3.7609375000000000E+01
1.7119389265775681E+01	3.7609375000000000E+01
1.7186487294733524E+01	3.7609375000000000E+01
1.7253287248313427E+01	3.7609375000000000E+01
1.7320614509284496E+01	3.7609375000000000E+01
1.7387474648654461E+01	3.7609375000000000E+01
1.7454392723739147E+01	3.7609375000000000E+01
1.7521332554519176E+01	3.7609375000000000E+01
1.7588138632476330E+01	3.7609375000000000E+01
1.7654981240630150E+01	3.7609375000000000E+01
1.7721787929534912E+01	3.7609375000000000E+01
1.7788633391261101E+01	3.7609375000000000E+01
1.7855525434017181E+01	3.7609375000000000E+01
1.7922603398561478E+01	3.7609375000000000E+01
1.7989433266222477E+01	3.7609375000000000E+01
1.8056316994130611E+01	3.7609375000000000E+01
1.8123390175402164E+01	3.7609375000000000E+01
1.8190350636839867E+01	3.7609375000000000E+01
1.8257223598659039E+01	3.7609375000000000E+01
1.8324090741574764E+01	3.7609375000000000E+01
1.8391058966517448E+01	3.7609375000000000E+01
1.8457950219511986E+01	3.7609375000000000E+01
1.8524818018078804E+01	3.7609375000000000E+01
1.8591688610613346E+01	3.7609375000000000E+01
1.8658542506396770E+01	3.7609375000000000E+01
1.8726029045879841E+01	3.7609375000000000E+01
1.8792860291898251E+01	3.7609375000000000E+01
1.8859757572412491E+01	3.7609375000000000E+01
1.8926658615469933E+01	3.7609375000000000E+01
1.8993519119918346E+01	3.7609375000000000E+01
1.9060384228825569E+01	3.7609375000000000E+01
1.9127266280353069E+01	3.7609375000000000E+01
1.9194154381752014E+01	3.7609375000000000E+01
1.9261030785739422E+01	3.7609375000000000E+01
1.9327889025211334E+01	3.7609375000000000E+01
1.9394798837602139E+01	3.7609375000000000E+01
1.9461684636771679E+01	3.7609375000000000E+01
1.9528544746339321E+01	3.7609375000000000E+01
1.9595982074737549E+01	3.7609375000000000E+01
1.9663106769323349E+01	3.7609375000000000E+01
1.9729955852031708E+01	3.7609375000000000E+01
1.9796840451657772E+01	3.7609375000000000E+01
1.9863695211708546E+01	3.7609375000000000E+01
1.9930572718381882E+01	3.7609375000000000E+01
1.9997459106147289E+01	3.7609375000000000E+01
2.0065089806914330E+01	3.7609375000000000E+01
2.0131948508322239E+01	3.7609375000000000E+01
2.0198878556489944E+01	3.7609375000000000E+01
2.0266092590987682E+01	3.7609375000000000E+01
2.0332986995577812E+01	3.7609375000000000E+01
2.0399889558553696E+01	3.7609375000000000E+01
2.0466747745871544E+01	3.7609375000000000E+01
2.0534088015556335E+01	3.7609375000000000E+01
2.0600941464304924E+01	3.7609375000000000E+01
2.0667803093791008E+01	3.7609375000000000E+01
2.0734684601426125E+01	3.7609375000000000E+01
2.0801552996039391E+01	3.7609375000000000E+01
2.0868387967348099E+01	3.7609375000000000E+01
2.0935749940574169E+01	3.7609375000000000E+01
2.1002630032598972E+01	3.7609375000000000E+01
2.1069508455693722E+01	3.7609375000000000E+01
2.1136380009353161E+01	3.7609375000000000E+01
2.1203517287969589E+01	3.7609375000000000E+01
2.1270688943564892E+01	3.7609375000000000E+01
2.1337538957595825E+01	3.7609375000000000E+01
2.1404381223022938E+01	3.7609375000000000E+01
2.1471856288611889E+01	3.7609375000000000E+01
2.1538712806999683E+01	3.7609375000000000E+01
2.1606492511928082E+01	3.7609375000000000E+01
2.1673457756638527E+01	3.7609375000000000E+01
2.1740561611950397E+01	3.7609375000000000E+01
2.1807380095124245E+01	3.7609375000000000E+01
2.1874739691615105E+01	3.7609375000000000E+01
2.1941583275794983E+01	3.7609375000000000E+01
2.2008429072797298E+01	3.7609375000000000E+01
2.2075255021452904E+01	3.7609375000000000E+01
2.2142123386263847E+01	3.7609375000000000E+01
2.2208969153463840E+01	3.7609375000000000E+01
2.2275811299681664E+01	3.7609375000000000E+01
2.2342643268406391E+01	3.7609375000000000E+01
2.2409496642649174E+01	3.7609375000000000E+01
2.2476352535188198E+01	3.7609375000000000E+01
2.2543204262852669E+01	3.7609375000000000E+01
2.2610040053725243E+01	3.7609375000000000E+01
2.2676850751042366E+01	3.7609375000000000E+01
2.2743742927908897E+01	3.7609375000000000E+01
2.2810606531798840E+01	3.7609375000000000E+01
2.2877486959099770E+01	3.7609375000000000E+01
2.2944684751331806E+01	3.7609375000000000E+01
2.3011919654905796E+01	3.7609375000000000E+01
2.3078806966543198E+01	3.7609375000000000E+01
2.3145678572356701E+01	3.7609375000000000E+01
2.3212526023387909E+01	3.7609375000000000E+01
2.3279363512992859E+01	3.7609375000000000E+01
2.3346212953329086E+01	3.7609375000000000E+01
2.3413047395646572E+01	3.7609375000000000E+01
2.3480035796761513E+01	3.7609375000000000E+01
2.3546830549836159E+01	3.7609375000000000E+01
2.3613798104226589E+01	3.7609375000000000E+01
2.3680575415492058E+01	3.7609375000000000E+01
2.3747362658381462E+01	3.7609375000000000E+01
2.3814690694212914E+01	3.7609375000000000E+01
2.3881451383233070E+01	3.7609375000000000E+01
2.3948244124650955E+01	3.7609375000000000E+01
2.4015036158263683E+01	3.7609375000000000E+01
2.4081901215016842E+01	3.7609375000000000E+01
2.4148694880306721E+01	3.7609375000000000E+01
2.4215816631913185E+01	3.7609375000000000E+01
2.4282614707946777E+01	3.7609375000000000E+01
2.4349392987787724E+01	3.7609375000000000E+01
2.4416166797280312E+01	3.7609375000000000E+01
2.4482920438051224E+01	3.7609375000000000E+01
2.4550052888691425E+01	3.7609375000000000E+01
2.4616746760904789E+01	3.7609375000000000E+01
2.4683842957019806E+01	3.7609375000000000E+01
2.4750843472778797E+01	3.7609375000000000E+01
2.4817543551325798E+01	3.7609375000000000E+01
2.4884466275572777E+01	3.7609375000000000E+01
2.4951668322086334E+01	3.7609375000000000E+01
2.5018304526805878E+01	3.7609375000000000E+01
2.5084990911185741E+01	3.7609375000000000E+01
2.5152192957699299E+01	3.7609375000000000E+01
2.5218825459480286E+01	3.7609375000000000E+01
2.5285545922815800E+01	3.7609375000000000E+01
2.5352264411747456E+01	3.7609375000000000E+01
2.5419001951813698E+01	3.7609375000000000E+01
2.5485746748745441E+01	3.7609375000000000E+01
2.5552533499896526E+01	3.7609375000000000E+01
2.5619694121181965E+01	3.7609375000000000E+01
2.5686487630009651E+01	3.7609375000000000E+01
2.5753590449690819E+01	3.7609375000000000E+01
2.5820663936436176E+01	3.7609375000000000E+01
2.5887889079749584E+01	3.7609375000000000E+01
2.5955218411982059E+01	3.7609375000000000E+01
2.6022058680653572E+01	3.7609375000000000E+01
2.6088904008269310E+01	3.7609375000000000E+01
2.6155731096863747E+01	3.7609375000000000E+01
2.6222555406391621E+01	3.7609375000000000E+01
2.6289377003908157E+01	3.7609375000000000E+01
2.6356471069157124E+01	3.7609375000000000E+01
2.6423234581947327E+01	3.7609375000000000E+01
2.6490014687180519E+01	3.7609375000000000E+01
2.6556824013590813E+01	3.7609375000000000E+01
2.6623632460832596E+01	3.7609375000000000E+01
2.6690493226051331E+01	3.7609375000000000E+01
2.6757333852350712E+01	3.7609375000000000E+01
2.6824166372418404E+01	3.7609375000000000E+01
2.6891014352440834E+01	3.7609375000000000E+01
2.6958223387598991E+01	3.7609375000000000E+01
2.7025047987699509E+01	3.7609375000000000E+01
2.7091854386031628E+01	3.7609375000000000E+01
2.7158729188144207E+01	3.7609375000000000E+01
2.7225587390363216E+01	3.7609375000000000E+01
2.7292647354304790E+01	3.7609375000000000E+01
2.7359539233148098E+01	3.7609375000000000E+01
2.7426591292023659E+01	3.7609375000000000E+01
2.7493432775139809E+01	3.7609375000000000E+01
2.7560312621295452E+01	3.7609375000000000E+01
2.7627207741141319E+01	3.7609375000000000E+01
2.7694090537726879E+01	3.7609375000000000E+01
2.7761066414415836E+01	3.7609375000000000E+01
2.7828197851777077E+01	3.7609375000000000E+01
2.7895279973745346E+01	3.7609375000000000E+01
2.7962191909551620E+01	3.7609375000000000E+01
2.8029101632535458E+01	3.7609375000000000E+01
2.8095994465053082E+01	3.7609375000000000E+01
2.8162851177155972E+01	3.7609375000000000E+01
2.8229741252958775E+01	3.7609375000000000E+01
2.8296890065073967E+01	3.7609375000000000E+01
2.8363972030580044E+01	3.7609375000000000E+01
2.8431180536746979E+01	3.7609375000000000E+01
2.8498101301491261E+01	3.7609375000000000E+01
2.8564987242221832E+01	3.7609375000000000E+01
2.8631868526339531E+01	3.7609375000000000E+01
2.8698758527636528E+01	3.7609375000000000E+01
2.8765642821788788E+01	3.7609375000000000E+01
2.8832541838288307E+01	3.7609375000000000E+01
2.8899450689554214E+01	3.7609375000000000E+01
2.8966363176703453E+01	3.7609375000000000E+01
2.9033311501145363E+01	3.7609375000000000E+01
2.9100210599601269E+01	3.7609375000000000E+01
2.9167799264192581E+01	3.7609375000000000E+01
2.9234888829290867E+01	3.7609375000000000E+01
2.9301772341132164E+01	3.7609375000000000E+01
2.9368695266544819E+01	3.7609375000000000E+01
2.9436100997030735E+01	3.7609375000000000E+01
2.9503037407994270E+01	3.7609375000000000E+01
2.9569943040609360E+01	3.7609375000000000E+01
2.9636816255748272E+01	3.7609375000000000E+01
2.9703700475394726E+01	3.7609375000000000E+01
2.9770559556782246E+01	3.7609375000000000E+01
2.9837457783520222E+01	3.7609375000000000E+01
2.9904355905950069E+01	3.7609375000000000E+01
2.9971202231943607E+01	3.7609375000000000E+01
3.0038157559931278E+01	3.7609375000000000E+01
3.0105046913027763E+01	3.7609375000000000E+01
3.0172421477735043E+01	3.7609375000000000E+01
3.0239289797842503E+01	3.7609375000000000E+01
3.0306673116981983E+01	3.7609375000000000E+01
3.0373518958687782E+01	3.7609375000000000E+01
3.0440380029380322E+01	3.7609375000000000E+01
3.0507271803915501E+01	3.7609375000000000E+01
3.0574164658784866E+01	3.7609375000000000E+01
3.0641888238489628E+01	3.7609375000000000E+01
3.0709041498601437E+01	3.7609375000000000E+01
3.0776217453181744E+01	3.7609375000000000E+01
3.0843673624098301E+01	3.7609375000000000E+01
3.0911011599004269E+01	3.7609375000000000E+01
3.0978217028081417E+01	3.7609375000000000E+01
3.1045666478574276E+01	3.7609375000000000E+01
3.1112929552793503E+01	3.7609375000000000E+01
3.1180156968533993E+01	3.7609375000000000E+01
3.1247408002614975E+01	3.7609375000000000E+01
3.1314667619764805E+01	3.7609375000000000E+01
3.1381941765546799E+01	3.7609375000000000E+01
3.1449228510260582E+01	3.7609375000000000E+01
3.1516917377710342E+01	3.7609375000000000E+01
3.1584242165088654E+01	3.7609375000000000E+01
3.1651537768542767E+01	3.7609375000000000E+01
3.1718827985227108E+01	3.7609375000000000E+01
3.1786175936460495E+01	3.7609375000000000E+01
3.1853590257465839E+01	3.7609375000000000E+01
3.1921143770217896E+01	3.7609375000000000E+01
3.1988537430763245E+01	3.7609375000000000E+01
3.2056518286466599E+01	3.7609375000000000E+01
3.2123929329216480E+01	3.7609375000000000E+01
3.2191996678709984E+01	3.7609375000000000E+01
3.2259447470307350E+01	3.7609375000000000E+01
3.2326979078352451E+01	3.7609375000000000E+01
3.2394490383565426E+01	3.7609375000000000E+01
3.2462115645408630E+01	3.7609375000000000E+01
3.2530446216464043E+01	3.7609375000000000E+01
3.2598138451576233E+01	3.7609375000000000E+01
3.2665923580527306E+01	3.7609375000000000E+01
3.2733665592968464E+01	3.7609375000000000E+01
3.2801578350365162E+01	3.7609375000000000E+01
3.2869501590728760E+01	3.7609375000000000E+01
3.2937561601400375E+01	3.7609375000000000E+01
3.3005791693925858E+01	3.7609375000000000E+01
3.3074027538299561E+01	3.7609375000000000E+01
3.3142308190464973E+01	3.7609375000000000E+01
3.3210327856242657E+01	3.7609375000000000E+01
3.3278340794146061E+01	3.7609375000000000E+01
3.3347034126520157E+01	3.7609375000000000E+01
3.3415054932236671E+01	3.7609375000000000E+01
3.3483068533241749E+01	3.7609375000000000E+01
3.3551067724823952E+01	3.7609375000000000E+01
3.3619052879512310E+01	3.7609375000000000E+01
3.3687219366431236E+01	3.7609375000000000E+01
3.3755565077066422E+01	3.7609375000000000E+01
3.3823536023497581E+01	3.7609375000000000E+01
3.3891608312726021E+01	3.7609375000000000E+01
3.3959603697061539E+01	3.7609375000000000E+01
3.4027688227593899E+01	3.7609375000000000E+01
3.4095682486891747E+01	3.7609375000000000E+01
3.4163791343569756E+01	3.7609375000000000E+01
3.4231763228774071E+01	3.7609375000000000E+01
3.4299794465303421E+01	3.7609375000000000E+01
3.4367796845734119E+01	3.7609375000000000E+01
3.4435778006911278E+01	3.7609375000000000E+01
3.4503783218562603E+01	3.7609375000000000E+01
3.4572257295250893E+01	3.7609375000000000E+01
3.4640216112136841E+01	3.7609375000000000E+01
3.4708430781960487E+01	3.7609375000000000E+01
3.4776378564536572E+01	3.7609375000000000E+01
3.4844507105648518E+01	3.7609375000000000E+01
3.4912516050040722E+01	3.7609375000000000E+01
3.4980901129543781E+01	3.7609375000000000E+01
3.5049053400754929E+01	3.7609375000000000E+01
3.5117688514292240E+01	3.7609375000000000E+01
3.5185609586536884E+01	3.7609375000000000E+01
3.5253551959991455E+01	3.7609375000000000E+01
3.5321446895599365E+01	3.7609375000000000E+01
3.5389321282505989E+01	3.7609375000000000E+01
3.5457224689424038E+01	3.7609375000000000E+01
3.5525088407099247E+01	3.7609375000000000E+01
3.5592998832464218E+01	3.7609375000000000E+01
3.5660863555967808E+01	3.7609375000000000E+01
3.5729207016527653E+01	3.7609375000000000E+01
3.5797039799392223E+01	3.7609375000000000E+01
3.5864894136786461E+01	3.7609375000000000E+01
3.5933044388890266E+01	3.7609375000000000E+01
3.6000883705914021E+01	3.7609375000000000E+01
3.6069309391081333E+01	3.7609375000000000E+01
3.6137129746377468E+01	3.7609375000000000E+01
3.6204949438571930E+01	3.7609375000000000E+01
3.6272722229361534E+01	3.7609375000000000E+01
3.6340892322361469E+01	3.7609375000000000E+01
3.6408837810158730E+01	3.7609375000000000E+01
3.6476732321083546E+01	3.7609375000000000E+01
3.6544647067785263E+01	3.7609375000000000E+01
3.6612613387405872E+01	3.7609375000000000E+01
3.6680508263409138E+01	3.7609375000000000E+01
3.6748450614511967E+01	3.7609375000000000E+01
3.6816373452544212E+01	3.7609375000000000E+01
3.6884344197809696E+01	3.7609375000000000E+01
3.6952628470957279E+01	3.7609375000000000E+01
3.7020595155656338E+01	3.7609375000000000E+01
3.7088538624346256E+01	3.7609375000000000E+01
3.7156504094600677E+01	3.7609375000000000E+01
3.7224474430084229E+01	3.7609375000000000E+01
3.7292442932724953E+01	3.7609375000000000E+01
3.7360418893396854E+01	3.7609375000000000E+01
3.7428385704755783E+01	3.7609375000000000E+01
3.7496371619403362E+01	3.7609375000000000E+01
3.7564340516924858E+01	3.7609375000000000E+01
3.7632336609065533E+01	3.7609375000000000E+01
3.7700559832155704E+01	3.7609375000000000E+01
3.7768551871180534E+01	3.7609375000000000E+01
3.7836548797786236E+01	3.7609375000000000E+01
3.7904533289372921E+01	3.7609375000000000E+01
3.7972512289881706E+01	3.7609375000000000E+01
3.8040512152016163E+01	3.7609375000000000E+01
3.8108516193926334E+01	3.7609375000000000E+01
3.8176529474556446E+01	3.7609375000000000E+01
3.8244537673890591E+01	3.7609375000000000E+01
3.8313535116612911E+01	3.7609375000000000E+01
3.8381703272461891E+01	3.7609375000000000E+01
3.8450370408594608E+01	3.7609375000000000E+01
3.8518374472856522E+01	3.7609375000000000E+01
3.8586536951363087E+01	3.7609375000000000E+01
3.8654560476541519E+01	3.7609375000000000E+01
3.8722566924989223E+01	3.7609375000000000E+01
3.8790588654577732E+01	3.7609375000000000E+01
3.8858595252037048E+01	3.7609375000000000E+01
3.8926641792058945E+01	3.7609375000000000E+01
3.8994651958346367E+01	3.7609375000000000E+01
3.9062686093151569E+01	3.7609375000000000E+01
3.9130713179707527E+01	3.7609375000000000E+01
3.9198761485517025E+01	3.7609375000000000E+01
3.9266769759356976E+01	3.7609375000000000E+01
3.9334807328879833E+01	3.7609375000000000E+01
3.9403214566409588E+01	3.7609375000000000E+01
3.9471746936440468E+01	3.7609375000000000E+01
3.9539998337626457E+01	3.7609375000000000E+01
3.9608039997518063E+01	3.7609375000000000E+01
3.9676062747836113E+01	3.7609375000000000E+01
3.9744537301361561E+01	3.7609375000000000E+01
3.9812600821256638E+01	3.7609375000000000E+01
3.9881208226084709E+01	3.7609375000000000E+01
3.9949280038475990E+01	3.7609375000000000E+01
4.0017722450196743E+01	3.7609375000000000E+01
4.0085963860154152E+01	3.7609375000000000E+01
4.0154032111167908E+01	3.7609375000000000E+01
4.0222144387662411E+01	3.7609375000000000E+01
4.0290237702429295E+01	3.7609375000000000E+01
4.0358582749962807E+01	3.7609375000000000E+01
4.0426727838814259E+01	3.7609375000000000E+01
4.0494842164218426E+01	3.7609375000000000E+01
4.0562925718724728E+01	3.7609375000000000E+01
4.0631498582661152E+01	3.7609375000000000E+01
4.0699588842689991E+01	3.7609375000000000E+01
4.0767730541527271E+01	3.7609375000000000E+01
4.0835881620645523E+01	3.7609375000000000E+01
4.0904020547866821E+01	3.7609375000000000E+01
4.0972177624702454E+01	3.7609375000000000E+01
4.1040349088609219E+01	3.7609375000000000E+01
4.1108584865927696E+01	3.7609375000000000E+01
4.1176741063594818E+01	3.7609375000000000E+01
4.1244919218122959E+01	3.7609375000000000E+01
4.1313088290393353E+01	3.7609375000000000E+01
4.1381554834544659E+01	3.7609375000000000E+01
4.1449830457568169E+01	3.7609375000000000E+01
4.1518031395971775E+01	3.7609375000000000E+01
4.1586245782673359E+01	3.7609375000000000E+01
4.1654486238956451E+01	3.7609375000000000E+01
4.1722783900797367E+01	3.7609375000000000E+01
4.1791089057922363E+01	3.7609375000000000E+01
4.1859453558921814E+01	3.7609375000000000E+01
4.1928217589855194E+01	3.7609375000000000E+01
4.1996602855622768E+01	3.7609375000000000E+01
4.2064995124936104E+01	3.7609375000000000E+01
4.2133412897586823E+01	3.7609375000000000E+01
4.2201912939548492E+01	3.7609375000000000E+01
4.2270321190357208E+01	3.7609375000000000E+01
4.2338829100131989E+01	3.7609375000000000E+01
4.2407248124480247E+01	3.7609375000000000E+01
4.2475683301687241E+01	3.7609375000000000E+01
4.2544137127697468E+01	3.7609375000000000E+01
4.2612560644745827E+01	3.7609375000000000E+01
4.2680971011519432E+01	3.7609375000000000E+01
4.2749415561556816E+01	3.7609375000000000E+01
4.2817942075431347E+01	3.7609375000000000E+01
4.2886403836309910E+01	3.7609375000000000E+01
4.2954910926520824E+01	3.7609375000000000E+01
4.3023484475910664E+01	3.7609375000000000E+01
4.3092072233557701E+01	3.7609375000000000E+01
4.3160654224455357E+01	3.7609375000000000E+01
4.3229232333600521E+01	3.7609375000000000E+01
4.3297739915549755E+01	3.7609375000000000E+01
4.3366302125155926E+01	3.7609375000000000E+01
4.3435154527425766E+01	3.7609375000000000E+01
4.3504363678395748E+01	3.7609375000000000E+01
4.3573579601943493E+01	3.7609375000000000E+01
4.3642761103808880E+01	3.7609375000000000E+01
4.3711881436407566E+01	3.7609375000000000E+01
4.3781012170016766E+01	3.7609375000000000E+01
4.3850142769515514E+01	3.7609375000000000E+01
4.3919148713350296E+01	3.7609375000000000E+01
4.3988157369196415E+01	3.7609375000000000E+01
4.4057264737784863E+01	3.7609375000000000E+01
4.4126384936273098E+01	3.7609375000000000E+01
4.4195534862577915E+01	3.7609375000000000E+01
4.4264601372182369E+01	3.7609375000000000E+01
4.4333787299692631E+01	3.7609375000000000E+01
4.4403291448950768E+01	3.7609375000000000E+01
4.4472437679767609E+01	3.7609375000000000E+01
4.4541463851928711E+01	3.7609375000000000E+01
4.4610585361719131E+01	3.7609375000000000E+01
4.4679653406143188E+01	3.7609375000000000E+01
4.4748681485652924E+01	3.7609375000000000E+01
4.4817686952650547E+01	3.7609375000000000E+01
4.4886551998555660E+01	3.7609375000000000E+01
4.4955568246543407E+01	3.7609375000000000E+01
4.5024402208626270E+01	3.7609375000000000E+01
4.5093230701982975E+01	3.7609375000000000E+01
4.5162061728537083E+01	3.7609375000000000E+01
4.5230830222368240E+01	3.7609375000000000E+01
4.5299564570188522E+01	3.7609375000000000E+01
4.5368360675871372E+01	3.7609375000000000E+01
4.5437250770628452E+01	3.7609375000000000E+01
4.5506022289395332E+01	3.7609375000000000E+01
4.5574845917522907E+01	3.7609375000000000E+01
4.5643819376826286E+01	3.7609375000000000E+01
4.5712662816047668E+01	3.7609375000000000E+01
4.5781399101018906E+01	3.7609375000000000E+01
4.5849994733929634E+01	3.7609375000000000E+01
4.5918793514370918E+01	3.7609375000000000E+01
4.5987486593425274E+01	3.7609375000000000E+01
4.6056212484836578E+01	3.7609375000000000E+01
4.6124309569597244E+01	3.7609375000000000E+01
4.6192336007952690E+01	3.7609375000000000E+01
4.6260630987584591E+01	3.7609375000000000E+01
4.6328642398118973E+01	3.7609375000000000E+01
4.6396655455231667E+01	3.7609375000000000E+01
4.6464679554104805E+01	3.7609375000000000E+01
4.6532695353031158E+01	3.7609375000000000E+01
4.6600706435739994E+01	3.7609375000000000E+01
4.6669485911726952E+01	3.7609375000000000E+01
4.6737737245857716E+01	3.7609375000000000E+01
4.6806084096431732E+01	3.7609375000000000E+01
4.6874303422868252E+01	3.7609375000000000E+01
4.6942351274192333E+01	3.7609375000000000E+01
4.7010300055146217E+01	3.7609375000000000E+01
4.7078283101320267E+01	3.7609375000000000E+01
4.7146229580044746E+01	3.7609375000000000E+01
4.7214148208498955E+01	3.7609375000000000E+01
4.7282122023403645E+01	3.7609375000000000E+01
4.7349952600896358E+01	3.7609375000000000E+01
4.7417852282524109E+01	3.7609375000000000E+01
4.7485675685107708E+01	3.7609375000000000E+01
4.7553513221442699E+01	3.7609375000000000E+01
4.7621263362467289E+01	3.7609375000000000E+01
4.7689117737114429E+01	3.7609375000000000E+01
4.7757094517350197E+01	3.7609375000000000E+01
4.7824805870652199E+01	3.7609375000000000E+01
4.7892388962209225E+01	3.7609375000000000E+01
4.7960119463503361E+01	3.7609375000000000E+01
4.8027902722358704E+01	3.7609375000000000E+01
4.8095747597515583E+01	3.7609375000000000E+01
4.8163931220769882E+01	3.7609375000000000E+01
4.8231768190860748E+01	3.7609375000000000E+01
4.8299651704728603E+01	3.7609375000000000E+01
4.8367492377758026E+01	3.7609375000000000E+01
4.8435291260480881E+01	3.7609375000000000E+01
4.8502918444573879E+01	3.7609375000000000E+01
4.8570473358035088E+01	3.7609375000000000E+01
4.8638848304748535E+01	3.7609375000000000E+01
4.8706443071365356E+01	3.7609375000000000E+01
4.8774051398038864E+01	3.7609375000000000E+01
4.8841600745916367E+01	3.7609375000000000E+01
4.8909071289002895E+01	3.7609375000000000E+01
4.8976315006613731E+01	3.7609375000000000E+01
4.9043832734227180E+01	3.7609375000000000E+01
4.9111153282225132E+01	3.7609375000000000E+01
4.9178638607263565E+01	3.7609375000000000E+01
4.9245926700532436E+01	3.7609375000000000E+01
4.9312944032251835E+01	3.7609375000000000E+01
4.9380055621266365E+01	3.7609375000000000E+01
4.9447164312005043E+01	3.7609375000000000E+01
4.9514301374554634E+01	3.7609375000000000E+01
4.9581941813230515E+01	3.7609375000000000E+01
4.9649617604911327E+01	3.7609375000000000E+01
4.9717277266085148E+01	3.7609375000000000E+01
4.9784927479922771E+01	3.7609375000000000E+01
4.9852633327245712E+01	3.7609375000000000E+01
4.9920494832098484E+01	3.7609375000000000E+01
4.9988494381308556E+01	3.7609375000000000E+01
5.0056511327624321E+01	3.7609375000000000E+01
5.0124475292861462E+01	3.7609375000000000E+01
5.0193261727690697E+01	3.7609375000000000E+01
5.0261471047997475E+01	3.7609375000000000E+01
5.0329790361225605E+01	3.7609375000000000E+01
5.0398707695305347E+01	3.7609375000000000E+01
5.0467191971838474E+01	3.7609375000000000E+01
5.0535751901566982E+01	3.7609375000000000E+01
5.0604302398860455E+01	3.7609375000000000E+01
5.0672906063497066E+01	3.7609375000000000E+01
5.0741497457027435E+01	3.7609375000000000E+01
5.0810098238289356E+01	3.7609375000000000E+01
5.0878721125423908E+01	3.7609375000000000E+01
5.0947327420115471E+01	3.7609375000000000E+01
5.1016373865306377E+01	3.7609375000000000E+01
5.1085061103105545E+01	3.7609375000000000E+01
5.1154372282326221E+01	3.7609375000000000E+01
5.1223003335297108E+01	3.7609375000000000E+01
5.1291654624044895E+01	3.7609375000000000E+01
5.1360319919884205E+01	3.7609375000000000E+01
5.1429050594568253E+01	3.7609375000000000E+01
5.1497752912342548E+01	3.7609375000000000E+01
5.1566458232700825E+01	3.7609375000000000E+01
5.1635213561356068E+01	3.7609375000000000E+01
5.1703952006995678E+01	3.7609375000000000E+01
5.1772719524800777E+01	3.7609375000000000E+01
5.1841667026281357E+01	3.7609375000000000E+01
5.1910886794328690E+01	3.7609375000000000E+01
5.1979629263281822E+01	3.7609375000000000E+01
5.2048393115401268E+01	3.7609375000000000E+01
5.2117156922817230E+01	3.7609375000000000E+01
5.2185937464237213E+01	3.7609375000000000E+01
5.2254691131412983E+01	3.7609375000000000E+01
5.2323573142290115E+01	3.7609375000000000E+01
5.2392330579459667E+01	3.7609375000000000E+01
5.2461374506354332E+01	3.7609375000000000E+01
5.2530364096164703E+01	3.7609375000000000E+01
5.2599210716784000E+01	3.7609375000000000E+01
5.2668040588498116E+01	3.7609375000000000E+01
5.2736922472715378E+01	3.7609375000000000E+01
5.2805751390755177E+01	3.7609375000000000E+01
5.2874549493193626E+01	3.7609375000000000E+01
5.2943361215293407E+01	3.7609375000000000E+01
5.3012149631977081E+01	3.7609375000000000E+01
5.3080965854227543E+01	3.7609375000000000E+01
5.3149794295430183E+01	3.7609375000000000E+01
5.3218603774905205E+01	3.7609375000000000E+01
5.3287426166236401E+01	3.7609375000000000E+01
5.3356277786195278E+01	3.7609375000000000E+01
5.3425078861415386E+01	3.7609375000000000E+01
5.3493936732411385E+01	3.7609375000000000E+01
5.3562854081392288E+01	3.7609375000000000E+01
5.3632011078298092E+01	3.7609375000000000E+01
5.3701205216348171E+01	3.7609375000000000E+01
5.3770116440951824E+01	3.7609375000000000E+01
5.3839256934821606E+01	3.7609375000000000E+01
5.3908437199890614E+01	3.7609375000000000E+01
5.3977097138762474E+01	3.7609375000000000E+01
5.4045948222279549E+01	3.7609375000000000E+01
5.4114765189588070E+01	3.7609375000000000E+01
5.4183329232037067E+01	3.7609375000000000E+01
5.4251867420971394E+01	3.7609375000000000E+01
5.4320330671966076E+01	3.7609375000000000E+01
5.4389289751648903E+01	3.7609375000000000E+01
5.4458126097917557E+01	3.7609375000000000E+01
5.4526517570018768E+01	3.7609375000000000E+01
5.4595266044139862E+01	3.7609375000000000E+01
5.4664209939539433E+01	3.7609375000000000E+01
5.4732527226209641E+01	3.7609375000000000E+01
5.4800780743360519E+01	3.7609375000000000E+01
5.4869059145450592E+01	3.7609375000000000E+01
5.4937378309667110E+01	3.7609375000000000E+01
5.5005865886807442E+01	3.7609375000000000E+01
5.5074471659958363E+01	3.7609375000000000E+01
5.5142649695277214E+01	3.7609375000000000E+01
5.5210879229009151E+01	3.7609375000000000E+01
5.5279084473848343E+01	3.7609375000000000E+01
5.5347306117415428E+01	3.7609375000000000E+01
5.5415498286485672E+01	3.7609375000000000E+01
5.5483636051416397E+01	3.7609375000000000E+01
5.5552150607109070E+01	3.7609375000000000E+01
5.5620731025934219E+01	3.7609375000000000E+01
5.5688870742917061E+01	3.7609375000000000E+01
5.5757645465433598E+01	3.7609375000000000E+01
5.5826102003455162E+01	3.7609375000000000E+01
5.5894815534353256E+01	3.7609375000000000E+01
5.5963096082210541E+01	3.7609375000000000E+01
5.6031320862472057E+01	3.7609375000000000E+01
5.6099451482295990E+01	3.7609375000000000E+01
5.6167622342705727E+01	3.7609375000000000E+01
5.6236208304762840E+01	3.7609375000000000E+01
5.6304844222962856E+01	3.7609375000000000E+01
5.6373313039541245E+01	3.7609375000000000E+01
5.6441436290740967E+01	3.7609375000000000E+01
5.6509948544204235E+01	3.7609375000000000E+01
5.6578683853149414E+01	3.7609375000000000E+01
5.6646756529808044E+01	3.7609375000000000E+01
5.6714816354215145E+01	3.7609375000000000E+01
5.6782936319708824E+01	3.7609375000000000E+01
5.6851017795503139E+01	3.7609375000000000E+01
5.6919111549854279E+01	3.7609375000000000E+01
5.6987252935767174E+01	3.7609375000000000E+01
5.7055348061025143E+01	3.7609375000000000E+01
5.7123454056680202E+01	3.7609375000000000E+01
5.7191797293722630E+01	3.7609375000000000E+01
5.7259954996407032E+01	3.7609375000000000E+01
5.7328079760074615E+01	3.7609375000000000E+01
5.7396214254200459E+01	3.7609375000000000E+01
5.7464389786124229E+01	3.7609375000000000E+01
5.7533247984945774E+01	3.7609375000000000E+01
5.7602146863937378E+01	3.7609375000000000E+01
5.7670514605939388E+01	3.7609375000000000E+01
5.7738899454474449E+01	3.7609375000000000E+01
5.7807676926255226E+01	3.7609375000000000E+01
5.7876303844153881E+01	3.7609375000000000E+01
5.7944784879684448E+01	3.7609375000000000E+01
5.8013366252183914E+01	3.7609375000000000E+01
5.8081918030977249E+01	3.7609375000000000E+01
5.8150439098477364E+01	3.7609375000000000E+01
5.8219036392867565E+01	3.7609375000000000E+01
5.8288037054240704E+01	3.7609375000000000E+01
5.8356654822826385E+01	3.7609375000000000E+01
5.8425626993179321E+01	3.7609375000000000E+01
5.8494296140968800E+01	3.7609375000000000E+01
5.8563024260103703E+01	3.7609375000000000E+01
5.8631746366620064E+01	3.7609375000000000E+01
5.8700505346059799E+01	3.7609375000000000E+01
5.8769285909831524E+01	3.7609375000000000E+01
5.8838202692568302E+01	3.7609375000000000E+01
5.8907314658164978E+01	3.7609375000000000E+01
5.8976561278104782E+01	3.7609375000000000E+01
5.9045368701219559E+01	3.7609375000000000E+01
5.9114847488701344E+01	3.7609375000000000E+01
5.9183667592704296E+01	3.7609375000000000E+01
5.9252498582005501E+01	3.7609375000000000E+01
5.9322009831666946E+01	3.7609375000000000E+01
5.9390859760344028E+01	3.7609375000000000E+01
5.9459722958505154E+01	3.7609375000000000E+01
5.9528567709028721E+01	3.7609375000000000E+01
5.9597444333136082E+01	3.7609375000000000E+01
5.9666637554764748E+01	3.7609375000000000E+01
5.9735500141978264E+01	3.7609375000000000E+01
5.9804753981530666E+01	3.7609375000000000E+01
5.9873591057956219E+01	3.7609375000000000E+01
5.9942596696317196E+01	3.7609375000000000E+01
6.0011422686278820E+01	3.7609375000000000E+01
6.0080294057726860E+01	3.7609375000000000E+01
6.0149164102971554E+01	3.7609375000000000E+01
6.0218368440866470E+01	3.7609375000000000E+01
6.0287239141762257E+01	3.7609375000000000E+01
6.0356127664446831E+01	3.7609375000000000E+01
6.0425003841519356E+01	3.7609375000000000E+01
6.0494049705564976E+01	3.7609375000000000E+01
6.0562922224402428E+01	3.7609375000000000E+01
6.0631779469549656E+01	3.7609375000000000E+01
6.0700649440288544E+01	3.7609375000000000E+01
6.0769499361515045E+01	3.7609375000000000E+01
6.0838370621204376E+01	3.7609375000000000E+01
6.0907240673899651E+01	3.7609375000000000E+01
6.0976096950471401E+01	3.7609375000000000E+01
6.1044949665665627E+01	3.7609375000000000E+01
6.1114046402275562E+01	3.7609375000000000E+01
6.1183178737759590E+01	3.7609375000000000E+01
6.1252610459923744E+01	3.7609375000000000E+01
6.1321471646428108E+01	3.7609375000000000E+01
6.1390751905739307E+01	3.7609375000000000E+01
6.1459614291787148E+01	3.7609375000000000E+01
6.1528592810034752E+01	3.7609375000000000E+01
6.1597446121275425E+01	3.7609375000000000E+01
6.1666267372667789E+01	3.7609375000000000E+01
6.1735586926341057E+01	3.7609375000000000E+01
6.1804706625640392E+01	3.7609375000000000E+01
6.1873531870543957E+01	3.7609375000000000E+01
6.1942372597754002E+01	3.7609375000000000E+01
6.2011449478566647E+01	3.7609375000000000E+01
6.2080263540148735E+01	3.7609375000000000E+01
6.2149224787950516E+01	3.7609375000000000E+01
6.2218669265508652E+01	3.7609375000000000E+01
6.2287493281066418E+01	3.7609375000000000E+01
6.2356576688587666E+01	3.7609375000000000E+01
6.2425392404198647E+01	3.7609375000000000E+01
6.2494228996336460E+01	3.7609375000000000E+01
6.2563038580119610E+01	3.7609375000000000E+01
6.2632158435881138E+01	3.7609375000000000E+01
6.2700956508517265E+01	3.7609375000000000E+01
6.2769765585660934E+01	3.7609375000000000E+01
6.2838965706527233E+01	3.7609375000000000E+01
6.2908321641385555E+01	3.7609375000000000E+01
6.2977275937795639E+01	3.7609375000000000E+01
6.3045973472297192E+01	3.7609375000000000E+01
6.3115189686417580E+01	3.7609375000000000E+01
6.3183755487203598E+01	3.7609375000000000E+01
6.3252318516373634E+01	3.7609375000000000E+01
6.3320907935500145E+01	3.7609375000000000E+01
6.3389513216912746E+01	3.7609375000000000E+01
6.3458098948001862E+01	3.7609375000000000E+01
6.3527217239141464E+01	3.7609375000000000E+01
6.3595749534666538E+01	3.7609375000000000E+01
6.3664185747504234E+01	3.7609375000000000E+01
6.3732591755688190E+01	3.7609375000000000E+01
6.3800981350243092E+01	3.7609375000000000E+01
6.3869527831673622E+01	3.7609375000000000E+01
6.3937855385243893E+01	3.7609375000000000E+01
6.4006119661033154E+01	3.7609375000000000E+01
6.4074340268969536E+01	3.7609375000000000E+01
6.4142522647976875E+01	3.7609375000000000E+01
6.4210689723491669E+01	3.7609375000000000E+01
6.4279118336737156E+01	3.7609375000000000E+01
6.4347247473895550E+01	3.7609375000000000E+01
6.4415898874402046E+01	3.7609375000000000E+01
6.4483995378017426E+01	3.7609375000000000E+01
6.4552069075405598E+01	3.7609375000000000E+01
6.4620137117803097E+01	3.7609375000000000E+01
6.4688898779451847E+01	3.7609375000000000E+01
6.4757031545042992E+01	3.7609375000000000E+01
6.4825095400214195E+01	3.7609375000000000E+01
6.4893165655434132E+01	3.7609375000000000E+01
6.4961231462657452E+01	3.7609375000000000E+01
6.5029300555586815E+01	3.7609375000000000E+01
6.5097525663673878E+01	3.7609375000000000E+01
6.5165562614798546E+01	3.7609375000000000E+01
6.5233612798154354E+01	3.7609375000000000E+01
6.5301842190325260E+01	3.7609375000000000E+01
6.5369912892580032E+01	3.7609375000000000E+01
6.5437968574464321E+01	3.7609375000000000E+01
6.5506003431975842E+01	3.7609375000000000E+01
6.5574056424200535E+01	3.7609375000000000E+01
6.5642681568861008E+01	3.7609375000000000E+01
6.5711620606482029E+01	3.7609375000000000E+01
6.5779717303812504E+01	3.7609375000000000E+01
6.5847806960344315E+01	3.7609375000000000E+01
6.5915905788540840E+01	3.7609375000000000E+01
6.5984337888658047E+01	3.7609375000000000E+01
6.6052438512444496E+01	3.7609375000000000E+01
6.6120512068271637E+01	3.7609375000000000E+01
6.6188622750341892E+01	3.7609375000000000E+01
6.6256713479757309E+01	3.7609375000000000E+01
6.6324793860316277E+01	3.7609375000000000E+01
6.6392917856574059E+01	3.7609375000000000E+01
6.6460995353758335E+01	3.7609375000000000E+01
6.6529642336070538E+01	3.7609375000000000E+01
6.6597760684788227E+01	3.7609375000000000E+01
6.6665903501212597E+01	3.7609375000000000E+01
6.6735185481607914E+01	3.7609375000000000E+01
6.6803458228707314E+01	3.7609375000000000E+01
6.6871624000370502E+01	3.7609375000000000E+01
6.6939771309494972E+01	3.7609375000000000E+01
6.7008267164230347E+01	3.7609375000000000E+01
6.7076458893716335E+01	3.7609375000000000E+01
6.7197821728885174E+01	3.7703125000000000E+01
6.7315649785101414E+01	3.7703125000000000E+01
6.7426035523414612E+01	3.7703125000000000E+01
6.7519836895167828E+01	3.7703125000000000E+01
6.7578706897795200E+01	3.7703125000000000E+01
6.7605566821992397E+01	3.7703125000000000E+01
6.7632309526205063E+01	3.7703125000000000E+01
6.7659018822014332E+01	3.7703125000000000E+01
6.7685662277042866E+01	3.7703125000000000E+01
6.7712153613567352E+01	3.7703125000000000E+01
6.7738748870790005E+01	3.7703125000000000E+01
