0.0000000000000000E+00	7.2299999999999998E-01
9.2092092092092093E+02	7.2299699270259532E-01
1.8418418418418419E+03	7.2302341440529405E-01
2.7627627627627626E+03	7.2302041081729118E-01
3.6836836836836837E+03	7.2303449156417199E-01
4.6046046046046049E+03	7.2304267025452751E-01
5.5255255255255252E+03	7.2305063362665345E-01
6.4464464464464463E+03	7.2306256213181874E-01
7.3673673673673675E+03	7.2307795483681736E-01
8.2882882882882877E+03	7.2310539125097739E-01
9.2092092092092098E+03	7.2310170646254068E-01
1.0130130130130130E+04	7.2311055791567869E-01
1.1051051051051050E+04	7.2312746203940392E-01
1.1971971971971972E+04	7.2313747121132343E-01
1.2892892892892893E+04	7.2314652200178575E-01
1.3813813813813815E+04	7.2317618413888618E-01
1.4734734734734735E+04	7.2317015887192670E-01
1.5655655655655655E+04	7.2318550310194185E-01
1.6576576576576575E+04	7.2319228301481819E-01
1.7497497497497498E+04	7.2321666442237598E-01
1.8418418418418420E+04	7.2321683413667326E-01
1.9339339339339338E+04	7.2323291243139942E-01
2.0260260260260260E+04	7.2324256202793469E-01
2.1181181181181182E+04	7.2325163168536111E-01
2.2102102102102101E+04	7.2328300891652597E-01
2.3023023023023023E+04	7.2327575551617729E-01
2.3943943943943945E+04	7.2328800767635626E-01
2.4864864864864867E+04	7.2330272976738774E-01
2.5785785785785785E+04	7.2331570866775163E-01
2.6706706706706707E+04	7.2332694400590780E-01
2.7627627627627629E+04	7.2333748130264974E-01
2.8548548548548548E+04	7.2334786358667846E-01
2.9469469469469470E+04	7.2335867375097207E-01
3.0390390390390392E+04	7.2337019657201762E-01
3.1311311311311310E+04	7.2338174900246455E-01
3.2232232232232232E+04	7.2339385627408004E-01
3.3153153153153151E+04	7.2340584724532642E-01
3.4074074074074073E+04	7.2341843246894788E-01
3.4994994994994995E+04	7.2343157119864654E-01
3.5915915915915917E+04	7.2344489892621378E-01
3.6836836836836839E+04	7.2345800401508831E-01
3.7757757757757761E+04	7.2346961393660059E-01
3.8678678678678676E+04	7.2347930365686697E-01
3.9599599599599598E+04	7.2348861669665954E-01
4.0520520520520520E+04	7.2350803301145894E-01
4.1441441441441442E+04	7.2351697353407918E-01
4.2362362362362364E+04	7.2352499712917084E-01
4.3283283283283286E+04	7.2354095739391555E-01
4.4204204204204201E+04	7.2355142148185236E-01
4.5125125125125123E+04	7.2356050957651086E-01
4.6046046046046045E+04	7.2357702588605943E-01
4.6966966966966967E+04	7.2358608845957395E-01
4.7887887887887890E+04	7.2360019029198241E-01
4.8808808808808812E+04	7.2360832262259078E-01
4.9729729729729734E+04	7.2361996227831005E-01
5.0650650650650648E+04	7.2363635355610878E-01
5.1571571571571571E+04	7.2364358966262210E-01
5.2492492492492493E+04	7.2365784357931573E-01
5.3413413413413415E+04	7.2367203319269158E-01
5.4334334334334337E+04	7.2367901559459291E-01
5.5255255255255259E+04	7.2369094055954608E-01
5.6176176176176174E+04	7.2370716872986574E-01
5.7097097097097096E+04	7.2373462451559478E-01
5.8018018018018018E+04	7.2373149438172624E-01
5.8938938938938940E+04	7.2373969890801138E-01
5.9859859859859862E+04	7.2375297628411528E-01
6.0780780780780784E+04	7.2376284805022106E-01
6.1701701701701706E+04	7.2377575767956626E-01
6.2622622622622621E+04	7.2378685108388141E-01
6.3543543543543543E+04	7.2379996287751158E-01
6.4464464464464465E+04	7.2381043616319918E-01
6.5385385385385387E+04	7.2382587487846961E-01
6.6306306306306302E+04	7.2384037189186401E-01
6.7227227227227224E+04	7.2385151885114107E-01
6.8148148148148146E+04	7.2386286966577396E-01
6.9069069069069068E+04	7.2387227485967587E-01
6.9989989989989990E+04	7.2388439568733665E-01
7.0910910910910912E+04	7.2390432273010796E-01
7.1831831831831834E+04	7.2391053446528630E-01
7.2752752752752756E+04	7.2391919548828787E-01
7.3673673673673678E+04	7.2393937868805225E-01
7.4594594594594600E+04	7.2394557947754212E-01
7.5515515515515523E+04	7.2395723984329907E-01
7.6436436436436445E+04	7.2397282415481412E-01
7.7357357357357352E+04	7.2397832014104468E-01
7.8278278278278274E+04	7.2399496076713843E-01
7.9199199199199196E+04	7.2400502264773559E-01
8.0120120120120118E+04	7.2401577865631339E-01
8.1041041041041040E+04	7.2403250147069842E-01
8.1961961961961963E+04	7.2403903034139094E-01
8.2882882882882885E+04	7.2405507188174012E-01
8.3803803803803807E+04	7.2406694825709284E-01
8.4724724724724729E+04	7.2407576426898457E-01
8.5645645645645651E+04	7.2408677222230300E-01
8.6566566566566573E+04	7.2411024356671816E-01
8.7487487487487495E+04	7.2412149378203072E-01
8.8408408408408402E+04	7.2412394150936477E-01
8.9329329329329325E+04	7.2413466596606479E-01
9.0250250250250247E+04	7.2414696816020818E-01
9.1171171171171169E+04	7.2415999392355901E-01
9.2092092092092091E+04	7.2417232992433045E-01
9.3013013013013013E+04	7.2418456310665802E-01
9.3933933933933935E+04	7.2419625579937796E-01
9.4854854854854857E+04	7.2420775545683425E-01
9.5775775775775779E+04	7.2421910718385074E-01
9.6696696696696701E+04	7.2423143364140030E-01
9.7617617617617623E+04	7.2424799854830035E-01
9.8538538538538545E+04	7.2427498726404216E-01
9.9459459459459467E+04	7.2427017494144263E-01
1.0038038038038037E+05	7.2427954721118681E-01
1.0130130130130130E+05	7.2429467890047783E-01
1.0222222222222222E+05	7.2430883281410863E-01
1.0314314314314314E+05	7.2431838726838538E-01
1.0406406406406406E+05	7.2432800207206383E-01
1.0498498498498499E+05	7.2435416615646531E-01
1.0590590590590591E+05	7.2435247647927670E-01
1.0682682682682683E+05	7.2436908351207785E-01
1.0774774774774775E+05	7.2437779598006813E-01
1.0866866866866867E+05	7.2440073834323948E-01
1.0958958958958960E+05	7.2440056496685612E-01
1.1051051051051052E+05	7.2441765256662416E-01
1.1143143143143144E+05	7.2442461857248552E-01
1.1235235235235235E+05	7.2443844000745627E-01
1.1327327327327327E+05	7.2445375797538969E-01
1.1419419419419419E+05	7.2446102405487356E-01
1.1511511511511511E+05	7.2447343289051780E-01
1.1603603603603604E+05	7.2449036994394811E-01
1.1695695695695696E+05	7.2450253859550640E-01
1.1787787787787788E+05	7.2451180514037294E-01
1.1879879879879880E+05	7.2452232864319677E-01
1.1971971971971972E+05	7.2453397265715991E-01
1.2064064064064065E+05	7.2454950230555470E-01
1.2156156156156157E+05	7.2456229254766391E-01
1.2248248248248249E+05	7.2457485898888940E-01
1.2340340340340341E+05	7.2459019020421922E-01
1.2432432432432432E+05	7.2459909212270768E-01
1.2524524524524524E+05	7.2460985756452456E-01
1.2616616616616616E+05	7.2462215333702296E-01
1.2708708708708709E+05	7.2463102042314198E-01
1.2800800800800801E+05	7.2464362225219303E-01
1.2892892892892893E+05	7.2465858361495994E-01
1.2984984984984985E+05	7.2467963891150278E-01
1.3077077077077077E+05	7.2468448104493255E-01
1.3169169169169170E+05	7.2469200389870803E-01
1.3261261261261260E+05	7.2470462231694643E-01
1.3353353353353354E+05	7.2472148951546189E-01
1.3445445445445445E+05	7.2472865912562090E-01
1.3537537537537538E+05	7.2474248009398379E-01
1.3629629629629629E+05	7.2475726466584478E-01
1.3721721721721723E+05	7.2476714476331872E-01
1.3813813813813814E+05	7.2478871455002181E-01
1.3905905905905907E+05	7.2478944739933282E-01
1.3997997997997998E+05	7.2480640318579403E-01
1.4090090090090092E+05	7.2481708654567079E-01
1.4182182182182182E+05	7.2482671705218382E-01
1.4274274274274273E+05	7.2485205873178216E-01
1.4366366366366367E+05	7.2485066018846533E-01
1.4458458458458458E+05	7.2486628875432069E-01
1.4550550550550551E+05	7.2488027310247849E-01
1.4642642642642642E+05	7.2489073377173074E-01
1.4734734734734736E+05	7.2490033503171081E-01
1.4826826826826826E+05	7.2491195702716238E-01
1.4918918918918920E+05	7.2492966820315252E-01
1.5011011011011011E+05	7.2495485535604998E-01
1.5103103103103105E+05	7.2496265532470028E-01
1.5195195195195195E+05	7.2496769497235192E-01
1.5287287287287289E+05	7.2497732819887362E-01
1.5379379379379380E+05	7.2498898983436011E-01
1.5471471471471470E+05	7.2500250982557490E-01
1.5563563563563564E+05	7.2501887300103662E-01
1.5655655655655655E+05	7.2504011143182900E-01
1.5747747747747749E+05	7.2504797995331127E-01
1.5839839839839839E+05	7.2504912075419425E-01
1.5931931931931933E+05	7.2505886560482180E-01
1.6024024024024024E+05	7.2507294232331720E-01
1.6116116116116117E+05	7.2508805741349880E-01
1.6208208208208208E+05	7.2510075526853701E-01
1.6300300300300302E+05	7.2510997155575996E-01
1.6392392392392393E+05	7.2512094547231831E-01
1.6484484484484486E+05	7.2514752681971073E-01
1.6576576576576577E+05	7.2514513723651219E-01
1.6668668668668668E+05	7.2516203008726643E-01
1.6760760760760761E+05	7.2517243184350044E-01
1.6852852852852852E+05	7.2518449513191108E-01
1.6944944944944946E+05	7.2519474368265513E-01
1.7037037037037036E+05	7.2521096310466293E-01
1.7129129129129130E+05	7.2522053206628623E-01
1.7221221221221221E+05	7.2525093894246273E-01
1.7313313313313315E+05	7.2524551053541997E-01
1.7405405405405405E+05	7.2525897748735757E-01
1.7497497497497499E+05	7.2528701902966908E-01
1.7589589589589590E+05	7.2528343878606838E-01
1.7681681681681680E+05	7.2529391364586826E-01
1.7773773773773774E+05	7.2530729313303943E-01
1.7865865865865865E+05	7.2532256637933279E-01
1.7957957957957959E+05	7.2533847339320490E-01
1.8050050050050049E+05	7.2534576239298698E-01
1.8142142142142143E+05	7.2535454734708860E-01
1.8234234234234234E+05	7.2536838369892676E-01
1.8326326326326327E+05	7.2537937428981447E-01
1.8418418418418418E+05	7.2539260930678051E-01
1.8510510510510512E+05	7.2540406535764956E-01
1.8602602602602603E+05	7.2541829825393767E-01
1.8694694694694696E+05	7.2542905635228383E-01
1.8786786786786787E+05	7.2544531423649217E-01
1.8878878878878878E+05	7.2547165788614498E-01
1.8970970970970971E+05	7.2547031339921464E-01
1.9063063063063062E+05	7.2547825182497760E-01
1.9155155155155156E+05	7.2549061749059762E-01
1.9247247247247247E+05	7.2550756203039268E-01
1.9339339339339340E+05	7.2552129084004036E-01
1.9431431431431431E+05	7.2552845299839419E-01
1.9523523523523525E+05	7.2554462659432395E-01
1.9615615615615615E+05	7.2555469358320590E-01
1.9707707707707709E+05	7.2556491071930296E-01
1.9799799799799800E+05	7.2558225419845734E-01
1.9891891891891893E+05	7.2559130247836789E-01
1.9983983983983984E+05	7.2561372263615465E-01
2.0076076076076075E+05	7.2561445002479086E-01
2.0168168168168169E+05	7.2563100135827729E-01
2.0260260260260259E+05	7.2564358977678745E-01
2.0352352352352353E+05	7.2565193548399809E-01
2.0444444444444444E+05	7.2567419107527509E-01
2.0536536536536537E+05	7.2568009999733729E-01
2.0628628628628628E+05	7.2568945610249946E-01
2.0720720720720722E+05	7.2570476843856779E-01
2.0812812812812813E+05	7.2571903157144146E-01
2.0904904904904906E+05	7.2573139324588554E-01
2.0996996996996997E+05	7.2574225431128370E-01
2.1089089089089091E+05	7.2575324162625121E-01
2.1181181181181181E+05	7.2576454795161904E-01
2.1273273273273272E+05	7.2577638297179425E-01
2.1365365365365366E+05	7.2578880597225659E-01
2.1457457457457457E+05	7.2580125078455060E-01
2.1549549549549550E+05	7.2581385035266455E-01
2.1641641641641641E+05	7.2582682838260038E-01
2.1733733733733735E+05	7.2584040209292400E-01
2.1825825825825825E+05	7.2585438025300264E-01
2.1917917917917919E+05	7.2586835551947315E-01
2.2010010010010010E+05	7.2588117135055574E-01
2.2102102102102104E+05	7.2589178962476908E-01
2.2194194194194194E+05	7.2590135383911381E-01
2.2286286286286288E+05	7.2591653903360731E-01
2.2378378378378379E+05	7.2593689069158140E-01
2.2470470470470469E+05	7.2593850257942805E-01
2.2562562562562563E+05	7.2595503068156131E-01
2.2654654654654654E+05	7.2596777701654214E-01
2.2746746746746748E+05	7.2597572168940105E-01
2.2838838838838838E+05	7.2600155849911185E-01
2.2930930930930932E+05	7.2600225712622624E-01
2.3023023023023023E+05	7.2601841740365158E-01
2.3115115115115116E+05	7.2602594072885207E-01
2.3207207207207207E+05	7.2604116811603725E-01
2.3299299299299301E+05	7.2605533566708980E-01
2.3391391391391392E+05	7.2606451912459613E-01
2.3483483483483485E+05	7.2608343248961971E-01
2.3575575575575576E+05	7.2609304635086891E-01
2.3667667667667667E+05	7.2610135326002179E-01
2.3759759759759760E+05	7.2611366595306259E-01
2.3851851851851851E+05	7.2613088883668842E-01
2.3943943943943945E+05	7.2615516963013871E-01
2.4036036036036036E+05	7.2615549415931480E-01
2.4128128128128129E+05	7.2616404638451171E-01
2.4220220220220220E+05	7.2617828162003539E-01
2.4312312312312314E+05	7.2618922718619605E-01
2.4404404404404404E+05	7.2620236273614058E-01
2.4496496496496498E+05	7.2621425170195375E-01
2.4588588588588589E+05	7.2622801706141682E-01
2.4680680680680682E+05	7.2623904692122376E-01
2.4772772772772773E+05	7.2625528666967831E-01
2.4864864864864864E+05	7.2627240840107188E-01
2.4956956956956958E+05	7.2628209436013558E-01
2.5049049049049048E+05	7.2629171502697321E-01
2.5141141141141142E+05	7.2630325207241209E-01
2.5233233233233233E+05	7.2631771439592752E-01
2.5325325325325326E+05	7.2634649334785062E-01
2.5417417417417417E+05	7.2634309432500266E-01
2.5509509509509511E+05	7.2635461846382976E-01
2.5601601601601602E+05	7.2638452266051701E-01
2.5693693693693695E+05	7.2637911401278166E-01
2.5785785785785786E+05	7.2639477713659939E-01
2.5877877877877880E+05	7.2640295788512332E-01
2.5969969969969970E+05	7.2641960648349158E-01
2.6062062062062061E+05	7.2643041355494575E-01
2.6154154154154155E+05	7.2644549771081401E-01
2.6246246246246248E+05	7.2645374535693696E-01
2.6338338338338339E+05	7.2647517382575355E-01
2.6430430430430430E+05	7.2648039294362554E-01
2.6522522522522521E+05	7.2649236547304419E-01
2.6614614614614617E+05	7.2650825775953953E-01
2.6706706706706708E+05	7.2652144277183295E-01
2.6798798798798799E+05	7.2653166368591826E-01
2.6890890890890890E+05	7.2654211077460795E-01
2.6982982982982986E+05	7.2655452044436053E-01
2.7075075075075077E+05	7.2657152920626566E-01
2.7167167167167168E+05	7.2659385996693027E-01
2.7259259259259258E+05	7.2661204635434029E-01
2.7351351351351349E+05	7.2662168212533695E-01
2.7443443443443446E+05	7.2663289019503841E-01
2.7535535535535536E+05	7.2664760126129113E-01
2.7627627627627627E+05	7.2666259490702856E-01
2.7719719719719718E+05	7.2666774272052703E-01
2.7811811811811815E+05	7.2667168512742941E-01
2.7903903903903905E+05	7.2668102754555730E-01
2.7995995995995996E+05	7.2669426705769791E-01
2.8088088088088087E+05	7.2670941915444109E-01
2.8180180180180183E+05	7.2672412386213636E-01
2.8272272272272274E+05	7.2673572796119601E-01
2.8364364364364365E+05	7.2674488861232722E-01
2.8456456456456456E+05	7.2676179813037434E-01
2.8548548548548546E+05	7.2677370326246515E-01
2.8640640640640643E+05	7.2678376211189710E-01
2.8732732732732734E+05	7.2680030967837839E-01
2.8824824824824824E+05	7.2680924045430828E-01
2.8916916916916915E+05	7.2683251896958423E-01
2.9009009009009012E+05	7.2683336162546097E-01
2.9101101101101103E+05	7.2685114068865542E-01
2.9193193193193193E+05	7.2685901600137126E-01
2.9285285285285284E+05	7.2687920764176761E-01
2.9377377377377381E+05	7.2688771676519459E-01
2.9469469469469471E+05	7.2689847809882346E-01
2.9561561561561562E+05	7.2691861723577178E-01
2.9653653653653653E+05	7.2692687603779316E-01
2.9745745745745744E+05	7.2693490923064086E-01
2.9837837837837840E+05	7.2694785254040006E-01
2.9929929929929931E+05	7.2696472765242182E-01
3.0022022022022022E+05	7.2699074841460420E-01
3.0114114114114112E+05	7.2699107345636327E-01
3.0206206206206209E+05	7.2700341080350439E-01
3.0298298298298300E+05	7.2701530590994057E-01
3.0390390390390391E+05	7.2702525330862056E-01
3.0482482482482481E+05	7.2704056570294739E-01
3.0574574574574578E+05	7.2705162966047665E-01
3.0666666666666669E+05	7.2706695987581238E-01
3.0758758758758759E+05	7.2708780509735071E-01
3.0850850850850850E+05	7.2709328088317748E-01
3.0942942942942941E+05	7.2710477373845495E-01
3.1035035035035037E+05	7.2711565946136814E-01
3.1127127127127128E+05	7.2712800453151261E-01
3.1219219219219219E+05	7.2714442727941131E-01
3.1311311311311310E+05	7.2715698772521364E-01
3.1403403403403406E+05	7.2716475147897963E-01
3.1495495495495497E+05	7.2717924642616094E-01
3.1587587587587588E+05	7.2719522406829640E-01
3.1679679679679679E+05	7.2720402528147876E-01
3.1771771771771775E+05	7.2723296298632978E-01
3.1863863863863866E+05	7.2723047569981802E-01
3.1955955955955957E+05	7.2724652083053731E-01
3.2048048048048047E+05	7.2725442100362658E-01
3.2140140140140138E+05	7.2728658745167785E-01
3.2232232232232235E+05	7.2728010201729432E-01
3.2324324324324325E+05	7.2729726610641088E-01
3.2416416416416416E+05	7.2731003368333746E-01
3.2508508508508507E+05	7.2731922374365421E-01
3.2600600600600604E+05	7.2733432619653915E-01
3.2692692692692694E+05	7.2736004377980690E-01
3.2784784784784785E+05	7.2735759707187431E-01
3.2876876876876876E+05	7.2737041288081172E-01
3.2968968968968972E+05	7.2738531756147951E-01
3.3061061061061063E+05	7.2739982624788846E-01
3.3153153153153154E+05	7.2741364217327886E-01
3.3245245245245245E+05	7.2742641955732978E-01
3.3337337337337335E+05	7.2743947408647913E-01
3.3429429429429432E+05	7.2745211277347632E-01
3.3521521521521523E+05	7.2746487826415696E-01
3.3613613613613613E+05	7.2747789656909267E-01
3.3705705705705704E+05	7.2749051789291053E-01
3.3797797797797801E+05	7.2750289085850417E-01
3.3889889889889891E+05	7.2751401194501386E-01
3.3981981981981982E+05	7.2752498739881666E-01
3.4074074074074073E+05	7.2753728948501639E-01
3.4166166166166170E+05	7.2756253024437645E-01
3.4258258258258260E+05	7.2756750469440989E-01
3.4350350350350351E+05	7.2757595942713305E-01
3.4442442442442442E+05	7.2759273557028203E-01
3.4534534534534533E+05	7.2760620994067859E-01
3.4626626626626629E+05	7.2761489389110268E-01
3.4718718718718720E+05	7.2764252658387529E-01
3.4810810810810811E+05	7.2764020832616372E-01
3.4902902902902901E+05	7.2765775809872180E-01
3.4994994994994998E+05	7.2766832743076892E-01
3.5087087087087089E+05	7.2769013018008866E-01
3.5179179179179179E+05	7.2769234537095329E-01
3.5271271271271270E+05	7.2770987816594779E-01
3.5363363363363361E+05	7.2771815732818879E-01
3.5455455455455458E+05	7.2773067884433884E-01
3.5547547547547548E+05	7.2774869839994205E-01
3.5639639639639639E+05	7.2775883881652992E-01
3.5731731731731730E+05	7.2777031943802284E-01
3.5823823823823826E+05	7.2778539297096290E-01
3.5915915915915917E+05	7.2780388018074382E-01
3.6008008008008008E+05	7.2781354700869361E-01
3.6100100100100099E+05	7.2782715041750812E-01
3.6192192192192195E+05	7.2783794315031780E-01
3.6284284284284286E+05	7.2784756504773485E-01
3.6376376376376377E+05	7.2786262714471472E-01
3.6468468468468467E+05	7.2787320793599319E-01
3.6560560560560558E+05	7.2788906349598170E-01
3.6652652652652655E+05	7.2790041728004007E-01
3.6744744744744746E+05	7.2791671546319581E-01
3.6836836836836836E+05	7.2794297707716926E-01
3.6928928928928927E+05	7.2794286223590532E-01
3.7021021021021024E+05	7.2795151442077854E-01
3.7113113113113114E+05	7.2796453592181376E-01
3.7205205205205205E+05	7.2798094183085860E-01
3.7297297297297296E+05	7.2800792263119773E-01
3.7389389389389392E+05	7.2800543777341498E-01
3.7481481481481483E+05	7.2801882486414193E-01
3.7573573573573574E+05	7.2804531947033246E-01
3.7665665665665665E+05	7.2804305147066617E-01
3.7757757757757755E+05	7.2805985887858926E-01
3.7849849849849852E+05	7.2806823826678602E-01
3.7941941941941943E+05	7.2808635609299710E-01
3.8034034034034034E+05	7.2809629755474126E-01
3.8126126126126124E+05	7.2811211437058576E-01
3.8218218218218221E+05	7.2812071743382700E-01
3.8310310310310312E+05	7.2814234958748780E-01
3.8402402402402402E+05	7.2814782636465580E-01
3.8494494494494493E+05	7.2816039254768428E-01
3.8586586586586590E+05	7.2817687572555312E-01
3.8678678678678680E+05	7.2819013010261113E-01
3.8770770770770771E+05	7.2820076751871843E-01
3.8862862862862862E+05	7.2821160409928731E-01
3.8954954954954953E+05	7.2822502868024275E-01
3.9047047047047049E+05	7.2824351071450633E-01
3.9139139139139140E+05	7.2826750712455912E-01
3.9231231231231231E+05	7.2828208732877620E-01
3.9323323323323322E+05	7.2829027854571293E-01
3.9415415415415418E+05	7.2830182064013027E-01
3.9507507507507509E+05	7.2831689310623371E-01
3.9599599599599600E+05	7.2833477034225402E-01
3.9691691691691690E+05	7.2834496523753423E-01
3.9783783783783787E+05	7.2834713529372552E-01
3.9875875875875878E+05	7.2835541290629824E-01
3.9967967967967968E+05	7.2836864131321954E-01
4.0060060060060059E+05	7.2838406918416931E-01
4.0152152152152150E+05	7.2839929711363605E-01
4.0244244244244247E+05	7.2841176171529176E-01
4.0336336336336337E+05	7.2842131323622061E-01
4.0428428428428428E+05	7.2843658077695084E-01
4.0520520520520519E+05	7.2845278461998131E-01
4.0612612612612615E+05	7.2846090963296073E-01
4.0704704704704706E+05	7.2847808755688925E-01
4.0796796796796797E+05	7.2848770517644623E-01
4.0888888888888888E+05	7.2850870685379399E-01
4.0980980980980984E+05	7.2851220399745642E-01
4.1073073073073075E+05	7.2853051147496950E-01
4.1165165165165166E+05	7.2853903628499472E-01
4.1257257257257256E+05	7.2856091614948482E-01
4.1349349349349347E+05	7.2856828077169866E-01
4.1441441441441444E+05	7.2857941762906731E-01
4.1533533533533535E+05	7.2860062047563501E-01
4.1625625625625625E+05	7.2860858621510671E-01
4.1717717717717716E+05	7.2861730863732310E-01
4.1809809809809813E+05	7.2863029848988126E-01
4.1901901901901903E+05	7.2864764746379562E-01
4.1993993993993994E+05	7.2867278533920388E-01
4.2086086086086085E+05	7.2867484421629169E-01
4.2178178178178181E+05	7.2868905470796186E-01
4.2270270270270272E+05	7.2870017331280856E-01
4.2362362362362363E+05	7.2871112343049360E-01
4.2454454454454454E+05	7.2872630077249234E-01
4.2546546546546544E+05	7.2873905302899922E-01
4.2638638638638641E+05	7.2875353311840496E-01
4.2730730730730732E+05	7.2878047872200391E-01
4.2822822822822822E+05	7.2878021609015853E-01
4.2914914914914913E+05	7.2878969092834822E-01
4.3007007007007010E+05	7.2880279021170702E-01
4.3099099099099101E+05	7.2881740290678587E-01
4.3191191191191191E+05	7.2884078454928591E-01
4.3283283283283282E+05	7.2884519255139235E-01
4.3375375375375379E+05	7.2885503329314305E-01
4.3467467467467469E+05	7.2887449561246953E-01
4.3559559559559560E+05	7.2888458547964685E-01
4.3651651651651651E+05	7.2889612194040987E-01
4.3743743743743742E+05	7.2892042834615023E-01
4.3835835835835838E+05	7.2892057694440371E-01
4.3927927927927929E+05	7.2893876494574628E-01
4.4020020020020020E+05	7.2894828148269464E-01
4.4112112112112110E+05	7.2896717365208596E-01
4.4204204204204207E+05	7.2897433341765860E-01
4.4296296296296298E+05	7.2898885831889337E-01
4.4388388388388389E+05	7.2900490503796744E-01
4.4480480480480479E+05	7.2901594429961913E-01
4.4572572572572576E+05	7.2902610986057070E-01
4.4664664664664667E+05	7.2904524576799479E-01
4.4756756756756757E+05	7.2906729581261653E-01
4.4848848848848848E+05	7.2906720508650102E-01
4.4940940940940939E+05	7.2907919230440055E-01
4.5033033033033035E+05	7.2909347260463175E-01
4.5125125125125126E+05	7.2910828344018630E-01
4.5217217217217217E+05	7.2912228923173472E-01
4.5309309309309308E+05	7.2913598253593526E-01
4.5401401401401404E+05	7.2914906980807359E-01
4.5493493493493495E+05	7.2916233652702533E-01
4.5585585585585586E+05	7.2917499795337259E-01
4.5677677677677677E+05	7.2918690076711457E-01
4.5769769769769773E+05	7.2919890828967548E-01
4.5861861861861864E+05	7.2921209036214918E-01
4.5953953953953955E+05	7.2923167008868484E-01
4.6046046046046045E+05	7.2925326474396190E-01
4.6138138138138136E+05	7.2925209589171103E-01
4.6230230230230233E+05	7.2926666982218069E-01
4.6322322322322323E+05	7.2928318447954799E-01
4.6414414414414414E+05	7.2929560372412139E-01
4.6506506506506505E+05	7.2930496264880795E-01
4.6598598598598602E+05	7.2933733027232672E-01
4.6690690690690692E+05	7.2933161536165836E-01
4.6782782782782783E+05	7.2934960286679551E-01
4.6874874874874874E+05	7.2936066557596113E-01
4.6966966966966970E+05	7.2937969639109312E-01
4.7059059059059061E+05	7.2938487978147881E-01
4.7151151151151152E+05	7.2940336575889841E-01
4.7243243243243243E+05	7.2941145996823353E-01
4.7335335335335333E+05	7.2942599570546518E-01
4.7427427427427430E+05	7.2944326460142639E-01
4.7519519519519521E+05	7.2945143686205716E-01
4.7611611611611611E+05	7.2946485974616027E-01
4.7703703703703702E+05	7.2948293859658342E-01
4.7795795795795799E+05	7.2950759825652356E-01
4.7887887887887890E+05	7.2950883633882890E-01
4.7979979979979980E+05	7.2951845631792223E-01
4.8072072072072071E+05	7.2953241403036972E-01
4.8164164164164168E+05	7.2954616212612544E-01
4.8256256256256258E+05	7.2955836411680230E-01
4.8348348348348349E+05	7.2957367181636568E-01
4.8440440440440440E+05	7.2958514338197056E-01
4.8532532532532531E+05	7.2959976102934743E-01
4.8624624624624627E+05	7.2961288659360091E-01
4.8716716716716718E+05	7.2962525107563614E-01
4.8808808808808809E+05	7.2964262552665593E-01
4.8900900900900899E+05	7.2966740930222318E-01
4.8992992992992996E+05	7.2967003878029857E-01
4.9085085085085087E+05	7.2967874369637120E-01
4.9177177177177178E+05	7.2969213581642745E-01
4.9269269269269268E+05	7.2971061903236156E-01
4.9361361361361365E+05	7.2972032839021683E-01
4.9453453453453456E+05	7.2973232985663039E-01
4.9545545545545546E+05	7.2975107355477165E-01
4.9637637637637637E+05	7.2975916213979319E-01
4.9729729729729728E+05	7.2977967266993848E-01
4.9821821821821824E+05	7.2978854652453462E-01
4.9913913913913915E+05	7.2980414727956322E-01
5.0006006006006006E+05	7.2981291045831453E-01
5.0098098098098097E+05	7.2984415265409697E-01
5.0190190190190193E+05	7.2983998900604707E-01
5.0282282282282284E+05	7.2985757426184639E-01
5.0374374374374375E+05	7.2987132554072476E-01
5.0466466466466465E+05	7.2988144775415575E-01
5.0558558558558562E+05	7.2989415274270575E-01
5.0650650650650653E+05	7.2992393783114984E-01
5.0742742742742744E+05	7.2992572308534154E-01
5.0834834834834834E+05	7.2993423397226453E-01
5.0926926926926925E+05	7.2994781417250199E-01
5.1019019019019022E+05	7.2996277448263347E-01
5.1111111111111112E+05	7.2997743923068703E-01
5.1203203203203203E+05	7.2999145093294782E-01
5.1295295295295294E+05	7.3000511323488715E-01
5.1387387387387390E+05	7.3001855571752527E-01
5.1479479479479481E+05	7.3003170576378751E-01
5.1571571571571572E+05	7.3004429535372206E-01
5.1663663663663663E+05	7.3005649628541602E-01
5.1755755755755759E+05	7.3006874545806155E-01
5.1847847847847850E+05	7.3008292576805656E-01
5.1939939939939941E+05	7.3010796393643518E-01
5.2032032032032032E+05	7.3011652321592557E-01
5.2124124124124122E+05	7.3012249166372389E-01
5.2216216216216219E+05	7.3013880397953668E-01
5.2308308308308310E+05	7.3015478450856763E-01
5.2400400400400400E+05	7.3016602155494259E-01
5.2492492492492497E+05	7.3017734656231026E-01
5.2584584584584588E+05	7.3019896249657590E-01
5.2676676676676678E+05	7.3020470555875161E-01
5.2768768768768769E+05	7.3022227831165010E-01
5.2860860860860860E+05	7.3023095866179966E-01
5.2952952952952951E+05	7.3025982347108132E-01
5.3045045045045041E+05	7.3025990684405861E-01
5.3137137137137132E+05	7.3027524723441195E-01
5.3229229229229235E+05	7.3029067384129653E-01
5.3321321321321325E+05	7.3029904733129558E-01
5.3413413413413416E+05	7.3031620129137431E-01
5.3505505505505507E+05	7.3033663896715606E-01
5.3597597597597598E+05	7.3034138065240362E-01
5.3689689689689688E+05	7.3035407892651016E-01
5.3781781781781779E+05	7.3036774671285076E-01
5.3873873873873870E+05	7.3038461501969443E-01
5.3965965965965972E+05	7.3041058034224371E-01
5.4058058058058063E+05	7.3041155680319281E-01
5.4150150150150154E+05	7.3042349720129407E-01
5.4242242242242245E+05	7.3043785136191597E-01
5.4334334334334335E+05	7.3044927971560125E-01
5.4426426426426426E+05	7.3046513898689369E-01
5.4518518518518517E+05	7.3048056767429470E-01
5.4610610610610608E+05	7.3049319222073350E-01
5.4702702702702698E+05	7.3051788207820101E-01
5.4794794794794801E+05	7.3051950221679818E-01
5.4886886886886891E+05	7.3052902687854482E-01
5.4978978978978982E+05	7.3054258657730697E-01
5.5071071071071073E+05	7.3056092052445332E-01
5.5163163163163164E+05	7.3057825155533518E-01
5.5255255255255254E+05	7.3058488175161618E-01
5.5347347347347345E+05	7.3060103436824475E-01
5.5439439439439436E+05	7.3061826620710990E-01
5.5531531531531527E+05	7.3062472506836740E-01
5.5623623623623629E+05	7.3064308919045384E-01
5.5715715715715720E+05	7.3065166834992445E-01
5.5807807807807811E+05	7.3067808834679715E-01
5.5899899899899901E+05	7.3068006234619987E-01
5.5991991991991992E+05	7.3069766869077535E-01
5.6084084084084083E+05	7.3070773794834765E-01
5.6176176176176174E+05	7.3072311205148821E-01
5.6268268268268264E+05	7.3073915442072512E-01
5.6360360360360367E+05	7.3074730901084828E-01
5.6452452452452458E+05	7.3076459804637695E-01
5.6544544544544548E+05	7.3077954526560629E-01
5.6636636636636639E+05	7.3079147247340259E-01
5.6728728728728730E+05	7.3080270801489555E-01
5.6820820820820821E+05	7.3081528694632247E-01
5.6912912912912911E+05	7.3083090682436047E-01
5.7005005005005002E+05	7.3085023652668601E-01
5.7097097097097093E+05	7.3087149006433427E-01
5.7189189189189195E+05	7.3088920968029047E-01
5.7281281281281286E+05	7.3090355122448836E-01
5.7373373373373377E+05	7.3091610468618395E-01
5.7465465465465467E+05	7.3092429446802198E-01
5.7557557557557558E+05	7.3093025142498924E-01
5.7649649649649649E+05	7.3093958417302696E-01
5.7741741741741740E+05	7.3095192946532894E-01
5.7833833833833830E+05	7.3096736433581022E-01
5.7925925925925921E+05	7.3098363069204819E-01
5.8018018018018024E+05	7.3099814030817545E-01
5.8110110110110114E+05	7.3101003712964818E-01
5.8202202202202205E+05	7.3102045358899648E-01
5.8294294294294296E+05	7.3104734523517412E-01
5.8386386386386387E+05	7.3104887722226475E-01
5.8478478478478477E+05	7.3106433941903171E-01
5.8570570570570568E+05	7.3108055599129018E-01
5.8662662662662659E+05	7.3108965334589027E-01
5.8754754754754761E+05	7.3112136539649297E-01
5.8846846846846852E+05	7.3111811078567879E-01
5.8938938938938943E+05	7.3113544687270460E-01
5.9031031031031033E+05	7.3114468816259881E-01
5.9123123123123124E+05	7.3115883433660755E-01
5.9215215215215215E+05	7.3117683319990223E-01
5.9307307307307306E+05	7.3118542293103095E-01
5.9399399399399396E+05	7.3119988777640466E-01
5.9491491491491487E+05	7.3121823493225235E-01
5.9583583583583590E+05	7.3122993608482290E-01
5.9675675675675680E+05	7.3124229524685147E-01
5.9767767767767771E+05	7.3125588811627507E-01
5.9859859859859862E+05	7.3126906914827994E-01
5.9951951951951953E+05	7.3128663965771068E-01
6.0044044044044043E+05	7.3130846482450851E-01
6.0136136136136134E+05	7.3131467243243997E-01
6.0228228228228225E+05	7.3134270297142545E-01
6.0320320320320316E+05	7.3134237261618118E-01
6.0412412412412418E+05	7.3136484405949165E-01
6.0504504504504509E+05	7.3136929272802731E-01
6.0596596596596600E+05	7.3137978823867600E-01
6.0688688688688690E+05	7.3139406848795063E-01
6.0780780780780781E+05	7.3140729006239757E-01
6.0872872872872872E+05	7.3142123608696985E-01
6.0964964964964963E+05	7.3143882057377096E-01
6.1057057057057053E+05	7.3144898516458401E-01
6.1149149149149156E+05	7.3146133238382616E-01
6.1241241241241246E+05	7.3147978871191777E-01
6.1333333333333337E+05	7.3149162881246599E-01
6.1425425425425428E+05	7.3150256879536246E-01
6.1517517517517519E+05	7.3152177370342564E-01
6.1609609609609609E+05	7.3153047637039958E-01
6.1701701701701700E+05	7.3155868050286743E-01
6.1793793793793791E+05	7.3155925340511052E-01
6.1885885885885882E+05	7.3157717629318175E-01
6.1977977977977984E+05	7.3158683736501628E-01
6.2070070070070075E+05	7.3160567393036002E-01
6.2162162162162166E+05	7.3161592180966450E-01
6.2254254254254256E+05	7.3162852885434959E-01
6.2346346346346347E+05	7.3164570984879285E-01
6.2438438438438438E+05	7.3165955331506927E-01
6.2530530530530529E+05	7.3167093836501440E-01
6.2622622622622619E+05	7.3168280792236717E-01
6.2714714714714710E+05	7.3169867400392541E-01
6.2806806806806813E+05	7.3172352725712653E-01
6.2898898898898903E+05	7.3174171089430984E-01
6.2990990990990994E+05	7.3174606564395128E-01
6.3083083083083085E+05	7.3175596153591782E-01
6.3175175175175176E+05	7.3176874068669540E-01
6.3267267267267266E+05	7.3178274805483101E-01
6.3359359359359357E+05	7.3179845403246158E-01
6.3451451451451448E+05	7.3181749830238640E-01
6.3543543543543550E+05	7.3184105368185937E-01
6.3635635635635641E+05	7.3184446570772621E-01
6.3727727727727732E+05	7.3185023331617360E-01
6.3819819819819822E+05	7.3186362402859995E-01
6.3911911911911913E+05	7.3188019947995264E-01
6.4004004004004004E+05	7.3189641040225295E-01
6.4096096096096095E+05	7.3190913518512946E-01
6.4188188188188185E+05	7.3191923198159359E-01
6.4280280280280276E+05	7.3194267208477981E-01
6.4372372372372379E+05	7.3194782004785741E-01
6.4464464464464469E+05	7.3196341220940486E-01
6.4556556556556560E+05	7.3197953229630286E-01
6.4648648648648651E+05	7.3198872953629379E-01
6.4740740740740742E+05	7.3201550639626367E-01
6.4832832832832832E+05	7.3201818036418043E-01
6.4924924924924923E+05	7.3203469638053209E-01
6.5017017017017014E+05	7.3204642613914483E-01
6.5109109109109105E+05	7.3205826053507406E-01
6.5201201201201207E+05	7.3207744344323245E-01
6.5293293293293298E+05	7.3208724866228803E-01
6.5385385385385389E+05	7.3210039089086720E-01
6.5477477477477479E+05	7.3211825041095790E-01
6.5569569569569570E+05	7.3214713411263144E-01
6.5661661661661661E+05	7.3214592011336177E-01
6.5753753753753752E+05	7.3215595083445550E-01
6.5845845845845842E+05	7.3217039347858648E-01
6.5937937937937945E+05	7.3218561192328313E-01
6.6030030030030035E+05	7.3219812341337376E-01
6.6122122122122126E+05	7.3221490402592537E-01
6.6214214214214217E+05	7.3222631256992288E-01
6.6306306306306308E+05	7.3224239366495669E-01
6.6398398398398398E+05	7.3225354698656386E-01
6.6490490490490489E+05	7.3226874043069667E-01
6.6582582582582580E+05	7.3228350265246223E-01
6.6674674674674671E+05	7.3229697972265595E-01
6.6766766766766773E+05	7.3231454506958593E-01
6.6858858858858864E+05	7.3233070833058478E-01
6.6950950950950955E+05	7.3233971043484358E-01
6.7043043043043045E+05	7.3235433764415292E-01
6.7135135135135136E+05	7.3238339146334652E-01
6.7227227227227227E+05	7.3238288339584323E-01
6.7319319319319318E+05	7.3239641805026900E-01
6.7411411411411408E+05	7.3242318275363749E-01
6.7503503503503499E+05	7.3242257568824309E-01
6.7595595595595601E+05	7.3244108936411045E-01
6.7687687687687692E+05	7.3245001225380246E-01
6.7779779779779783E+05	7.3248168994496821E-01
6.7871871871871874E+05	7.3247854310094085E-01
6.7963963963963964E+05	7.3249692464605332E-01
6.8056056056056055E+05	7.3250928325992004E-01
6.8148148148148146E+05	7.3252012665593336E-01
6.8240240240240237E+05	7.3255216755121011E-01
6.8332332332332339E+05	7.3254964593362359E-01
6.8424424424424430E+05	7.3256310949395176E-01
6.8516516516516521E+05	7.3258016933984949E-01
6.8608608608608611E+05	7.3259577108092511E-01
6.8700700700700702E+05	7.3260941090870679E-01
6.8792792792792793E+05	7.3262241400125094E-01
6.8884884884884884E+05	7.3263505996672051E-01
6.8976976976976974E+05	7.3264807985608216E-01
6.9069069069069065E+05	7.3266174222993552E-01
6.9161161161161168E+05	7.3267553627602344E-01
6.9253253253253258E+05	7.3268999178823602E-01
6.9345345345345349E+05	7.3270452509712858E-01
6.9437437437437440E+05	7.3271984735392748E-01
6.9529529529529531E+05	7.3273508095995310E-01
6.9621621621621621E+05	7.3275033843392967E-01
6.9713713713713712E+05	7.3276472665865555E-01
6.9805805805805803E+05	7.3277688059541524E-01
6.9897897897897894E+05	7.3278852103421777E-01
6.9989989989989996E+05	7.3280416690502426E-01
7.0082082082082087E+05	7.3283000897823503E-01
7.0174174174174177E+05	7.3283005596826600E-01
7.0266266266266268E+05	7.3284807690996923E-01
7.0358358358358359E+05	7.3286327857128108E-01
7.0450450450450450E+05	7.3287252773799350E-01
7.0542542542542540E+05	7.3290630328626727E-01
7.0634634634634631E+05	7.3290144763538700E-01
7.0726726726726722E+05	7.3292004554151235E-01
7.0818818818818824E+05	7.3292916448075685E-01
7.0910910910910915E+05	7.3295138265284387E-01
7.1003003003003006E+05	7.3296081819474668E-01
7.1095095095095097E+05	7.3297369313764660E-01
7.1187187187187187E+05	7.3300412692584527E-01
7.1279279279279278E+05	7.3300313351364654E-01
7.1371371371371369E+05	7.3301490856957852E-01
7.1463463463463460E+05	7.3303076517951904E-01
7.1555555555555562E+05	7.3304779236928408E-01
7.1647647647647653E+05	7.3306165952627023E-01
7.1739739739739744E+05	7.3307359699009933E-01
7.1831831831831834E+05	7.3308506776379956E-01
7.1923923923923925E+05	7.3309981391279211E-01
7.2016016016016016E+05	7.3311500250043515E-01
7.2108108108108107E+05	7.3312755064120927E-01
7.2200200200200197E+05	7.3314324624174665E-01
7.2292292292292288E+05	7.3315618983458875E-01
7.2384384384384390E+05	7.3317069547115588E-01
7.2476476476476481E+05	7.3318647695538286E-01
7.2568568568568572E+05	7.3320027621709605E-01
7.2660660660660663E+05	7.3321783795870166E-01
7.2752752752752753E+05	7.3323727360794255E-01
7.2844844844844844E+05	7.3324385128136682E-01
7.2936936936936935E+05	7.3325702118243674E-01
7.3029029029029026E+05	7.3327727423180444E-01
7.3121121121121116E+05	7.3328823995794890E-01
7.3213213213213219E+05	7.3329909861927711E-01
7.3305305305305310E+05	7.3332374139365564E-01
7.3397397397397400E+05	7.3332925850271702E-01
7.3489489489489491E+05	7.3334444194465476E-01
7.3581581581581582E+05	7.3335743617834148E-01
7.3673673673673673E+05	7.3336998104001938E-01
7.3765765765765763E+05	7.3338699497407300E-01
7.3857857857857854E+05	7.3340201580722519E-01
7.3949949949949956E+05	7.3341190144923440E-01
7.4042042042042047E+05	7.3344434614777465E-01
7.4134134134134138E+05	7.3344050245187753E-01
7.4226226226226229E+05	7.3345671823836089E-01
7.4318318318318320E+05	7.3347394409273747E-01
7.4410410410410410E+05	7.3348752766415060E-01
7.4502502502502501E+05	7.3349940386307355E-01
7.4594594594594592E+05	7.3351181549827493E-01
7.4686686686686683E+05	7.3352721781473940E-01
7.4778778778778785E+05	7.3354793315693179E-01
7.4870870870870876E+05	7.3357272897811143E-01
7.4962962962962966E+05	7.3358733426921729E-01
7.5055055055055057E+05	7.3359746741264453E-01
7.5147147147147148E+05	7.3361150603414294E-01
7.5239239239239239E+05	7.3362898584720015E-01
7.5331331331331329E+05	7.3364612647612959E-01
7.5423423423423420E+05	7.3365187939578336E-01
7.5515515515515511E+05	7.3365719826643550E-01
7.5607607607607613E+05	7.3366870363551284E-01
7.5699699699699704E+05	7.3368441134666607E-01
7.5791791791791795E+05	7.3370129659426042E-01
7.5883883883883886E+05	7.3371695639141665E-01
7.5975975975975976E+05	7.3372974441666383E-01
7.6068068068068067E+05	7.3374078554902877E-01
7.6160160160160158E+05	7.3376589730875263E-01
7.6252252252252249E+05	7.3377007042817932E-01
7.6344344344344351E+05	7.3378628313604310E-01
7.6436436436436442E+05	7.3380276994326332E-01
7.6528528528528532E+05	7.3381244873562412E-01
7.6620620620620623E+05	7.3384516475056294E-01
7.6712712712712714E+05	7.3384191714823077E-01
7.6804804804804805E+05	7.3386030506899780E-01
7.6896896896896895E+05	7.3386970709655941E-01
7.6988988988988986E+05	7.3388432994605290E-01
7.7081081081081077E+05	7.3390341856578156E-01
7.7173173173173179E+05	7.3391230106683270E-01
7.7265265265265270E+05	7.3392738260063906E-01
7.7357357357357361E+05	7.3394647299912841E-01
7.7449449449449452E+05	7.3395890389774276E-01
7.7541541541541542E+05	7.3397162568403795E-01
7.7633633633633633E+05	7.3398606270574951E-01
7.7725725725725724E+05	7.3399988401684479E-01
7.7817817817817815E+05	7.3401775674513747E-01
7.7909909909909905E+05	7.3404142164071240E-01
7.8002002002002008E+05	7.3404734364230484E-01
7.8094094094094099E+05	7.3407625602929272E-01
7.8186186186186189E+05	7.3407607513723472E-01
7.8278278278278280E+05	7.3410132580127596E-01
7.8370370370370371E+05	7.3410456895646603E-01
7.8462462462462462E+05	7.3411597352462676E-01
7.8554554554554552E+05	7.3413064122874472E-01
7.8646646646646643E+05	7.3414361272141582E-01
7.8738738738738745E+05	7.3415789292942990E-01
7.8830830830830836E+05	7.3417706317909992E-01
7.8922922922922927E+05	7.3418917043237752E-01
7.9015015015015018E+05	7.3420112418330252E-01
7.9107107107107108E+05	7.3421928376925549E-01
7.9199199199199199E+05	7.3423547114665211E-01
7.9291291291291290E+05	7.3424391084201668E-01
7.9383383383383381E+05	7.3426346793905672E-01
7.9475475475475471E+05	7.3427266227299204E-01
7.9567567567567574E+05	7.3429348343411882E-01
7.9659659659659665E+05	7.3430396398402942E-01
7.9751751751751755E+05	7.3432121275920814E-01
7.9843843843843846E+05	7.3433086914289003E-01
7.9935935935935937E+05	7.3436205356401840E-01
8.0028028028028028E+05	7.3435945805671610E-01
8.0120120120120118E+05	7.3437665296263877E-01
8.0212212212212209E+05	7.3439383934201241E-01
8.0304304304304300E+05	7.3440636401891368E-01
8.0396396396396402E+05	7.3441760704544901E-01
8.0488488488488493E+05	7.3443295767041672E-01
8.0580580580580584E+05	7.3446088872482873E-01
8.0672672672672675E+05	7.3447245756862534E-01
8.0764764764764765E+05	7.3447758937353769E-01
8.0856856856856856E+05	7.3449017580450660E-01
8.0948948948948947E+05	7.3450451774398917E-01
8.1041041041041038E+05	7.3451916388807059E-01
8.1133133133133140E+05	7.3453360801918544E-01
8.1225225225225231E+05	7.3454792876785768E-01
8.1317317317317321E+05	7.3456231136894168E-01
8.1409409409409412E+05	7.3457787608942116E-01
8.1501501501501503E+05	7.3459795332168576E-01
8.1593593593593594E+05	7.3462565359336218E-01
8.1685685685685684E+05	7.3462448463814256E-01
8.1777777777777775E+05	7.3463456030893448E-01
8.1869869869869866E+05	7.3465146586514296E-01
8.1961961961961968E+05	7.3466878077008668E-01
8.2054054054054059E+05	7.3468275503345193E-01
8.2146146146146150E+05	7.3469347677388697E-01
8.2238238238238241E+05	7.3471816816391111E-01
8.2330330330330331E+05	7.3472286432370415E-01
8.2422422422422422E+05	7.3474009334441159E-01
8.2514514514514513E+05	7.3475557130895652E-01
8.2606606606606604E+05	7.3476547782213575E-01
8.2698698698698694E+05	7.3478507411614924E-01
8.2790790790790797E+05	7.3479782087748124E-01
8.2882882882882887E+05	7.3481270566614876E-01
8.2974974974974978E+05	7.3483442178574543E-01
8.3067067067067069E+05	7.3483943154893128E-01
8.3159159159159160E+05	7.3485685185847949E-01
8.3251251251251251E+05	7.3487838467838995E-01
8.3343343343343341E+05	7.3488437770855153E-01
8.3435435435435432E+05	7.3489853314424736E-01
8.3527527527527534E+05	7.3491536007886793E-01
8.3619619619619625E+05	7.3493077551211683E-01
8.3711711711711716E+05	7.3494711800433932E-01
8.3803803803803807E+05	7.3495849007733161E-01
8.3895895895895897E+05	7.3496933022090316E-01
8.3987987987987988E+05	7.3498581575273991E-01
8.4080080080080079E+05	7.3499877385440116E-01
8.4172172172172170E+05	7.3501461010585256E-01
8.4264264264264260E+05	7.3502802664395772E-01
8.4356356356356363E+05	7.3504526276831994E-01
8.4448448448448454E+05	7.3505934712040943E-01
8.4540540540540544E+05	7.3507676753822560E-01
8.4632632632632635E+05	7.3510187175920572E-01
8.4724724724724726E+05	7.3510474108793100E-01
8.4816816816816817E+05	7.3511602488528505E-01
8.4908908908908907E+05	7.3513110360295031E-01
8.5001001001000998E+05	7.3515017042894582E-01
8.5093093093093089E+05	7.3515979702862577E-01
8.5185185185185191E+05	7.3517418100026832E-01
8.5277277277277282E+05	7.3519367227164489E-01
8.5369369369369373E+05	7.3520348170838024E-01
8.5461461461461463E+05	7.3522483665013327E-01
8.5553553553553554E+05	7.3523541179059637E-01
8.5645645645645645E+05	7.3525155609848958E-01
8.5737737737737736E+05	7.3526198330648163E-01
8.5829829829829826E+05	7.3528718435380480E-01
8.5921921921921929E+05	7.3529196218256665E-01
8.6014014014014020E+05	7.3531099342824313E-01
8.6106106106106110E+05	7.3532412669471914E-01
8.6198198198198201E+05	7.3533544027560516E-01
8.6290290290290292E+05	7.3535764244085411E-01
8.6382382382382383E+05	7.3537269096880564E-01
8.6474474474474473E+05	7.3537926432951750E-01
8.6566566566566564E+05	7.3539533762072629E-01
8.6658658658658655E+05	7.3541203326858584E-01
8.6750750750750757E+05	7.3542814392388178E-01
8.6842842842842848E+05	7.3544339083128896E-01
8.6934934934934939E+05	7.3545794513600704E-01
8.7027027027027030E+05	7.3547227448816699E-01
8.7119119119119120E+05	7.3548714005631266E-01
8.7211211211211211E+05	7.3550196156604586E-01
8.7303303303303302E+05	7.3551664237971093E-01
8.7395395395395393E+05	7.3553127209415436E-01
8.7487487487487483E+05	7.3554560368755895E-01
8.7579579579579586E+05	7.3555912655053490E-01
8.7671671671671676E+05	7.3557185270876346E-01
8.7763763763763767E+05	7.3558505290366061E-01
8.7855855855855858E+05	7.3560597885525070E-01
8.7947947947947949E+05	7.3562454362909080E-01
8.8040040040040039E+05	7.3562909948957067E-01
8.8132132132132130E+05	7.3564710969058567E-01
8.8224224224224221E+05	7.3566388141625827E-01
8.8316316316316323E+05	7.3567455959650951E-01
8.8408408408408414E+05	7.3569459369477963E-01
8.8500500500500505E+05	7.3570363735200139E-01
8.8592592592592596E+05	7.3572148072979215E-01
8.8684684684684686E+05	7.3573596390682972E-01
8.8776776776776777E+05	7.3575021077307290E-01
8.8868868868868868E+05	7.3576195627554963E-01
8.8960960960960959E+05	7.3578189228294033E-01
8.9053053053053049E+05	7.3579150987272157E-01
8.9145145145145152E+05	7.3580850807758302E-01
8.9237237237237243E+05	7.3582606587158161E-01
8.9329329329329333E+05	7.3583559077335403E-01
8.9421421421421424E+05	7.3585044285366263E-01
8.9513513513513515E+05	7.3586990745513237E-01
8.9605605605605606E+05	7.3589678000260572E-01
8.9697697697697696E+05	7.3589895813167938E-01
8.9789789789789787E+05	7.3590975831359806E-01
8.9881881881881878E+05	7.3592575028666385E-01
8.9973973973973980E+05	7.3594009358296653E-01
9.0066066066066071E+05	7.3595421470753852E-01
9.0158158158158162E+05	7.3597027964946271E-01
9.0250250250250252E+05	7.3598392252634803E-01
9.0342342342342343E+05	7.3599928173623075E-01
9.0434434434434434E+05	7.3601481631115018E-01
9.0526526526526525E+05	7.3602826627869655E-01
9.0618618618618615E+05	7.3604747060176945E-01
9.0710710710710718E+05	7.3607784761894113E-01
9.0802802802802809E+05	7.3607665516028009E-01
9.0894894894894899E+05	7.3608741773523434E-01
9.0986986986986990E+05	7.3610258650298344E-01
9.1079079079079081E+05	7.3612203648851382E-01
9.1171171171171172E+05	7.3613193837623159E-01
9.1263263263263262E+05	7.3614701284819550E-01
9.1355355355355353E+05	7.3616655656366770E-01
9.1447447447447444E+05	7.3617666518242786E-01
9.1539539539539546E+05	7.3620415241212789E-01
9.1631631631631637E+05	7.3620794360632047E-01
9.1723723723723728E+05	7.3622613020163041E-01
9.1815815815815818E+05	7.3623566681522712E-01
9.1907907907907909E+05	7.3627121331274270E-01
9.2000000000000000E+05	7.3626508656132372E-01
