2.9411245137453079E-01	3.7539062500000000E+01
8.3913311287760735E+00	3.7589843750000000E+01
1.6488904595375061E+01	3.7597656250000000E+01
2.4574122048914433E+01	3.7601562500000000E+01
3.2703431800007820E+01	3.7601562500000000E+01
4.0825863271951675E+01	3.7601562500000000E+01
4.8941064484417439E+01	3.7601562500000000E+01
5.7023520804941654E+01	3.7601562500000000E+01
6.5106470569968224E+01	3.7601562500000000E+01
7.3212137959897518E+01	3.7601562500000000E+01
8.1309227488934994E+01	3.7601562500000000E+01
8.9399288691580296E+01	3.7601562500000000E+01
9.7495686881244183E+01	3.7601562500000000E+01
1.0562705866992474E+02	3.7601562500000000E+01
1.1375479302555323E+02	3.7601562500000000E+01
1.2185750727355480E+02	3.7601562500000000E+01
1.2993520955741405E+02	3.7601562500000000E+01
1.3803462877124548E+02	3.7601562500000000E+01
1.4612806490808725E+02	3.7609375000000000E+01
1.5420918866991997E+02	3.7609375000000000E+01
1.6228368567675352E+02	3.7609375000000000E+01
1.7038755127787590E+02	3.7609375000000000E+01
1.7851759806275368E+02	3.7609375000000000E+01
1.8663111510127783E+02	3.7609375000000000E+01
1.9467743732780218E+02	3.7609375000000000E+01
2.0274015464633703E+02	3.7609375000000000E+01
2.1083671041578054E+02	3.7609375000000000E+01
2.1894577816128731E+02	3.7609375000000000E+01
2.2705014304071665E+02	3.7609375000000000E+01
2.3513427202403545E+02	3.7609375000000000E+01
2.4322234400361776E+02	3.7609375000000000E+01
2.5133862634748220E+02	3.7609375000000000E+01
2.5943275241553783E+02	3.7609375000000000E+01
2.6750817462056875E+02	3.7613281250000000E+01
2.7558756387978792E+02	3.7613281250000000E+01
2.8368391390889883E+02	3.7613281250000000E+01
2.9177693433314562E+02	3.7613281250000000E+01
2.9986680620163679E+02	3.7613281250000000E+01
3.0793317771703005E+02	3.7613281250000000E+01
3.1604394509643316E+02	3.7613281250000000E+01
3.2414206313341856E+02	3.7613281250000000E+01
3.3223160448670387E+02	3.7613281250000000E+01
3.4029048068076372E+02	3.7613281250000000E+01
3.4836069069802761E+02	3.7613281250000000E+01
3.5645556104928255E+02	3.7613281250000000E+01
3.6454812600463629E+02	3.7613281250000000E+01
3.7264072474837303E+02	3.7613281250000000E+01
3.8071411707252264E+02	3.7613281250000000E+01
3.8881641174107790E+02	3.7613281250000000E+01
3.9690894456952810E+02	3.7613281250000000E+01
4.0499394979327917E+02	3.7613281250000000E+01
4.1305927729606628E+02	3.7613281250000000E+01
4.2114219356328249E+02	3.7613281250000000E+01
4.2923949339240789E+02	3.7613281250000000E+01
4.3734694381803274E+02	3.7613281250000000E+01
4.4542665508389473E+02	3.7613281250000000E+01
4.5350888675451279E+02	3.7613281250000000E+01
4.6160738385468721E+02	3.7613281250000000E+01
4.6967964220792055E+02	3.7613281250000000E+01
4.7774694804102182E+02	3.7613281250000000E+01
4.8579647016525269E+02	3.7613281250000000E+01
4.9386546701192856E+02	3.7613281250000000E+01
5.0194919811189175E+02	3.7613281250000000E+01
5.1005494334548712E+02	3.7613281250000000E+01
5.1812334113568068E+02	3.7613281250000000E+01
5.2620296671986580E+02	3.7613281250000000E+01
5.3429736106842756E+02	3.7613281250000000E+01
5.4237421632558107E+02	3.7613281250000000E+01
5.5044859692454338E+02	3.7613281250000000E+01
5.5850636521726847E+02	3.7613281250000000E+01
5.6658797444403172E+02	3.7613281250000000E+01
5.7469897221028805E+02	3.7613281250000000E+01
5.8279817889630795E+02	3.7613281250000000E+01
5.9084903816878796E+02	3.7613281250000000E+01
5.9892125027626753E+02	3.7613281250000000E+01
6.0700943093001842E+02	3.7613281250000000E+01
6.1508663041144609E+02	3.7613281250000000E+01
6.2314807255566120E+02	3.7613281250000000E+01
6.3121024739742279E+02	3.7613281250000000E+01
6.3931348121166229E+02	3.7613281250000000E+01
6.4742467684298754E+02	3.7613281250000000E+01
6.5550185941904783E+02	3.7613281250000000E+01
6.6355986670404673E+02	3.7613281250000000E+01
6.7161998503655195E+02	3.7613281250000000E+01
6.7970555559545755E+02	3.7613281250000000E+01
6.8778350754827261E+02	3.7613281250000000E+01
6.9581864876300097E+02	3.7613281250000000E+01
7.0388370481133461E+02	3.7613281250000000E+01
7.1199210962653160E+02	3.7613281250000000E+01
7.2010223402082920E+02	3.7613281250000000E+01
7.2816663714498281E+02	3.7613281250000000E+01
7.3621933598816395E+02	3.7613281250000000E+01
7.4429746191203594E+02	3.7613281250000000E+01
7.5238167024403811E+02	3.7613281250000000E+01
7.6045514565706253E+02	3.7613281250000000E+01
7.6848844309896231E+02	3.7613281250000000E+01
7.7656081288307905E+02	3.7613281250000000E+01
7.8466763182729483E+02	3.7613281250000000E+01
7.9275796318799257E+02	3.7613281250000000E+01
8.0082195668667555E+02	3.7613281250000000E+01
8.0888151967525482E+02	3.7613281250000000E+01
8.1696524679660797E+02	3.7613281250000000E+01
8.2503618379682302E+02	3.7613281250000000E+01
8.3309958757460117E+02	3.7613281250000000E+01
8.4115688037872314E+02	3.7613281250000000E+01
8.4924873352795839E+02	3.7613281250000000E+01
8.5733663832396269E+02	3.7613281250000000E+01
8.6541985137015581E+02	3.7613281250000000E+01
8.7346973787248135E+02	3.7613281250000000E+01
8.8153452412784100E+02	3.7613281250000000E+01
8.8959985117614269E+02	3.7613281250000000E+01
8.9767588497698307E+02	3.7613281250000000E+01
9.0572969611734152E+02	3.7613281250000000E+01
9.1378185958415270E+02	3.7613281250000000E+01
9.2187618231773376E+02	3.7613281250000000E+01
9.2996763089299202E+02	3.7613281250000000E+01
9.3802750802040100E+02	3.7613281250000000E+01
9.4607740895450115E+02	3.7613281250000000E+01
9.5413115624338388E+02	3.7613281250000000E+01
9.6220981156080961E+02	3.7613281250000000E+01
9.7029257197678089E+02	3.7613281250000000E+01
9.7835903044790030E+02	3.7613281250000000E+01
9.8641927926242352E+02	3.7613281250000000E+01
9.9451200335472822E+02	3.7613281250000000E+01
1.0025769078433514E+03	3.7613281250000000E+01
1.0106391165331006E+03	3.7613281250000000E+01
1.0186848532408476E+03	3.7613281250000000E+01
1.0267488406822085E+03	3.7613281250000000E+01
1.0348209738656878E+03	3.7613281250000000E+01
1.0429035569727421E+03	3.7613281250000000E+01
1.0509597786739469E+03	3.7613281250000000E+01
1.0590218315422535E+03	3.7613281250000000E+01
1.0671078679859638E+03	3.7613281250000000E+01
1.0751752938330173E+03	3.7613281250000000E+01
1.0832267041057348E+03	3.7613281250000000E+01
1.0912607469558716E+03	3.7613281250000000E+01
1.0993320469558239E+03	3.7613281250000000E+01
1.1074161698743701E+03	3.7613281250000000E+01
1.1154973739907146E+03	3.7613281250000000E+01
1.1235390122160316E+03	3.7613281250000000E+01
1.1316174840033054E+03	3.7613281250000000E+01
1.1396851636245847E+03	3.7613281250000000E+01
1.1477511754408479E+03	3.7613281250000000E+01
1.1558047763407230E+03	3.7613281250000000E+01
1.1638511794805527E+03	3.7613281250000000E+01
1.1719099361971021E+03	3.7613281250000000E+01
1.1799980146586895E+03	3.7613281250000000E+01
1.1880713556334376E+03	3.7613281250000000E+01
1.1960933896303177E+03	3.7613281250000000E+01
1.2041653705462813E+03	3.7613281250000000E+01
1.2122412835583091E+03	3.7613281250000000E+01
1.2202984047010541E+03	3.7613281250000000E+01
1.2283336141407490E+03	3.7613281250000000E+01
1.2363741431385279E+03	3.7613281250000000E+01
1.2444572430402040E+03	3.7613281250000000E+01
1.2525451077148318E+03	3.7613281250000000E+01
1.2605872678160667E+03	3.7613281250000000E+01
1.2686223233938217E+03	3.7613281250000000E+01
1.2766927565038204E+03	3.7613281250000000E+01
1.2847585373371840E+03	3.7613281250000000E+01
1.2928201069012284E+03	3.7613281250000000E+01
1.3008444263041019E+03	3.7613281250000000E+01
1.3088986023813486E+03	3.7613281250000000E+01
1.3169630853235722E+03	3.7613281250000000E+01
1.3250491712763906E+03	3.7613281250000000E+01
1.3331034336835146E+03	3.7613281250000000E+01
1.3411554045602679E+03	3.7613281250000000E+01
1.3491988053321838E+03	3.7613281250000000E+01
1.3572562557086349E+03	3.7613281250000000E+01
1.3652867050543427E+03	3.7613281250000000E+01
1.3733227643072605E+03	3.7613281250000000E+01
1.3813871911615133E+03	3.7613281250000000E+01
1.3894733917862177E+03	3.7613281250000000E+01
1.3975533105954528E+03	3.7613281250000000E+01
1.4055739240273833E+03	3.7613281250000000E+01
1.4136078371703625E+03	3.7613281250000000E+01
1.4216502638682723E+03	3.7613281250000000E+01
1.4297138742431998E+03	3.7613281250000000E+01
1.4377518138661981E+03	3.7613281250000000E+01
1.4457777046486735E+03	3.7613281250000000E+01
1.4538481262102723E+03	3.7613281250000000E+01
1.4619189099445939E+03	3.7613281250000000E+01
1.4699721811488271E+03	3.7613281250000000E+01
1.4780051136985421E+03	3.7613281250000000E+01
1.4860472482740879E+03	3.7613281250000000E+01
1.4941028394922614E+03	3.7613281250000000E+01
1.5021618437096477E+03	3.7613281250000000E+01
1.5101925011798739E+03	3.7613281250000000E+01
1.5182141748741269E+03	3.7613281250000000E+01
1.5262898929566145E+03	3.7613281250000000E+01
1.5343754083141685E+03	3.7613281250000000E+01
1.5424194715395570E+03	3.7613281250000000E+01
1.5504442675113678E+03	3.7613281250000000E+01
1.5584800082668662E+03	3.7613281250000000E+01
1.5665383542701602E+03	3.7613281250000000E+01
1.5745852916315198E+03	3.7613281250000000E+01
1.5826056877300143E+03	3.7613281250000000E+01
1.5906500130742788E+03	3.7613281250000000E+01
1.5987295474559069E+03	3.7613281250000000E+01
1.6067954082340002E+03	3.7613281250000000E+01
1.6148232000395656E+03	3.7613281250000000E+01
1.6228529364764690E+03	3.7613281250000000E+01
1.6309074393361807E+03	3.7613281250000000E+01
1.6389719652906060E+03	3.7613281250000000E+01
1.6470204074457288E+03	3.7613281250000000E+01
1.6550374472290277E+03	3.7613281250000000E+01
1.6630860519334674E+03	3.7613281250000000E+01
1.6711426782757044E+03	3.7613281250000000E+01
1.6792060667052865E+03	3.7613281250000000E+01
1.6872248477265239E+03	3.7613281250000000E+01
1.6952625819519162E+03	3.7613281250000000E+01
1.7033079079762101E+03	3.7613281250000000E+01
1.7113593045249581E+03	3.7613281250000000E+01
1.7194013452455401E+03	3.7613281250000000E+01
1.7274111553207040E+03	3.7613281250000000E+01
1.7354642960205674E+03	3.7613281250000000E+01
1.7435305131599307E+03	3.7613281250000000E+01
1.7515834937691689E+03	3.7613281250000000E+01
1.7595858888179064E+03	3.7613281250000000E+01
1.7676147443205118E+03	3.7613281250000000E+01
1.7756629463061690E+03	3.7613281250000000E+01
1.7837137511074543E+03	3.7613281250000000E+01
1.7917372293025255E+03	3.7613281250000000E+01
1.7997488015815616E+03	3.7613281250000000E+01
1.8078022414818406E+03	3.7613281250000000E+01
1.8158531443625689E+03	3.7613281250000000E+01
1.8238998764604330E+03	3.7613281250000000E+01
1.8319022602811456E+03	3.7613281250000000E+01
1.8399158273860812E+03	3.7613281250000000E+01
1.8479597384035587E+03	3.7613281250000000E+01
1.8560187892019749E+03	3.7613281250000000E+01
1.8640465240329504E+03	3.7613281250000000E+01
1.8720615626499057E+03	3.7613281250000000E+01
1.8800979130640626E+03	3.7613281250000000E+01
1.8881463338360190E+03	3.7613281250000000E+01
1.8961903859302402E+03	3.7613281250000000E+01
1.9041817710027099E+03	3.7613281250000000E+01
1.9122217468544841E+03	3.7613281250000000E+01
1.9202797158509493E+03	3.7613281250000000E+01
1.9283464647457004E+03	3.7613281250000000E+01
1.9363736063167453E+03	3.7613281250000000E+01
1.9443940347656608E+03	3.7613281250000000E+01
1.9524490275606513E+03	3.7613281250000000E+01
1.9605024551898241E+03	3.7613281250000000E+01
1.9685249969363213E+03	3.7613281250000000E+01
1.9765230090394616E+03	3.7613281250000000E+01
1.9845582365244627E+03	3.7613281250000000E+01
1.9926161391064525E+03	3.7613281250000000E+01
2.0006769756749272E+03	3.7613281250000000E+01
2.0086963049322367E+03	3.7613281250000000E+01
2.0167106810584664E+03	3.7613281250000000E+01
2.0247622463777661E+03	3.7613281250000000E+01
2.0328096824586391E+03	3.7613281250000000E+01
2.0408168795257807E+03	3.7613281250000000E+01
2.0488226747661829E+03	3.7613281250000000E+01
2.0568658406957984E+03	3.7613281250000000E+01
2.0649315985143185E+03	3.7613281250000000E+01
2.0729604238718748E+03	3.7613281250000000E+01
2.0809584878459573E+03	3.7613281250000000E+01
2.0889711233377457E+03	3.7613281250000000E+01
2.0970150697678328E+03	3.7613281250000000E+01
2.1050579365342855E+03	3.7613281250000000E+01
2.1130690843090415E+03	3.7613281250000000E+01
2.1210724195539951E+03	3.7613281250000000E+01
2.1291195176467299E+03	3.7613281250000000E+01
2.1371757719442248E+03	3.7613281250000000E+01
2.1452090113833547E+03	3.7613281250000000E+01
2.1532213918194175E+03	3.7613281250000000E+01
2.1612470717802644E+03	3.7613281250000000E+01
2.1692985919937491E+03	3.7613281250000000E+01
2.1773176357373595E+03	3.7613281250000000E+01
2.1853146995902061E+03	3.7613281250000000E+01
2.1933447378352284E+03	3.7613281250000000E+01
2.2014025098457932E+03	3.7613281250000000E+01
2.2094482538849115E+03	3.7613281250000000E+01
2.2174672141149640E+03	3.7613281250000000E+01
2.2254806233048439E+03	3.7613281250000000E+01
2.2334946097731590E+03	3.7613281250000000E+01
2.2415382936075330E+03	3.7613281250000000E+01
2.2495514093935490E+03	3.7613281250000000E+01
2.2575612211599946E+03	3.7613281250000000E+01
2.2655917569845915E+03	3.7613281250000000E+01
2.2736490639448166E+03	3.7613281250000000E+01
2.2816926871761680E+03	3.7613281250000000E+01
2.2897009430304170E+03	3.7613281250000000E+01
2.2977088866904378E+03	3.7613281250000000E+01
2.3057348533794284E+03	3.7613281250000000E+01
2.3137702812030911E+03	3.7613281250000000E+01
2.3217950763925910E+03	3.7613281250000000E+01
2.3297950940579176E+03	3.7613281250000000E+01
2.3378358497396111E+03	3.7613281250000000E+01
2.3458753519505262E+03	3.7613281250000000E+01
2.3539123374074697E+03	3.7613281250000000E+01
2.3619066078364849E+03	3.7613281250000000E+01
2.3699131502658129E+03	3.7613281250000000E+01
2.3779391817823052E+03	3.7613281250000000E+01
2.3859665519371629E+03	3.7613281250000000E+01
2.3939851352944970E+03	3.7613281250000000E+01
2.4019859527572989E+03	3.7613281250000000E+01
2.4100245947837830E+03	3.7613281250000000E+01
2.4180702178701758E+03	3.7613281250000000E+01
2.4260943030416965E+03	3.7613281250000000E+01
2.4340822122618556E+03	3.7613281250000000E+01
2.4420926827713847E+03	3.7613281250000000E+01
2.4501140440776944E+03	3.7613281250000000E+01
2.4581488217413425E+03	3.7613281250000000E+01
2.4661747016161680E+03	3.7613281250000000E+01
2.4741929910406470E+03	3.7613281250000000E+01
2.4822401872500777E+03	3.7613281250000000E+01
2.4902779207602143E+03	3.7613281250000000E+01
2.4982960257530212E+03	3.7613281250000000E+01
2.5062948234304786E+03	3.7613281250000000E+01
2.5143065777719021E+03	3.7613281250000000E+01
2.5223332749977708E+03	3.7613281250000000E+01
2.5303554741516709E+03	3.7613281250000000E+01
2.5383832041248679E+03	3.7613281250000000E+01
2.5464188427925110E+03	3.7613281250000000E+01
2.5544634478986263E+03	3.7613281250000000E+01
2.5624796525239944E+03	3.7613281250000000E+01
2.5705000919550657E+03	3.7613281250000000E+01
2.5784900972768664E+03	3.7613281250000000E+01
2.5865007323995233E+03	3.7613281250000000E+01
2.5945301771238446E+03	3.7613281250000000E+01
2.6025616750866175E+03	3.7613281250000000E+01
2.6105871284529567E+03	3.7613281250000000E+01
2.6186078117936850E+03	3.7613281250000000E+01
2.6266424579545856E+03	3.7613281250000000E+01
2.6346526894196868E+03	3.7613281250000000E+01
2.6426565069556236E+03	3.7613281250000000E+01
2.6506676939651370E+03	3.7613281250000000E+01
2.6586946105137467E+03	3.7613281250000000E+01
2.6667403617054224E+03	3.7613281250000000E+01
2.6747827709019184E+03	3.7613281250000000E+01
2.6828054102882743E+03	3.7613281250000000E+01
2.6908280112519860E+03	3.7613281250000000E+01
2.6988598228394985E+03	3.7613281250000000E+01
2.7068642510995269E+03	3.7613281250000000E+01
2.7148713374584913E+03	3.7613281250000000E+01
2.7228803041875362E+03	3.7613281250000000E+01
2.7309199832305312E+03	3.7613281250000000E+01
2.7389677746966481E+03	3.7613281250000000E+01
2.7470035744458437E+03	3.7613281250000000E+01
2.7550104213580489E+03	3.7613281250000000E+01
2.7630269387289882E+03	3.7613281250000000E+01
2.7710529135167599E+03	3.7613281250000000E+01
2.7790682390108705E+03	3.7613281250000000E+01
2.7870753801092505E+03	3.7613281250000000E+01
2.7950892112180591E+03	3.7613281250000000E+01
2.8031399058103561E+03	3.7613281250000000E+01
2.8111961007639766E+03	3.7613281250000000E+01
2.8192115407735109E+03	3.7613281250000000E+01
2.8272287653833628E+03	3.7613281250000000E+01
2.8352474196925759E+03	3.7613281250000000E+01
2.8432812498137355E+03	3.7613281250000000E+01
2.8512864794135094E+03	3.7613281250000000E+01
2.8592942057177424E+03	3.7613281250000000E+01
2.8673152100443840E+03	3.7613281250000000E+01
2.8753694521561265E+03	3.7613281250000000E+01
2.8834102569967508E+03	3.7613281250000000E+01
2.8914202799275517E+03	3.7613281250000000E+01
2.8994337990954518E+03	3.7613281250000000E+01
2.9074664535447955E+03	3.7613281250000000E+01
2.9154894998669624E+03	3.7613281250000000E+01
2.9235033888369799E+03	3.7613281250000000E+01
2.9315092425420880E+03	3.7613281250000000E+01
2.9395515990480781E+03	3.7613281250000000E+01
2.9475998224765062E+03	3.7613281250000000E+01
2.9556300695538521E+03	3.7613281250000000E+01
2.9636335972324014E+03	3.7613281250000000E+01
2.9716467942371964E+03	3.7613281250000000E+01
2.9796738228648901E+03	3.7613281250000000E+01
2.9876877005919814E+03	3.7613281250000000E+01
2.9957021479904652E+03	3.7613281250000000E+01
3.0036980821564794E+03	3.7613281250000000E+01
3.0117461228817701E+03	3.7613281250000000E+01
3.0198018028736115E+03	3.7613281250000000E+01
3.0278269024267793E+03	3.7613281250000000E+01
3.0358363335728645E+03	3.7613281250000000E+01
3.0438503912463784E+03	3.7613281250000000E+01
3.0518842524364591E+03	3.7613281250000000E+01
3.0598964932486415E+03	3.7613281250000000E+01
3.0678951166793704E+03	3.7613281250000000E+01
3.0759180749356747E+03	3.7613281250000000E+01
3.0839702939763665E+03	3.7613281250000000E+01
3.0920003785043955E+03	3.7613281250000000E+01
3.1000116953775287E+03	3.7613281250000000E+01
3.1080117590650916E+03	3.7613281250000000E+01
3.1160219182521105E+03	3.7613281250000000E+01
3.1240442191436887E+03	3.7613281250000000E+01
3.1320545401945710E+03	3.7613281250000000E+01
3.1400588082000613E+03	3.7613281250000000E+01
3.1480958004295826E+03	3.7613281250000000E+01
3.1561440259665251E+03	3.7613281250000000E+01
3.1641758637279272E+03	3.7613281250000000E+01
3.1721823501959443E+03	3.7613281250000000E+01
3.1801675927937031E+03	3.7613281250000000E+01
3.1881914983540773E+03	3.7613281250000000E+01
3.1962237600833178E+03	3.7613281250000000E+01
3.2042538332715631E+03	3.7613281250000000E+01
3.2122645931094885E+03	3.7613281250000000E+01
3.2203104998022318E+03	3.7613281250000000E+01
3.2283573160544038E+03	3.7613281250000000E+01
3.2363906177058816E+03	3.7613281250000000E+01
3.2443892740607262E+03	3.7613281250000000E+01
3.2523912328109145E+03	3.7613281250000000E+01
3.2604177563488483E+03	3.7613281250000000E+01
3.2684613536745310E+03	3.7613281250000000E+01
3.2764960198849440E+03	3.7613281250000000E+01
3.2845054161250591E+03	3.7613281250000000E+01
3.2925529010370374E+03	3.7613281250000000E+01
3.3005936817154288E+03	3.7613281250000000E+01
3.3086104632019997E+03	3.7613281250000000E+01
3.3166022674590349E+03	3.7613281250000000E+01
3.3245941233858466E+03	3.7613281250000000E+01
3.3326190410181880E+03	3.7613281250000000E+01
3.3406657951176167E+03	3.7613281250000000E+01
3.3486918086931109E+03	3.7613281250000000E+01
3.3566930286511779E+03	3.7613281250000000E+01
3.3647298424988985E+03	3.7613281250000000E+01
3.3727646752521396E+03	3.7613281250000000E+01
3.3807801666334271E+03	3.7613281250000000E+01
3.3887791386693716E+03	3.7613281250000000E+01
3.3967981332615018E+03	3.7613281250000000E+01
3.4048325209841132E+03	3.7613281250000000E+01
3.4128783134296536E+03	3.7613281250000000E+01
3.4208838681802154E+03	3.7613281250000000E+01
3.4289011829197407E+03	3.7613281250000000E+01
3.4369352581277490E+03	3.7613281250000000E+01
3.4449652350842953E+03	3.7613281250000000E+01
3.4529665023162961E+03	3.7613281250000000E+01
3.4609499560371041E+03	3.7613281250000000E+01
3.4689646281003952E+03	3.7613281250000000E+01
3.4770131180807948E+03	3.7613281250000000E+01
3.4850667611062527E+03	3.7613281250000000E+01
3.4930588710904121E+03	3.7613281250000000E+01
3.5010800506323576E+03	3.7613281250000000E+01
3.5091030067652464E+03	3.7613281250000000E+01
3.5171275119856000E+03	3.7613281250000000E+01
3.5251226174384356E+03	3.7613281250000000E+01
3.5331115614101291E+03	3.7613281250000000E+01
3.5411474324241281E+03	3.7613281250000000E+01
3.5491966436281800E+03	3.7613281250000000E+01
3.5572386273369193E+03	3.7613281250000000E+01
3.5652255166843534E+03	3.7613281250000000E+01
3.5732463910281658E+03	3.7613281250000000E+01
3.5812763016596437E+03	3.7613281250000000E+01
3.5892919764965773E+03	3.7613281250000000E+01
3.5972835796400905E+03	3.7613281250000000E+01
3.6052573073506355E+03	3.7613281250000000E+01
3.6132894443199039E+03	3.7613281250000000E+01
3.6213457077816129E+03	3.7613281250000000E+01
3.6293768654540181E+03	3.7613281250000000E+01
3.6373782440125942E+03	3.7613281250000000E+01
3.6453865898400545E+03	3.7613281250000000E+01
3.6534159547239542E+03	3.7613281250000000E+01
3.6614351285248995E+03	3.7613281250000000E+01
3.6694326558858156E+03	3.7613281250000000E+01
3.6774374573081732E+03	3.7613281250000000E+01
3.6854868331253529E+03	3.7613281250000000E+01
3.6935349486991763E+03	3.7613281250000000E+01
3.7015519432947040E+03	3.7613281250000000E+01
3.7095506429746747E+03	3.7613281250000000E+01
3.7175583192110062E+03	3.7613281250000000E+01
3.7255806010812521E+03	3.7613281250000000E+01
3.7335954028367996E+03	3.7613281250000000E+01
3.7415834279507399E+03	3.7613281250000000E+01
3.7496146562397480E+03	3.7613281250000000E+01
3.7576717514842749E+03	3.7613281250000000E+01
3.7657143729776144E+03	3.7613281250000000E+01
3.7737102765068412E+03	3.7613281250000000E+01
3.7817021765559912E+03	3.7613281250000000E+01
3.7897168885171413E+03	3.7613281250000000E+01
3.7977432919070125E+03	3.7613281250000000E+01
3.8057672787532210E+03	3.7613281250000000E+01
3.8137690892145038E+03	3.7613281250000000E+01
3.8217931026369333E+03	3.7613281250000000E+01
3.8298372974693775E+03	3.7613281250000000E+01
3.8378615220040083E+03	3.7613281250000000E+01
3.8458662885278463E+03	3.7613281250000000E+01
3.8538617294281721E+03	3.7613281250000000E+01
3.8618869549259543E+03	3.7613281250000000E+01
3.8699151352494955E+03	3.7613281250000000E+01
3.8779381558075547E+03	3.7613281250000000E+01
3.8859454046115279E+03	3.7613281250000000E+01
3.8939817142188549E+03	3.7613281250000000E+01
3.9020112295001745E+03	3.7613281250000000E+01
3.9100300270840526E+03	3.7613281250000000E+01
3.9180223936885595E+03	3.7613281250000000E+01
3.9260276808142662E+03	3.7613281250000000E+01
3.9340458354577422E+03	3.7613281250000000E+01
3.9420714334771037E+03	3.7613281250000000E+01
3.9500848610177636E+03	3.7613281250000000E+01
3.9580926118418574E+03	3.7613281250000000E+01
3.9661310221180320E+03	3.7613281250000000E+01
3.9741441828161478E+03	3.7613281250000000E+01
3.9821580171212554E+03	3.7613281250000000E+01
3.9901524858474731E+03	3.7613281250000000E+01
3.9981598853170872E+03	3.7613281250000000E+01
4.0061810513436794E+03	3.7613281250000000E+01
4.0142128302156925E+03	3.7613281250000000E+01
4.0222121326848865E+03	3.7613281250000000E+01
4.0302046860307455E+03	3.7613281250000000E+01
4.0382292343005538E+03	3.7613281250000000E+01
4.0462507083564997E+03	3.7613281250000000E+01
4.0542548094093800E+03	3.7613281250000000E+01
4.0622373471856117E+03	3.7613281250000000E+01
4.0702412130460143E+03	3.7613281250000000E+01
4.0782510540261865E+03	3.7613281250000000E+01
4.0862847869694233E+03	3.7613281250000000E+01
4.0942781798318028E+03	3.7613281250000000E+01
4.1022867758423090E+03	3.7613281250000000E+01
4.1103058886900544E+03	3.7613281250000000E+01
4.1183287004530430E+03	3.7613281250000000E+01
4.1263251907527447E+03	3.7613281250000000E+01
4.1343001962602139E+03	3.7613281250000000E+01
4.1423115047290921E+03	3.7613281250000000E+01
4.1503458245247602E+03	3.7613281250000000E+01
4.1583629386648536E+03	3.7613281250000000E+01
4.1663487009406090E+03	3.7613281250000000E+01
4.1743563807904720E+03	3.7613281250000000E+01
4.1823761414065957E+03	3.7613281250000000E+01
4.1903977779299021E+03	3.7613281250000000E+01
4.1983891422376037E+03	3.7613281250000000E+01
4.2063551179915667E+03	3.7613281250000000E+01
4.2143782314285636E+03	3.7613281250000000E+01
4.2224274632260203E+03	3.7613281250000000E+01
4.2304489285722375E+03	3.7613281250000000E+01
4.2384443393275142E+03	3.7613281250000000E+01
4.2464553411826491E+03	3.7613281250000000E+01
4.2544746312350035E+03	3.7613281250000000E+01
4.2624925696849823E+03	3.7613281250000000E+01
4.2704805602058768E+03	3.7613281250000000E+01
4.2784697567522526E+03	3.7613281250000000E+01
4.2865154098570347E+03	3.7613281250000000E+01
4.2945717082098126E+03	3.7613281250000000E+01
4.3025963773950934E+03	3.7613281250000000E+01
4.3105938316658139E+03	3.7613281250000000E+01
4.3186067546680570E+03	3.7613281250000000E+01
4.3266410681456327E+03	3.7613281250000000E+01
4.3346522330269217E+03	3.7613281250000000E+01
4.3426504207849503E+03	3.7613281250000000E+01
4.3506633979454637E+03	3.7613281250000000E+01
4.3586945101171732E+03	3.7613281250000000E+01
4.3667493926659226E+03	3.7613281250000000E+01
4.3747571637257934E+03	3.7613281250000000E+01
4.3827406916096807E+03	3.7613281250000000E+01
4.3907575593963265E+03	3.7613281250000000E+01
4.3987810417115688E+03	3.7613281250000000E+01
4.4067871542572975E+03	3.7613281250000000E+01
4.4147942198663950E+03	3.7613281250000000E+01
4.4228257883414626E+03	3.7613281250000000E+01
4.4308910644650459E+03	3.7613281250000000E+01
4.4389310999810696E+03	3.7613281250000000E+01
4.4469466695860028E+03	3.7613281250000000E+01
4.4549568795338273E+03	3.7613281250000000E+01
4.4629854253903031E+03	3.7613281250000000E+01
4.4710057566538453E+03	3.7613281250000000E+01
4.4790310152173042E+03	3.7613281250000000E+01
4.4870445863604546E+03	3.7613281250000000E+01
4.4950817424133420E+03	3.7613281250000000E+01
4.5031318558901548E+03	3.7613281250000000E+01
4.5111881356984377E+03	3.7613281250000000E+01
4.5191904269680381E+03	3.7613281250000000E+01
4.5271888104379177E+03	3.7613281250000000E+01
4.5352256949096918E+03	3.7613281250000000E+01
4.5432584397718310E+03	3.7613281250000000E+01
4.5512525398284197E+03	3.7613281250000000E+01
4.5592602362260222E+03	3.7613281250000000E+01
4.5672857811450958E+03	3.7613281250000000E+01
4.5753427391871810E+03	3.7613281250000000E+01
4.5833799131438136E+03	3.7613281250000000E+01
4.5913822446689010E+03	3.7613281250000000E+01
4.5994026324376464E+03	3.7613281250000000E+01
4.6074352531358600E+03	3.7613281250000000E+01
4.6154722932279110E+03	3.7613281250000000E+01
4.6234844061210752E+03	3.7613281250000000E+01
4.6314773867055774E+03	3.7613281250000000E+01
4.6395140400975943E+03	3.7613281250000000E+01
4.6475672502592206E+03	3.7613281250000000E+01
4.6555948033556342E+03	3.7613281250000000E+01
4.6635949821099639E+03	3.7613281250000000E+01
4.6716012294292450E+03	3.7613281250000000E+01
4.6796379398852587E+03	3.7613281250000000E+01
4.6876873955130577E+03	3.7613281250000000E+01
4.6956816610097885E+03	3.7613281250000000E+01
4.7036858090758324E+03	3.7613281250000000E+01
4.7117333366200328E+03	3.7613281250000000E+01
4.7197794904634356E+03	3.7613281250000000E+01
4.7278060641214252E+03	3.7613281250000000E+01
4.7358049217164516E+03	3.7613281250000000E+01
4.7438287935629487E+03	3.7613281250000000E+01
4.7518876888304949E+03	3.7613281250000000E+01
4.7599326600059867E+03	3.7613281250000000E+01
4.7679503165856004E+03	3.7613281250000000E+01
4.7759549852907658E+03	3.7613281250000000E+01
4.7840131540820003E+03	3.7613281250000000E+01
4.7920585637614131E+03	3.7613281250000000E+01
4.8000872191712260E+03	3.7613281250000000E+01
4.8080767117217183E+03	3.7613281250000000E+01
4.8161131775826216E+03	3.7613281250000000E+01
4.8241723606064916E+03	3.7613281250000000E+01
4.8322300510406494E+03	3.7613281250000000E+01
4.8402268992587924E+03	3.7613281250000000E+01
4.8482245741710067E+03	3.7613281250000000E+01
4.8562673293054104E+03	3.7613281250000000E+01
4.8643278840780258E+03	3.7613281250000000E+01
4.8723708400428295E+03	3.7613281250000000E+01
4.8803563691452146E+03	3.7613281250000000E+01
4.8883830314427614E+03	3.7613281250000000E+01
4.8964472867995501E+03	3.7613281250000000E+01
4.9045160198509693E+03	3.7613281250000000E+01
4.9125117412433028E+03	3.7613281250000000E+01
4.9205340545251966E+03	3.7613281250000000E+01
4.9285612724497914E+03	3.7613281250000000E+01
4.9366256043612957E+03	3.7613281250000000E+01
4.9446578486561775E+03	3.7613281250000000E+01
4.9526388668343425E+03	3.7613281250000000E+01
4.9606951395273209E+03	3.7613281250000000E+01
4.9687704451605678E+03	3.7613281250000000E+01
4.9768432112783194E+03	3.7613281250000000E+01
4.9848329163566232E+03	3.7613281250000000E+01
4.9928583292141557E+03	3.7613281250000000E+01
5.0009280902519822E+03	3.7613281250000000E+01
5.0089846327826381E+03	3.7613281250000000E+01
5.0170304914414883E+03	3.7613281250000000E+01
5.0250400515273213E+03	3.7613281250000000E+01
5.0331104651987553E+03	3.7613281250000000E+01
5.0412066273838282E+03	3.7613281250000000E+01
5.0492720845341682E+03	3.7613281250000000E+01
5.0572657725363970E+03	3.7613281250000000E+01
5.0653107909113169E+03	3.7613281250000000E+01
5.0733727022483945E+03	3.7613281250000000E+01
5.0814350094944239E+03	3.7613281250000000E+01
5.0894665664434433E+03	3.7613281250000000E+01
5.0974939115941525E+03	3.7613281250000000E+01
5.1055854984968901E+03	3.7613281250000000E+01
5.1136577721610665E+03	3.7613281250000000E+01
5.1217005351558328E+03	3.7613281250000000E+01
5.1297140076458454E+03	3.7613281250000000E+01
5.1377757761925459E+03	3.7613281250000000E+01
5.1458345759660006E+03	3.7613281250000000E+01
5.1538838580027223E+03	3.7613281250000000E+01
5.1619160425662994E+03	3.7613281250000000E+01
5.1699475320056081E+03	3.7613281250000000E+01
5.1780288469567895E+03	3.7613281250000000E+01
5.1861225556880236E+03	3.7613281250000000E+01
5.1941621814519167E+03	3.7613281250000000E+01
5.2021704516261816E+03	3.7613281250000000E+01
5.2102244780585170E+03	3.7613281250000000E+01
5.2182659095451236E+03	3.7613281250000000E+01
5.2263219954222441E+03	3.7613281250000000E+01
5.2343223877102137E+03	3.7613281250000000E+01
5.2423704283758998E+03	3.7613281250000000E+01
5.2504565157368779E+03	3.7613281250000000E+01
5.2585430362299085E+03	3.7613281250000000E+01
5.2665801575332880E+03	3.7613281250000000E+01
5.2745942385569215E+03	3.7613281250000000E+01
5.2826451444104314E+03	3.7613281250000000E+01
5.2907103807479143E+03	3.7613281250000000E+01
5.2987761309891939E+03	3.7613281250000000E+01
5.3067913508713245E+03	3.7613281250000000E+01
5.3148262856006622E+03	3.7613281250000000E+01
5.3229132676050067E+03	3.7613281250000000E+01
5.3309929349273443E+03	3.7613281250000000E+01
5.3390074193403125E+03	3.7613281250000000E+01
5.3469916981011629E+03	3.7613281250000000E+01
5.3550513136535883E+03	3.7613281250000000E+01
5.3631264431253076E+03	3.7613281250000000E+01
5.3711653425320983E+03	3.7613281250000000E+01
5.3791772541999817E+03	3.7613281250000000E+01
5.3872332649379969E+03	3.7613281250000000E+01
5.3953252014890313E+03	3.7613281250000000E+01
5.4034033183977008E+03	3.7613281250000000E+01
5.4114280507117510E+03	3.7613281250000000E+01
5.4194743511229753E+03	3.7613281250000000E+01
5.4275529876723886E+03	3.7613281250000000E+01
5.4356331215128303E+03	3.7613281250000000E+01
5.4436764420047402E+03	3.7613281250000000E+01
5.4516798931583762E+03	3.7613281250000000E+01
5.4597571652606130E+03	3.7613281250000000E+01
5.4678533671498299E+03	3.7613281250000000E+01
5.4759374497979879E+03	3.7613281250000000E+01
5.4839789760559797E+03	3.7613281250000000E+01
5.4920348435789347E+03	3.7613281250000000E+01
5.5001291484013200E+03	3.7613281250000000E+01
5.5082131472080946E+03	3.7613281250000000E+01
5.5162813445478678E+03	3.7613281250000000E+01
5.5242799157723784E+03	3.7613281250000000E+01
5.5323733511120081E+03	3.7613281250000000E+01
5.5404736064299941E+03	3.7613281250000000E+01
5.5485544631481171E+03	3.7613281250000000E+01
5.5565926338434219E+03	3.7613281250000000E+01
5.5646545203551650E+03	3.7613281250000000E+01
5.5727490513995290E+03	3.7613281250000000E+01
5.5808447431996465E+03	3.7613281250000000E+01
5.5888971154540777E+03	3.7613281250000000E+01
5.5969243995174766E+03	3.7613281250000000E+01
5.6050380370765924E+03	3.7613281250000000E+01
5.6131443530693650E+03	3.7613281250000000E+01
5.6212394036427140E+03	3.7613281250000000E+01
5.6292529830411077E+03	3.7613281250000000E+01
5.6373255533650517E+03	3.7613281250000000E+01
5.6454394742920995E+03	3.7613281250000000E+01
5.6535708218738437E+03	3.7613281250000000E+01
5.6616079549640417E+03	3.7613281250000000E+01
5.6696263079419732E+03	3.7613281250000000E+01
5.6777394763454795E+03	3.7613281250000000E+01
5.6858557415381074E+03	3.7613281250000000E+01
5.6939546861574054E+03	3.7613281250000000E+01
5.7019551781788468E+03	3.7613281250000000E+01
5.7100165576562285E+03	3.7613281250000000E+01
5.7181342116743326E+03	3.7613281250000000E+01
5.7262514565736055E+03	3.7613281250000000E+01
5.7343041775003076E+03	3.7613281250000000E+01
5.7423196900859475E+03	3.7613281250000000E+01
5.7504107748568058E+03	3.7613281250000000E+01
5.7585135096907616E+03	3.7613281250000000E+01
5.7666169127896428E+03	3.7613281250000000E+01
5.7746389403492212E+03	3.7613281250000000E+01
5.7827038148269057E+03	3.7613281250000000E+01
5.7908397184014320E+03	3.7613281250000000E+01
5.7989805801287293E+03	3.7613281250000000E+01
5.8070722785070539E+03	3.7613281250000000E+01
5.8150816447436810E+03	3.7613281250000000E+01
5.8231710017025471E+03	3.7613281250000000E+01
5.8312663903459907E+03	3.7613281250000000E+01
5.8393855843618512E+03	3.7613281250000000E+01
5.8474472617581487E+03	3.7613281250000000E+01
5.8555258230194449E+03	3.7613281250000000E+01
5.8636733892783523E+03	3.7613281250000000E+01
5.8718307325914502E+03	3.7613281250000000E+01
5.8799385150820017E+03	3.7613281250000000E+01
5.8880130856856704E+03	3.7613281250000000E+01
5.8961343731880188E+03	3.7613281250000000E+01
5.9042526767551899E+03	3.7613281250000000E+01
5.9123779767155647E+03	3.7613281250000000E+01
5.9204728385135531E+03	3.7613281250000000E+01
5.9285732741132379E+03	3.7613281250000000E+01
5.9367425890341401E+03	3.7613281250000000E+01
5.9449131293147802E+03	3.7613281250000000E+01
5.9530232957899570E+03	3.7613281250000000E+01
5.9611037519723177E+03	3.7613281250000000E+01
5.9692200243845582E+03	3.7613281250000000E+01
5.9773197434768081E+03	3.7613281250000000E+01
5.9854373062476516E+03	3.7613281250000000E+01
5.9935222271531820E+03	3.7613281250000000E+01
6.0016166667342186E+03	3.7613281250000000E+01
6.0097685139998794E+03	3.7613281250000000E+01
6.0179039496779442E+03	3.7613281250000000E+01
6.0260059740170836E+03	3.7613281250000000E+01
6.0340651349499822E+03	3.7613281250000000E+01
6.0421636994034052E+03	3.7613281250000000E+01
6.0502686175033450E+03	3.7613281250000000E+01
6.0583821669816971E+03	3.7613281250000000E+01
6.0665020798444748E+03	3.7613281250000000E+01
6.0745615921616554E+03	3.7613281250000000E+01
6.0826682407557964E+03	3.7613281250000000E+01
6.0907741354256868E+03	3.7613281250000000E+01
6.0988825357183814E+03	3.7613281250000000E+01
6.1069826713949442E+03	3.7613281250000000E+01
6.1150893215686083E+03	3.7613281250000000E+01
6.1231620054990053E+03	3.7613281250000000E+01
6.1312389393895864E+03	3.7613281250000000E+01
6.1393500430360436E+03	3.7613281250000000E+01
6.1474814769774675E+03	3.7613281250000000E+01
6.1555804470479488E+03	3.7613281250000000E+01
6.1636598198637366E+03	3.7613281250000000E+01
6.1717618802040815E+03	3.7613281250000000E+01
6.1798603935986757E+03	3.7613281250000000E+01
6.1879422062560916E+03	3.7613281250000000E+01
6.1959712209329009E+03	3.7613281250000000E+01
6.2040637060925364E+03	3.7613281250000000E+01
6.2121930678561330E+03	3.7613281250000000E+01
6.2202951219007373E+03	3.7613281250000000E+01
6.2283298313319683E+03	3.7613281250000000E+01
6.2363730811327696E+03	3.7613281250000000E+01
6.2444735916480422E+03	3.7613281250000000E+01
6.2525580287724733E+03	3.7613281250000000E+01
6.2606020306497812E+03	3.7613281250000000E+01
6.2686220515742898E+03	3.7613281250000000E+01
6.2767358509376645E+03	3.7613281250000000E+01
6.2848371831327677E+03	3.7613281250000000E+01
6.2928677595928311E+03	3.7613281250000000E+01
6.3008440678641200E+03	3.7613281250000000E+01
6.3089329080879688E+03	3.7613281250000000E+01
6.3170354881137609E+03	3.7613281250000000E+01
6.3251047223284841E+03	3.7613281250000000E+01
6.3330571882799268E+03	3.7613281250000000E+01
6.3410623882487416E+03	3.7613281250000000E+01
6.3491787576600909E+03	3.7613281250000000E+01
6.3572840098962188E+03	3.7613281250000000E+01
6.3652724957615137E+03	3.7613281250000000E+01
6.3732166850492358E+03	3.7613281250000000E+01
6.3812969743534923E+03	3.7613281250000000E+01
6.3893671460226178E+03	3.7613281250000000E+01
6.3974296915903687E+03	3.7613281250000000E+01
6.4053674141764641E+03	3.7613281250000000E+01
6.4133453907072544E+03	3.7613281250000000E+01
6.4214451997131109E+03	3.7613281250000000E+01
6.4295428048595786E+03	3.7613281250000000E+01
6.4375425663292408E+03	3.7613281250000000E+01
6.4454991616755724E+03	3.7613281250000000E+01
6.4535928990989923E+03	3.7613281250000000E+01
6.4616903020963073E+03	3.7613281250000000E+01
6.4697778151705861E+03	3.7613281250000000E+01
6.4777568885236979E+03	3.7613281250000000E+01
6.4858187072351575E+03	3.7613281250000000E+01
6.4939367144480348E+03	3.7613281250000000E+01
6.5020358904749155E+03	3.7613281250000000E+01
6.5100345960780978E+03	3.7613281250000000E+01
6.5180342542007565E+03	3.7613281250000000E+01
6.5261181361079216E+03	3.7613281250000000E+01
6.5342101083919406E+03	3.7613281250000000E+01
6.5422567101120949E+03	3.7613281250000000E+01
6.5502649779766798E+03	3.7613281250000000E+01
6.5583166339546442E+03	3.7613281250000000E+01
6.5664033364802599E+03	3.7613281250000000E+01
6.5744436773434281E+03	3.7613281250000000E+01
6.5823806828930974E+03	3.7613281250000000E+01
6.5904239289462566E+03	3.7613281250000000E+01
6.5985159385874867E+03	3.7613281250000000E+01
6.6066192144900560E+03	3.7613281250000000E+01
6.6146522852480412E+03	3.7613281250000000E+01
6.6226884353607893E+03	3.7613281250000000E+01
6.6307962073981762E+03	3.7613281250000000E+01
6.6389477405399084E+03	3.7613281250000000E+01
6.6470556495934725E+03	3.7613281250000000E+01
6.6550840245634317E+03	3.7613281250000000E+01
6.6631490083038807E+03	3.7613281250000000E+01
6.6712506856843829E+03	3.7613281250000000E+01
6.6793525493517518E+03	3.7613281250000000E+01
6.6872836443185806E+03	3.7613281250000000E+01
6.6952626531198621E+03	3.7613281250000000E+01
6.7033948082476854E+03	3.7613281250000000E+01
6.7115362415388227E+03	3.7613281250000000E+01
6.7196185684576631E+03	3.7613281250000000E+01
6.7275882821008563E+03	3.7613281250000000E+01
6.7356746902912855E+03	3.7613281250000000E+01
6.7437906380668283E+03	3.7613281250000000E+01
6.7518972271382809E+03	3.7613281250000000E+01
6.7598569169417024E+03	3.7613281250000000E+01
6.7679080000221729E+03	3.7613281250000000E+01
6.7760458040386438E+03	3.7613281250000000E+01
6.7841941611766815E+03	3.7613281250000000E+01
6.7921889794766903E+03	3.7613281250000000E+01
6.8001574725136161E+03	3.7613281250000000E+01
6.8082815169543028E+03	3.7613281250000000E+01
6.8164118221253157E+03	3.7613281250000000E+01
6.8245194510966539E+03	3.7613281250000000E+01
6.8324740409627557E+03	3.7613281250000000E+01
6.8404900282844901E+03	3.7613281250000000E+01
6.8486482540667057E+03	3.7613281250000000E+01
6.8567971608713269E+03	3.7613281250000000E+01
6.8647605835795403E+03	3.7613281250000000E+01
6.8727536200657487E+03	3.7613281250000000E+01
6.8809009454697371E+03	3.7613281250000000E+01
6.8890684646889567E+03	3.7613281250000000E+01
6.8972348826155066E+03	3.7613281250000000E+01
6.9052169031053782E+03	3.7613281250000000E+01
6.9132520505934954E+03	3.7613281250000000E+01
6.9214081218168139E+03	3.7613281250000000E+01
6.9295442196577787E+03	3.7613281250000000E+01
6.9375473281070590E+03	3.7613281250000000E+01
6.9455936397314072E+03	3.7613281250000000E+01
6.9537428557053208E+03	3.7613281250000000E+01
6.9619294942840934E+03	3.7613281250000000E+01
6.9700683247447014E+03	3.7613281250000000E+01
6.9780553591847420E+03	3.7613281250000000E+01
6.9861344566568732E+03	3.7613281250000000E+01
6.9943056966066360E+03	3.7613281250000000E+01
7.0025044052377343E+03	3.7613281250000000E+01
7.0105839443653822E+03	3.7613281250000000E+01
7.0185948671773076E+03	3.7613281250000000E+01
7.0267710732296109E+03	3.7613281250000000E+01
7.0349748672544956E+03	3.7613281250000000E+01
7.0431863263994455E+03	3.7613281250000000E+01
7.0513105378970504E+03	3.7613281250000000E+01
7.0592744789347053E+03	3.7613281250000000E+01
7.0674480327665806E+03	3.7613281250000000E+01
7.0756454140692949E+03	3.7613281250000000E+01
7.0838227174654603E+03	3.7613281250000000E+01
7.0919643636196852E+03	3.7613281250000000E+01
7.0999959646910429E+03	3.7613281250000000E+01
7.1081454546377063E+03	3.7613281250000000E+01
7.1163344753608108E+03	3.7613281250000000E+01
7.1245543264001608E+03	3.7613281250000000E+01
7.1326542141586542E+03	3.7613281250000000E+01
7.1407103805691004E+03	3.7613281250000000E+01
7.1489171501174569E+03	3.7613281250000000E+01
7.1571260492503643E+03	3.7613281250000000E+01
7.1653107752129436E+03	3.7613281250000000E+01
7.1734164787381887E+03	3.7613281250000000E+01
7.1815729037374258E+03	3.7613281250000000E+01
7.1897806323245168E+03	3.7613281250000000E+01
7.1979945865422487E+03	3.7613281250000000E+01
7.2061084494814277E+03	3.7613281250000000E+01
7.2141130276620388E+03	3.7613281250000000E+01
7.2222920088320971E+03	3.7613281250000000E+01
7.2304723010957241E+03	3.7613281250000000E+01
7.2386509654372931E+03	3.7613281250000000E+01
7.2466707188561559E+03	3.7613281250000000E+01
7.2548098372593522E+03	3.7613281250000000E+01
7.2630143010690808E+03	3.7613281250000000E+01
7.2712269914373755E+03	3.7613281250000000E+01
7.2794154139235616E+03	3.7613281250000000E+01
7.2876075850725174E+03	3.7613281250000000E+01
7.2958115136697888E+03	3.7613281250000000E+01
7.3040357713326812E+03	3.7613281250000000E+01
7.3122401218339801E+03	3.7613281250000000E+01
7.3203839980810881E+03	3.7613281250000000E+01
7.3285156600475311E+03	3.7613281250000000E+01
7.3367165952697396E+03	3.7613281250000000E+01
7.3449417829960585E+03	3.7613281250000000E+01
7.3531272682249546E+03	3.7613281250000000E+01
7.3613412013724446E+03	3.7613281250000000E+01
7.3695309550613165E+03	3.7613281250000000E+01
7.3777684260383248E+03	3.7613281250000000E+01
7.3859948328733444E+03	3.7613281250000000E+01
7.3942204339876771E+03	3.7613281250000000E+01
7.4023394208103418E+03	3.7613281250000000E+01
7.4105550560578704E+03	3.7613281250000000E+01
7.4188342819437385E+03	3.7613281250000000E+01
7.4270984921380877E+03	3.7613281250000000E+01
7.4353753378912807E+03	3.7613281250000000E+01
7.4435261855274439E+03	3.7613281250000000E+01
7.4517860158830881E+03	3.7613281250000000E+01
7.4600569613575935E+03	3.7613281250000000E+01
7.4683242723122239E+03	3.7613281250000000E+01
7.4766104531064630E+03	3.7613281250000000E+01
7.4848983096554875E+03	3.7613281250000000E+01
7.4931706861406565E+03	3.7613281250000000E+01
7.5014516488313675E+03	3.7613281250000000E+01
7.5096785052269697E+03	3.7613281250000000E+01
7.5179091811999679E+03	3.7613281250000000E+01
7.5261322639063001E+03	3.7613281250000000E+01
7.5344440262019634E+03	3.7613281250000000E+01
7.5427263118624687E+03	3.7613281250000000E+01
7.5510513080880046E+03	3.7613281250000000E+01
7.5593477027043700E+03	3.7613281250000000E+01
7.5676299448907375E+03	3.7613281250000000E+01
7.5759617705643177E+03	3.7613281250000000E+01
7.5843117375448346E+03	3.7613281250000000E+01
7.5926207592114806E+03	3.7613281250000000E+01
7.6007977354675531E+03	3.7613281250000000E+01
7.6091541237235069E+03	3.7613281250000000E+01
7.6175365531891584E+03	3.7613281250000000E+01
7.6259156410992146E+03	3.7613281250000000E+01
7.6343097044676542E+03	3.7613281250000000E+01
7.6427250982001424E+03	3.7613281250000000E+01
7.6511576695665717E+03	3.7613281250000000E+01
7.6595979073867202E+03	3.7613281250000000E+01
7.6680111244171858E+03	3.7613281250000000E+01
7.6764171646907926E+03	3.7613281250000000E+01
7.6848386417478323E+03	3.7613281250000000E+01
7.6932768988534808E+03	3.7613281250000000E+01
7.7016590548455715E+03	3.7613281250000000E+01
7.7100167787969112E+03	3.7613281250000000E+01
7.7183770974278450E+03	3.7613281250000000E+01
7.7267672452554107E+03	3.7613281250000000E+01
7.7351355414912105E+03	3.7613281250000000E+01
7.7434862038195133E+03	3.7613281250000000E+01
7.7518741177469492E+03	3.7613281250000000E+01
7.7601789103224874E+03	3.7613281250000000E+01
7.7682690401673317E+03	3.7613281250000000E+01
7.7765324548557401E+03	3.7613281250000000E+01
7.7847285838425159E+03	3.7613281250000000E+01
7.7928512990474701E+03	3.7613281250000000E+01
7.8010097419694066E+03	3.7613281250000000E+01
7.8092431200742722E+03	3.7613281250000000E+01
7.8174237871617079E+03	3.7613281250000000E+01
7.8255884825363755E+03	3.7613281250000000E+01
7.8318866516649723E+03	3.7703125000000000E+01
7.8343281407207251E+03	3.7703125000000000E+01
7.8367837011069059E+03	3.7703125000000000E+01
7.8392408638671041E+03	3.7703125000000000E+01
7.8416779772639275E+03	3.7703125000000000E+01
7.8441297536268830E+03	3.7703125000000000E+01
7.8465878424793482E+03	3.7703125000000000E+01
7.8490460350438952E+03	3.7703125000000000E+01
7.8515155392587185E+03	3.7703125000000000E+01
7.8539722823724151E+03	3.7703125000000000E+01
7.8564181203320622E+03	3.7703125000000000E+01
7.8588641812279820E+03	3.7703125000000000E+01
7.8613226849064231E+03	3.7703125000000000E+01
7.8637919330224395E+03	3.7703125000000000E+01
7.8662582218796015E+03	3.7703125000000000E+01
7.8687396757006645E+03	3.7703125000000000E+01
7.8712130978927016E+03	3.7703125000000000E+01
7.8736788088306785E+03	3.7703125000000000E+01
7.8761340926811099E+03	3.7703125000000000E+01
7.8785956437215209E+03	3.7703125000000000E+01
7.8810473231598735E+03	3.7710937500000000E+01
7.8835051940605044E+03	3.7710937500000000E+01
7.8859463251754642E+03	3.7710937500000000E+01
7.8883767571300268E+03	3.7710937500000000E+01
7.8907919307500124E+03	3.7710937500000000E+01
7.8932109541371465E+03	3.7710937500000000E+01
7.8956353549286723E+03	3.7710937500000000E+01
7.8980591541156173E+03	3.7710937500000000E+01
7.9004594129696488E+03	3.7710937500000000E+01
