1.7374119162559509E-01	3.7015625000000000E+01
2.3209964483976364E-01	3.7015625000000000E+01
2.8978326171636581E-01	3.7015625000000000E+01
3.4742730110883713E-01	3.7015625000000000E+01
4.0500660240650177E-01	3.7015625000000000E+01
4.6296054869890213E-01	3.7015625000000000E+01
5.2057508379220963E-01	3.7015625000000000E+01
5.7893698662519455E-01	3.7148437500000000E+01
6.3669650256633759E-01	3.7148437500000000E+01
6.9439547508955002E-01	3.7148437500000000E+01
7.5203530490398407E-01	3.7148437500000000E+01
8.0973141640424728E-01	3.7148437500000000E+01
8.6741568148136139E-01	3.7148437500000000E+01
9.2507499456405640E-01	3.7148437500000000E+01
9.8297301679849625E-01	3.7148437500000000E+01
1.0406551882624626E+00	3.7148437500000000E+01
1.0983566790819168E+00	3.7148437500000000E+01
1.1560871452093124E+00	3.7148437500000000E+01
1.2140292227268219E+00	3.7148437500000000E+01
1.2717595100402832E+00	3.7148437500000000E+01
1.3294762969017029E+00	3.7148437500000000E+01
1.3871897533535957E+00	3.7148437500000000E+01
1.4449279308319092E+00	3.7148437500000000E+01
1.5026625022292137E+00	3.7148437500000000E+01
1.5603887289762497E+00	3.7148437500000000E+01
1.6180563941597939E+00	3.7148437500000000E+01
1.6757448390126228E+00	3.7148437500000000E+01
1.7334226891398430E+00	3.7148437500000000E+01
1.7911387905478477E+00	3.7148437500000000E+01
1.8488591387867928E+00	3.7148437500000000E+01
1.9066027104854584E+00	3.7148437500000000E+01
1.9643298313021660E+00	3.7148437500000000E+01
2.0220657438039780E+00	3.7148437500000000E+01
2.0798181369900703E+00	3.7148437500000000E+01
2.1375658139586449E+00	3.7148437500000000E+01
2.1952466294169426E+00	3.7148437500000000E+01
2.2529564723372459E+00	3.7148437500000000E+01
2.3108024746179581E+00	3.7148437500000000E+01
2.3685329630970955E+00	3.7148437500000000E+01
2.4262432456016541E+00	3.7148437500000000E+01
2.4839388504624367E+00	3.7148437500000000E+01
2.5416430607438087E+00	3.7148437500000000E+01
2.5999985560774803E+00	3.7164062500000000E+01
2.6578356400132179E+00	3.7164062500000000E+01
2.7156236693263054E+00	3.7164062500000000E+01
2.7734417766332626E+00	3.7164062500000000E+01
2.8312609419226646E+00	3.7164062500000000E+01
2.8890547975897789E+00	3.7164062500000000E+01
2.9468605369329453E+00	3.7164062500000000E+01
3.0046533122658730E+00	3.7164062500000000E+01
3.0623924359679222E+00	3.7164062500000000E+01
3.1199614182114601E+00	3.7164062500000000E+01
3.1775004044175148E+00	3.7164062500000000E+01
3.2350632697343826E+00	3.7164062500000000E+01
3.2926352471113205E+00	3.7164062500000000E+01
3.3501470461487770E+00	3.7164062500000000E+01
3.4077169895172119E+00	3.7164062500000000E+01
3.4652228280901909E+00	3.7164062500000000E+01
3.5227779299020767E+00	3.7164062500000000E+01
3.5802626609802246E+00	3.7164062500000000E+01
3.6377704441547394E+00	3.7164062500000000E+01
3.6952676475048065E+00	3.7164062500000000E+01
3.7527850717306137E+00	3.7164062500000000E+01
3.8103062137961388E+00	3.7164062500000000E+01
3.8678299933671951E+00	3.7164062500000000E+01
3.9259220883250237E+00	3.7164062500000000E+01
3.9834665656089783E+00	3.7164062500000000E+01
4.0409929230809212E+00	3.7164062500000000E+01
4.0985154509544373E+00	3.7164062500000000E+01
4.1560229957103729E+00	3.7164062500000000E+01
4.2135349139571190E+00	3.7164062500000000E+01
4.2711333781480789E+00	3.7164062500000000E+01
4.3286740928888321E+00	3.7164062500000000E+01
4.3862041383981705E+00	3.7164062500000000E+01
4.4437285959720612E+00	3.7164062500000000E+01
4.5012675672769547E+00	3.7164062500000000E+01
4.5587652698159218E+00	3.7164062500000000E+01
4.6162627488374710E+00	3.7164062500000000E+01
4.6737884581089020E+00	3.7164062500000000E+01
4.7313158437609673E+00	3.7164062500000000E+01
4.7888482213020325E+00	3.7164062500000000E+01
4.8463698849081993E+00	3.7164062500000000E+01
4.9039153531193733E+00	3.7164062500000000E+01
4.9614212065935135E+00	3.7164062500000000E+01
5.0191760286688805E+00	3.7164062500000000E+01
5.0766625851392746E+00	3.7164062500000000E+01
5.1341750696301460E+00	3.7164062500000000E+01
5.1917097494006157E+00	3.7164062500000000E+01
5.2492383196949959E+00	3.7164062500000000E+01
5.3067716881632805E+00	3.7164062500000000E+01
5.3642870634794235E+00	3.7164062500000000E+01
5.4218062087893486E+00	3.7164062500000000E+01
5.4793515130877495E+00	3.7164062500000000E+01
5.5368411242961884E+00	3.7164062500000000E+01
5.5943559259176254E+00	3.7164062500000000E+01
5.6518841013312340E+00	3.7164062500000000E+01
5.7093998566269875E+00	3.7164062500000000E+01
5.7668973505496979E+00	3.7164062500000000E+01
5.8244310691952705E+00	3.7164062500000000E+01
5.8819457441568375E+00	3.7164062500000000E+01
5.9394420236349106E+00	3.7164062500000000E+01
5.9975207671523094E+00	3.7164062500000000E+01
6.0551889464259148E+00	3.7164062500000000E+01
6.1127369180321693E+00	3.7164062500000000E+01
6.1702603325247765E+00	3.7164062500000000E+01
6.2278311699628830E+00	3.7164062500000000E+01
6.2854186668992043E+00	3.7164062500000000E+01
6.3429430201649666E+00	3.7164062500000000E+01
6.4004585742950439E+00	3.7164062500000000E+01
6.4579734057188034E+00	3.7164062500000000E+01
6.5155462250113487E+00	3.7164062500000000E+01
6.5730631947517395E+00	3.7164062500000000E+01
6.6306071802973747E+00	3.7164062500000000E+01
6.6881300657987595E+00	3.7164062500000000E+01
6.7456653416156769E+00	3.7164062500000000E+01
6.8031964004039764E+00	3.7164062500000000E+01
6.8607254624366760E+00	3.7164062500000000E+01
6.9182619526982307E+00	3.7164062500000000E+01
6.9757906869053841E+00	3.7164062500000000E+01
7.0333204045891762E+00	3.7164062500000000E+01
7.0908732265233994E+00	3.7164062500000000E+01
7.1484185159206390E+00	3.7164062500000000E+01
7.2059737071394920E+00	3.7164062500000000E+01
7.2635705694556236E+00	3.7164062500000000E+01
7.3211056962609291E+00	3.7164062500000000E+01
7.3787057027220726E+00	3.7164062500000000E+01
7.4362973496317863E+00	3.7164062500000000E+01
7.4940808340907097E+00	3.7164062500000000E+01
7.5516503304243088E+00	3.7164062500000000E+01
7.6092277839779854E+00	3.7164062500000000E+01
7.6668161675333977E+00	3.7164062500000000E+01
7.7243958860635757E+00	3.7164062500000000E+01
7.7819603532552719E+00	3.7164062500000000E+01
7.8395050689578056E+00	3.7164062500000000E+01
7.8970612958073616E+00	3.7164062500000000E+01
7.9546396732330322E+00	3.7164062500000000E+01
8.0122052952647209E+00	3.7164062500000000E+01
8.0698191523551941E+00	3.7164062500000000E+01
8.1273821443319321E+00	3.7164062500000000E+01
8.1849415972828865E+00	3.7164062500000000E+01
8.2424916699528694E+00	3.7164062500000000E+01
8.3001148030161858E+00	3.7164062500000000E+01
8.3577289581298828E+00	3.7164062500000000E+01
8.4153556004166603E+00	3.7164062500000000E+01
8.4730085507035255E+00	3.7164062500000000E+01
8.5306363776326180E+00	3.7164062500000000E+01
8.5882379263639450E+00	3.7164062500000000E+01
8.6458088830113411E+00	3.7164062500000000E+01
8.7033676058053970E+00	3.7164062500000000E+01
8.7609655559062958E+00	3.7164062500000000E+01
8.8186629042029381E+00	3.7164062500000000E+01
8.8764004483819008E+00	3.7164062500000000E+01
8.9340269863605499E+00	3.7164062500000000E+01
8.9917258247733116E+00	3.7164062500000000E+01
9.0493589490652084E+00	3.7164062500000000E+01
9.1069871410727501E+00	3.7164062500000000E+01
9.1647305637598038E+00	3.7164062500000000E+01
9.2226178720593452E+00	3.7164062500000000E+01
9.2806321680545807E+00	3.7164062500000000E+01
9.3384497836232185E+00	3.7164062500000000E+01
9.3963847085833549E+00	3.7164062500000000E+01
9.4541968703269958E+00	3.7164062500000000E+01
9.5120756104588509E+00	3.7164062500000000E+01
9.5701261386275291E+00	3.7164062500000000E+01
9.6283340528607368E+00	3.7164062500000000E+01
9.6865530088543892E+00	3.7164062500000000E+01
9.7446942776441574E+00	3.7164062500000000E+01
9.8032283037900925E+00	3.7164062500000000E+01
9.8613691404461861E+00	3.7164062500000000E+01
9.9195731803774834E+00	3.7164062500000000E+01
9.9778284132480621E+00	3.7164062500000000E+01
1.0036139458417892E+01	3.7164062500000000E+01
1.0094475671648979E+01	3.7164062500000000E+01
1.0152793847024441E+01	3.7164062500000000E+01
1.0211123622953892E+01	3.7164062500000000E+01
1.0269519053399563E+01	3.7164062500000000E+01
1.0327823460102081E+01	3.7164062500000000E+01
1.0386143796145916E+01	3.7164062500000000E+01
1.0444490298628807E+01	3.7164062500000000E+01
1.0502794951200485E+01	3.7164062500000000E+01
1.0561100490391254E+01	3.7164062500000000E+01
1.0619412146508694E+01	3.7164062500000000E+01
1.0677718557417393E+01	3.7164062500000000E+01
1.0735992036759853E+01	3.7164062500000000E+01
1.0794265180826187E+01	3.7164062500000000E+01
1.0852453373372555E+01	3.7164062500000000E+01
1.0910723283886909E+01	3.7164062500000000E+01
1.0969069607555866E+01	3.7164062500000000E+01
1.1027214772999287E+01	3.7164062500000000E+01
1.1085496664047241E+01	3.7164062500000000E+01
1.1143772318959236E+01	3.7164062500000000E+01
1.1202064111828804E+01	3.7164062500000000E+01
1.1260362297296524E+01	3.7164062500000000E+01
1.1318765208125114E+01	3.7164062500000000E+01
1.1377368785440922E+01	3.7164062500000000E+01
1.1435770533978939E+01	3.7164062500000000E+01
1.1494116358458996E+01	3.7164062500000000E+01
1.1552450150251389E+01	3.7164062500000000E+01
1.1610775396227837E+01	3.7164062500000000E+01
1.1669117614626884E+01	3.7164062500000000E+01
1.1727439180016518E+01	3.7164062500000000E+01
1.1786564774811268E+01	3.7164062500000000E+01
1.1845182850956917E+01	3.7164062500000000E+01
1.1903737761080265E+01	3.7164062500000000E+01
1.1962306812405586E+01	3.7164062500000000E+01
1.2020835146307945E+01	3.7164062500000000E+01
1.2079728223383427E+01	3.7164062500000000E+01
1.2138352759182453E+01	3.7164062500000000E+01
1.2196950934827328E+01	3.7164062500000000E+01
1.2255557417869568E+01	3.7164062500000000E+01
1.2314228370785713E+01	3.7164062500000000E+01
1.2373459607362747E+01	3.7164062500000000E+01
1.2432019457221031E+01	3.7164062500000000E+01
1.2490534700453281E+01	3.7164062500000000E+01
1.2549387760460377E+01	3.7164062500000000E+01
1.2607921570539474E+01	3.7164062500000000E+01
1.2666738882660866E+01	3.7164062500000000E+01
1.2725289762020111E+01	3.7164062500000000E+01
1.2783772416412830E+01	3.7164062500000000E+01
1.2842266216874123E+01	3.7164062500000000E+01
1.2900750584900379E+01	3.7164062500000000E+01
1.2959197297692299E+01	3.7164062500000000E+01
1.3017693571746349E+01	3.7164062500000000E+01
1.3076163336634636E+01	3.7164062500000000E+01
1.3134597517549992E+01	3.7164062500000000E+01
1.3193010322749615E+01	3.7164062500000000E+01
1.3251428052783012E+01	3.7164062500000000E+01
1.3309845715761185E+01	3.7164062500000000E+01
1.3368184983730316E+01	3.7164062500000000E+01
1.3426574192941189E+01	3.7164062500000000E+01
1.3484973050653934E+01	3.7164062500000000E+01
1.3543289080262184E+01	3.7164062500000000E+01
1.3601364366710186E+01	3.7164062500000000E+01
1.3659272968769073E+01	3.7164062500000000E+01
1.3717026919126511E+01	3.7164062500000000E+01
1.3774967372417450E+01	3.7164062500000000E+01
1.3832731060683727E+01	3.7164062500000000E+01
1.3890751145780087E+01	3.7164062500000000E+01
1.3948948197066784E+01	3.7164062500000000E+01
1.4007163420319557E+01	3.7164062500000000E+01
1.4065457239747047E+01	3.7164062500000000E+01
1.4123758569359779E+01	3.7164062500000000E+01
1.4181927561759949E+01	3.7164062500000000E+01
1.4240214504301548E+01	3.7164062500000000E+01
1.4298480682075024E+01	3.7164062500000000E+01
1.4356544516980648E+01	3.7164062500000000E+01
1.4414546668529510E+01	3.7164062500000000E+01
1.4472419828176498E+01	3.7164062500000000E+01
1.4530143685638905E+01	3.7164062500000000E+01
1.4588063858449459E+01	3.7164062500000000E+01
1.4645833946764469E+01	3.7164062500000000E+01
1.4703596413135529E+01	3.7164062500000000E+01
1.4761481404304504E+01	3.7164062500000000E+01
1.4819535940885544E+01	3.7164062500000000E+01
1.4877650089561939E+01	3.7164062500000000E+01
1.4935607336461544E+01	3.7164062500000000E+01
1.4993654124438763E+01	3.7164062500000000E+01
1.5051538936793804E+01	3.7164062500000000E+01
1.5109471812844276E+01	3.7164062500000000E+01
1.5167583189904690E+01	3.7164062500000000E+01
1.5225829377770424E+01	3.7164062500000000E+01
1.5284119844436646E+01	3.7164062500000000E+01
1.5342304073274136E+01	3.7164062500000000E+01
1.5400618515908718E+01	3.7164062500000000E+01
1.5458787545561790E+01	3.7164062500000000E+01
1.5516849853098392E+01	3.7164062500000000E+01
1.5574991866946220E+01	3.7164062500000000E+01
1.5633120216429234E+01	3.7164062500000000E+01
1.5691112637519836E+01	3.7164062500000000E+01
1.5749044999480247E+01	3.7164062500000000E+01
1.5806960180401802E+01	3.7164062500000000E+01
1.5865268073976040E+01	3.7164062500000000E+01
1.5923161245882511E+01	3.7164062500000000E+01
1.5980942092835903E+01	3.7164062500000000E+01
1.6038672216236591E+01	3.7164062500000000E+01
1.6096543006598949E+01	3.7164062500000000E+01
1.6154277697205544E+01	3.7164062500000000E+01
1.6212101362645626E+01	3.7164062500000000E+01
1.6269871108233929E+01	3.7164062500000000E+01
1.6327495388686657E+01	3.7164062500000000E+01
1.6385053098201752E+01	3.7164062500000000E+01
1.6442641928792000E+01	3.7164062500000000E+01
1.6500158630311489E+01	3.7164062500000000E+01
1.6557730622589588E+01	3.7164062500000000E+01
1.6615294933319092E+01	3.7164062500000000E+01
1.6672842159867287E+01	3.7164062500000000E+01
1.6730373367667198E+01	3.7164062500000000E+01
1.6787902608513832E+01	3.7164062500000000E+01
1.6845449253916740E+01	3.7164062500000000E+01
1.6902972802519798E+01	3.7164062500000000E+01
1.6960502915084362E+01	3.7164062500000000E+01
1.7018025636672974E+01	3.7164062500000000E+01
1.7075564548373222E+01	3.7164062500000000E+01
1.7133346751332283E+01	3.7164062500000000E+01
1.7190875895321369E+01	3.7164062500000000E+01
1.7248663373291492E+01	3.7164062500000000E+01
1.7306496784090996E+01	3.7164062500000000E+01
1.7364030234515667E+01	3.7164062500000000E+01
1.7421539843082428E+01	3.7164062500000000E+01
1.7479119680821896E+01	3.7164062500000000E+01
1.7536678992211819E+01	3.7164062500000000E+01
1.7594204448163509E+01	3.7164062500000000E+01
1.7651705078780651E+01	3.7164062500000000E+01
1.7709261506795883E+01	3.7164062500000000E+01
1.7766819782555103E+01	3.7164062500000000E+01
1.7824354596436024E+01	3.7164062500000000E+01
1.7881887711584568E+01	3.7164062500000000E+01
1.7939414754509926E+01	3.7164062500000000E+01
1.7996929623186588E+01	3.7164062500000000E+01
1.8054470844566822E+01	3.7164062500000000E+01
1.8111995190382004E+01	3.7164062500000000E+01
1.8169489435851574E+01	3.7164062500000000E+01
1.8226994089782238E+01	3.7164062500000000E+01
1.8284587562084198E+01	3.7164062500000000E+01
1.8342061325907707E+01	3.7164062500000000E+01
1.8399603873491287E+01	3.7164062500000000E+01
1.8457122772932053E+01	3.7164062500000000E+01
1.8514707438647747E+01	3.7164062500000000E+01
1.8572254516184330E+01	3.7164062500000000E+01
1.8630136676132679E+01	3.7164062500000000E+01
1.8687669381499290E+01	3.7164062500000000E+01
1.8745174422860146E+01	3.7164062500000000E+01
1.8802672654390335E+01	3.7164062500000000E+01
1.8860176540911198E+01	3.7164062500000000E+01
1.8917670764029026E+01	3.7164062500000000E+01
1.8975183419883251E+01	3.7164062500000000E+01
1.9032665625214577E+01	3.7164062500000000E+01
1.9090145409107208E+01	3.7164062500000000E+01
1.9147624686360359E+01	3.7164062500000000E+01
1.9205104082822800E+01	3.7164062500000000E+01
1.9262597195804119E+01	3.7164062500000000E+01
1.9320097364485264E+01	3.7164062500000000E+01
1.9377582676708698E+01	3.7164062500000000E+01
1.9435049921274185E+01	3.7164062500000000E+01
1.9492550037801266E+01	3.7164062500000000E+01
1.9550293751060963E+01	3.7164062500000000E+01
1.9607785068452358E+01	3.7164062500000000E+01
1.9665289960801601E+01	3.7164062500000000E+01
1.9722755894064903E+01	3.7164062500000000E+01
1.9780283719301224E+01	3.7164062500000000E+01
1.9837774269282818E+01	3.7164062500000000E+01
1.9895264618098736E+01	3.7164062500000000E+01
1.9952787987887859E+01	3.7164062500000000E+01
2.0010300487279892E+01	3.7164062500000000E+01
2.0067770145833492E+01	3.7164062500000000E+01
2.0125240907073021E+01	3.7164062500000000E+01
2.0182760216295719E+01	3.7164062500000000E+01
2.0240380249917507E+01	3.7164062500000000E+01
2.0298074357211590E+01	3.7164062500000000E+01
2.0355615310370922E+01	3.7164062500000000E+01
2.0413178965449333E+01	3.7164062500000000E+01
2.0470738045871258E+01	3.7164062500000000E+01
2.0528312772512436E+01	3.7164062500000000E+01
2.0585864841938019E+01	3.7164062500000000E+01
2.0643427498638630E+01	3.7164062500000000E+01
2.0700984083116055E+01	3.7164062500000000E+01
2.0758566834032536E+01	3.7164062500000000E+01
2.0816095001995564E+01	3.7164062500000000E+01
2.0873647004365921E+01	3.7164062500000000E+01
2.0931171752512455E+01	3.7164062500000000E+01
2.0988733083009720E+01	3.7164062500000000E+01
2.1046309068799019E+01	3.7164062500000000E+01
2.1103842891752720E+01	3.7164062500000000E+01
2.1161375969648361E+01	3.7164062500000000E+01
2.1218924954533577E+01	3.7164062500000000E+01
2.1276554703712463E+01	3.7164062500000000E+01
2.1334103859961033E+01	3.7164062500000000E+01
2.1391645029187202E+01	3.7164062500000000E+01
2.1449150800704956E+01	3.7164062500000000E+01
2.1506703108549118E+01	3.7164062500000000E+01
2.1564859904348850E+01	3.7164062500000000E+01
2.1622519150376320E+01	3.7164062500000000E+01
2.1680059514939785E+01	3.7164062500000000E+01
2.1737580761313438E+01	3.7164062500000000E+01
2.1795117408037186E+01	3.7164062500000000E+01
2.1852639637887478E+01	3.7164062500000000E+01
2.1910173162817955E+01	3.7164062500000000E+01
2.1967720821499825E+01	3.7164062500000000E+01
2.2025269612669945E+01	3.7164062500000000E+01
2.2082816205918789E+01	3.7164062500000000E+01
2.2140384078025818E+01	3.7164062500000000E+01
2.2197916343808174E+01	3.7164062500000000E+01
2.2255490370094776E+01	3.7164062500000000E+01
2.2313119813799858E+01	3.7164062500000000E+01
2.2370695814490318E+01	3.7164062500000000E+01
2.2428236305713654E+01	3.7164062500000000E+01
2.2485758215188980E+01	3.7164062500000000E+01
2.2543292641639709E+01	3.7164062500000000E+01
2.2600800782442093E+01	3.7164062500000000E+01
2.2658353909850121E+01	3.7164062500000000E+01
2.2715894758701324E+01	3.7164062500000000E+01
2.2773431904613972E+01	3.7164062500000000E+01
2.2830972738564014E+01	3.7164062500000000E+01
2.2888508103787899E+01	3.7164062500000000E+01
2.2946014493703842E+01	3.7164062500000000E+01
2.3003512345254421E+01	3.7164062500000000E+01
2.3060983441770077E+01	3.7164062500000000E+01
2.3118472084403038E+01	3.7164062500000000E+01
2.3175956688821316E+01	3.7164062500000000E+01
2.3233416207134724E+01	3.7164062500000000E+01
2.3290893383324146E+01	3.7164062500000000E+01
2.3348340936005116E+01	3.7164062500000000E+01
2.3405812934041023E+01	3.7164062500000000E+01
2.3463276118040085E+01	3.7164062500000000E+01
2.3520982913672924E+01	3.7164062500000000E+01
2.3578490905463696E+01	3.7164062500000000E+01
2.3635978825390339E+01	3.7164062500000000E+01
2.3693443298339844E+01	3.7164062500000000E+01
2.3750890105962753E+01	3.7164062500000000E+01
2.3808370336890221E+01	3.7164062500000000E+01
2.3865850098431110E+01	3.7164062500000000E+01
2.3923310652375221E+01	3.7164062500000000E+01
2.3980765052139759E+01	3.7164062500000000E+01
2.4038234271109104E+01	3.7164062500000000E+01
2.4095704115927219E+01	3.7164062500000000E+01
2.4153159648180008E+01	3.7164062500000000E+01
2.4210629805922508E+01	3.7164062500000000E+01
2.4268176831305027E+01	3.7164062500000000E+01
2.4325658276677132E+01	3.7164062500000000E+01
2.4383098080754280E+01	3.7164062500000000E+01
2.4440564408898354E+01	3.7164062500000000E+01
2.4498053573071957E+01	3.7164062500000000E+01
2.4555516824126244E+01	3.7164062500000000E+01
2.4612964384257793E+01	3.7164062500000000E+01
2.4670428551733494E+01	3.7164062500000000E+01
2.4727895885705948E+01	3.7164062500000000E+01
2.4785384304821491E+01	3.7164062500000000E+01
2.4843208007514477E+01	3.7164062500000000E+01
2.4900731697678566E+01	3.7164062500000000E+01
2.4958262152969837E+01	3.7164062500000000E+01
2.5015784375369549E+01	3.7164062500000000E+01
2.5073591075837612E+01	3.7164062500000000E+01
2.5131143502891064E+01	3.7164062500000000E+01
2.5188686303794384E+01	3.7164062500000000E+01
2.5246221669018269E+01	3.7164062500000000E+01
2.5303770206868649E+01	3.7164062500000000E+01
2.5361367277801037E+01	3.7164062500000000E+01
2.5419033020734787E+01	3.7164062500000000E+01
2.5476849958300591E+01	3.7164062500000000E+01
2.5534811228513718E+01	3.7164062500000000E+01
2.5592623725533485E+01	3.7164062500000000E+01
2.5650646775960922E+01	3.7164062500000000E+01
2.5708606593310833E+01	3.7164062500000000E+01
2.5766399718821049E+01	3.7164062500000000E+01
2.5824053689837456E+01	3.7164062500000000E+01
2.5881670139729977E+01	3.7164062500000000E+01
2.5939379349350929E+01	3.7164062500000000E+01
2.5997030071914196E+01	3.7164062500000000E+01
2.6054819494485855E+01	3.7164062500000000E+01
2.6112529873847961E+01	3.7164062500000000E+01
2.6170681357383728E+01	3.7164062500000000E+01
2.6228295318782330E+01	3.7164062500000000E+01
2.6286112844944000E+01	3.7164062500000000E+01
2.6343830868601799E+01	3.7164062500000000E+01
2.6401624590158463E+01	3.7164062500000000E+01
2.6459342330694199E+01	3.7164062500000000E+01
2.6516951702535152E+01	3.7164062500000000E+01
2.6574507012963295E+01	3.7164062500000000E+01
2.6632002905011177E+01	3.7164062500000000E+01
2.6689529389142990E+01	3.7164062500000000E+01
2.6747078180313110E+01	3.7164062500000000E+01
2.6804969973862171E+01	3.7164062500000000E+01
2.6862600900232792E+01	3.7164062500000000E+01
2.6920711010694504E+01	3.7164062500000000E+01
2.6978695698082447E+01	3.7164062500000000E+01
2.7036499306559563E+01	3.7164062500000000E+01
2.7094204448163509E+01	3.7164062500000000E+01
2.7152055069804192E+01	3.7164062500000000E+01
2.7210036471486092E+01	3.7164062500000000E+01
2.7268075898289680E+01	3.7164062500000000E+01
2.7326192282140255E+01	3.7164062500000000E+01
2.7384431228041649E+01	3.7164062500000000E+01
2.7442826069891453E+01	3.7164062500000000E+01
2.7501074939966202E+01	3.7164062500000000E+01
2.7559775672852993E+01	3.7164062500000000E+01
2.7618241183459759E+01	3.7164062500000000E+01
2.7676218606531620E+01	3.7164062500000000E+01
2.7734072797000408E+01	3.7164062500000000E+01
2.7792125828564167E+01	3.7164062500000000E+01
2.7850080214440823E+01	3.7164062500000000E+01
2.7908217482268810E+01	3.7164062500000000E+01
2.7966430559754372E+01	3.7164062500000000E+01
2.8024624168872833E+01	3.7164062500000000E+01
2.8083114825189114E+01	3.7164062500000000E+01
2.8141463629901409E+01	3.7164062500000000E+01
2.8199751749634743E+01	3.7164062500000000E+01
2.8258100099861622E+01	3.7164062500000000E+01
2.8316561415791512E+01	3.7164062500000000E+01
2.8374911129474640E+01	3.7164062500000000E+01
2.8433319605886936E+01	3.7164062500000000E+01
2.8491753526031971E+01	3.7164062500000000E+01
2.8550164386630058E+01	3.7164062500000000E+01
2.8608612246811390E+01	3.7164062500000000E+01
2.8667054183781147E+01	3.7164062500000000E+01
2.8726015590131283E+01	3.7164062500000000E+01
2.8784460745751858E+01	3.7164062500000000E+01
2.8842873975634575E+01	3.7164062500000000E+01
2.8901321351528168E+01	3.7164062500000000E+01
2.8959767147898674E+01	3.7164062500000000E+01
2.9018222853541374E+01	3.7164062500000000E+01
2.9076697789132595E+01	3.7164062500000000E+01
2.9135146550834179E+01	3.7164062500000000E+01
2.9193602122366428E+01	3.7164062500000000E+01
2.9252079509198666E+01	3.7164062500000000E+01
2.9310575209558010E+01	3.7164062500000000E+01
2.9369043014943600E+01	3.7164062500000000E+01
2.9427560053765774E+01	3.7164062500000000E+01
2.9486055240035057E+01	3.7164062500000000E+01
2.9544579364359379E+01	3.7164062500000000E+01
2.9603129506111145E+01	3.7164062500000000E+01
2.9661692418158054E+01	3.7164062500000000E+01
2.9720242671668530E+01	3.7164062500000000E+01
2.9778788402676582E+01	3.7164062500000000E+01
2.9837323829531670E+01	3.7164062500000000E+01
2.9895868264138699E+01	3.7164062500000000E+01
2.9954396300017834E+01	3.7164062500000000E+01
3.0012918822467327E+01	3.7164062500000000E+01
3.0071451365947723E+01	3.7164062500000000E+01
3.0129970967769623E+01	3.7164062500000000E+01
3.0188492238521576E+01	3.7164062500000000E+01
3.0247009545564651E+01	3.7164062500000000E+01
3.0305623479187489E+01	3.7164062500000000E+01
3.0364166781306267E+01	3.7164062500000000E+01
3.0422701448202133E+01	3.7164062500000000E+01
3.0481223687529564E+01	3.7164062500000000E+01
3.0539763465523720E+01	3.7164062500000000E+01
3.0598299168050289E+01	3.7164062500000000E+01
3.0656782813370228E+01	3.7164062500000000E+01
3.0715277545154095E+01	3.7164062500000000E+01
3.0773782752454281E+01	3.7164062500000000E+01
3.0832277737557888E+01	3.7164062500000000E+01
3.0890783086419106E+01	3.7164062500000000E+01
3.0949294008314610E+01	3.7164062500000000E+01
3.1007791385054588E+01	3.7164062500000000E+01
3.1066281005740166E+01	3.7164062500000000E+01
3.1124774567782879E+01	3.7164062500000000E+01
3.1183748088777065E+01	3.7164062500000000E+01
3.1242244817316532E+01	3.7164062500000000E+01
3.1300795689225197E+01	3.7164062500000000E+01
3.1359319351613522E+01	3.7164062500000000E+01
3.1417784862220287E+01	3.7164062500000000E+01
3.1476305745542049E+01	3.7164062500000000E+01
3.1534773409366608E+01	3.7164062500000000E+01
3.1593315489590168E+01	3.7164062500000000E+01
3.1651806697249413E+01	3.7164062500000000E+01
3.1710306629538536E+01	3.7164062500000000E+01
3.1769091740250587E+01	3.7164062500000000E+01
3.1827571697533131E+01	3.7164062500000000E+01
3.1886058561503887E+01	3.7164062500000000E+01
3.1944539576768875E+01	3.7164062500000000E+01
3.2003055684268475E+01	3.7164062500000000E+01
3.2061539940536022E+01	3.7164062500000000E+01
3.2120042070746422E+01	3.7164062500000000E+01
3.2178547926247120E+01	3.7164062500000000E+01
3.2237025082111359E+01	3.7164062500000000E+01
3.2295594058930874E+01	3.7164062500000000E+01
3.2354095354676247E+01	3.7164062500000000E+01
3.2412566356360912E+01	3.7164062500000000E+01
3.2471070595085621E+01	3.7164062500000000E+01
3.2529580056667328E+01	3.7164062500000000E+01
3.2588089421391487E+01	3.7164062500000000E+01
3.2646889425814152E+01	3.7164062500000000E+01
3.2705415576696396E+01	3.7164062500000000E+01
3.2763916745781898E+01	3.7164062500000000E+01
3.2822422049939632E+01	3.7164062500000000E+01
3.2880915783345699E+01	3.7164062500000000E+01
3.2939960233867168E+01	3.7164062500000000E+01
3.2998445957899094E+01	3.7164062500000000E+01
3.3056951642036438E+01	3.7164062500000000E+01
3.3115443617105484E+01	3.7164062500000000E+01
3.3173916220664978E+01	3.7164062500000000E+01
3.3232429757714272E+01	3.7164062500000000E+01
3.3290940567851067E+01	3.7164062500000000E+01
3.3349434442818165E+01	3.7164062500000000E+01
3.3407922483980656E+01	3.7164062500000000E+01
3.3466426655650139E+01	3.7164062500000000E+01
3.3524953626096249E+01	3.7164062500000000E+01
3.3583444118499756E+01	3.7164062500000000E+01
3.3641932643949986E+01	3.7164062500000000E+01
3.3700401097536087E+01	3.7164062500000000E+01
3.3758896470069885E+01	3.7164062500000000E+01
3.3817690670490265E+01	3.7164062500000000E+01
3.3876212023198605E+01	3.7164062500000000E+01
3.3934699282050133E+01	3.7164062500000000E+01
3.3993169270455837E+01	3.7164062500000000E+01
3.4051665544509888E+01	3.7164062500000000E+01
3.4110150471329689E+01	3.7164062500000000E+01
3.4168647617101669E+01	3.7164062500000000E+01
3.4227147147059441E+01	3.7164062500000000E+01
3.4285751990973949E+01	3.7164062500000000E+01
3.4344275198876858E+01	3.7164062500000000E+01
3.4402793109416962E+01	3.7164062500000000E+01
3.4461309000849724E+01	3.7164062500000000E+01
3.4519823521375656E+01	3.7164062500000000E+01
3.4578332602977753E+01	3.7164062500000000E+01
3.4636847719550133E+01	3.7164062500000000E+01
3.4695358566939831E+01	3.7164062500000000E+01
3.4753858372569084E+01	3.7164062500000000E+01
3.4812382943928242E+01	3.7164062500000000E+01
3.4870904006063938E+01	3.7164062500000000E+01
3.4929395772516727E+01	3.7164062500000000E+01
3.4987902075052261E+01	3.7164062500000000E+01
3.5046420104801655E+01	3.7164062500000000E+01
3.5105495430529118E+01	3.7164062500000000E+01
3.5164015240967274E+01	3.7164062500000000E+01
3.5222523488104343E+01	3.7164062500000000E+01
3.5281062230467796E+01	3.7164062500000000E+01
3.5339601807296276E+01	3.7164062500000000E+01
3.5398100562393665E+01	3.7164062500000000E+01
3.5456613734364510E+01	3.7164062500000000E+01
3.5515132382512093E+01	3.7164062500000000E+01
3.5573673233389854E+01	3.7164062500000000E+01
3.5632208354771137E+01	3.7164062500000000E+01
3.5690753974020481E+01	3.7164062500000000E+01
3.5749284639954567E+01	3.7164062500000000E+01
3.5807810090482235E+01	3.7164062500000000E+01
3.5866376869380474E+01	3.7164062500000000E+01
3.5925195775926113E+01	3.7164062500000000E+01
3.5983771376311779E+01	3.7164062500000000E+01
3.6042339190840721E+01	3.7164062500000000E+01
3.6100912906229496E+01	3.7164062500000000E+01
3.6159466415643692E+01	3.7164062500000000E+01
3.6217988580465317E+01	3.7164062500000000E+01
3.6276624187827110E+01	3.7164062500000000E+01
3.6335187621414661E+01	3.7164062500000000E+01
3.6394062072038651E+01	3.7164062500000000E+01
3.6453231208026409E+01	3.7164062500000000E+01
3.6511942446231842E+01	3.7164062500000000E+01
3.6570661157369614E+01	3.7164062500000000E+01
3.6629368379712105E+01	3.7164062500000000E+01
3.6688079744577408E+01	3.7164062500000000E+01
3.6746816836297512E+01	3.7164062500000000E+01
3.6805541694164276E+01	3.7164062500000000E+01
3.6864264294505119E+01	3.7164062500000000E+01
3.6922983013093472E+01	3.7164062500000000E+01
3.6981699384748936E+01	3.7164062500000000E+01
3.7040376022458076E+01	3.7164062500000000E+01
3.7099089279770851E+01	3.7164062500000000E+01
3.7157814286649227E+01	3.7164062500000000E+01
3.7216516390442848E+01	3.7164062500000000E+01
3.7275320544838905E+01	3.7164062500000000E+01
3.7333978012204170E+01	3.7164062500000000E+01
3.7392650470137596E+01	3.7164062500000000E+01
3.7451362460851669E+01	3.7164062500000000E+01
3.7510050818324089E+01	3.7164062500000000E+01
3.7568748466670513E+01	3.7164062500000000E+01
3.7627471357584000E+01	3.7164062500000000E+01
3.7686233244836330E+01	3.7164062500000000E+01
3.7745034746825695E+01	3.7164062500000000E+01
3.7804596640169621E+01	3.7164062500000000E+01
3.7863434888422489E+01	3.7164062500000000E+01
3.7922306269407272E+01	3.7164062500000000E+01
3.7981158673763275E+01	3.7164062500000000E+01
3.8039998687803745E+01	3.7164062500000000E+01
3.8098820604383945E+01	3.7164062500000000E+01
3.8157638430595398E+01	3.7164062500000000E+01
3.8216457538306713E+01	3.7164062500000000E+01
3.8275976024568081E+01	3.7164062500000000E+01
3.8334859512746334E+01	3.7164062500000000E+01
3.8393584392964840E+01	3.7164062500000000E+01
3.8452272661030293E+01	3.7164062500000000E+01
3.8510986022651196E+01	3.7164062500000000E+01
3.8569727890193462E+01	3.7164062500000000E+01
3.8628474198281765E+01	3.7164062500000000E+01
3.8687266953289509E+01	3.7164062500000000E+01
3.8746063932776451E+01	3.7164062500000000E+01
3.8804913938045502E+01	3.7164062500000000E+01
3.8863747328519821E+01	3.7164062500000000E+01
3.8922552034258842E+01	3.7164062500000000E+01
3.8981448069214821E+01	3.7164062500000000E+01
3.9040293604135513E+01	3.7164062500000000E+01
3.9099121093750000E+01	3.7164062500000000E+01
3.9157944746315479E+01	3.7164062500000000E+01
3.9216790296137333E+01	3.7164062500000000E+01
3.9275622904300690E+01	3.7164062500000000E+01
3.9334409676492214E+01	3.7164062500000000E+01
3.9393406175076962E+01	3.7164062500000000E+01
3.9452258944511414E+01	3.7164062500000000E+01
3.9511128693819046E+01	3.7164062500000000E+01
3.9570369631052017E+01	3.7164062500000000E+01
3.9629325613379478E+01	3.7164062500000000E+01
3.9688266068696976E+01	3.7164062500000000E+01
3.9747198849916458E+01	3.7164062500000000E+01
3.9806112825870514E+01	3.7164062500000000E+01
3.9864995695650578E+01	3.7164062500000000E+01
3.9923895560204983E+01	3.7164062500000000E+01
3.9982802592217922E+01	3.7164062500000000E+01
4.0041747234761715E+01	3.7164062500000000E+01
4.0100661002099514E+01	3.7164062500000000E+01
4.0159524068236351E+01	3.7164062500000000E+01
4.0218392223119736E+01	3.7164062500000000E+01
4.0277396813035011E+01	3.7164062500000000E+01
4.0336331635713577E+01	3.7164062500000000E+01
4.0395256258547306E+01	3.7164062500000000E+01
4.0454152353107929E+01	3.7164062500000000E+01
4.0513647764921188E+01	3.7164062500000000E+01
4.0572642400860786E+01	3.7164062500000000E+01
4.0631868742406368E+01	3.7164062500000000E+01
4.0690773807466030E+01	3.7164062500000000E+01
4.0749680370092392E+01	3.7164062500000000E+01
4.0808625437319279E+01	3.7164062500000000E+01
4.0867833524942398E+01	3.7164062500000000E+01
4.0926773317158222E+01	3.7164062500000000E+01
4.0985709197819233E+01	3.7164062500000000E+01
4.1044573657214642E+01	3.7164062500000000E+01
4.1103487908840179E+01	3.7164062500000000E+01
4.1162421450018883E+01	3.7164062500000000E+01
4.1221335478127003E+01	3.7164062500000000E+01
4.1280306980013847E+01	3.7164062500000000E+01
4.1339217178523540E+01	3.7164062500000000E+01
4.1398124806582928E+01	3.7164062500000000E+01
4.1457071609795094E+01	3.7164062500000000E+01
4.1516031160950661E+01	3.7164062500000000E+01
4.1574954338371754E+01	3.7164062500000000E+01
4.1633895114064217E+01	3.7164062500000000E+01
4.1692828826606274E+01	3.7164062500000000E+01
4.1751764342188835E+01	3.7164062500000000E+01
4.1810699798166752E+01	3.7164062500000000E+01
4.1869916461408138E+01	3.7164062500000000E+01
4.1928786493837833E+01	3.7164062500000000E+01
4.1987669274210930E+01	3.7164062500000000E+01
4.2046574950218201E+01	3.7164062500000000E+01
4.2105469182133675E+01	3.7164062500000000E+01
4.2164351925253868E+01	3.7164062500000000E+01
4.2223263278603554E+01	3.7164062500000000E+01
4.2282308757305145E+01	3.7164062500000000E+01
4.2341277115046978E+01	3.7164062500000000E+01
4.2400284364819527E+01	3.7164062500000000E+01
4.2459233112633228E+01	3.7164062500000000E+01
4.2518197156488895E+01	3.7164062500000000E+01
4.2577133268117905E+01	3.7164062500000000E+01
4.2636095404624939E+01	3.7164062500000000E+01
4.2695038087666035E+01	3.7164062500000000E+01
4.2754010401666164E+01	3.7164062500000000E+01
4.2813328579068184E+01	3.7164062500000000E+01
4.2872226297855377E+01	3.7164062500000000E+01
4.2931181594729424E+01	3.7164062500000000E+01
4.2990168221294880E+01	3.7164062500000000E+01
4.3049202956259251E+01	3.7164062500000000E+01
4.3108291350305080E+01	3.7164062500000000E+01
4.3167423352599144E+01	3.7164062500000000E+01
4.3226585783064365E+01	3.7164062500000000E+01
4.3285765670239925E+01	3.7164062500000000E+01
4.3344895936548710E+01	3.7164062500000000E+01
4.3404060311615467E+01	3.7164062500000000E+01
4.3463198669254780E+01	3.7164062500000000E+01
4.3522376753389835E+01	3.7164062500000000E+01
4.3581526473164558E+01	3.7164062500000000E+01
4.3640674941241741E+01	3.7164062500000000E+01
4.3699863381683826E+01	3.7164062500000000E+01
4.3759014375507832E+01	3.7164062500000000E+01
4.3818142518401146E+01	3.7164062500000000E+01
4.3878074906766415E+01	3.7164062500000000E+01
4.3937166750431061E+01	3.7164062500000000E+01
4.3996200978755951E+01	3.7164062500000000E+01
4.4055169098079205E+01	3.7164062500000000E+01
4.4114111833274364E+01	3.7164062500000000E+01
4.4173311337828636E+01	3.7164062500000000E+01
4.4232280574738979E+01	3.7164062500000000E+01
4.4291285216808319E+01	3.7164062500000000E+01
4.4350207678973675E+01	3.7164062500000000E+01
4.4409089952707291E+01	3.7164062500000000E+01
4.4468010239303112E+01	3.7164062500000000E+01
4.4526928611099720E+01	3.7164062500000000E+01
4.4585813336074352E+01	3.7164062500000000E+01
4.4644960679113865E+01	3.7164062500000000E+01
4.4703883327543736E+01	3.7164062500000000E+01
4.4762806199491024E+01	3.7164062500000000E+01
4.4821736387908459E+01	3.7164062500000000E+01
4.4880735300481319E+01	3.7164062500000000E+01
4.4939715594053268E+01	3.7164062500000000E+01
4.4998623616993427E+01	3.7164062500000000E+01
4.5057550996541977E+01	3.7164062500000000E+01
4.5116494879126549E+01	3.7164062500000000E+01
4.5175447747111320E+01	3.7164062500000000E+01
4.5234410792589188E+01	3.7164062500000000E+01
4.5293345034122467E+01	3.7164062500000000E+01
4.5352323710918427E+01	3.7164062500000000E+01
4.5411292135715485E+01	3.7164062500000000E+01
4.5470213107764721E+01	3.7164062500000000E+01
4.5529160119593143E+01	3.7164062500000000E+01
4.5588067218661308E+01	3.7164062500000000E+01
4.5647028587758541E+01	3.7164062500000000E+01
4.5706055216491222E+01	3.7164062500000000E+01
4.5765039764344692E+01	3.7164062500000000E+01
4.5824002601206303E+01	3.7164062500000000E+01
4.5882918074727058E+01	3.7164062500000000E+01
4.5941840566694736E+01	3.7164062500000000E+01
4.6000749677419662E+01	3.7164062500000000E+01
4.6060157172381878E+01	3.7164062500000000E+01
4.6119086064398289E+01	3.7164062500000000E+01
4.6178023941814899E+01	3.7164062500000000E+01
4.6236949861049652E+01	3.7164062500000000E+01
4.6295942805707455E+01	3.7164062500000000E+01
4.6354881852865219E+01	3.7164062500000000E+01
4.6413797162473202E+01	3.7164062500000000E+01
4.6472719945013523E+01	3.7164062500000000E+01
4.6531613759696484E+01	3.7164062500000000E+01
4.6590465061366558E+01	3.7164062500000000E+01
4.6649337984621525E+01	3.7164062500000000E+01
4.6708260007202625E+01	3.7164062500000000E+01
4.6767180964350700E+01	3.7164062500000000E+01
4.6826092541217804E+01	3.7164062500000000E+01
4.6885076835751534E+01	3.7164062500000000E+01
4.6944023713469505E+01	3.7164062500000000E+01
4.7003006137907505E+01	3.7164062500000000E+01
4.7061978310346603E+01	3.7164062500000000E+01
4.7120931133627892E+01	3.7164062500000000E+01
4.7179928034543991E+01	3.7164062500000000E+01
4.7238921441137791E+01	3.7164062500000000E+01
4.7297935880720615E+01	3.7164062500000000E+01
4.7356889933347702E+01	3.7164062500000000E+01
4.7415816925466061E+01	3.7164062500000000E+01
4.7474749237298965E+01	3.7164062500000000E+01
4.7533721223473549E+01	3.7164062500000000E+01
4.7592745758593082E+01	3.7164062500000000E+01
4.7651757232844830E+01	3.7164062500000000E+01
4.7710812240839005E+01	3.7164062500000000E+01
4.7769892618060112E+01	3.7164062500000000E+01
4.7828972727060318E+01	3.7164062500000000E+01
4.7888085678219795E+01	3.7164062500000000E+01
4.7947546452283859E+01	3.7164062500000000E+01
4.8006657846271992E+01	3.7164062500000000E+01
4.8065775364637375E+01	3.7164062500000000E+01
4.8124939590692520E+01	3.7164062500000000E+01
4.8184146828949451E+01	3.7164062500000000E+01
4.8243446119129658E+01	3.7164062500000000E+01
4.8302836418151855E+01	3.7164062500000000E+01
4.8362155608832836E+01	3.7164062500000000E+01
4.8421462655067444E+01	3.7164062500000000E+01
4.8480778738856316E+01	3.7164062500000000E+01
4.8540126398205757E+01	3.7164062500000000E+01
4.8599947914481163E+01	3.7164062500000000E+01
4.8659348383545876E+01	3.7164062500000000E+01
4.8718735806643963E+01	3.7164062500000000E+01
4.8778115816414356E+01	3.7164062500000000E+01
4.8837497673928738E+01	3.7164062500000000E+01
4.8896836340427399E+01	3.7164062500000000E+01
4.8956209160387516E+01	3.7164062500000000E+01
4.9015548378229141E+01	3.7164062500000000E+01
4.9074926652014256E+01	3.7164062500000000E+01
4.9134313084185123E+01	3.7164062500000000E+01
4.9193684466183186E+01	3.7164062500000000E+01
4.9253040350973606E+01	3.7164062500000000E+01
4.9312417834997177E+01	3.7164062500000000E+01
4.9371796548366547E+01	3.7164062500000000E+01
4.9431177839636803E+01	3.7164062500000000E+01
4.9490587614476681E+01	3.7164062500000000E+01
4.9549996830523014E+01	3.7164062500000000E+01
4.9609401918947697E+01	3.7164062500000000E+01
4.9668815769255161E+01	3.7164062500000000E+01
4.9728215187788010E+01	3.7164062500000000E+01
4.9787625849246979E+01	3.7164062500000000E+01
4.9847070962190628E+01	3.7164062500000000E+01
4.9906602837145329E+01	3.7164062500000000E+01
4.9966136656701565E+01	3.7164062500000000E+01
5.0025673143565655E+01	3.7164062500000000E+01
5.0085223734378815E+01	3.7164062500000000E+01
5.0144769988954067E+01	3.7164062500000000E+01
5.0204300686717033E+01	3.7164062500000000E+01
5.0263843052089214E+01	3.7164062500000000E+01
5.0323430068790913E+01	3.7164062500000000E+01
5.0382962845265865E+01	3.7164062500000000E+01
5.0443066887557507E+01	3.7164062500000000E+01
5.0502561002969742E+01	3.7164062500000000E+01
5.0562122672796249E+01	3.7164062500000000E+01
5.0622016325592995E+01	3.7164062500000000E+01
5.0681568570435047E+01	3.7164062500000000E+01
5.0741102486848831E+01	3.7164062500000000E+01
5.0800562851130962E+01	3.7164062500000000E+01
5.0859975568950176E+01	3.7164062500000000E+01
5.0919439665973186E+01	3.7164062500000000E+01
5.0979193158447742E+01	3.7164062500000000E+01
5.1038628414273262E+01	3.7164062500000000E+01
5.1098057664930820E+01	3.7164062500000000E+01
5.1157540954649448E+01	3.7164062500000000E+01
5.1217013314366341E+01	3.7164062500000000E+01
5.1276591159403324E+01	3.7164062500000000E+01
5.1336098693311214E+01	3.7164062500000000E+01
5.1395599856972694E+01	3.7164062500000000E+01
5.1455099686980247E+01	3.7164062500000000E+01
5.1514628246426582E+01	3.7164062500000000E+01
5.1574196904897690E+01	3.7164062500000000E+01
5.1633814625442028E+01	3.7164062500000000E+01
5.1693680889904499E+01	3.7164062500000000E+01
5.1753344908356667E+01	3.7164062500000000E+01
5.1812982313334942E+01	3.7164062500000000E+01
5.1872620403766632E+01	3.7164062500000000E+01
5.1932306453585625E+01	3.7164062500000000E+01
5.1991959162056446E+01	3.7164062500000000E+01
5.2051656387746334E+01	3.7164062500000000E+01
5.2111566156148911E+01	3.7164062500000000E+01
5.2171237111091614E+01	3.7164062500000000E+01
5.2230901792645454E+01	3.7164062500000000E+01
5.2290578983724117E+01	3.7164062500000000E+01
5.2350188039243221E+01	3.7164062500000000E+01
5.2409789815545082E+01	3.7164062500000000E+01
5.2469393052160740E+01	3.7164062500000000E+01
5.2529016561806202E+01	3.7164062500000000E+01
5.2588578872382641E+01	3.7164062500000000E+01
5.2648101761937141E+01	3.7164062500000000E+01
5.2708217278122902E+01	3.7164062500000000E+01
5.2767789348959923E+01	3.7164062500000000E+01
5.2827276073396206E+01	3.7164062500000000E+01
5.2886781968176365E+01	3.7164062500000000E+01
5.2946221530437469E+01	3.7164062500000000E+01
5.3005698010325432E+01	3.7164062500000000E+01
5.3065168030560017E+01	3.7164062500000000E+01
5.3124876253306866E+01	3.7164062500000000E+01
5.3184261232614517E+01	3.7164062500000000E+01
5.3243566453456879E+01	3.7164062500000000E+01
5.3302852094173431E+01	3.7164062500000000E+01
5.3362108051776886E+01	3.7164062500000000E+01
5.3421326100826263E+01	3.7164062500000000E+01
5.3480498239398003E+01	3.7164062500000000E+01
5.3539678506553173E+01	3.7164062500000000E+01
5.3598831847310066E+01	3.7164062500000000E+01
5.3657978981733322E+01	3.7164062500000000E+01
5.3717148728668690E+01	3.7164062500000000E+01
5.3776320703327656E+01	3.7164062500000000E+01
5.3835457384586334E+01	3.7164062500000000E+01
5.3894600287079811E+01	3.7164062500000000E+01
5.3953794933855534E+01	3.7164062500000000E+01
5.4012935504317284E+01	3.7164062500000000E+01
5.4072031557559967E+01	3.7164062500000000E+01
5.4131079122424126E+01	3.7164062500000000E+01
5.4190085709095001E+01	3.7164062500000000E+01
5.4249098025262356E+01	3.7164062500000000E+01
5.4308245085179806E+01	3.7164062500000000E+01
5.4367322757840157E+01	3.7164062500000000E+01
5.4426368772983551E+01	3.7164062500000000E+01
5.4485451385378838E+01	3.7164062500000000E+01
5.4544547826051712E+01	3.7164062500000000E+01
5.4603686682879925E+01	3.7164062500000000E+01
5.4662823297083378E+01	3.7164062500000000E+01
5.4721914961934090E+01	3.7164062500000000E+01
5.4781063579022884E+01	3.7164062500000000E+01
5.4840500690042973E+01	3.7164062500000000E+01
5.4899731218814850E+01	3.7164062500000000E+01
5.4958989709615707E+01	3.7164062500000000E+01
5.5018618501722813E+01	3.7164062500000000E+01
5.5077992036938667E+01	3.7164062500000000E+01
5.5137373059988022E+01	3.7164062500000000E+01
5.5196711421012878E+01	3.7164062500000000E+01
5.5256093479692936E+01	3.7164062500000000E+01
5.5315512262284756E+01	3.7164062500000000E+01
5.5374913327395916E+01	3.7164062500000000E+01
5.5434342719614506E+01	3.7164062500000000E+01
5.5493791364133358E+01	3.7164062500000000E+01
5.5553254276514053E+01	3.7164062500000000E+01
5.5612672381103039E+01	3.7164062500000000E+01
5.5672114811837673E+01	3.7164062500000000E+01
5.5731596417725086E+01	3.7164062500000000E+01
5.5791022129356861E+01	3.7164062500000000E+01
5.5850456342101097E+01	3.7164062500000000E+01
5.5909879356622696E+01	3.7164062500000000E+01
5.5969288535416126E+01	3.7164062500000000E+01
5.6028734482824802E+01	3.7164062500000000E+01
5.6088166505098343E+01	3.7164062500000000E+01
5.6147577829658985E+01	3.7164062500000000E+01
5.6206993699073792E+01	3.7164062500000000E+01
5.6266486600041389E+01	3.7164062500000000E+01
5.6325924865901470E+01	3.7164062500000000E+01
5.6386165291070938E+01	3.7164062500000000E+01
5.6445588350296021E+01	3.7164062500000000E+01
5.6504997231066227E+01	3.7164062500000000E+01
5.6564409218728542E+01	3.7164062500000000E+01
5.6623795159161091E+01	3.7164062500000000E+01
5.6683197610080242E+01	3.7164062500000000E+01
5.6742624729871750E+01	3.7164062500000000E+01
5.6802044644951820E+01	3.7164062500000000E+01
5.6861454628407955E+01	3.7164062500000000E+01
5.6920858316123486E+01	3.7164062500000000E+01
5.6980281583964825E+01	3.7164062500000000E+01
5.7039669826626778E+01	3.7164062500000000E+01
5.7099039591848850E+01	3.7164062500000000E+01
5.7158420622348785E+01	3.7164062500000000E+01
5.7217816367745399E+01	3.7164062500000000E+01
5.7277216516435146E+01	3.7164062500000000E+01
5.7336550295352936E+01	3.7164062500000000E+01
5.7395889855921268E+01	3.7164062500000000E+01
5.7455185182392597E+01	3.7164062500000000E+01
5.7514484062790871E+01	3.7164062500000000E+01
5.7573753140866756E+01	3.7164062500000000E+01
5.7633405767381191E+01	3.7164062500000000E+01
5.7692688830196857E+01	3.7164062500000000E+01
5.7751967735588551E+01	3.7164062500000000E+01
5.7811261028051376E+01	3.7164062500000000E+01
5.7870521359145641E+01	3.7164062500000000E+01
5.7929754063487053E+01	3.7164062500000000E+01
5.7988985382020473E+01	3.7164062500000000E+01
5.8048208661377430E+01	3.7164062500000000E+01
5.8107683435082436E+01	3.7164062500000000E+01
5.8166824981570244E+01	3.7164062500000000E+01
5.8225918047130108E+01	3.7164062500000000E+01
5.8285044625401497E+01	3.7164062500000000E+01
5.8344068810343742E+01	3.7164062500000000E+01
5.8403120048344135E+01	3.7164062500000000E+01
5.8462226532399654E+01	3.7164062500000000E+01
5.8521391294896603E+01	3.7164062500000000E+01
