1.5140344202518463E-01	3.7007812500000000E+01
2.1379116177558899E-01	3.7007812500000000E+01
2.7122281491756439E-01	3.7007812500000000E+01
3.2956344634294510E-01	3.7136718750000000E+01
3.8725503534078598E-01	3.7136718750000000E+01
4.4477194547653198E-01	3.7136718750000000E+01
5.0227672606706619E-01	3.7136718750000000E+01
5.5980880558490753E-01	3.7136718750000000E+01
6.1735086143016815E-01	3.7136718750000000E+01
6.7497957497835159E-01	3.7136718750000000E+01
7.3255389928817749E-01	3.7136718750000000E+01
7.9015900939702988E-01	3.7136718750000000E+01
8.4775927662849426E-01	3.7136718750000000E+01
9.0536448359489441E-01	3.7136718750000000E+01
9.6298126876354218E-01	3.7136718750000000E+01
1.0205728858709335E+00	3.7136718750000000E+01
1.0781539082527161E+00	3.7136718750000000E+01
1.1358119696378708E+00	3.7136718750000000E+01
1.1934104263782501E+00	3.7136718750000000E+01
1.2510307654738426E+00	3.7136718750000000E+01
1.3086664527654648E+00	3.7136718750000000E+01
1.3662583678960800E+00	3.7136718750000000E+01
1.4238542392849922E+00	3.7136718750000000E+01
1.4814382642507553E+00	3.7136718750000000E+01
1.5390217825770378E+00	3.7136718750000000E+01
1.5965774878859520E+00	3.7136718750000000E+01
1.6541742682456970E+00	3.7136718750000000E+01
1.7117445245385170E+00	3.7136718750000000E+01
1.7693535536527634E+00	3.7136718750000000E+01
1.8269678205251694E+00	3.7136718750000000E+01
1.8845922127366066E+00	3.7136718750000000E+01
1.9422189295291901E+00	3.7136718750000000E+01
1.9998078793287277E+00	3.7136718750000000E+01
2.0574266612529755E+00	3.7136718750000000E+01
2.1150550097227097E+00	3.7136718750000000E+01
2.1726223900914192E+00	3.7136718750000000E+01
2.2302141413092613E+00	3.7136718750000000E+01
2.2883937358856201E+00	3.7156250000000000E+01
2.3461156710982323E+00	3.7156250000000000E+01
2.4037176519632339E+00	3.7156250000000000E+01
2.4613277912139893E+00	3.7156250000000000E+01
2.5188782513141632E+00	3.7156250000000000E+01
2.5764802992343903E+00	3.7156250000000000E+01
2.6341082230210304E+00	3.7156250000000000E+01
2.6917634382843971E+00	3.7156250000000000E+01
2.7494417726993561E+00	3.7156250000000000E+01
2.8070901036262512E+00	3.7156250000000000E+01
2.8647216707468033E+00	3.7156250000000000E+01
2.9223286062479019E+00	3.7156250000000000E+01
2.9797877073287964E+00	3.7156250000000000E+01
3.0372288227081299E+00	3.7156250000000000E+01
3.0946483090519905E+00	3.7156250000000000E+01
3.1521105021238327E+00	3.7156250000000000E+01
3.2095534503459930E+00	3.7156250000000000E+01
3.2670083791017532E+00	3.7156250000000000E+01
3.3244178220629692E+00	3.7156250000000000E+01
3.3818291276693344E+00	3.7156250000000000E+01
3.4392598718404770E+00	3.7156250000000000E+01
3.4966850280761719E+00	3.7156250000000000E+01
3.5541026070713997E+00	3.7156250000000000E+01
3.6115208417177200E+00	3.7156250000000000E+01
3.6689029186964035E+00	3.7156250000000000E+01
3.7263295426964760E+00	3.7156250000000000E+01
3.7837144136428833E+00	3.7156250000000000E+01
3.8411358520388603E+00	3.7156250000000000E+01
3.8985232934355736E+00	3.7156250000000000E+01
3.9559813141822815E+00	3.7156250000000000E+01
4.0134061276912689E+00	3.7156250000000000E+01
4.0708346813917160E+00	3.7156250000000000E+01
4.1282784417271614E+00	3.7156250000000000E+01
4.1857022941112518E+00	3.7156250000000000E+01
4.2431482747197151E+00	3.7156250000000000E+01
4.3005969226360321E+00	3.7156250000000000E+01
4.3580559268593788E+00	3.7156250000000000E+01
4.4155113399028778E+00	3.7156250000000000E+01
4.4729406610131264E+00	3.7156250000000000E+01
4.5303353518247604E+00	3.7156250000000000E+01
4.5877582058310509E+00	3.7156250000000000E+01
4.6452028751373291E+00	3.7156250000000000E+01
4.7026246413588524E+00	3.7156250000000000E+01
4.7600546032190323E+00	3.7156250000000000E+01
4.8174627572298050E+00	3.7156250000000000E+01
4.8749178275465965E+00	3.7156250000000000E+01
4.9323332160711288E+00	3.7156250000000000E+01
4.9897533580660820E+00	3.7156250000000000E+01
5.0471232160925865E+00	3.7156250000000000E+01
5.1045468077063560E+00	3.7156250000000000E+01
5.1619923487305641E+00	3.7156250000000000E+01
5.2194326370954514E+00	3.7156250000000000E+01
5.2768715173006058E+00	3.7156250000000000E+01
5.3343292847275734E+00	3.7156250000000000E+01
5.3917451426386833E+00	3.7156250000000000E+01
5.4492082893848419E+00	3.7156250000000000E+01
5.5066067799925804E+00	3.7156250000000000E+01
5.5640281289815903E+00	3.7156250000000000E+01
5.6214831694960594E+00	3.7156250000000000E+01
5.6789155229926109E+00	3.7156250000000000E+01
5.7369056195020676E+00	3.7156250000000000E+01
5.7944591492414474E+00	3.7156250000000000E+01
5.8518702387809753E+00	3.7156250000000000E+01
5.9092867597937584E+00	3.7156250000000000E+01
5.9666738063097000E+00	3.7156250000000000E+01
6.0241015329957008E+00	3.7156250000000000E+01
6.0815796777606010E+00	3.7156250000000000E+01
6.1389842182397842E+00	3.7156250000000000E+01
6.1963925436139107E+00	3.7156250000000000E+01
6.2537988498806953E+00	3.7156250000000000E+01
6.3112158998847008E+00	3.7156250000000000E+01
6.3686510697007179E+00	3.7156250000000000E+01
6.4260873869061470E+00	3.7156250000000000E+01
6.4835181087255478E+00	3.7156250000000000E+01
6.5409501343965530E+00	3.7156250000000000E+01
6.5983968228101730E+00	3.7156250000000000E+01
6.6558310613036156E+00	3.7156250000000000E+01
6.7132617458701134E+00	3.7156250000000000E+01
6.7707102894783020E+00	3.7156250000000000E+01
6.8281561732292175E+00	3.7156250000000000E+01
6.8855679556727409E+00	3.7156250000000000E+01
6.9430229291319847E+00	3.7156250000000000E+01
7.0004585534334183E+00	3.7156250000000000E+01
7.0579143092036247E+00	3.7156250000000000E+01
7.1153661161661148E+00	3.7156250000000000E+01
7.1728354543447495E+00	3.7156250000000000E+01
7.2303185388445854E+00	3.7156250000000000E+01
7.2877544686198235E+00	3.7156250000000000E+01
7.3452701494097710E+00	3.7156250000000000E+01
7.4027384668588638E+00	3.7156250000000000E+01
7.4601991176605225E+00	3.7156250000000000E+01
7.5176566094160080E+00	3.7156250000000000E+01
7.5751646533608437E+00	3.7156250000000000E+01
7.6326869651675224E+00	3.7156250000000000E+01
7.6901620402932167E+00	3.7156250000000000E+01
7.7476411834359169E+00	3.7156250000000000E+01
7.8051087409257889E+00	3.7156250000000000E+01
7.8625718355178833E+00	3.7156250000000000E+01
7.9200559854507446E+00	3.7156250000000000E+01
7.9775146916508675E+00	3.7156250000000000E+01
8.0350316837430000E+00	3.7156250000000000E+01
8.0924726575613022E+00	3.7156250000000000E+01
8.1499482914805412E+00	3.7156250000000000E+01
8.2074081227183342E+00	3.7156250000000000E+01
8.2648809254169464E+00	3.7156250000000000E+01
8.3224072903394699E+00	3.7156250000000000E+01
8.3799447789788246E+00	3.7156250000000000E+01
8.4375094771385193E+00	3.7156250000000000E+01
8.4950186312198639E+00	3.7156250000000000E+01
8.5525293499231339E+00	3.7156250000000000E+01
8.6100098043680191E+00	3.7156250000000000E+01
8.6674741506576538E+00	3.7156250000000000E+01
8.7249843478202820E+00	3.7156250000000000E+01
8.7825678735971451E+00	3.7156250000000000E+01
8.8402216508984566E+00	3.7156250000000000E+01
8.8977593183517456E+00	3.7156250000000000E+01
8.9553664550185204E+00	3.7156250000000000E+01
9.0128937587141991E+00	3.7156250000000000E+01
9.0704579800367355E+00	3.7156250000000000E+01
9.1280937120318413E+00	3.7156250000000000E+01
9.1858945563435555E+00	3.7156250000000000E+01
9.2438314259052277E+00	3.7156250000000000E+01
9.3015657216310501E+00	3.7156250000000000E+01
9.3594143241643906E+00	3.7156250000000000E+01
9.4171308279037476E+00	3.7156250000000000E+01
9.4749251529574394E+00	3.7156250000000000E+01
9.5328774750232697E+00	3.7156250000000000E+01
9.5909968838095665E+00	3.7156250000000000E+01
9.6491578593850136E+00	3.7156250000000000E+01
9.7072511538863182E+00	3.7156250000000000E+01
9.7654368951916695E+00	3.7156250000000000E+01
9.8234867006540298E+00	3.7156250000000000E+01
9.8816246464848518E+00	3.7156250000000000E+01
9.9398236945271492E+00	3.7156250000000000E+01
9.9980960041284561E+00	3.7156250000000000E+01
1.0056363135576248E+01	3.7156250000000000E+01
1.0114603787660599E+01	3.7156250000000000E+01
1.0172879107296467E+01	3.7156250000000000E+01
1.0231167241930962E+01	3.7156250000000000E+01
1.0289404198527336E+01	3.7156250000000000E+01
1.0347660258412361E+01	3.7156250000000000E+01
1.0405945785343647E+01	3.7156250000000000E+01
1.0464176245033741E+01	3.7156250000000000E+01
1.0522395901381969E+01	3.7156250000000000E+01
1.0580647863447666E+01	3.7156250000000000E+01
1.0638914167881012E+01	3.7156250000000000E+01
1.0697126418352127E+01	3.7156250000000000E+01
1.0755319178104401E+01	3.7156250000000000E+01
1.0813417866826057E+01	3.7156250000000000E+01
1.0871447511017323E+01	3.7156250000000000E+01
1.0929631665349007E+01	3.7156250000000000E+01
1.0987698018550873E+01	3.7156250000000000E+01
1.1045920714735985E+01	3.7156250000000000E+01
1.1104118444025517E+01	3.7156250000000000E+01
1.1162344291806221E+01	3.7156250000000000E+01
1.1220571674406528E+01	3.7156250000000000E+01
1.1278894558548927E+01	3.7156250000000000E+01
1.1337171338498592E+01	3.7156250000000000E+01
1.1395484402775764E+01	3.7156250000000000E+01
1.1453757636249065E+01	3.7156250000000000E+01
1.1512440115213394E+01	3.7156250000000000E+01
1.1570848681032658E+01	3.7156250000000000E+01
1.1629138641059399E+01	3.7156250000000000E+01
1.1687414899468422E+01	3.7156250000000000E+01
1.1745809271931648E+01	3.7156250000000000E+01
1.1804264903068542E+01	3.7156250000000000E+01
1.1862703710794449E+01	3.7156250000000000E+01
1.1921173125505447E+01	3.7156250000000000E+01
1.1979628950357437E+01	3.7156250000000000E+01
1.2038141317665577E+01	3.7156250000000000E+01
1.2096677690744400E+01	3.7156250000000000E+01
1.2155171982944012E+01	3.7156250000000000E+01
1.2213720947504044E+01	3.7156250000000000E+01
1.2272238597273827E+01	3.7156250000000000E+01
1.2330736279487610E+01	3.7156250000000000E+01
1.2389223724603653E+01	3.7156250000000000E+01
1.2447661675512791E+01	3.7156250000000000E+01
1.2506121613085270E+01	3.7156250000000000E+01
1.2564592517912388E+01	3.7156250000000000E+01
1.2623053908348083E+01	3.7156250000000000E+01
1.2681489109992981E+01	3.7156250000000000E+01
1.2739928923547268E+01	3.7156250000000000E+01
1.2798355028033257E+01	3.7156250000000000E+01
1.2856747284531593E+01	3.7156250000000000E+01
1.2915112935006618E+01	3.7156250000000000E+01
1.2973510257899761E+01	3.7156250000000000E+01
1.3031873092055321E+01	3.7156250000000000E+01
1.3090229824185371E+01	3.7156250000000000E+01
1.3148565486073494E+01	3.7156250000000000E+01
1.3206912234425545E+01	3.7156250000000000E+01
1.3265206769108772E+01	3.7156250000000000E+01
1.3323465332388878E+01	3.7156250000000000E+01
1.3381751388311386E+01	3.7156250000000000E+01
1.3440041750669479E+01	3.7156250000000000E+01
1.3498160503804684E+01	3.7156250000000000E+01
1.3556138657033443E+01	3.7156250000000000E+01
1.3613979831337929E+01	3.7156250000000000E+01
1.3671686388552189E+01	3.7156250000000000E+01
1.3729526855051517E+01	3.7156250000000000E+01
1.3787308834493160E+01	3.7156250000000000E+01
1.3845321670174599E+01	3.7156250000000000E+01
1.3903430350124836E+01	3.7156250000000000E+01
1.3961487077176571E+01	3.7156250000000000E+01
1.4019566208124161E+01	3.7156250000000000E+01
1.4077739819884300E+01	3.7156250000000000E+01
1.4135817818343639E+01	3.7156250000000000E+01
1.4194015838205814E+01	3.7156250000000000E+01
1.4252089083194733E+01	3.7156250000000000E+01
1.4310072310268879E+01	3.7156250000000000E+01
1.4367984198033810E+01	3.7156250000000000E+01
1.4425745263695717E+01	3.7156250000000000E+01
1.4483390673995018E+01	3.7156250000000000E+01
1.4541201129555702E+01	3.7156250000000000E+01
1.4598852455615997E+01	3.7156250000000000E+01
1.4656522221863270E+01	3.7156250000000000E+01
1.4714330360293388E+01	3.7156250000000000E+01
1.4772282324731350E+01	3.7156250000000000E+01
1.4830300495028496E+01	3.7156250000000000E+01
1.4888162210583687E+01	3.7156250000000000E+01
1.4946132145822048E+01	3.7156250000000000E+01
1.5003924272954464E+01	3.7156250000000000E+01
1.5061791308224201E+01	3.7156250000000000E+01
1.5119829110801220E+01	3.7156250000000000E+01
1.5178008839488029E+01	3.7156250000000000E+01
1.5236206382513046E+01	3.7156250000000000E+01
1.5294289886951447E+01	3.7156250000000000E+01
1.5352503255009651E+01	3.7156250000000000E+01
1.5410567142069340E+01	3.7156250000000000E+01
1.5468539953231812E+01	3.7156250000000000E+01
1.5526590310037136E+01	3.7156250000000000E+01
1.5584666945040226E+01	3.7156250000000000E+01
1.5642594173550606E+01	3.7156250000000000E+01
1.5700460717082024E+01	3.7156250000000000E+01
1.5758302316069603E+01	3.7156250000000000E+01
1.5816260747611523E+01	3.7156250000000000E+01
1.5874089345335960E+01	3.7156250000000000E+01
1.5931777745485306E+01	3.7156250000000000E+01
1.5989441335201263E+01	3.7156250000000000E+01
1.6047237046062946E+01	3.7156250000000000E+01
1.6104892417788506E+01	3.7156250000000000E+01
1.6162662118673325E+01	3.7156250000000000E+01
1.6220252163708210E+01	3.7156250000000000E+01
1.6277798101305962E+01	3.7156250000000000E+01
1.6335259646177292E+01	3.7156250000000000E+01
1.6392732612788677E+01	3.7156250000000000E+01
1.6450149692595005E+01	3.7156250000000000E+01
1.6507587738335133E+01	3.7156250000000000E+01
1.6565039210021496E+01	3.7156250000000000E+01
1.6622471481561661E+01	3.7156250000000000E+01
1.6679905906319618E+01	3.7156250000000000E+01
1.6737357415258884E+01	3.7156250000000000E+01
1.6794804029166698E+01	3.7156250000000000E+01
1.6852266162633896E+01	3.7156250000000000E+01
1.6909691311419010E+01	3.7156250000000000E+01
1.6967112772166729E+01	3.7156250000000000E+01
1.7024560451507568E+01	3.7156250000000000E+01
1.7081988573074341E+01	3.7156250000000000E+01
1.7139447093009949E+01	3.7156250000000000E+01
1.7196863636374474E+01	3.7156250000000000E+01
1.7254301108419895E+01	3.7156250000000000E+01
1.7311732873320580E+01	3.7156250000000000E+01
1.7369158066809177E+01	3.7156250000000000E+01
1.7426616713404655E+01	3.7156250000000000E+01
1.7484072797000408E+01	3.7156250000000000E+01
1.7541520036756992E+01	3.7156250000000000E+01
1.7598963923752308E+01	3.7156250000000000E+01
1.7656426854431629E+01	3.7156250000000000E+01
1.7713891461491585E+01	3.7156250000000000E+01
1.7771332062780857E+01	3.7156250000000000E+01
1.7828762084245682E+01	3.7156250000000000E+01
1.7886172689497471E+01	3.7156250000000000E+01
1.7943580791354179E+01	3.7156250000000000E+01
1.8001034677028656E+01	3.7156250000000000E+01
1.8058472461998463E+01	3.7156250000000000E+01
1.8115861669182777E+01	3.7156250000000000E+01
1.8173273570835590E+01	3.7156250000000000E+01
1.8230670332908630E+01	3.7156250000000000E+01
1.8288067579269409E+01	3.7156250000000000E+01
1.8345508240163326E+01	3.7156250000000000E+01
1.8402938991785049E+01	3.7156250000000000E+01
1.8460417464375496E+01	3.7156250000000000E+01
1.8517855972051620E+01	3.7156250000000000E+01
1.8575291842222214E+01	3.7156250000000000E+01
1.8632712356746197E+01	3.7156250000000000E+01
1.8690102882683277E+01	3.7156250000000000E+01
1.8747516877949238E+01	3.7156250000000000E+01
1.8804910577833652E+01	3.7156250000000000E+01
1.8862300172448158E+01	3.7156250000000000E+01
1.8919728711247444E+01	3.7156250000000000E+01
1.8977137163281441E+01	3.7156250000000000E+01
1.9034522995352745E+01	3.7156250000000000E+01
1.9091927908360958E+01	3.7156250000000000E+01
1.9149325281381607E+01	3.7156250000000000E+01
1.9206719100475311E+01	3.7156250000000000E+01
1.9264086492359638E+01	3.7156250000000000E+01
1.9321498259902000E+01	3.7156250000000000E+01
1.9378884129226208E+01	3.7156250000000000E+01
1.9436288207769394E+01	3.7156250000000000E+01
1.9493680581450462E+01	3.7156250000000000E+01
1.9551110327243805E+01	3.7156250000000000E+01
1.9608521640300751E+01	3.7156250000000000E+01
1.9665908999741077E+01	3.7156250000000000E+01
1.9723358839750290E+01	3.7156250000000000E+01
1.9780765369534492E+01	3.7156250000000000E+01
1.9838158965110779E+01	3.7156250000000000E+01
1.9895606346428394E+01	3.7156250000000000E+01
1.9953031994402409E+01	3.7156250000000000E+01
2.0010400377213955E+01	3.7156250000000000E+01
2.0067854739725590E+01	3.7156250000000000E+01
2.0125330097973347E+01	3.7156250000000000E+01
2.0182808145880699E+01	3.7156250000000000E+01
2.0240314580500126E+01	3.7156250000000000E+01
2.0297761693596840E+01	3.7156250000000000E+01
2.0355223014950752E+01	3.7156250000000000E+01
2.0412686377763748E+01	3.7156250000000000E+01
2.0470153167843819E+01	3.7156250000000000E+01
2.0527609176933765E+01	3.7156250000000000E+01
2.0585030399262905E+01	3.7156250000000000E+01
2.0642471969127655E+01	3.7156250000000000E+01
2.0699944406747818E+01	3.7156250000000000E+01
2.0757408738136292E+01	3.7156250000000000E+01
2.0814838618040085E+01	3.7156250000000000E+01
2.0872280709445477E+01	3.7156250000000000E+01
2.0929745972156525E+01	3.7156250000000000E+01
2.0987212203443050E+01	3.7156250000000000E+01
2.1044647313654423E+01	3.7156250000000000E+01
2.1102101430296898E+01	3.7156250000000000E+01
2.1159586533904076E+01	3.7156250000000000E+01
2.1217055238783360E+01	3.7156250000000000E+01
2.1274499028921127E+01	3.7156250000000000E+01
2.1332540601491928E+01	3.7156250000000000E+01
2.1390102528035641E+01	3.7156250000000000E+01
2.1447553999722004E+01	3.7156250000000000E+01
2.1505003228783607E+01	3.7156250000000000E+01
2.1562421090900898E+01	3.7156250000000000E+01
2.1619863681495190E+01	3.7156250000000000E+01
2.1677312366664410E+01	3.7156250000000000E+01
2.1734768107533455E+01	3.7156250000000000E+01
2.1792208664119244E+01	3.7156250000000000E+01
2.1849609471857548E+01	3.7156250000000000E+01
2.1907041274011135E+01	3.7156250000000000E+01
2.1964484304189682E+01	3.7156250000000000E+01
2.2021934099495411E+01	3.7156250000000000E+01
2.2079393252730370E+01	3.7156250000000000E+01
2.2136842705309391E+01	3.7156250000000000E+01
2.2194327637553215E+01	3.7156250000000000E+01
2.2251779086887836E+01	3.7156250000000000E+01
2.2309238374233246E+01	3.7156250000000000E+01
2.2366691626608372E+01	3.7156250000000000E+01
2.2424123711884022E+01	3.7156250000000000E+01
2.2481545202434063E+01	3.7156250000000000E+01
2.2538979820907116E+01	3.7156250000000000E+01
2.2596439540386200E+01	3.7156250000000000E+01
2.2653886474668980E+01	3.7156250000000000E+01
2.2711313739418983E+01	3.7156250000000000E+01
2.2768776126205921E+01	3.7156250000000000E+01
2.2826194420456886E+01	3.7156250000000000E+01
2.2883602753281593E+01	3.7156250000000000E+01
2.2941031634807587E+01	3.7156250000000000E+01
2.2998421311378479E+01	3.7156250000000000E+01
2.3055814750492573E+01	3.7156250000000000E+01
2.3113229602575302E+01	3.7156250000000000E+01
2.3170648865401745E+01	3.7156250000000000E+01
2.3228061154484749E+01	3.7156250000000000E+01
2.3285437449812889E+01	3.7156250000000000E+01
2.3342840135097504E+01	3.7156250000000000E+01
2.3400214850902557E+01	3.7156250000000000E+01
2.3457624174654484E+01	3.7156250000000000E+01
2.3515044219791889E+01	3.7156250000000000E+01
2.3572452746331692E+01	3.7156250000000000E+01
2.3629858113825321E+01	3.7156250000000000E+01
2.3687258958816528E+01	3.7156250000000000E+01
2.3744663380086422E+01	3.7156250000000000E+01
2.3802057586610317E+01	3.7156250000000000E+01
2.3859432645142078E+01	3.7156250000000000E+01
2.3916814386844635E+01	3.7156250000000000E+01
2.3974220857024193E+01	3.7156250000000000E+01
2.4031605437397957E+01	3.7156250000000000E+01
2.4088987879455090E+01	3.7156250000000000E+01
2.4146405011415482E+01	3.7156250000000000E+01
2.4203798815608025E+01	3.7156250000000000E+01
2.4261191457509995E+01	3.7156250000000000E+01
2.4318555988371372E+01	3.7156250000000000E+01
2.4375946000218391E+01	3.7156250000000000E+01
2.4433356545865536E+01	3.7156250000000000E+01
2.4490744434297085E+01	3.7156250000000000E+01
2.4548158213496208E+01	3.7156250000000000E+01
2.4605551697313786E+01	3.7156250000000000E+01
2.4662986479699612E+01	3.7156250000000000E+01
2.4720413573086262E+01	3.7156250000000000E+01
2.4777843311429024E+01	3.7156250000000000E+01
2.4835285276174545E+01	3.7156250000000000E+01
2.4892711825668812E+01	3.7156250000000000E+01
2.4950136661529541E+01	3.7156250000000000E+01
2.5007553569972515E+01	3.7156250000000000E+01
2.5065031968057156E+01	3.7156250000000000E+01
2.5122488938271999E+01	3.7156250000000000E+01
2.5179946281015873E+01	3.7156250000000000E+01
2.5237377047538757E+01	3.7156250000000000E+01
2.5294859133660793E+01	3.7156250000000000E+01
2.5352442413568497E+01	3.7156250000000000E+01
2.5410180740058422E+01	3.7156250000000000E+01
2.5468063682317734E+01	3.7156250000000000E+01
2.5525770567357540E+01	3.7156250000000000E+01
2.5583708271384239E+01	3.7156250000000000E+01
2.5641575738787651E+01	3.7156250000000000E+01
2.5699285857379436E+01	3.7156250000000000E+01
2.5756851583719254E+01	3.7156250000000000E+01
2.5814353562891483E+01	3.7156250000000000E+01
2.5871973022818565E+01	3.7156250000000000E+01
2.5929526403546333E+01	3.7156250000000000E+01
2.5987224251031876E+01	3.7156250000000000E+01
2.6044836603105068E+01	3.7156250000000000E+01
2.6102380730211735E+01	3.7156250000000000E+01
2.6159907698631287E+01	3.7156250000000000E+01
2.6217539705336094E+01	3.7156250000000000E+01
2.6275162339210510E+01	3.7156250000000000E+01
2.6332876309752464E+01	3.7156250000000000E+01
2.6390481583774090E+01	3.7156250000000000E+01
2.6447992630302906E+01	3.7156250000000000E+01
2.6505453668534756E+01	3.7156250000000000E+01
2.6562851876020432E+01	3.7156250000000000E+01
2.6620302610099316E+01	3.7156250000000000E+01
2.6677760176360607E+01	3.7156250000000000E+01
2.6735252372920513E+01	3.7156250000000000E+01
2.6792776629328728E+01	3.7156250000000000E+01
2.6850307390093803E+01	3.7156250000000000E+01
2.6907902806997299E+01	3.7156250000000000E+01
2.6965628482401371E+01	3.7156250000000000E+01
2.7023258827626705E+01	3.7156250000000000E+01
2.7081034444272518E+01	3.7156250000000000E+01
2.7138949543237686E+01	3.7156250000000000E+01
2.7196892529726028E+01	3.7156250000000000E+01
2.7254948891699314E+01	3.7156250000000000E+01
2.7313103407621384E+01	3.7156250000000000E+01
2.7371203102171421E+01	3.7156250000000000E+01
2.7429390951991081E+01	3.7156250000000000E+01
2.7487521924078465E+01	3.7156250000000000E+01
2.7545545324683189E+01	3.7156250000000000E+01
2.7603444263339043E+01	3.7156250000000000E+01
2.7661219567060471E+01	3.7156250000000000E+01
2.7719201579689980E+01	3.7156250000000000E+01
2.7777091428637505E+01	3.7156250000000000E+01
2.7835145987570286E+01	3.7156250000000000E+01
2.7893285036087036E+01	3.7156250000000000E+01
2.7951418288052082E+01	3.7156250000000000E+01
2.8009621247649193E+01	3.7156250000000000E+01
2.8067877545952797E+01	3.7156250000000000E+01
2.8126102365553379E+01	3.7156250000000000E+01
2.8184379346668720E+01	3.7156250000000000E+01
2.8242692500352859E+01	3.7156250000000000E+01
2.8300996497273445E+01	3.7156250000000000E+01
2.8359331697225571E+01	3.7156250000000000E+01
2.8417700566351414E+01	3.7156250000000000E+01
2.8476025372743607E+01	3.7156250000000000E+01
2.8534390121698380E+01	3.7156250000000000E+01
2.8592780254781246E+01	3.7156250000000000E+01
2.8651162050664425E+01	3.7156250000000000E+01
2.8709545753896236E+01	3.7156250000000000E+01
2.8767867475748062E+01	3.7156250000000000E+01
2.8826242454349995E+01	3.7156250000000000E+01
2.8884590670466423E+01	3.7156250000000000E+01
2.8942987792193890E+01	3.7156250000000000E+01
2.9001384980976582E+01	3.7156250000000000E+01
2.9059776887297630E+01	3.7156250000000000E+01
2.9118158303201199E+01	3.7156250000000000E+01
2.9176572270691395E+01	3.7156250000000000E+01
2.9234989099204540E+01	3.7156250000000000E+01
2.9293394491076469E+01	3.7156250000000000E+01
2.9351833373308182E+01	3.7156250000000000E+01
2.9410272620618343E+01	3.7156250000000000E+01
2.9468725666403770E+01	3.7156250000000000E+01
2.9527195796370506E+01	3.7156250000000000E+01
2.9585689455270767E+01	3.7156250000000000E+01
2.9644162647426128E+01	3.7156250000000000E+01
2.9702630914747715E+01	3.7156250000000000E+01
2.9761096708476543E+01	3.7156250000000000E+01
2.9819560460746288E+01	3.7156250000000000E+01
2.9878020815551281E+01	3.7156250000000000E+01
2.9936477556824684E+01	3.7156250000000000E+01
2.9994947262108326E+01	3.7156250000000000E+01
3.0053395703434944E+01	3.7156250000000000E+01
3.0111818879842758E+01	3.7156250000000000E+01
3.0170279927551746E+01	3.7156250000000000E+01
3.0228734813630581E+01	3.7156250000000000E+01
3.0287197895348072E+01	3.7156250000000000E+01
3.0345667630434036E+01	3.7156250000000000E+01
3.0404131554067135E+01	3.7156250000000000E+01
3.0462578788399696E+01	3.7156250000000000E+01
3.0521025463938713E+01	3.7156250000000000E+01
3.0579438470304012E+01	3.7156250000000000E+01
3.0637849114835262E+01	3.7156250000000000E+01
3.0696277454495430E+01	3.7156250000000000E+01
3.0754692532122135E+01	3.7156250000000000E+01
3.0813120715320110E+01	3.7156250000000000E+01
3.0871551588177681E+01	3.7156250000000000E+01
3.0929994195699692E+01	3.7156250000000000E+01
3.0988404966890812E+01	3.7156250000000000E+01
3.1046840861439705E+01	3.7156250000000000E+01
3.1105255402624607E+01	3.7156250000000000E+01
3.1163685508072376E+01	3.7156250000000000E+01
3.1222133122384548E+01	3.7156250000000000E+01
3.1280587166547775E+01	3.7156250000000000E+01
3.1339014135301113E+01	3.7156250000000000E+01
3.1397450290620327E+01	3.7156250000000000E+01
3.1455859079957008E+01	3.7156250000000000E+01
3.1514306649565697E+01	3.7156250000000000E+01
3.1572732754051685E+01	3.7156250000000000E+01
3.1631161414086819E+01	3.7156250000000000E+01
3.1689606130123138E+01	3.7156250000000000E+01
3.1748028114438057E+01	3.7156250000000000E+01
3.1806438133120537E+01	3.7156250000000000E+01
3.1864873506128788E+01	3.7156250000000000E+01
3.1923329986631870E+01	3.7156250000000000E+01
3.1981755062937737E+01	3.7156250000000000E+01
3.2040190242230892E+01	3.7156250000000000E+01
3.2098624542355537E+01	3.7156250000000000E+01
3.2157048813998699E+01	3.7156250000000000E+01
3.2215485326945782E+01	3.7156250000000000E+01
3.2273940391838551E+01	3.7156250000000000E+01
3.2332342259585857E+01	3.7156250000000000E+01
3.2390780918300152E+01	3.7156250000000000E+01
3.2449223078787327E+01	3.7156250000000000E+01
3.2507665984332561E+01	3.7156250000000000E+01
3.2566097885370255E+01	3.7156250000000000E+01
3.2624563083052635E+01	3.7156250000000000E+01
3.2683014385402203E+01	3.7156250000000000E+01
3.2741444885730743E+01	3.7156250000000000E+01
3.2799876429140568E+01	3.7156250000000000E+01
3.2858336739242077E+01	3.7156250000000000E+01
3.2916758596897125E+01	3.7156250000000000E+01
3.2975199565291405E+01	3.7156250000000000E+01
3.3033632881939411E+01	3.7156250000000000E+01
3.3092039078474045E+01	3.7156250000000000E+01
3.3150485545396805E+01	3.7156250000000000E+01
3.3208920933306217E+01	3.7156250000000000E+01
3.3267338074743748E+01	3.7156250000000000E+01
3.3325773969292641E+01	3.7156250000000000E+01
3.3384215548634529E+01	3.7156250000000000E+01
3.3442680351436138E+01	3.7156250000000000E+01
3.3501132979989052E+01	3.7156250000000000E+01
3.3559549137949944E+01	3.7156250000000000E+01
3.3617963567376137E+01	3.7156250000000000E+01
3.3676402539014816E+01	3.7156250000000000E+01
3.3734863460063934E+01	3.7156250000000000E+01
3.3793298251926899E+01	3.7156250000000000E+01
3.3851712211966515E+01	3.7156250000000000E+01
3.3910128921270370E+01	3.7156250000000000E+01
3.3968536034226418E+01	3.7156250000000000E+01
3.4026965409517288E+01	3.7156250000000000E+01
3.4085386127233505E+01	3.7156250000000000E+01
3.4143820658326149E+01	3.7156250000000000E+01
3.4202286966145039E+01	3.7156250000000000E+01
3.4260742932558060E+01	3.7156250000000000E+01
3.4319195561110973E+01	3.7156250000000000E+01
3.4377633780241013E+01	3.7156250000000000E+01
3.4436096563935280E+01	3.7156250000000000E+01
3.4494522266089916E+01	3.7156250000000000E+01
3.4552973479032516E+01	3.7156250000000000E+01
3.4611413247883320E+01	3.7156250000000000E+01
3.4669851198792458E+01	3.7156250000000000E+01
3.4728325493633747E+01	3.7156250000000000E+01
3.4786758221685886E+01	3.7156250000000000E+01
3.4845183268189430E+01	3.7156250000000000E+01
3.4903626337647438E+01	3.7156250000000000E+01
3.4962068527936935E+01	3.7156250000000000E+01
3.5020522795617580E+01	3.7156250000000000E+01
3.5078990340232849E+01	3.7156250000000000E+01
3.5137428030371666E+01	3.7156250000000000E+01
3.5195882290601730E+01	3.7156250000000000E+01
3.5254346482455730E+01	3.7156250000000000E+01
3.5312793351709843E+01	3.7156250000000000E+01
3.5371257424354553E+01	3.7156250000000000E+01
3.5429722823202610E+01	3.7156250000000000E+01
3.5488195508718491E+01	3.7156250000000000E+01
3.5546661891043186E+01	3.7156250000000000E+01
3.5605136059224606E+01	3.7156250000000000E+01
3.5663614533841610E+01	3.7156250000000000E+01
3.5722075723111629E+01	3.7156250000000000E+01
3.5780553959310055E+01	3.7156250000000000E+01
3.5839049644768238E+01	3.7156250000000000E+01
3.5897548988461494E+01	3.7156250000000000E+01
3.5956053666770458E+01	3.7156250000000000E+01
3.6014563947916031E+01	3.7156250000000000E+01
3.6073071382939816E+01	3.7156250000000000E+01
3.6131538286805153E+01	3.7156250000000000E+01
3.6190035738050938E+01	3.7156250000000000E+01
3.6248540654778481E+01	3.7156250000000000E+01
3.6307143956422806E+01	3.7156250000000000E+01
3.6365829229354858E+01	3.7156250000000000E+01
3.6424481794238091E+01	3.7156250000000000E+01
3.6483142547309399E+01	3.7156250000000000E+01
3.6541783131659031E+01	3.7156250000000000E+01
3.6600458979606628E+01	3.7156250000000000E+01
3.6659134671092033E+01	3.7156250000000000E+01
3.6717796899378300E+01	3.7156250000000000E+01
3.6776458486914635E+01	3.7156250000000000E+01
3.6835099816322327E+01	3.7156250000000000E+01
3.6893727093935013E+01	3.7156250000000000E+01
3.6952336497604847E+01	3.7156250000000000E+01
3.7011022597551346E+01	3.7156250000000000E+01
3.7069668836891651E+01	3.7156250000000000E+01
3.7128304474055767E+01	3.7156250000000000E+01
3.7186944484710693E+01	3.7156250000000000E+01
3.7245545588433743E+01	3.7156250000000000E+01
3.7304170139133930E+01	3.7156250000000000E+01
3.7362818293273449E+01	3.7156250000000000E+01
3.7421455547213554E+01	3.7156250000000000E+01
3.7480109825730324E+01	3.7156250000000000E+01
3.7538778044283390E+01	3.7156250000000000E+01
3.7597489736974239E+01	3.7156250000000000E+01
3.7656226031482220E+01	3.7156250000000000E+01
3.7714973405003548E+01	3.7156250000000000E+01
3.7773734226822853E+01	3.7156250000000000E+01
3.7832529895007610E+01	3.7156250000000000E+01
3.7891318634152412E+01	3.7156250000000000E+01
3.7950088933110237E+01	3.7156250000000000E+01
3.8009464673697948E+01	3.7156250000000000E+01
3.8068356826901436E+01	3.7156250000000000E+01
3.8127128683030605E+01	3.7156250000000000E+01
3.8185788802802563E+01	3.7156250000000000E+01
3.8244439482688904E+01	3.7156250000000000E+01
3.8303067244589329E+01	3.7156250000000000E+01
3.8361666902899742E+01	3.7156250000000000E+01
3.8420292198657990E+01	3.7156250000000000E+01
3.8478957645595074E+01	3.7156250000000000E+01
3.8537629134953022E+01	3.7156250000000000E+01
3.8596332289278507E+01	3.7156250000000000E+01
3.8655059464275837E+01	3.7156250000000000E+01
3.8713844723999500E+01	3.7156250000000000E+01
3.8772622071206570E+01	3.7156250000000000E+01
3.8831353284418583E+01	3.7156250000000000E+01
3.8890152305364609E+01	3.7156250000000000E+01
3.8948907874524593E+01	3.7156250000000000E+01
3.9007654108107090E+01	3.7156250000000000E+01
3.9066412948071957E+01	3.7156250000000000E+01
3.9125174358487129E+01	3.7156250000000000E+01
3.9183886609971523E+01	3.7156250000000000E+01
3.9242589287459850E+01	3.7156250000000000E+01
3.9301323279738426E+01	3.7156250000000000E+01
3.9360095940530300E+01	3.7156250000000000E+01
3.9418893806636333E+01	3.7156250000000000E+01
3.9477697178721428E+01	3.7156250000000000E+01
3.9536559388041496E+01	3.7156250000000000E+01
3.9595431067049503E+01	3.7156250000000000E+01
3.9654310949146748E+01	3.7156250000000000E+01
3.9713138997554779E+01	3.7156250000000000E+01
3.9771961264312267E+01	3.7156250000000000E+01
3.9830783583223820E+01	3.7156250000000000E+01
3.9889647856354713E+01	3.7156250000000000E+01
3.9948516383767128E+01	3.7156250000000000E+01
4.0007350102066994E+01	3.7156250000000000E+01
4.0066146701574326E+01	3.7156250000000000E+01
4.0124960578978062E+01	3.7156250000000000E+01
4.0183787956833839E+01	3.7156250000000000E+01
4.0242630511522293E+01	3.7156250000000000E+01
4.0301479510962963E+01	3.7156250000000000E+01
4.0360315538942814E+01	3.7156250000000000E+01
4.0419175930321217E+01	3.7156250000000000E+01
4.0478081293404102E+01	3.7156250000000000E+01
4.0536973968148232E+01	3.7156250000000000E+01
4.0595812298357487E+01	3.7156250000000000E+01
4.0654644034802914E+01	3.7156250000000000E+01
4.0713516645133495E+01	3.7156250000000000E+01
4.0772353619337082E+01	3.7156250000000000E+01
4.0831208430230618E+01	3.7156250000000000E+01
4.0890064939856529E+01	3.7156250000000000E+01
4.0948864839971066E+01	3.7156250000000000E+01
4.1007703430950642E+01	3.7156250000000000E+01
4.1066555798053741E+01	3.7156250000000000E+01
4.1125391617417336E+01	3.7156250000000000E+01
4.1184243813157082E+01	3.7156250000000000E+01
4.1243079788982868E+01	3.7156250000000000E+01
4.1301918946206570E+01	3.7156250000000000E+01
4.1360788002610207E+01	3.7156250000000000E+01
4.1419675312936306E+01	3.7156250000000000E+01
4.1478528991341591E+01	3.7156250000000000E+01
4.1537370599806309E+01	3.7156250000000000E+01
4.1596251048147678E+01	3.7156250000000000E+01
4.1655110873281956E+01	3.7156250000000000E+01
4.1713970459997654E+01	3.7156250000000000E+01
4.1772795177996159E+01	3.7156250000000000E+01
4.1831595078110695E+01	3.7156250000000000E+01
4.1890414856374264E+01	3.7156250000000000E+01
4.1949246019124985E+01	3.7156250000000000E+01
4.2008076652884483E+01	3.7156250000000000E+01
4.2066887259483337E+01	3.7156250000000000E+01
4.2125737287104130E+01	3.7156250000000000E+01
4.2184593535959721E+01	3.7156250000000000E+01
4.2243493124842644E+01	3.7156250000000000E+01
4.2302414074540138E+01	3.7156250000000000E+01
4.2361297890543938E+01	3.7156250000000000E+01
4.2420188508927822E+01	3.7156250000000000E+01
4.2479055248200893E+01	3.7156250000000000E+01
4.2537952795624733E+01	3.7156250000000000E+01
4.2596819229424000E+01	3.7156250000000000E+01
4.2655719049274921E+01	3.7156250000000000E+01
4.2714582398533821E+01	3.7156250000000000E+01
4.2773396946489811E+01	3.7156250000000000E+01
4.2832281455397606E+01	3.7156250000000000E+01
4.2891202151775360E+01	3.7156250000000000E+01
4.2950179174542427E+01	3.7156250000000000E+01
4.3009181633591652E+01	3.7156250000000000E+01
4.3068280711770058E+01	3.7156250000000000E+01
4.3127373851835728E+01	3.7156250000000000E+01
4.3186432935297489E+01	3.7156250000000000E+01
4.3245473906397820E+01	3.7156250000000000E+01
4.3304545909166336E+01	3.7156250000000000E+01
4.3363610096275806E+01	3.7156250000000000E+01
4.3422686427831650E+01	3.7156250000000000E+01
4.3481745377182961E+01	3.7156250000000000E+01
4.3540816582739353E+01	3.7156250000000000E+01
4.3599925503134727E+01	3.7156250000000000E+01
4.3658985562622547E+01	3.7156250000000000E+01
4.3718049876391888E+01	3.7156250000000000E+01
4.3777103677392006E+01	3.7156250000000000E+01
4.3836094275116920E+01	3.7156250000000000E+01
4.3895048946142197E+01	3.7156250000000000E+01
4.3953948803246021E+01	3.7156250000000000E+01
4.4012805446982384E+01	3.7156250000000000E+01
4.4071665979921818E+01	3.7156250000000000E+01
4.4130549460649490E+01	3.7156250000000000E+01
4.4189383991062641E+01	3.7156250000000000E+01
4.4248227462172508E+01	3.7156250000000000E+01
4.4307037815451622E+01	3.7156250000000000E+01
4.4365888684988022E+01	3.7156250000000000E+01
4.4424746446311474E+01	3.7156250000000000E+01
4.4483574107289314E+01	3.7156250000000000E+01
4.4542368404567242E+01	3.7156250000000000E+01
4.4601185001432896E+01	3.7156250000000000E+01
4.4660046771168709E+01	3.7156250000000000E+01
4.4718932762742043E+01	3.7156250000000000E+01
4.4777848161756992E+01	3.7156250000000000E+01
4.4836746364831924E+01	3.7156250000000000E+01
4.4895600117743015E+01	3.7156250000000000E+01
4.4954450316727161E+01	3.7156250000000000E+01
4.5013351127505302E+01	3.7156250000000000E+01
4.5072220124304295E+01	3.7156250000000000E+01
4.5131104983389378E+01	3.7156250000000000E+01
4.5189937815070152E+01	3.7156250000000000E+01
4.5248817510902882E+01	3.7156250000000000E+01
4.5307712644338608E+01	3.7156250000000000E+01
4.5366541787981987E+01	3.7156250000000000E+01
4.5425407409667969E+01	3.7156250000000000E+01
4.5484227567911148E+01	3.7156250000000000E+01
4.5543100886046886E+01	3.7156250000000000E+01
4.5602013148367405E+01	3.7156250000000000E+01
4.5660920366644859E+01	3.7156250000000000E+01
4.5719790957868099E+01	3.7156250000000000E+01
4.5778617165982723E+01	3.7156250000000000E+01
4.5837456591427326E+01	3.7156250000000000E+01
4.5896301545202732E+01	3.7156250000000000E+01
4.5955151580274105E+01	3.7156250000000000E+01
4.6014017269015312E+01	3.7156250000000000E+01
4.6072868540883064E+01	3.7156250000000000E+01
4.6131735026836395E+01	3.7156250000000000E+01
4.6190579093992710E+01	3.7156250000000000E+01
4.6249479398131371E+01	3.7156250000000000E+01
4.6308347292244434E+01	3.7156250000000000E+01
4.6367223113775253E+01	3.7156250000000000E+01
4.6426065169274807E+01	3.7156250000000000E+01
4.6484869919717312E+01	3.7156250000000000E+01
4.6543690070509911E+01	3.7156250000000000E+01
4.6602556139230728E+01	3.7156250000000000E+01
4.6661431737244129E+01	3.7156250000000000E+01
4.6720297828316689E+01	3.7156250000000000E+01
4.6779220141470432E+01	3.7156250000000000E+01
4.6838118240237236E+01	3.7156250000000000E+01
4.6897044517099857E+01	3.7156250000000000E+01
4.6955965451896191E+01	3.7156250000000000E+01
4.7014876507222652E+01	3.7156250000000000E+01
4.7073837280273438E+01	3.7156250000000000E+01
4.7132787413895130E+01	3.7156250000000000E+01
4.7191737353801727E+01	3.7156250000000000E+01
4.7250644862651825E+01	3.7156250000000000E+01
4.7309535682201385E+01	3.7156250000000000E+01
4.7368431411683559E+01	3.7156250000000000E+01
4.7427360191941261E+01	3.7156250000000000E+01
4.7486341007053852E+01	3.7156250000000000E+01
4.7545306101441383E+01	3.7156250000000000E+01
4.7604271315038204E+01	3.7156250000000000E+01
4.7663301065564156E+01	3.7156250000000000E+01
4.7722341217100620E+01	3.7156250000000000E+01
4.7781408675014973E+01	3.7156250000000000E+01
4.7840507224202156E+01	3.7156250000000000E+01
4.7899557046592236E+01	3.7156250000000000E+01
4.7958630420267582E+01	3.7156250000000000E+01
4.8017752565443516E+01	3.7156250000000000E+01
4.8076962277293205E+01	3.7156250000000000E+01
4.8136195600032806E+01	3.7156250000000000E+01
4.8195439480245113E+01	3.7156250000000000E+01
4.8254698090255260E+01	3.7156250000000000E+01
4.8313950270414352E+01	3.7156250000000000E+01
4.8373175017535686E+01	3.7156250000000000E+01
4.8432436667382717E+01	3.7156250000000000E+01
4.8491693519055843E+01	3.7156250000000000E+01
4.8550994858145714E+01	3.7156250000000000E+01
4.8610281012952328E+01	3.7156250000000000E+01
4.8669577732682228E+01	3.7156250000000000E+01
4.8728868745267391E+01	3.7156250000000000E+01
4.8788140669465065E+01	3.7156250000000000E+01
4.8847412623465061E+01	3.7156250000000000E+01
4.8906668953597546E+01	3.7156250000000000E+01
4.8965978674590588E+01	3.7156250000000000E+01
4.9025278881192207E+01	3.7156250000000000E+01
4.9084558092057705E+01	3.7156250000000000E+01
4.9143792465329170E+01	3.7156250000000000E+01
4.9203042715787888E+01	3.7156250000000000E+01
4.9262345127761364E+01	3.7156250000000000E+01
4.9321653403341770E+01	3.7156250000000000E+01
4.9380986899137497E+01	3.7156250000000000E+01
4.9440289855003357E+01	3.7156250000000000E+01
4.9499595284461975E+01	3.7156250000000000E+01
4.9558928012847900E+01	3.7156250000000000E+01
4.9618221126496792E+01	3.7156250000000000E+01
4.9677540734410286E+01	3.7156250000000000E+01
4.9736912101507187E+01	3.7156250000000000E+01
4.9796310625970364E+01	3.7156250000000000E+01
4.9855771258473396E+01	3.7156250000000000E+01
4.9915229849517345E+01	3.7156250000000000E+01
4.9974702164530754E+01	3.7156250000000000E+01
5.0034165009856224E+01	3.7156250000000000E+01
5.0093630313873291E+01	3.7156250000000000E+01
5.0153091795742512E+01	3.7156250000000000E+01
5.0212542019784451E+01	3.7156250000000000E+01
5.0272005043923855E+01	3.7156250000000000E+01
5.0331438541412354E+01	3.7156250000000000E+01
5.0390855461359024E+01	3.7156250000000000E+01
5.0450306802988052E+01	3.7156250000000000E+01
5.0509771518409252E+01	3.7156250000000000E+01
5.0569244369864464E+01	3.7156250000000000E+01
5.0628683745861053E+01	3.7156250000000000E+01
5.0688071765005589E+01	3.7156250000000000E+01
5.0747392751276493E+01	3.7156250000000000E+01
5.0806728348135948E+01	3.7156250000000000E+01
5.0866127915680408E+01	3.7156250000000000E+01
5.0925488851964474E+01	3.7156250000000000E+01
5.0984836824238300E+01	3.7156250000000000E+01
5.1044247061014175E+01	3.7156250000000000E+01
5.1103646524250507E+01	3.7156250000000000E+01
5.1163104891777039E+01	3.7156250000000000E+01
5.1222546800971031E+01	3.7156250000000000E+01
5.1281992428004742E+01	3.7156250000000000E+01
5.1341420702636242E+01	3.7156250000000000E+01
5.1400866568088531E+01	3.7156250000000000E+01
5.1460355237126350E+01	3.7156250000000000E+01
5.1519887633621693E+01	3.7156250000000000E+01
5.1579430252313614E+01	3.7156250000000000E+01
5.1639036387205124E+01	3.7156250000000000E+01
5.1698593728244305E+01	3.7156250000000000E+01
5.1758133105933666E+01	3.7156250000000000E+01
5.1817715331912041E+01	3.7156250000000000E+01
5.1877291306853294E+01	3.7156250000000000E+01
5.1936880238354206E+01	3.7156250000000000E+01
5.1996421106159687E+01	3.7156250000000000E+01
5.2056017547845840E+01	3.7156250000000000E+01
5.2115613594651222E+01	3.7156250000000000E+01
5.2175130501389503E+01	3.7156250000000000E+01
5.2234665639698505E+01	3.7156250000000000E+01
5.2294190995395184E+01	3.7156250000000000E+01
5.2353716120123863E+01	3.7156250000000000E+01
5.2413256719708443E+01	3.7156250000000000E+01
5.2472739897668362E+01	3.7156250000000000E+01
5.2532199412584305E+01	3.7156250000000000E+01
5.2591701008379459E+01	3.7156250000000000E+01
5.2651180349290371E+01	3.7156250000000000E+01
5.2710573278367519E+01	3.7156250000000000E+01
5.2770005382597446E+01	3.7156250000000000E+01
5.2829382151365280E+01	3.7156250000000000E+01
5.2888794660568237E+01	3.7156250000000000E+01
5.2948198787868023E+01	3.7156250000000000E+01
5.3007547765970230E+01	3.7156250000000000E+01
5.3066840663552284E+01	3.7156250000000000E+01
5.3126074127852917E+01	3.7156250000000000E+01
5.3185261391103268E+01	3.7156250000000000E+01
5.3244437187910080E+01	3.7156250000000000E+01
5.3303568594157696E+01	3.7156250000000000E+01
5.3362658895552158E+01	3.7156250000000000E+01
5.3421752177178860E+01	3.7156250000000000E+01
5.3480835422873497E+01	3.7156250000000000E+01
5.3539917670190334E+01	3.7156250000000000E+01
5.3599015474319458E+01	3.7156250000000000E+01
5.3658074855804443E+01	3.7156250000000000E+01
5.3717131249606609E+01	3.7156250000000000E+01
5.3776214644312859E+01	3.7156250000000000E+01
5.3835291378200054E+01	3.7156250000000000E+01
5.3894374102354050E+01	3.7156250000000000E+01
5.3953403756022453E+01	3.7156250000000000E+01
5.4012381106615067E+01	3.7156250000000000E+01
5.4071307443082333E+01	3.7156250000000000E+01
5.4130256079137325E+01	3.7156250000000000E+01
5.4189237684011459E+01	3.7156250000000000E+01
5.4248246781527996E+01	3.7156250000000000E+01
5.4307221956551075E+01	3.7156250000000000E+01
5.4366238243877888E+01	3.7156250000000000E+01
5.4425272665917873E+01	3.7156250000000000E+01
5.4484342671930790E+01	3.7156250000000000E+01
5.4543376706540585E+01	3.7156250000000000E+01
5.4602404877543449E+01	3.7156250000000000E+01
5.4661478251218796E+01	3.7156250000000000E+01
5.4720610179007053E+01	3.7156250000000000E+01
5.4779766075313091E+01	3.7156250000000000E+01
5.4838952675461769E+01	3.7156250000000000E+01
5.4898163601756096E+01	3.7156250000000000E+01
5.4957450367510319E+01	3.7156250000000000E+01
5.5016739457845688E+01	3.7156250000000000E+01
5.5076012656092644E+01	3.7156250000000000E+01
5.5135308392345905E+01	3.7156250000000000E+01
5.5194630481302738E+01	3.7156250000000000E+01
5.5253946714103222E+01	3.7156250000000000E+01
5.5313291914761066E+01	3.7156250000000000E+01
5.5372654110193253E+01	3.7156250000000000E+01
5.5432026579976082E+01	3.7156250000000000E+01
5.5491367474198341E+01	3.7156250000000000E+01
5.5550717778503895E+01	3.7156250000000000E+01
5.5610093221068382E+01	3.7156250000000000E+01
5.5669428475201130E+01	3.7156250000000000E+01
5.5728781946003437E+01	3.7156250000000000E+01
5.5788134880363941E+01	3.7156250000000000E+01
5.5847455725073814E+01	3.7156250000000000E+01
5.5906811252236366E+01	3.7156250000000000E+01
5.5966174341738224E+01	3.7156250000000000E+01
5.6025485999882221E+01	3.7156250000000000E+01
5.6084818080067635E+01	3.7156250000000000E+01
5.6144156090915203E+01	3.7156250000000000E+01
5.6203512184321880E+01	3.7156250000000000E+01
5.6262832418084145E+01	3.7156250000000000E+01
5.6322171211242676E+01	3.7156250000000000E+01
5.6381497934460640E+01	3.7156250000000000E+01
5.6440825268626213E+01	3.7156250000000000E+01
5.6500128120183945E+01	3.7156250000000000E+01
5.6559453189373016E+01	3.7156250000000000E+01
5.6618787027895451E+01	3.7156250000000000E+01
5.6678123481571674E+01	3.7156250000000000E+01
5.6737460926175117E+01	3.7156250000000000E+01
5.6796772465109825E+01	3.7156250000000000E+01
5.6856095544993877E+01	3.7156250000000000E+01
5.6915399149060249E+01	3.7156250000000000E+01
5.6974695034325123E+01	3.7156250000000000E+01
5.7034000240266323E+01	3.7156250000000000E+01
5.7093307167291641E+01	3.7156250000000000E+01
5.7152603089809418E+01	3.7156250000000000E+01
5.7211861781775951E+01	3.7156250000000000E+01
5.7271141715347767E+01	3.7156250000000000E+01
5.7330368809401989E+01	3.7156250000000000E+01
5.7389584638178349E+01	3.7156250000000000E+01
5.7448771707713604E+01	3.7156250000000000E+01
5.7507997579872608E+01	3.7156250000000000E+01
5.7567206434905529E+01	3.7156250000000000E+01
5.7626406393945217E+01	3.7156250000000000E+01
5.7685608439147472E+01	3.7156250000000000E+01
5.7744807146489620E+01	3.7156250000000000E+01
5.7803963094949722E+01	3.7156250000000000E+01
5.7863126970827579E+01	3.7156250000000000E+01
5.7922271847724915E+01	3.7156250000000000E+01
5.7981374502182007E+01	3.7156250000000000E+01
5.8040436029434204E+01	3.7156250000000000E+01
5.8099456392228603E+01	3.7156250000000000E+01
5.8158437877893448E+01	3.7156250000000000E+01
5.8217378363013268E+01	3.7156250000000000E+01
5.8276366390287876E+01	3.7156250000000000E+01
5.8335423745214939E+01	3.7156250000000000E+01
5.8394464842975140E+01	3.7156250000000000E+01
