0.0000000000000000E+00	8.8683575365453149E-01
9.2092092092092093E+02	8.8683575365453149E-01
1.8418418418418419E+03	8.8683575365453149E-01
2.7627627627627626E+03	8.8683575365453149E-01
3.6836836836836837E+03	8.8683575365453149E-01
4.6046046046046049E+03	8.8683575365453149E-01
5.5255255255255252E+03	8.8683575365453149E-01
6.4464464464464463E+03	8.8683575365453149E-01
7.3673673673673675E+03	8.8683575365453149E-01
8.2882882882882877E+03	8.8683575365453149E-01
9.2092092092092098E+03	8.8683575365453149E-01
1.0130130130130130E+04	8.8683575365453149E-01
1.1051051051051050E+04	8.8683575365453149E-01
1.1971971971971972E+04	8.8683575365453149E-01
1.2892892892892893E+04	8.8683575365453149E-01
1.3813813813813815E+04	8.8683575365453149E-01
1.4734734734734735E+04	8.8683575365453149E-01
1.5655655655655655E+04	8.8683575365453149E-01
1.6576576576576575E+04	8.8683575365453149E-01
1.7497497497497498E+04	8.8683575365453149E-01
1.8418418418418420E+04	8.8683575365453149E-01
1.9339339339339338E+04	8.8683575365453149E-01
2.0260260260260260E+04	8.8683575365453149E-01
2.1181181181181182E+04	8.8683575365453149E-01
2.2102102102102101E+04	8.8683575365453149E-01
2.3023023023023023E+04	8.8683575365453149E-01
2.3943943943943945E+04	8.8683575365453149E-01
2.4864864864864867E+04	8.8683575365453149E-01
2.5785785785785785E+04	8.8683575365453149E-01
2.6706706706706707E+04	8.8683575365453149E-01
2.7627627627627629E+04	8.8683575365453149E-01
2.8548548548548548E+04	8.8683575365453149E-01
2.9469469469469470E+04	8.8683575365453149E-01
3.0390390390390392E+04	8.8683575365453149E-01
3.1311311311311310E+04	8.8683575365453149E-01
3.2232232232232232E+04	8.8683575365453149E-01
3.3153153153153151E+04	8.8683575365453149E-01
3.4074074074074073E+04	8.8683575365453149E-01
3.4994994994994995E+04	8.8683575365453149E-01
3.5915915915915917E+04	8.8683575365453149E-01
3.6836836836836839E+04	8.8683575365453149E-01
3.7757757757757761E+04	8.8683575365453149E-01
3.8678678678678676E+04	8.8683575365453149E-01
3.9599599599599598E+04	8.8683575365453149E-01
4.0520520520520520E+04	8.8683575365453149E-01
4.1441441441441442E+04	8.8683575365453149E-01
4.2362362362362364E+04	8.8683575365453149E-01
4.3283283283283286E+04	8.8683575365453149E-01
4.4204204204204201E+04	8.8683575365453149E-01
4.5125125125125123E+04	8.8683575365453149E-01
4.6046046046046045E+04	8.8683575365453149E-01
4.6966966966966967E+04	8.8683575365453149E-01
4.7887887887887890E+04	8.8683575365453149E-01
4.8808808808808812E+04	8.8683575365453149E-01
4.9729729729729734E+04	8.8683575365453149E-01
5.0650650650650648E+04	8.8683575365453149E-01
5.1571571571571571E+04	8.8683575365453149E-01
5.2492492492492493E+04	8.8683575365453149E-01
5.3413413413413415E+04	8.8683575365453149E-01
5.4334334334334337E+04	8.8683575365453149E-01
5.5255255255255259E+04	8.8683575365453149E-01
5.6176176176176174E+04	8.8683575365453149E-01
5.7097097097097096E+04	8.8683575365453149E-01
5.8018018018018018E+04	8.8683575365453149E-01
5.8938938938938940E+04	8.8683575365453149E-01
5.9859859859859862E+04	8.8683575365453149E-01
6.0780780780780784E+04	8.8683575365453149E-01
6.1701701701701706E+04	8.8683575365453149E-01
6.2622622622622621E+04	8.8683575365453149E-01
6.3543543543543543E+04	8.8683575365453149E-01
6.4464464464464465E+04	8.8683575365453149E-01
6.5385385385385387E+04	8.8683575365453149E-01
6.6306306306306302E+04	8.8683575365453149E-01
6.7227227227227224E+04	8.8683575365453149E-01
6.8148148148148146E+04	8.8683575365453149E-01
6.9069069069069068E+04	8.8683575365453149E-01
6.9989989989989990E+04	8.8683575365453149E-01
7.0910910910910912E+04	8.8683575365453149E-01
7.1831831831831834E+04	8.8683575365453149E-01
7.2752752752752756E+04	8.8683575365453149E-01
7.3673673673673678E+04	8.8683575365453149E-01
7.4594594594594600E+04	8.8683575365453149E-01
7.5515515515515523E+04	8.8683575365453149E-01
7.6436436436436445E+04	8.8683575365453149E-01
7.7357357357357352E+04	8.8683575365453149E-01
7.8278278278278274E+04	8.8683575365453149E-01
7.9199199199199196E+04	8.8683575365453149E-01
8.0120120120120118E+04	8.8683575365453149E-01
8.1041041041041040E+04	8.8683575365453149E-01
8.1961961961961963E+04	8.8683575365453149E-01
8.2882882882882885E+04	8.8683575365453149E-01
8.3803803803803807E+04	8.8683575365453149E-01
8.4724724724724729E+04	8.8683575365453149E-01
8.5645645645645651E+04	8.8683575365453149E-01
8.6566566566566573E+04	8.8683575365453149E-01
8.7487487487487495E+04	8.8683575365453149E-01
8.8408408408408402E+04	8.8683575365453149E-01
8.9329329329329325E+04	8.8683575365453149E-01
9.0250250250250247E+04	8.8683575365453149E-01
9.1171171171171169E+04	8.8683575365453149E-01
9.2092092092092091E+04	8.8683575365453149E-01
9.3013013013013013E+04	8.8683575365453149E-01
9.3933933933933935E+04	8.8683575365453149E-01
9.4854854854854857E+04	8.8683575365453149E-01
9.5775775775775779E+04	8.8683575365453149E-01
9.6696696696696701E+04	8.8683575365453149E-01
9.7617617617617623E+04	8.8683575365453149E-01
9.8538538538538545E+04	8.8683575365453149E-01
9.9459459459459467E+04	8.8683575365453149E-01
1.0038038038038037E+05	8.8683575365453149E-01
1.0130130130130130E+05	8.8683575365453149E-01
1.0222222222222222E+05	8.8683575365453149E-01
1.0314314314314314E+05	8.8683575365453149E-01
1.0406406406406406E+05	8.8683575365453149E-01
1.0498498498498499E+05	8.8683575365453149E-01
1.0590590590590591E+05	8.8683575365453149E-01
1.0682682682682683E+05	8.8683575365453149E-01
1.0774774774774775E+05	8.8683575365453149E-01
1.0866866866866867E+05	8.8683575365453149E-01
1.0958958958958960E+05	8.8683575365453149E-01
1.1051051051051052E+05	8.8683575365453149E-01
1.1143143143143144E+05	8.8683575365453149E-01
1.1235235235235235E+05	8.8683575365453149E-01
1.1327327327327327E+05	8.8683575365453149E-01
1.1419419419419419E+05	8.8683575365453149E-01
1.1511511511511511E+05	8.8683575365453149E-01
1.1603603603603604E+05	8.8683575365453149E-01
1.1695695695695696E+05	8.8683575365453149E-01
1.1787787787787788E+05	8.8683575365453149E-01
1.1879879879879880E+05	8.8683575365453149E-01
1.1971971971971972E+05	8.8683575365453149E-01
1.2064064064064065E+05	8.8683575365453149E-01
1.2156156156156157E+05	8.8683575365453149E-01
1.2248248248248249E+05	8.8683575365453149E-01
1.2340340340340341E+05	8.8683575365453149E-01
1.2432432432432432E+05	8.8683575365453149E-01
1.2524524524524524E+05	8.8683575365453149E-01
1.2616616616616616E+05	8.8683575365453149E-01
1.2708708708708709E+05	8.8683575365453149E-01
1.2800800800800801E+05	8.8683575365453149E-01
1.2892892892892893E+05	8.8683575365453149E-01
1.2984984984984985E+05	8.8683575365453149E-01
1.3077077077077077E+05	8.8683575365453149E-01
1.3169169169169170E+05	8.8683575365453149E-01
1.3261261261261260E+05	8.8683575365453149E-01
1.3353353353353354E+05	8.8683575365453149E-01
1.3445445445445445E+05	8.8683575365453149E-01
1.3537537537537538E+05	8.8683575365453149E-01
1.3629629629629629E+05	8.8683575365453149E-01
1.3721721721721723E+05	8.8683575365453149E-01
1.3813813813813814E+05	8.8683575365453149E-01
1.3905905905905907E+05	8.8683575365453149E-01
1.3997997997997998E+05	8.8683575365453149E-01
1.4090090090090092E+05	8.8683575365453149E-01
1.4182182182182182E+05	8.8683575365453149E-01
1.4274274274274273E+05	8.8683575365453149E-01
1.4366366366366367E+05	8.8683575365453149E-01
1.4458458458458458E+05	8.8683575365453149E-01
1.4550550550550551E+05	8.8683575365453149E-01
1.4642642642642642E+05	8.8683575365453149E-01
1.4734734734734736E+05	8.8683575365453149E-01
1.4826826826826826E+05	8.8683575365453149E-01
1.4918918918918920E+05	8.8683575365453149E-01
1.5011011011011011E+05	8.8683575365453149E-01
1.5103103103103105E+05	8.8683575365453149E-01
1.5195195195195195E+05	8.8683575365453149E-01
1.5287287287287289E+05	8.8683575365453149E-01
1.5379379379379380E+05	8.8683575365453149E-01
1.5471471471471470E+05	8.8683575365453149E-01
1.5563563563563564E+05	8.8683575365453149E-01
1.5655655655655655E+05	8.8683575365453149E-01
1.5747747747747749E+05	8.8683575365453149E-01
1.5839839839839839E+05	8.8683575365453149E-01
1.5931931931931933E+05	8.8683575365453149E-01
1.6024024024024024E+05	8.8683575365453149E-01
1.6116116116116117E+05	8.8683575365453149E-01
1.6208208208208208E+05	8.8683575365453149E-01
1.6300300300300302E+05	8.8683575365453149E-01
1.6392392392392393E+05	8.8683575365453149E-01
1.6484484484484486E+05	8.8683575365453149E-01
1.6576576576576577E+05	8.8683575365453149E-01
1.6668668668668668E+05	8.8683575365453149E-01
1.6760760760760761E+05	8.8683575365453149E-01
1.6852852852852852E+05	8.8683575365453149E-01
1.6944944944944946E+05	8.8683575365453149E-01
1.7037037037037036E+05	8.8683575365453149E-01
1.7129129129129130E+05	8.8683575365453149E-01
1.7221221221221221E+05	8.8683575365453149E-01
1.7313313313313315E+05	8.8683575365453149E-01
1.7405405405405405E+05	8.8683575365453149E-01
1.7497497497497499E+05	8.8683575365453149E-01
1.7589589589589590E+05	8.8683575365453149E-01
1.7681681681681680E+05	8.8683575365453149E-01
1.7773773773773774E+05	8.8683575365453149E-01
1.7865865865865865E+05	8.8683575365453149E-01
1.7957957957957959E+05	8.8683575365453149E-01
1.8050050050050049E+05	8.8683575365453149E-01
1.8142142142142143E+05	8.8683575365453149E-01
1.8234234234234234E+05	8.8683575365453149E-01
1.8326326326326327E+05	8.8683575365453149E-01
1.8418418418418418E+05	8.8683575365453149E-01
1.8510510510510512E+05	8.8683575365453149E-01
1.8602602602602603E+05	8.8683575365453149E-01
1.8694694694694696E+05	8.8683575365453149E-01
1.8786786786786787E+05	8.8683575365453149E-01
1.8878878878878878E+05	8.8683575365453149E-01
1.8970970970970971E+05	8.8683575365453149E-01
1.9063063063063062E+05	8.8683575365453149E-01
1.9155155155155156E+05	8.8683575365453149E-01
1.9247247247247247E+05	8.8683575365453149E-01
1.9339339339339340E+05	8.8683575365453149E-01
1.9431431431431431E+05	8.8683575365453149E-01
1.9523523523523525E+05	8.8683575365453149E-01
1.9615615615615615E+05	8.8683575365453149E-01
1.9707707707707709E+05	8.8683575365453149E-01
1.9799799799799800E+05	8.8683575365453149E-01
1.9891891891891893E+05	8.8683575365453149E-01
1.9983983983983984E+05	8.8683575365453149E-01
2.0076076076076075E+05	8.8683575365453149E-01
2.0168168168168169E+05	8.8683575365453149E-01
2.0260260260260259E+05	8.8683575365453149E-01
2.0352352352352353E+05	8.8683575365453149E-01
2.0444444444444444E+05	8.8683575365453149E-01
2.0536536536536537E+05	8.8683575365453149E-01
2.0628628628628628E+05	8.8683575365453149E-01
2.0720720720720722E+05	8.8683575365453149E-01
2.0812812812812813E+05	8.8683575365453149E-01
2.0904904904904906E+05	8.8683575365453149E-01
2.0996996996996997E+05	8.8683575365453149E-01
2.1089089089089091E+05	8.8683575365453149E-01
2.1181181181181181E+05	8.8683575365453149E-01
2.1273273273273272E+05	8.8683575365453149E-01
2.1365365365365366E+05	8.8683575365453149E-01
2.1457457457457457E+05	8.8683575365453149E-01
2.1549549549549550E+05	8.8683575365453149E-01
2.1641641641641641E+05	8.8683575365453149E-01
2.1733733733733735E+05	8.8683575365453149E-01
2.1825825825825825E+05	8.8683575365453149E-01
2.1917917917917919E+05	8.8683575365453149E-01
2.2010010010010010E+05	8.8683575365453149E-01
2.2102102102102104E+05	8.8683575365453149E-01
2.2194194194194194E+05	8.8683575365453149E-01
2.2286286286286288E+05	8.8683575365453149E-01
2.2378378378378379E+05	8.8683575365453149E-01
2.2470470470470469E+05	8.8683575365453149E-01
2.2562562562562563E+05	8.8683575365453149E-01
2.2654654654654654E+05	8.8683575365453149E-01
2.2746746746746748E+05	8.8683575365453149E-01
2.2838838838838838E+05	8.8683575365453149E-01
2.2930930930930932E+05	8.8683575365453149E-01
2.3023023023023023E+05	8.8683575365453149E-01
2.3115115115115116E+05	8.8683575365453149E-01
2.3207207207207207E+05	8.8683575365453149E-01
2.3299299299299301E+05	8.8683575365453149E-01
2.3391391391391392E+05	8.8683575365453149E-01
2.3483483483483485E+05	8.8683575365453149E-01
2.3575575575575576E+05	8.8683575365453149E-01
2.3667667667667667E+05	8.8683575365453149E-01
2.3759759759759760E+05	8.8683575365453149E-01
2.3851851851851851E+05	8.8683575365453149E-01
2.3943943943943945E+05	8.8683575365453149E-01
2.4036036036036036E+05	8.8683575365453149E-01
2.4128128128128129E+05	8.8683575365453149E-01
2.4220220220220220E+05	8.8683575365453149E-01
2.4312312312312314E+05	8.8683575365453149E-01
2.4404404404404404E+05	8.8683575365453149E-01
2.4496496496496498E+05	8.8683575365453149E-01
2.4588588588588589E+05	8.8683575365453149E-01
2.4680680680680682E+05	8.8683575365453149E-01
2.4772772772772773E+05	8.8683575365453149E-01
2.4864864864864864E+05	8.8683575365453149E-01
2.4956956956956958E+05	8.8683575365453149E-01
2.5049049049049048E+05	8.8683575365453149E-01
2.5141141141141142E+05	8.8683575365453149E-01
2.5233233233233233E+05	8.8683575365453149E-01
2.5325325325325326E+05	8.8683575365453149E-01
2.5417417417417417E+05	8.8683575365453149E-01
2.5509509509509511E+05	8.8683575365453149E-01
2.5601601601601602E+05	8.8683575365453149E-01
2.5693693693693695E+05	8.8683575365453149E-01
2.5785785785785786E+05	8.8683575365453149E-01
2.5877877877877880E+05	8.8683575365453149E-01
2.5969969969969970E+05	8.8683575365453149E-01
2.6062062062062061E+05	8.8683575365453149E-01
2.6154154154154155E+05	8.8683575365453149E-01
2.6246246246246248E+05	8.8683575365453149E-01
2.6338338338338339E+05	8.8683575365453149E-01
2.6430430430430430E+05	8.8683575365453149E-01
2.6522522522522521E+05	8.8683575365453149E-01
2.6614614614614617E+05	8.8683575365453149E-01
2.6706706706706708E+05	8.8683575365453149E-01
2.6798798798798799E+05	8.8683575365453149E-01
2.6890890890890890E+05	8.8683575365453149E-01
2.6982982982982986E+05	8.8683575365453149E-01
2.7075075075075077E+05	8.8683575365453149E-01
2.7167167167167168E+05	8.8683575365453149E-01
2.7259259259259258E+05	8.8683575365453149E-01
2.7351351351351349E+05	8.8683575365453149E-01
2.7443443443443446E+05	8.8683575365453149E-01
2.7535535535535536E+05	8.8683575365453149E-01
2.7627627627627627E+05	8.8683575365453149E-01
2.7719719719719718E+05	8.8683575365453149E-01
2.7811811811811815E+05	8.8683575365453149E-01
2.7903903903903905E+05	8.8683575365453149E-01
2.7995995995995996E+05	8.8683575365453149E-01
2.8088088088088087E+05	8.8683575365453149E-01
2.8180180180180183E+05	8.8683575365453149E-01
2.8272272272272274E+05	8.8683575365453149E-01
2.8364364364364365E+05	8.8683575365453149E-01
2.8456456456456456E+05	8.8683575365453149E-01
2.8548548548548546E+05	8.8683575365453149E-01
2.8640640640640643E+05	8.8683575365453149E-01
2.8732732732732734E+05	8.8683575365453149E-01
2.8824824824824824E+05	8.8683575365453149E-01
2.8916916916916915E+05	8.8683575365453149E-01
2.9009009009009012E+05	8.8683575365453149E-01
2.9101101101101103E+05	8.8683575365453149E-01
2.9193193193193193E+05	8.8683575365453149E-01
2.9285285285285284E+05	8.8683575365453149E-01
2.9377377377377381E+05	8.8683575365453149E-01
2.9469469469469471E+05	8.8683575365453149E-01
2.9561561561561562E+05	8.8683575365453149E-01
2.9653653653653653E+05	8.8683575365453149E-01
2.9745745745745744E+05	8.8683575365453149E-01
2.9837837837837840E+05	8.8683575365453149E-01
2.9929929929929931E+05	8.8683575365453149E-01
3.0022022022022022E+05	8.8683575365453149E-01
3.0114114114114112E+05	8.8683575365453149E-01
3.0206206206206209E+05	8.8683575365453149E-01
3.0298298298298300E+05	8.8683575365453149E-01
3.0390390390390391E+05	8.8683575365453149E-01
3.0482482482482481E+05	8.8683575365453149E-01
3.0574574574574578E+05	8.8683575365453149E-01
3.0666666666666669E+05	8.8683575365453149E-01
3.0758758758758759E+05	8.8683575365453149E-01
3.0850850850850850E+05	8.8683575365453149E-01
3.0942942942942941E+05	8.8683575365453149E-01
3.1035035035035037E+05	8.8683575365453149E-01
3.1127127127127128E+05	8.8683575365453149E-01
3.1219219219219219E+05	8.8683575365453149E-01
3.1311311311311310E+05	8.8683575365453149E-01
3.1403403403403406E+05	8.8683575365453149E-01
3.1495495495495497E+05	8.8683575365453149E-01
3.1587587587587588E+05	8.8683575365453149E-01
3.1679679679679679E+05	8.8683575365453149E-01
3.1771771771771775E+05	8.8683575365453149E-01
3.1863863863863866E+05	8.8683575365453149E-01
3.1955955955955957E+05	8.8683575365453149E-01
3.2048048048048047E+05	8.8683575365453149E-01
3.2140140140140138E+05	8.8683575365453149E-01
3.2232232232232235E+05	8.8683575365453149E-01
3.2324324324324325E+05	8.8683575365453149E-01
3.2416416416416416E+05	8.8683575365453149E-01
3.2508508508508507E+05	8.8683575365453149E-01
3.2600600600600604E+05	8.8683575365453149E-01
3.2692692692692694E+05	8.8683575365453149E-01
3.2784784784784785E+05	8.8683575365453149E-01
3.2876876876876876E+05	8.8683575365453149E-01
3.2968968968968972E+05	8.8683575365453149E-01
3.3061061061061063E+05	8.8683575365453149E-01
3.3153153153153154E+05	8.8683575365453149E-01
3.3245245245245245E+05	8.8683575365453149E-01
3.3337337337337335E+05	8.8683575365453149E-01
3.3429429429429432E+05	8.8683575365453149E-01
3.3521521521521523E+05	8.8683575365453149E-01
3.3613613613613613E+05	8.8683575365453149E-01
3.3705705705705704E+05	8.8683575365453149E-01
3.3797797797797801E+05	8.8683575365453149E-01
3.3889889889889891E+05	8.8683575365453149E-01
3.3981981981981982E+05	8.8683575365453149E-01
3.4074074074074073E+05	8.8683575365453149E-01
3.4166166166166170E+05	8.8683575365453149E-01
3.4258258258258260E+05	8.8683575365453149E-01
3.4350350350350351E+05	8.8683575365453149E-01
3.4442442442442442E+05	8.8683575365453149E-01
3.4534534534534533E+05	8.8683575365453149E-01
3.4626626626626629E+05	8.8683575365453149E-01
3.4718718718718720E+05	8.8683575365453149E-01
3.4810810810810811E+05	8.8683575365453149E-01
3.4902902902902901E+05	8.8683575365453149E-01
3.4994994994994998E+05	8.8683575365453149E-01
3.5087087087087089E+05	8.8683575365453149E-01
3.5179179179179179E+05	8.8683575365453149E-01
3.5271271271271270E+05	8.8683575365453149E-01
3.5363363363363361E+05	8.8683575365453149E-01
3.5455455455455458E+05	8.8683575365453149E-01
3.5547547547547548E+05	8.8683575365453149E-01
3.5639639639639639E+05	8.8683575365453149E-01
3.5731731731731730E+05	8.8683575365453149E-01
3.5823823823823826E+05	8.8683575365453149E-01
3.5915915915915917E+05	8.8683575365453149E-01
3.6008008008008008E+05	8.8683575365453149E-01
3.6100100100100099E+05	8.8683575365453149E-01
3.6192192192192195E+05	8.8683575365453149E-01
3.6284284284284286E+05	8.8683575365453149E-01
3.6376376376376377E+05	8.8683575365453149E-01
3.6468468468468467E+05	8.8683575365453149E-01
3.6560560560560558E+05	8.8683575365453149E-01
3.6652652652652655E+05	8.8683575365453149E-01
3.6744744744744746E+05	8.8683575365453149E-01
3.6836836836836836E+05	8.8683575365453149E-01
3.6928928928928927E+05	8.8683575365453149E-01
3.7021021021021024E+05	8.8683575365453149E-01
3.7113113113113114E+05	8.8683575365453149E-01
3.7205205205205205E+05	8.8683575365453149E-01
3.7297297297297296E+05	8.8683575365453149E-01
3.7389389389389392E+05	8.8683575365453149E-01
3.7481481481481483E+05	8.8683575365453149E-01
3.7573573573573574E+05	8.8683575365453149E-01
3.7665665665665665E+05	8.8683575365453149E-01
3.7757757757757755E+05	8.8683575365453149E-01
3.7849849849849852E+05	8.8683575365453149E-01
3.7941941941941943E+05	8.8683575365453149E-01
3.8034034034034034E+05	8.8683575365453149E-01
3.8126126126126124E+05	8.8683575365453149E-01
3.8218218218218221E+05	8.8683575365453149E-01
3.8310310310310312E+05	8.8683575365453149E-01
3.8402402402402402E+05	8.8683575365453149E-01
3.8494494494494493E+05	8.8683575365453149E-01
3.8586586586586590E+05	8.8683575365453149E-01
3.8678678678678680E+05	8.8683575365453149E-01
3.8770770770770771E+05	8.8683575365453149E-01
3.8862862862862862E+05	8.8683575365453149E-01
3.8954954954954953E+05	8.8683575365453149E-01
3.9047047047047049E+05	8.8683575365453149E-01
3.9139139139139140E+05	8.8683575365453149E-01
3.9231231231231231E+05	8.8683575365453149E-01
3.9323323323323322E+05	8.8683575365453149E-01
3.9415415415415418E+05	8.8683575365453149E-01
3.9507507507507509E+05	8.8683575365453149E-01
3.9599599599599600E+05	8.8683575365453149E-01
3.9691691691691690E+05	8.8683575365453149E-01
3.9783783783783787E+05	8.8683575365453149E-01
3.9875875875875878E+05	8.8683575365453149E-01
3.9967967967967968E+05	8.8683575365453149E-01
4.0060060060060059E+05	8.8683575365453149E-01
4.0152152152152150E+05	8.8683575365453149E-01
4.0244244244244247E+05	8.8683575365453149E-01
4.0336336336336337E+05	8.8683575365453149E-01
4.0428428428428428E+05	8.8683575365453149E-01
4.0520520520520519E+05	8.8683575365453149E-01
4.0612612612612615E+05	8.8683575365453149E-01
4.0704704704704706E+05	8.8683575365453149E-01
4.0796796796796797E+05	8.8683575365453149E-01
4.0888888888888888E+05	8.8683575365453149E-01
4.0980980980980984E+05	8.8683575365453149E-01
4.1073073073073075E+05	8.8683575365453149E-01
4.1165165165165166E+05	8.8683575365453149E-01
4.1257257257257256E+05	8.8683575365453149E-01
4.1349349349349347E+05	8.8683575365453149E-01
4.1441441441441444E+05	8.8683575365453149E-01
4.1533533533533535E+05	8.8683575365453149E-01
4.1625625625625625E+05	8.8683575365453149E-01
4.1717717717717716E+05	8.8683575365453149E-01
4.1809809809809813E+05	8.8683575365453149E-01
4.1901901901901903E+05	8.8683575365453149E-01
4.1993993993993994E+05	8.8683575365453149E-01
4.2086086086086085E+05	8.8683575365453149E-01
4.2178178178178181E+05	8.8683575365453149E-01
4.2270270270270272E+05	8.8683575365453149E-01
4.2362362362362363E+05	8.8683575365453149E-01
4.2454454454454454E+05	8.8683575365453149E-01
4.2546546546546544E+05	8.8683575365453149E-01
4.2638638638638641E+05	8.8683575365453149E-01
4.2730730730730732E+05	8.8683575365453149E-01
4.2822822822822822E+05	8.8683575365453149E-01
4.2914914914914913E+05	8.8683575365453149E-01
4.3007007007007010E+05	8.8683575365453149E-01
4.3099099099099101E+05	8.8683575365453149E-01
4.3191191191191191E+05	8.8683575365453149E-01
4.3283283283283282E+05	8.8683575365453149E-01
4.3375375375375379E+05	8.8683575365453149E-01
4.3467467467467469E+05	8.8683575365453149E-01
4.3559559559559560E+05	8.8683575365453149E-01
4.3651651651651651E+05	8.8683575365453149E-01
4.3743743743743742E+05	8.8683575365453149E-01
4.3835835835835838E+05	8.8683575365453149E-01
4.3927927927927929E+05	8.8683575365453149E-01
4.4020020020020020E+05	8.8683575365453149E-01
4.4112112112112110E+05	8.8683575365453149E-01
4.4204204204204207E+05	8.8683575365453149E-01
4.4296296296296298E+05	8.8683575365453149E-01
4.4388388388388389E+05	8.8683575365453149E-01
4.4480480480480479E+05	8.8683575365453149E-01
4.4572572572572576E+05	8.8683575365453149E-01
4.4664664664664667E+05	8.8683575365453149E-01
4.4756756756756757E+05	8.8683575365453149E-01
4.4848848848848848E+05	8.8683575365453149E-01
4.4940940940940939E+05	8.8683575365453149E-01
4.5033033033033035E+05	8.8683575365453149E-01
4.5125125125125126E+05	8.8683575365453149E-01
4.5217217217217217E+05	8.8683575365453149E-01
4.5309309309309308E+05	8.8683575365453149E-01
4.5401401401401404E+05	8.8683575365453149E-01
4.5493493493493495E+05	8.8683575365453149E-01
4.5585585585585586E+05	8.8683575365453149E-01
4.5677677677677677E+05	8.8683575365453149E-01
4.5769769769769773E+05	8.8683575365453149E-01
4.5861861861861864E+05	8.8683575365453149E-01
4.5953953953953955E+05	8.8683575365453149E-01
4.6046046046046045E+05	8.8683575365453149E-01
4.6138138138138136E+05	8.8683575365453149E-01
4.6230230230230233E+05	8.8683575365453149E-01
4.6322322322322323E+05	8.8683575365453149E-01
4.6414414414414414E+05	8.8683575365453149E-01
4.6506506506506505E+05	8.8683575365453149E-01
4.6598598598598602E+05	8.8683575365453149E-01
4.6690690690690692E+05	8.8683575365453149E-01
4.6782782782782783E+05	8.8683575365453149E-01
4.6874874874874874E+05	8.8683575365453149E-01
4.6966966966966970E+05	8.8683575365453149E-01
4.7059059059059061E+05	8.8683575365453149E-01
4.7151151151151152E+05	8.8683575365453149E-01
4.7243243243243243E+05	8.8683575365453149E-01
4.7335335335335333E+05	8.8683575365453149E-01
4.7427427427427430E+05	8.8683575365453149E-01
4.7519519519519521E+05	8.8683575365453149E-01
4.7611611611611611E+05	8.8683575365453149E-01
4.7703703703703702E+05	8.8683575365453149E-01
4.7795795795795799E+05	8.8683575365453149E-01
4.7887887887887890E+05	8.8683575365453149E-01
4.7979979979979980E+05	8.8683575365453149E-01
4.8072072072072071E+05	8.8683575365453149E-01
4.8164164164164168E+05	8.8683575365453149E-01
4.8256256256256258E+05	8.8683575365453149E-01
4.8348348348348349E+05	8.8683575365453149E-01
4.8440440440440440E+05	8.8683575365453149E-01
4.8532532532532531E+05	8.8683575365453149E-01
4.8624624624624627E+05	8.8683575365453149E-01
4.8716716716716718E+05	8.8683575365453149E-01
4.8808808808808809E+05	8.8683575365453149E-01
4.8900900900900899E+05	8.8683575365453149E-01
4.8992992992992996E+05	8.8683575365453149E-01
4.9085085085085087E+05	8.8683575365453149E-01
4.9177177177177178E+05	8.8683575365453149E-01
4.9269269269269268E+05	8.8683575365453149E-01
4.9361361361361365E+05	8.8683575365453149E-01
4.9453453453453456E+05	8.8683575365453149E-01
4.9545545545545546E+05	8.8683575365453149E-01
4.9637637637637637E+05	8.8683575365453149E-01
4.9729729729729728E+05	8.8683575365453149E-01
4.9821821821821824E+05	8.8683575365453149E-01
4.9913913913913915E+05	8.8683575365453149E-01
5.0006006006006006E+05	8.8683575365453149E-01
5.0098098098098097E+05	8.8683575365453149E-01
5.0190190190190193E+05	8.8683575365453149E-01
5.0282282282282284E+05	8.8683575365453149E-01
5.0374374374374375E+05	8.8683575365453149E-01
5.0466466466466465E+05	8.8683575365453149E-01
5.0558558558558562E+05	8.8683575365453149E-01
5.0650650650650653E+05	8.8683575365453149E-01
5.0742742742742744E+05	8.8683575365453149E-01
5.0834834834834834E+05	8.8683575365453149E-01
5.0926926926926925E+05	8.8683575365453149E-01
5.1019019019019022E+05	8.8683575365453149E-01
5.1111111111111112E+05	8.8683575365453149E-01
5.1203203203203203E+05	8.8683575365453149E-01
5.1295295295295294E+05	8.8683575365453149E-01
5.1387387387387390E+05	8.8683575365453149E-01
5.1479479479479481E+05	8.8683575365453149E-01
5.1571571571571572E+05	8.8683575365453149E-01
5.1663663663663663E+05	8.8683575365453149E-01
5.1755755755755759E+05	8.8683575365453149E-01
5.1847847847847850E+05	8.8683575365453149E-01
5.1939939939939941E+05	8.8683575365453149E-01
5.2032032032032032E+05	8.8683575365453149E-01
5.2124124124124122E+05	8.8683575365453149E-01
5.2216216216216219E+05	8.8683575365453149E-01
5.2308308308308310E+05	8.8683575365453149E-01
5.2400400400400400E+05	8.8683575365453149E-01
5.2492492492492497E+05	8.8683575365453149E-01
5.2584584584584588E+05	8.8683575365453149E-01
5.2676676676676678E+05	8.8683575365453149E-01
5.2768768768768769E+05	8.8683575365453149E-01
5.2860860860860860E+05	8.8683575365453149E-01
5.2952952952952951E+05	8.8683575365453149E-01
5.3045045045045041E+05	8.8683575365453149E-01
5.3137137137137132E+05	8.8683575365453149E-01
5.3229229229229235E+05	8.8683575365453149E-01
5.3321321321321325E+05	8.8683575365453149E-01
5.3413413413413416E+05	8.8683575365453149E-01
5.3505505505505507E+05	8.8683575365453149E-01
5.3597597597597598E+05	8.8683575365453149E-01
5.3689689689689688E+05	8.8683575365453149E-01
5.3781781781781779E+05	8.8683575365453149E-01
5.3873873873873870E+05	8.8683575365453149E-01
5.3965965965965972E+05	8.8683575365453149E-01
5.4058058058058063E+05	8.8683575365453149E-01
5.4150150150150154E+05	8.8683575365453149E-01
5.4242242242242245E+05	8.8683575365453149E-01
5.4334334334334335E+05	8.8683575365453149E-01
5.4426426426426426E+05	8.8683575365453149E-01
5.4518518518518517E+05	8.8683575365453149E-01
5.4610610610610608E+05	8.8683575365453149E-01
5.4702702702702698E+05	8.8683575365453149E-01
5.4794794794794801E+05	8.8683575365453149E-01
5.4886886886886891E+05	8.8683575365453149E-01
5.4978978978978982E+05	8.8683575365453149E-01
5.5071071071071073E+05	8.8683575365453149E-01
5.5163163163163164E+05	8.8683575365453149E-01
5.5255255255255254E+05	8.8683575365453149E-01
5.5347347347347345E+05	8.8683575365453149E-01
5.5439439439439436E+05	8.8683575365453149E-01
5.5531531531531527E+05	8.8683575365453149E-01
5.5623623623623629E+05	8.8683575365453149E-01
5.5715715715715720E+05	8.8683575365453149E-01
5.5807807807807811E+05	8.8683575365453149E-01
5.5899899899899901E+05	8.8683575365453149E-01
5.5991991991991992E+05	8.8683575365453149E-01
5.6084084084084083E+05	8.8683575365453149E-01
5.6176176176176174E+05	8.8683575365453149E-01
5.6268268268268264E+05	8.8683575365453149E-01
5.6360360360360367E+05	8.8683575365453149E-01
5.6452452452452458E+05	8.8683575365453149E-01
5.6544544544544548E+05	8.8683575365453149E-01
5.6636636636636639E+05	8.8683575365453149E-01
5.6728728728728730E+05	8.8683575365453149E-01
5.6820820820820821E+05	8.8683575365453149E-01
5.6912912912912911E+05	8.8683575365453149E-01
5.7005005005005002E+05	8.8683575365453149E-01
5.7097097097097093E+05	8.8683575365453149E-01
5.7189189189189195E+05	8.8683575365453149E-01
5.7281281281281286E+05	8.8683575365453149E-01
5.7373373373373377E+05	8.8683575365453149E-01
5.7465465465465467E+05	8.8683575365453149E-01
5.7557557557557558E+05	8.8683575365453149E-01
5.7649649649649649E+05	8.8683575365453149E-01
5.7741741741741740E+05	8.8683575365453149E-01
5.7833833833833830E+05	8.8683575365453149E-01
5.7925925925925921E+05	8.8683575365453149E-01
5.8018018018018024E+05	8.8683575365453149E-01
5.8110110110110114E+05	8.8683575365453149E-01
5.8202202202202205E+05	8.8683575365453149E-01
5.8294294294294296E+05	8.8683575365453149E-01
5.8386386386386387E+05	8.8683575365453149E-01
5.8478478478478477E+05	8.8683575365453149E-01
5.8570570570570568E+05	8.8683575365453149E-01
5.8662662662662659E+05	8.8683575365453149E-01
5.8754754754754761E+05	8.8683575365453149E-01
5.8846846846846852E+05	8.8683575365453149E-01
5.8938938938938943E+05	8.8683575365453149E-01
5.9031031031031033E+05	8.8683575365453149E-01
5.9123123123123124E+05	8.8683575365453149E-01
5.9215215215215215E+05	8.8683575365453149E-01
5.9307307307307306E+05	8.8683575365453149E-01
5.9399399399399396E+05	8.8683575365453149E-01
5.9491491491491487E+05	8.8683575365453149E-01
5.9583583583583590E+05	8.8683575365453149E-01
5.9675675675675680E+05	8.8683575365453149E-01
5.9767767767767771E+05	8.8683575365453149E-01
5.9859859859859862E+05	8.8683575365453149E-01
5.9951951951951953E+05	8.8683575365453149E-01
6.0044044044044043E+05	8.8683575365453149E-01
6.0136136136136134E+05	8.8683575365453149E-01
6.0228228228228225E+05	8.8683575365453149E-01
6.0320320320320316E+05	8.8683575365453149E-01
6.0412412412412418E+05	8.8683575365453149E-01
6.0504504504504509E+05	8.8683575365453149E-01
6.0596596596596600E+05	8.8683575365453149E-01
6.0688688688688690E+05	8.8683575365453149E-01
6.0780780780780781E+05	8.8683575365453149E-01
6.0872872872872872E+05	8.8683575365453149E-01
6.0964964964964963E+05	8.8683575365453149E-01
6.1057057057057053E+05	8.8683575365453149E-01
6.1149149149149156E+05	8.8683575365453149E-01
6.1241241241241246E+05	8.8683575365453149E-01
6.1333333333333337E+05	8.8683575365453149E-01
6.1425425425425428E+05	8.8683575365453149E-01
6.1517517517517519E+05	8.8683575365453149E-01
6.1609609609609609E+05	8.8683575365453149E-01
6.1701701701701700E+05	8.8683575365453149E-01
6.1793793793793791E+05	8.8683575365453149E-01
6.1885885885885882E+05	8.8683575365453149E-01
6.1977977977977984E+05	8.8683575365453149E-01
6.2070070070070075E+05	8.8683575365453149E-01
6.2162162162162166E+05	8.8683575365453149E-01
6.2254254254254256E+05	8.8683575365453149E-01
6.2346346346346347E+05	8.8683575365453149E-01
6.2438438438438438E+05	8.8683575365453149E-01
6.2530530530530529E+05	8.8683575365453149E-01
6.2622622622622619E+05	8.8683575365453149E-01
6.2714714714714710E+05	8.8683575365453149E-01
6.2806806806806813E+05	8.8683575365453149E-01
6.2898898898898903E+05	8.8683575365453149E-01
6.2990990990990994E+05	8.8683575365453149E-01
6.3083083083083085E+05	8.8683575365453149E-01
6.3175175175175176E+05	8.8683575365453149E-01
6.3267267267267266E+05	8.8683575365453149E-01
6.3359359359359357E+05	8.8683575365453149E-01
6.3451451451451448E+05	8.8683575365453149E-01
6.3543543543543550E+05	8.8683575365453149E-01
6.3635635635635641E+05	8.8683575365453149E-01
6.3727727727727732E+05	8.8683575365453149E-01
6.3819819819819822E+05	8.8683575365453149E-01
6.3911911911911913E+05	8.8683575365453149E-01
6.4004004004004004E+05	8.8683575365453149E-01
6.4096096096096095E+05	8.8683575365453149E-01
6.4188188188188185E+05	8.8683575365453149E-01
6.4280280280280276E+05	8.8683575365453149E-01
6.4372372372372379E+05	8.8683575365453149E-01
6.4464464464464469E+05	8.8683575365453149E-01
6.4556556556556560E+05	8.8683575365453149E-01
6.4648648648648651E+05	8.8683575365453149E-01
6.4740740740740742E+05	8.8683575365453149E-01
6.4832832832832832E+05	8.8683575365453149E-01
6.4924924924924923E+05	8.8683575365453149E-01
6.5017017017017014E+05	8.8683575365453149E-01
6.5109109109109105E+05	8.8683575365453149E-01
6.5201201201201207E+05	8.8683575365453149E-01
6.5293293293293298E+05	8.8683575365453149E-01
6.5385385385385389E+05	8.8683575365453149E-01
6.5477477477477479E+05	8.8683575365453149E-01
6.5569569569569570E+05	8.8683575365453149E-01
6.5661661661661661E+05	8.8683575365453149E-01
6.5753753753753752E+05	8.8683575365453149E-01
6.5845845845845842E+05	8.8683575365453149E-01
6.5937937937937945E+05	8.8683575365453149E-01
6.6030030030030035E+05	8.8683575365453149E-01
6.6122122122122126E+05	8.8683575365453149E-01
6.6214214214214217E+05	8.8683575365453149E-01
6.6306306306306308E+05	8.8683575365453149E-01
6.6398398398398398E+05	8.8683575365453149E-01
6.6490490490490489E+05	8.8683575365453149E-01
6.6582582582582580E+05	8.8683575365453149E-01
6.6674674674674671E+05	8.8683575365453149E-01
6.6766766766766773E+05	8.8683575365453149E-01
6.6858858858858864E+05	8.8683575365453149E-01
6.6950950950950955E+05	8.8683575365453149E-01
6.7043043043043045E+05	8.8683575365453149E-01
6.7135135135135136E+05	8.8683575365453149E-01
6.7227227227227227E+05	8.8683575365453149E-01
6.7319319319319318E+05	8.8683575365453149E-01
6.7411411411411408E+05	8.8683575365453149E-01
6.7503503503503499E+05	8.8683575365453149E-01
6.7595595595595601E+05	8.8683575365453149E-01
6.7687687687687692E+05	8.8683575365453149E-01
6.7779779779779783E+05	8.8683575365453149E-01
6.7871871871871874E+05	8.8683575365453149E-01
6.7963963963963964E+05	8.8683575365453149E-01
6.8056056056056055E+05	8.8683575365453149E-01
6.8148148148148146E+05	8.8683575365453149E-01
6.8240240240240237E+05	8.8683575365453149E-01
6.8332332332332339E+05	8.8683575365453149E-01
6.8424424424424430E+05	8.8683575365453149E-01
6.8516516516516521E+05	8.8683575365453149E-01
6.8608608608608611E+05	8.8683575365453149E-01
6.8700700700700702E+05	8.8683575365453149E-01
6.8792792792792793E+05	8.8683575365453149E-01
6.8884884884884884E+05	8.8683575365453149E-01
6.8976976976976974E+05	8.8683575365453149E-01
6.9069069069069065E+05	8.8683575365453149E-01
6.9161161161161168E+05	8.8683575365453149E-01
6.9253253253253258E+05	8.8683575365453149E-01
6.9345345345345349E+05	8.8683575365453149E-01
6.9437437437437440E+05	8.8683575365453149E-01
6.9529529529529531E+05	8.8683575365453149E-01
6.9621621621621621E+05	8.8683575365453149E-01
6.9713713713713712E+05	8.8683575365453149E-01
6.9805805805805803E+05	8.8683575365453149E-01
6.9897897897897894E+05	8.8683575365453149E-01
6.9989989989989996E+05	8.8683575365453149E-01
7.0082082082082087E+05	8.8683575365453149E-01
7.0174174174174177E+05	8.8683575365453149E-01
7.0266266266266268E+05	8.8683575365453149E-01
7.0358358358358359E+05	8.8683575365453149E-01
7.0450450450450450E+05	8.8683575365453149E-01
7.0542542542542540E+05	8.8683575365453149E-01
7.0634634634634631E+05	8.8683575365453149E-01
7.0726726726726722E+05	8.8683575365453149E-01
7.0818818818818824E+05	8.8683575365453149E-01
7.0910910910910915E+05	8.8683575365453149E-01
7.1003003003003006E+05	8.8683575365453149E-01
7.1095095095095097E+05	8.8683575365453149E-01
7.1187187187187187E+05	8.8683575365453149E-01
7.1279279279279278E+05	8.8683575365453149E-01
7.1371371371371369E+05	8.8683575365453149E-01
7.1463463463463460E+05	8.8683575365453149E-01
7.1555555555555562E+05	8.8683575365453149E-01
7.1647647647647653E+05	8.8683575365453149E-01
7.1739739739739744E+05	8.8683575365453149E-01
7.1831831831831834E+05	8.8683575365453149E-01
7.1923923923923925E+05	8.8683575365453149E-01
7.2016016016016016E+05	8.8683575365453149E-01
7.2108108108108107E+05	8.8683575365453149E-01
7.2200200200200197E+05	8.8683575365453149E-01
7.2292292292292288E+05	8.8683575365453149E-01
7.2384384384384390E+05	8.8683575365453149E-01
7.2476476476476481E+05	8.8683575365453149E-01
7.2568568568568572E+05	8.8683575365453149E-01
7.2660660660660663E+05	8.8683575365453149E-01
7.2752752752752753E+05	8.8683575365453149E-01
7.2844844844844844E+05	8.8683575365453149E-01
7.2936936936936935E+05	8.8683575365453149E-01
7.3029029029029026E+05	8.8683575365453149E-01
7.3121121121121116E+05	8.8683575365453149E-01
7.3213213213213219E+05	8.8683575365453149E-01
7.3305305305305310E+05	8.8683575365453149E-01
7.3397397397397400E+05	8.8683575365453149E-01
7.3489489489489491E+05	8.8683575365453149E-01
7.3581581581581582E+05	8.8683575365453149E-01
7.3673673673673673E+05	8.8683575365453149E-01
7.3765765765765763E+05	8.8683575365453149E-01
7.3857857857857854E+05	8.8683575365453149E-01
7.3949949949949956E+05	8.8683575365453149E-01
7.4042042042042047E+05	8.8683575365453149E-01
7.4134134134134138E+05	8.8683575365453149E-01
7.4226226226226229E+05	8.8683575365453149E-01
7.4318318318318320E+05	8.8683575365453149E-01
7.4410410410410410E+05	8.8683575365453149E-01
7.4502502502502501E+05	8.8683575365453149E-01
7.4594594594594592E+05	8.8683575365453149E-01
7.4686686686686683E+05	8.8683575365453149E-01
7.4778778778778785E+05	8.8683575365453149E-01
7.4870870870870876E+05	8.8683575365453149E-01
7.4962962962962966E+05	8.8683575365453149E-01
7.5055055055055057E+05	8.8683575365453149E-01
7.5147147147147148E+05	8.8683575365453149E-01
7.5239239239239239E+05	8.8683575365453149E-01
7.5331331331331329E+05	8.8683575365453149E-01
7.5423423423423420E+05	8.8683575365453149E-01
7.5515515515515511E+05	8.8683575365453149E-01
7.5607607607607613E+05	8.8683575365453149E-01
7.5699699699699704E+05	8.8683575365453149E-01
7.5791791791791795E+05	8.8683575365453149E-01
7.5883883883883886E+05	8.8683575365453149E-01
7.5975975975975976E+05	8.8683575365453149E-01
7.6068068068068067E+05	8.8683575365453149E-01
7.6160160160160158E+05	8.8683575365453149E-01
7.6252252252252249E+05	8.8683575365453149E-01
7.6344344344344351E+05	8.8683575365453149E-01
7.6436436436436442E+05	8.8683575365453149E-01
7.6528528528528532E+05	8.8683575365453149E-01
7.6620620620620623E+05	8.8683575365453149E-01
7.6712712712712714E+05	8.8683575365453149E-01
7.6804804804804805E+05	8.8683575365453149E-01
7.6896896896896895E+05	8.8683575365453149E-01
7.6988988988988986E+05	8.8683575365453149E-01
7.7081081081081077E+05	8.8683575365453149E-01
7.7173173173173179E+05	8.8683575365453149E-01
7.7265265265265270E+05	8.8683575365453149E-01
7.7357357357357361E+05	8.8683575365453149E-01
7.7449449449449452E+05	8.8683575365453149E-01
7.7541541541541542E+05	8.8683575365453149E-01
7.7633633633633633E+05	8.8683575365453149E-01
7.7725725725725724E+05	8.8683575365453149E-01
7.7817817817817815E+05	8.8683575365453149E-01
7.7909909909909905E+05	8.8683575365453149E-01
7.8002002002002008E+05	8.8683575365453149E-01
7.8094094094094099E+05	8.8683575365453149E-01
7.8186186186186189E+05	8.8683575365453149E-01
7.8278278278278280E+05	8.8683575365453149E-01
7.8370370370370371E+05	8.8683575365453149E-01
7.8462462462462462E+05	8.8683575365453149E-01
7.8554554554554552E+05	8.8683575365453149E-01
7.8646646646646643E+05	8.8683575365453149E-01
7.8738738738738745E+05	8.8683575365453149E-01
7.8830830830830836E+05	8.8683575365453149E-01
7.8922922922922927E+05	8.8683575365453149E-01
7.9015015015015018E+05	8.8683575365453149E-01
7.9107107107107108E+05	8.8683575365453149E-01
7.9199199199199199E+05	8.8683575365453149E-01
7.9291291291291290E+05	8.8683575365453149E-01
7.9383383383383381E+05	8.8683575365453149E-01
7.9475475475475471E+05	8.8683575365453149E-01
7.9567567567567574E+05	8.8683575365453149E-01
7.9659659659659665E+05	8.8683575365453149E-01
7.9751751751751755E+05	8.8683575365453149E-01
7.9843843843843846E+05	8.8683575365453149E-01
7.9935935935935937E+05	8.8683575365453149E-01
8.0028028028028028E+05	8.8683575365453149E-01
8.0120120120120118E+05	8.8683575365453149E-01
8.0212212212212209E+05	8.8683575365453149E-01
8.0304304304304300E+05	8.8683575365453149E-01
8.0396396396396402E+05	8.8683575365453149E-01
8.0488488488488493E+05	8.8683575365453149E-01
8.0580580580580584E+05	8.8683575365453149E-01
8.0672672672672675E+05	8.8683575365453149E-01
8.0764764764764765E+05	8.8683575365453149E-01
8.0856856856856856E+05	8.8683575365453149E-01
8.0948948948948947E+05	8.8683575365453149E-01
8.1041041041041038E+05	8.8683575365453149E-01
8.1133133133133140E+05	8.8683575365453149E-01
8.1225225225225231E+05	8.8683575365453149E-01
8.1317317317317321E+05	8.8683575365453149E-01
8.1409409409409412E+05	8.8683575365453149E-01
8.1501501501501503E+05	8.8683575365453149E-01
8.1593593593593594E+05	8.8683575365453149E-01
8.1685685685685684E+05	8.8683575365453149E-01
8.1777777777777775E+05	8.8683575365453149E-01
8.1869869869869866E+05	8.8683575365453149E-01
8.1961961961961968E+05	8.8683575365453149E-01
8.2054054054054059E+05	8.8683575365453149E-01
8.2146146146146150E+05	8.8683575365453149E-01
8.2238238238238241E+05	8.8683575365453149E-01
8.2330330330330331E+05	8.8683575365453149E-01
8.2422422422422422E+05	8.8683575365453149E-01
8.2514514514514513E+05	8.8683575365453149E-01
8.2606606606606604E+05	8.8683575365453149E-01
8.2698698698698694E+05	8.8683575365453149E-01
8.2790790790790797E+05	8.8683575365453149E-01
8.2882882882882887E+05	8.8683575365453149E-01
8.2974974974974978E+05	8.8683575365453149E-01
8.3067067067067069E+05	8.8683575365453149E-01
8.3159159159159160E+05	8.8683575365453149E-01
8.3251251251251251E+05	8.8683575365453149E-01
8.3343343343343341E+05	8.8683575365453149E-01
8.3435435435435432E+05	8.8683575365453149E-01
8.3527527527527534E+05	8.8683575365453149E-01
8.3619619619619625E+05	8.8683575365453149E-01
8.3711711711711716E+05	8.8683575365453149E-01
8.3803803803803807E+05	8.8683575365453149E-01
8.3895895895895897E+05	8.8683575365453149E-01
8.3987987987987988E+05	8.8683575365453149E-01
8.4080080080080079E+05	8.8683575365453149E-01
8.4172172172172170E+05	8.8683575365453149E-01
8.4264264264264260E+05	8.8683575365453149E-01
8.4356356356356363E+05	8.8683575365453149E-01
8.4448448448448454E+05	8.8683575365453149E-01
8.4540540540540544E+05	8.8683575365453149E-01
8.4632632632632635E+05	8.8683575365453149E-01
8.4724724724724726E+05	8.8683575365453149E-01
8.4816816816816817E+05	8.8683575365453149E-01
8.4908908908908907E+05	8.8683575365453149E-01
8.5001001001000998E+05	8.8683575365453149E-01
8.5093093093093089E+05	8.8683575365453149E-01
8.5185185185185191E+05	8.8683575365453149E-01
8.5277277277277282E+05	8.8683575365453149E-01
8.5369369369369373E+05	8.8683575365453149E-01
8.5461461461461463E+05	8.8683575365453149E-01
8.5553553553553554E+05	8.8683575365453149E-01
8.5645645645645645E+05	8.8683575365453149E-01
8.5737737737737736E+05	8.8683575365453149E-01
8.5829829829829826E+05	8.8683575365453149E-01
8.5921921921921929E+05	8.8683575365453149E-01
8.6014014014014020E+05	8.8683575365453149E-01
8.6106106106106110E+05	8.8683575365453149E-01
8.6198198198198201E+05	8.8683575365453149E-01
8.6290290290290292E+05	8.8683575365453149E-01
8.6382382382382383E+05	8.8683575365453149E-01
8.6474474474474473E+05	8.8683575365453149E-01
8.6566566566566564E+05	8.8683575365453149E-01
8.6658658658658655E+05	8.8683575365453149E-01
8.6750750750750757E+05	8.8683575365453149E-01
8.6842842842842848E+05	8.8683575365453149E-01
8.6934934934934939E+05	8.8683575365453149E-01
8.7027027027027030E+05	8.8683575365453149E-01
8.7119119119119120E+05	8.8683575365453149E-01
8.7211211211211211E+05	8.8683575365453149E-01
8.7303303303303302E+05	8.8683575365453149E-01
8.7395395395395393E+05	8.8683575365453149E-01
8.7487487487487483E+05	8.8683575365453149E-01
8.7579579579579586E+05	8.8683575365453149E-01
8.7671671671671676E+05	8.8683575365453149E-01
8.7763763763763767E+05	8.8683575365453149E-01
8.7855855855855858E+05	8.8683575365453149E-01
8.7947947947947949E+05	8.8683575365453149E-01
8.8040040040040039E+05	8.8683575365453149E-01
8.8132132132132130E+05	8.8683575365453149E-01
8.8224224224224221E+05	8.8683575365453149E-01
8.8316316316316323E+05	8.8683575365453149E-01
8.8408408408408414E+05	8.8683575365453149E-01
8.8500500500500505E+05	8.8683575365453149E-01
8.8592592592592596E+05	8.8683575365453149E-01
8.8684684684684686E+05	8.8683575365453149E-01
8.8776776776776777E+05	8.8683575365453149E-01
8.8868868868868868E+05	8.8683575365453149E-01
8.8960960960960959E+05	8.8683575365453149E-01
8.9053053053053049E+05	8.8683575365453149E-01
8.9145145145145152E+05	8.8683575365453149E-01
8.9237237237237243E+05	8.8683575365453149E-01
8.9329329329329333E+05	8.8683575365453149E-01
8.9421421421421424E+05	8.8683575365453149E-01
8.9513513513513515E+05	8.8683575365453149E-01
8.9605605605605606E+05	8.8683575365453149E-01
8.9697697697697696E+05	8.8683575365453149E-01
8.9789789789789787E+05	8.8683575365453149E-01
8.9881881881881878E+05	8.8683575365453149E-01
8.9973973973973980E+05	8.8683575365453149E-01
9.0066066066066071E+05	8.8683575365453149E-01
9.0158158158158162E+05	8.8683575365453149E-01
9.0250250250250252E+05	8.8683575365453149E-01
9.0342342342342343E+05	8.8683575365453149E-01
9.0434434434434434E+05	8.8683575365453149E-01
9.0526526526526525E+05	8.8683575365453149E-01
9.0618618618618615E+05	8.8683575365453149E-01
9.0710710710710718E+05	8.8683575365453149E-01
9.0802802802802809E+05	8.8683575365453149E-01
9.0894894894894899E+05	8.8683575365453149E-01
9.0986986986986990E+05	8.8683575365453149E-01
9.1079079079079081E+05	8.8683575365453149E-01
9.1171171171171172E+05	8.8683575365453149E-01
9.1263263263263262E+05	8.8683575365453149E-01
9.1355355355355353E+05	8.8683575365453149E-01
9.1447447447447444E+05	8.8683575365453149E-01
9.1539539539539546E+05	8.8683575365453149E-01
9.1631631631631637E+05	8.8683575365453149E-01
9.1723723723723728E+05	8.8683575365453149E-01
9.1815815815815818E+05	8.8683575365453149E-01
9.1907907907907909E+05	8.8683575365453149E-01
9.2000000000000000E+05	8.8683575365453149E-01
