1.0993108153343201E-03	3.6019531250000000E+01
6.7653834819793701E-02	3.6019531250000000E+01
1.3363180309534073E-01	3.6019531250000000E+01
1.9939294457435608E-01	3.6019531250000000E+01
2.6540206372737885E-01	3.6019531250000000E+01
3.3112609386444092E-01	3.6019531250000000E+01
3.9685381948947906E-01	3.6019531250000000E+01
4.6263271570205688E-01	3.6019531250000000E+01
5.2911223471164703E-01	3.6253906250000000E+01
5.9530448168516159E-01	3.6253906250000000E+01
6.6132377833127975E-01	3.6253906250000000E+01
7.2714145481586456E-01	3.6253906250000000E+01
7.9356680065393448E-01	3.6253906250000000E+01
8.5988934338092804E-01	3.6253906250000000E+01
9.2635719478130341E-01	3.6253906250000000E+01
9.9286556988954544E-01	3.6253906250000000E+01
1.0591577589511871E+00	3.6253906250000000E+01
1.1256646066904068E+00	3.6253906250000000E+01
1.1922044008970261E+00	3.6253906250000000E+01
1.2586020603775978E+00	3.6253906250000000E+01
1.3250768035650253E+00	3.6253906250000000E+01
1.3915336951613426E+00	3.6253906250000000E+01
1.4580644667148590E+00	3.6253906250000000E+01
1.5244943425059319E+00	3.6253906250000000E+01
1.5909139439463615E+00	3.6253906250000000E+01
1.6571523174643517E+00	3.6253906250000000E+01
1.7230128794908524E+00	3.6253906250000000E+01
1.7887721508741379E+00	3.6253906250000000E+01
1.8547940999269485E+00	3.6253906250000000E+01
1.9205076619982719E+00	3.6253906250000000E+01
1.9862830117344856E+00	3.6253906250000000E+01
2.0521295890212059E+00	3.6253906250000000E+01
2.1181262508034706E+00	3.6253906250000000E+01
2.1843292117118835E+00	3.6253906250000000E+01
2.2500729635357857E+00	3.6253906250000000E+01
2.3158162236213684E+00	3.6253906250000000E+01
2.3822443410754204E+00	3.6253906250000000E+01
2.4479231089353561E+00	3.6253906250000000E+01
2.5136606246232986E+00	3.6253906250000000E+01
2.5806837752461433E+00	3.6265625000000000E+01
2.6465382203459740E+00	3.6265625000000000E+01
2.7127662375569344E+00	3.6265625000000000E+01
2.7784952670335770E+00	3.6265625000000000E+01
2.8442293927073479E+00	3.6265625000000000E+01
2.9103944078087807E+00	3.6265625000000000E+01
2.9765714034438133E+00	3.6265625000000000E+01
3.0423088669776917E+00	3.6265625000000000E+01
3.1080664768815041E+00	3.6265625000000000E+01
3.1738280355930328E+00	3.6265625000000000E+01
3.2395848780870438E+00	3.6265625000000000E+01
3.3053521066904068E+00	3.6265625000000000E+01
3.3710972666740417E+00	3.6265625000000000E+01
3.4368975162506104E+00	3.6265625000000000E+01
3.5031797960400581E+00	3.6265625000000000E+01
3.5689238682389259E+00	3.6265625000000000E+01
3.6346745640039444E+00	3.6265625000000000E+01
3.7005436792969704E+00	3.6265625000000000E+01
3.7662673518061638E+00	3.6265625000000000E+01
3.8326417356729507E+00	3.6265625000000000E+01
3.8988075032830238E+00	3.6265625000000000E+01
3.9647010937333107E+00	3.6265625000000000E+01
4.0304438993334770E+00	3.6265625000000000E+01
4.0962291657924652E+00	3.6265625000000000E+01
4.1620122864842415E+00	3.6265625000000000E+01
4.2277749553322792E+00	3.6265625000000000E+01
4.2935893312096596E+00	3.6265625000000000E+01
4.3597140684723854E+00	3.6265625000000000E+01
4.4259414225816727E+00	3.6265625000000000E+01
4.4916688203811646E+00	3.6265625000000000E+01
4.5579978153109550E+00	3.6265625000000000E+01
4.6238005012273788E+00	3.6265625000000000E+01
4.6895876228809357E+00	3.6265625000000000E+01
4.7557815834879875E+00	3.6265625000000000E+01
4.8215159475803375E+00	3.6265625000000000E+01
4.8872874751687050E+00	3.6265625000000000E+01
4.9530586153268814E+00	3.6265625000000000E+01
5.0188430547714233E+00	3.6265625000000000E+01
5.0845806077122688E+00	3.6265625000000000E+01
5.1503320932388306E+00	3.6265625000000000E+01
5.2160958945751190E+00	3.6265625000000000E+01
5.2824805602431297E+00	3.6265625000000000E+01
5.3482407629489899E+00	3.6265625000000000E+01
5.4139723256230354E+00	3.6265625000000000E+01
5.4797240644693375E+00	3.6265625000000000E+01
5.5457339286804199E+00	3.6265625000000000E+01
5.6114857867360115E+00	3.6265625000000000E+01
5.6772154793143272E+00	3.6265625000000000E+01
5.7430558428168297E+00	3.6265625000000000E+01
5.8088188245892525E+00	3.6265625000000000E+01
5.8745881244540215E+00	3.6265625000000000E+01
5.9409849494695663E+00	3.6269531250000000E+01
6.0068624317646027E+00	3.6269531250000000E+01
6.0729826316237450E+00	3.6269531250000000E+01
6.1387470364570618E+00	3.6269531250000000E+01
6.2046626955270767E+00	3.6269531250000000E+01
6.2704626023769379E+00	3.6269531250000000E+01
6.3363472968339920E+00	3.6269531250000000E+01
6.4020972773432732E+00	3.6269531250000000E+01
6.4678611457347870E+00	3.6269531250000000E+01
6.5336465016007423E+00	3.6269531250000000E+01
6.5996942743659019E+00	3.6269531250000000E+01
6.6654826924204826E+00	3.6269531250000000E+01
6.7312512546777725E+00	3.6269531250000000E+01
6.7971844375133514E+00	3.6269531250000000E+01
6.8630461841821671E+00	3.6269531250000000E+01
6.9288463816046715E+00	3.6269531250000000E+01
6.9946452230215073E+00	3.6269531250000000E+01
7.0604390427470207E+00	3.6269531250000000E+01
7.1262252107262611E+00	3.6269531250000000E+01
7.1920062825083733E+00	3.6269531250000000E+01
7.2577969953417778E+00	3.6269531250000000E+01
7.3236579969525337E+00	3.6269531250000000E+01
7.3894522041082382E+00	3.6269531250000000E+01
7.4552534073591232E+00	3.6269531250000000E+01
7.5213896855711937E+00	3.6269531250000000E+01
7.5872038379311562E+00	3.6269531250000000E+01
7.6535792425274849E+00	3.6269531250000000E+01
7.7193562686443329E+00	3.6269531250000000E+01
7.7850889191031456E+00	3.6269531250000000E+01
7.8511443883180618E+00	3.6269531250000000E+01
7.9169588908553123E+00	3.6269531250000000E+01
7.9827597364783287E+00	3.6269531250000000E+01
8.0485073626041412E+00	3.6269531250000000E+01
8.1142913848161697E+00	3.6269531250000000E+01
8.1800451800227165E+00	3.6269531250000000E+01
8.2458168268203735E+00	3.6269531250000000E+01
8.3115965723991394E+00	3.6269531250000000E+01
8.3778446689248085E+00	3.6269531250000000E+01
8.4435772821307182E+00	3.6269531250000000E+01
8.5095049440860748E+00	3.6269531250000000E+01
8.5759632661938667E+00	3.6269531250000000E+01
8.6421435624361038E+00	3.6269531250000000E+01
8.7082856073975563E+00	3.6269531250000000E+01
8.7740605473518372E+00	3.6269531250000000E+01
8.8398219719529152E+00	3.6269531250000000E+01
8.9059194326400757E+00	3.6269531250000000E+01
8.9717209190130234E+00	3.6269531250000000E+01
9.0376373156905174E+00	3.6269531250000000E+01
9.1034393906593323E+00	3.6269531250000000E+01
9.1692151799798012E+00	3.6269531250000000E+01
9.2352163195610046E+00	3.6269531250000000E+01
9.3010285645723343E+00	3.6269531250000000E+01
9.3668299913406372E+00	3.6269531250000000E+01
9.4326195046305656E+00	3.6269531250000000E+01
9.4986077323555946E+00	3.6269531250000000E+01
9.5643861666321754E+00	3.6269531250000000E+01
9.6301370710134506E+00	3.6269531250000000E+01
9.6958931013941765E+00	3.6269531250000000E+01
9.7616640403866768E+00	3.6269531250000000E+01
9.8274177163839340E+00	3.6269531250000000E+01
9.8931593671441078E+00	3.6269531250000000E+01
9.9589940235018730E+00	3.6269531250000000E+01
1.0025396198034286E+01	3.6269531250000000E+01
1.0092203848063946E+01	3.6269531250000000E+01
1.0158811002969742E+01	3.6269531250000000E+01
1.0225430287420750E+01	3.6269531250000000E+01
1.0292024090886116E+01	3.6269531250000000E+01
1.0358642868697643E+01	3.6269531250000000E+01
1.0425228863954544E+01	3.6269531250000000E+01
1.0491857804358006E+01	3.6269531250000000E+01
1.0558493480086327E+01	3.6269531250000000E+01
1.0625054575502872E+01	3.6269531250000000E+01
1.0691628135740757E+01	3.6269531250000000E+01
1.0758667372167110E+01	3.6269531250000000E+01
1.0825245104730129E+01	3.6269531250000000E+01
1.0891847983002663E+01	3.6269531250000000E+01
1.0959068685770035E+01	3.6269531250000000E+01
1.1026181831955910E+01	3.6269531250000000E+01
1.1093218468129635E+01	3.6269531250000000E+01
1.1160364650189877E+01	3.6269531250000000E+01
1.1226982854306698E+01	3.6269531250000000E+01
1.1294267922639847E+01	3.6269531250000000E+01
1.1360844619572163E+01	3.6269531250000000E+01
1.1427463084459305E+01	3.6269531250000000E+01
1.1494050726294518E+01	3.6269531250000000E+01
1.1560634620487690E+01	3.6269531250000000E+01
1.1627371579408646E+01	3.6269531250000000E+01
1.1694580554962158E+01	3.6269531250000000E+01
1.1761922352015972E+01	3.6269531250000000E+01
1.1828623175621033E+01	3.6269531250000000E+01
1.1895439147949219E+01	3.6269531250000000E+01
1.1962204404175282E+01	3.6269531250000000E+01
1.2029367104172707E+01	3.6269531250000000E+01
1.2095944061875343E+01	3.6269531250000000E+01
1.2162528112530708E+01	3.6269531250000000E+01
1.2229105688631535E+01	3.6269531250000000E+01
1.2295710816979408E+01	3.6269531250000000E+01
1.2362869076430798E+01	3.6269531250000000E+01
1.2429439418017864E+01	3.6269531250000000E+01
1.2496102735400200E+01	3.6269531250000000E+01
1.2562750332057476E+01	3.6269531250000000E+01
1.2629582650959492E+01	3.6269531250000000E+01
1.2696213707327843E+01	3.6269531250000000E+01
1.2762824282050133E+01	3.6269531250000000E+01
1.2829475499689579E+01	3.6269531250000000E+01
1.2896115958690643E+01	3.6269531250000000E+01
1.2962727583944798E+01	3.6269531250000000E+01
1.3029362082481384E+01	3.6269531250000000E+01
1.3096181124448776E+01	3.6269531250000000E+01
1.3162770003080368E+01	3.6269531250000000E+01
1.3229378692805767E+01	3.6269531250000000E+01
1.3296096622943878E+01	3.6269531250000000E+01
1.3362689509987831E+01	3.6269531250000000E+01
1.3429583348333836E+01	3.6269531250000000E+01
1.3496598944067955E+01	3.6269531250000000E+01
1.3563200935721397E+01	3.6269531250000000E+01
1.3629839360713959E+01	3.6269531250000000E+01
1.3696729838848114E+01	3.6269531250000000E+01
1.3763335801661015E+01	3.6269531250000000E+01
1.3830333590507507E+01	3.6269531250000000E+01
1.3896948434412479E+01	3.6269531250000000E+01
1.3963871151208878E+01	3.6269531250000000E+01
1.4030684746801853E+01	3.6269531250000000E+01
1.4097286976873875E+01	3.6269531250000000E+01
1.4163904979825020E+01	3.6269531250000000E+01
1.4230486340820789E+01	3.6269531250000000E+01
1.4297061733901501E+01	3.6269531250000000E+01
1.4363621436059475E+01	3.6269531250000000E+01
1.4430193245410919E+01	3.6269531250000000E+01
1.4496827013790607E+01	3.6269531250000000E+01
1.4563400022685528E+01	3.6269531250000000E+01
1.4630303800106049E+01	3.6269531250000000E+01
1.4696902908384800E+01	3.6269531250000000E+01
1.4764025844633579E+01	3.6269531250000000E+01
1.4830581463873386E+01	3.6269531250000000E+01
1.4897119194269180E+01	3.6269531250000000E+01
1.4963708266615868E+01	3.6269531250000000E+01
1.5030274741351604E+01	3.6269531250000000E+01
1.5097255207598209E+01	3.6269531250000000E+01
1.5163871742784977E+01	3.6269531250000000E+01
1.5230500251054764E+01	3.6269531250000000E+01
1.5297398328781128E+01	3.6269531250000000E+01
1.5364122413098812E+01	3.6269531250000000E+01
1.5431271612644196E+01	3.6269531250000000E+01
1.5498183414340019E+01	3.6269531250000000E+01
1.5564828097820282E+01	3.6269531250000000E+01
1.5631438493728638E+01	3.6269531250000000E+01
1.5698062449693680E+01	3.6269531250000000E+01
1.5765201792120934E+01	3.6269531250000000E+01
1.5832413636147976E+01	3.6269531250000000E+01
1.5898985840380192E+01	3.6269531250000000E+01
1.5965598084032536E+01	3.6269531250000000E+01
1.6032208085060120E+01	3.6269531250000000E+01
1.6098867066204548E+01	3.6269531250000000E+01
1.6165453575551510E+01	3.6269531250000000E+01
1.6232038952410221E+01	3.6269531250000000E+01
1.6299098715186119E+01	3.6269531250000000E+01
1.6365704983472824E+01	3.6269531250000000E+01
1.6432369045913219E+01	3.6269531250000000E+01
1.6499411270022392E+01	3.6269531250000000E+01
1.6566054672002792E+01	3.6269531250000000E+01
1.6633309423923492E+01	3.6269531250000000E+01
1.6699952028691769E+01	3.6269531250000000E+01
1.6766594283282757E+01	3.6269531250000000E+01
1.6833233498036861E+01	3.6269531250000000E+01
1.6899899758398533E+01	3.6269531250000000E+01
1.6966873086988926E+01	3.6269531250000000E+01
1.7033524736762047E+01	3.6269531250000000E+01
1.7100189380347729E+01	3.6269531250000000E+01
1.7166838839650154E+01	3.6269531250000000E+01
1.7233469612896442E+01	3.6269531250000000E+01
1.7300148814916611E+01	3.6269531250000000E+01
1.7367459356784821E+01	3.6269531250000000E+01
1.7434096954762936E+01	3.6269531250000000E+01
1.7501153893768787E+01	3.6269531250000000E+01
1.7567829437553883E+01	3.6269531250000000E+01
1.7634514093399048E+01	3.6269531250000000E+01
1.7701178416609764E+01	3.6269531250000000E+01
1.7767893478274345E+01	3.6269531250000000E+01
1.7834547542035580E+01	3.6269531250000000E+01
1.7901194021105766E+01	3.6269531250000000E+01
1.7967937007546425E+01	3.6269531250000000E+01
1.8034633360803127E+01	3.6269531250000000E+01
1.8101264752447605E+01	3.6269531250000000E+01
1.8167940758168697E+01	3.6269531250000000E+01
1.8234924785792828E+01	3.6269531250000000E+01
1.8301648862659931E+01	3.6269531250000000E+01
1.8368327409029007E+01	3.6269531250000000E+01
1.8434977628290653E+01	3.6269531250000000E+01
1.8501640275120735E+01	3.6269531250000000E+01
1.8568472266197205E+01	3.6269531250000000E+01
1.8635928556323051E+01	3.6269531250000000E+01
1.8703530579805374E+01	3.6269531250000000E+01
1.8770978540182114E+01	3.6269531250000000E+01
1.8838479407131672E+01	3.6269531250000000E+01
1.8905844978988171E+01	3.6269531250000000E+01
1.8973388098180294E+01	3.6269531250000000E+01
1.9040749438107014E+01	3.6269531250000000E+01
1.9108149610459805E+01	3.6269531250000000E+01
1.9175553284585476E+01	3.6269531250000000E+01
1.9242991589009762E+01	3.6269531250000000E+01
1.9310313031077385E+01	3.6269531250000000E+01
1.9377716816961765E+01	3.6269531250000000E+01
1.9445106931030750E+01	3.6269531250000000E+01
1.9512636080384254E+01	3.6269531250000000E+01
1.9580001428723335E+01	3.6269531250000000E+01
1.9647571414709091E+01	3.6269531250000000E+01
1.9714987620711327E+01	3.6269531250000000E+01
1.9782444737851620E+01	3.6269531250000000E+01
1.9849878102540970E+01	3.6269531250000000E+01
1.9917273372411728E+01	3.6269531250000000E+01
1.9984768494963646E+01	3.6269531250000000E+01
2.0052219264209270E+01	3.6269531250000000E+01
2.0119587250053883E+01	3.6269531250000000E+01
2.0186969585716724E+01	3.6269531250000000E+01
2.0254385918378830E+01	3.6269531250000000E+01
2.0321682684123516E+01	3.6269531250000000E+01
2.0388396821916103E+01	3.6269531250000000E+01
2.0455055601894855E+01	3.6269531250000000E+01
2.0521733343601227E+01	3.6269531250000000E+01
2.0588416390120983E+01	3.6269531250000000E+01
2.0655103377997875E+01	3.6269531250000000E+01
2.0721812851727009E+01	3.6269531250000000E+01
2.0788511261343956E+01	3.6269531250000000E+01
2.0855219148099422E+01	3.6269531250000000E+01
2.0922335259616375E+01	3.6269531250000000E+01
2.0989017173647881E+01	3.6269531250000000E+01
2.1055729269981384E+01	3.6269531250000000E+01
2.1122742153704166E+01	3.6269531250000000E+01
2.1189404770731926E+01	3.6269531250000000E+01
2.1256077855825424E+01	3.6269531250000000E+01
2.1322774082422256E+01	3.6269531250000000E+01
2.1389476113021374E+01	3.6269531250000000E+01
2.1456186503171921E+01	3.6269531250000000E+01
2.1523326441645622E+01	3.6269531250000000E+01
2.1591222226619720E+01	3.6269531250000000E+01
2.1658485360443592E+01	3.6269531250000000E+01
2.1725236162543297E+01	3.6269531250000000E+01
2.1791915528476238E+01	3.6269531250000000E+01
2.1858629301190376E+01	3.6269531250000000E+01
2.1925338357686996E+01	3.6269531250000000E+01
2.1992057956755161E+01	3.6269531250000000E+01
2.2058998204767704E+01	3.6269531250000000E+01
2.2125654779374599E+01	3.6269531250000000E+01
2.2192382149398327E+01	3.6269531250000000E+01
2.2259062781929970E+01	3.6269531250000000E+01
2.2325788713991642E+01	3.6269531250000000E+01
2.2392497964203358E+01	3.6269531250000000E+01
2.2459194093942642E+01	3.6269531250000000E+01
2.2525994427502155E+01	3.6269531250000000E+01
2.2592638581991196E+01	3.6269531250000000E+01
2.2659293971955776E+01	3.6269531250000000E+01
2.2726021222770214E+01	3.6269531250000000E+01
2.2792720668017864E+01	3.6269531250000000E+01
2.2859439514577389E+01	3.6269531250000000E+01
2.2926495529711246E+01	3.6269531250000000E+01
2.2993150122463703E+01	3.6269531250000000E+01
2.3060284800827503E+01	3.6269531250000000E+01
2.3126945391297340E+01	3.6269531250000000E+01
2.3193888016045094E+01	3.6269531250000000E+01
2.3260607630014420E+01	3.6269531250000000E+01
2.3327922910451889E+01	3.6269531250000000E+01
2.3395257651805878E+01	3.6269531250000000E+01
2.3461975939571857E+01	3.6269531250000000E+01
2.3528908632695675E+01	3.6269531250000000E+01
2.3595629230141640E+01	3.6269531250000000E+01
2.3662576720118523E+01	3.6269531250000000E+01
2.3729253984987736E+01	3.6269531250000000E+01
2.3795954823493958E+01	3.6269531250000000E+01
2.3862667426466942E+01	3.6269531250000000E+01
2.3929367043077946E+01	3.6269531250000000E+01
2.3996052861213684E+01	3.6269531250000000E+01
2.4062751069664955E+01	3.6269531250000000E+01
2.4129454120993614E+01	3.6269531250000000E+01
2.4196509867906570E+01	3.6269531250000000E+01
2.4263205520808697E+01	3.6269531250000000E+01
2.4329915896058083E+01	3.6269531250000000E+01
2.4396588459610939E+01	3.6269531250000000E+01
2.4463292516767979E+01	3.6269531250000000E+01
2.4529994197189808E+01	3.6269531250000000E+01
2.4596755810081959E+01	3.6269531250000000E+01
2.4663937672972679E+01	3.6269531250000000E+01
2.4730636686086655E+01	3.6269531250000000E+01
2.4797365620732307E+01	3.6269531250000000E+01
2.4864047668874264E+01	3.6269531250000000E+01
2.4931410558521748E+01	3.6269531250000000E+01
2.4998349338769913E+01	3.6269531250000000E+01
2.5065305851399899E+01	3.6269531250000000E+01
2.5132040813565254E+01	3.6269531250000000E+01
2.5199168242514133E+01	3.6269531250000000E+01
2.5265905916690826E+01	3.6269531250000000E+01
2.5332628607749939E+01	3.6269531250000000E+01
2.5399802885949612E+01	3.6269531250000000E+01
2.5467184402048588E+01	3.6269531250000000E+01
2.5534254364669323E+01	3.6269531250000000E+01
2.5600942455232143E+01	3.6269531250000000E+01
2.5667628258466721E+01	3.6269531250000000E+01
2.5734338410198689E+01	3.6269531250000000E+01
2.5801260806620121E+01	3.6269531250000000E+01
2.5867946602404118E+01	3.6269531250000000E+01
2.5934661924839020E+01	3.6269531250000000E+01
2.6001681081950665E+01	3.6269531250000000E+01
2.6068367667496204E+01	3.6269531250000000E+01
2.6135592676699162E+01	3.6269531250000000E+01
2.6202422223985195E+01	3.6269531250000000E+01
2.6269156798720360E+01	3.6269531250000000E+01
2.6336001791059971E+01	3.6269531250000000E+01
2.6402722716331482E+01	3.6269531250000000E+01
2.6469440259039402E+01	3.6269531250000000E+01
2.6536593101918697E+01	3.6269531250000000E+01
2.6603299155831337E+01	3.6269531250000000E+01
2.6670011147856712E+01	3.6269531250000000E+01
2.6736717320978642E+01	3.6269531250000000E+01
2.6803435593843460E+01	3.6269531250000000E+01
2.6870387919247150E+01	3.6269531250000000E+01
2.6937120258808136E+01	3.6269531250000000E+01
2.7004364840686321E+01	3.6269531250000000E+01
2.7071116007864475E+01	3.6269531250000000E+01
2.7137831695377827E+01	3.6269531250000000E+01
2.7204513482749462E+01	3.6269531250000000E+01
2.7271839924156666E+01	3.6269531250000000E+01
2.7338523454964161E+01	3.6269531250000000E+01
2.7405809216201305E+01	3.6269531250000000E+01
2.7472485050559044E+01	3.6269531250000000E+01
2.7539365038275719E+01	3.6269531250000000E+01
2.7606282703578472E+01	3.6269531250000000E+01
2.7672994047403336E+01	3.6269531250000000E+01
2.7740149520337582E+01	3.6269531250000000E+01
2.7807066597044468E+01	3.6269531250000000E+01
2.7873789452016354E+01	3.6269531250000000E+01
2.7940530784428120E+01	3.6269531250000000E+01
2.8007261037826538E+01	3.6269531250000000E+01
2.8074026875197887E+01	3.6269531250000000E+01
2.8140723958611488E+01	3.6269531250000000E+01
2.8207432158291340E+01	3.6269531250000000E+01
2.8274102054536343E+01	3.6269531250000000E+01
2.8340766191482544E+01	3.6269531250000000E+01
2.8407447442412376E+01	3.6269531250000000E+01
2.8474232994019985E+01	3.6269531250000000E+01
2.8541354499757290E+01	3.6269531250000000E+01
2.8608018063008785E+01	3.6269531250000000E+01
2.8674676656723022E+01	3.6269531250000000E+01
2.8741310998797417E+01	3.6269531250000000E+01
2.8807987406849861E+01	3.6269531250000000E+01
2.8874661408364773E+01	3.6269531250000000E+01
2.8941314861178398E+01	3.6269531250000000E+01
2.9007982008159161E+01	3.6269531250000000E+01
2.9074603945016861E+01	3.6269531250000000E+01
2.9141259118914604E+01	3.6269531250000000E+01
2.9207871019840240E+01	3.6269531250000000E+01
2.9274864815175533E+01	3.6269531250000000E+01
2.9341525942087173E+01	3.6269531250000000E+01
2.9408152177929878E+01	3.6269531250000000E+01
2.9474801830947399E+01	3.6269531250000000E+01
2.9541507460176945E+01	3.6269531250000000E+01
2.9608478903770447E+01	3.6269531250000000E+01
2.9675160728394985E+01	3.6269531250000000E+01
2.9741878487169743E+01	3.6269531250000000E+01
2.9808582723140717E+01	3.6269531250000000E+01
2.9875304661691189E+01	3.6269531250000000E+01
2.9942027643322945E+01	3.6269531250000000E+01
3.0008973076939583E+01	3.6269531250000000E+01
3.0075900614261627E+01	3.6269531250000000E+01
3.0142575331032276E+01	3.6269531250000000E+01
3.0209297567605972E+01	3.6269531250000000E+01
3.0275995947420597E+01	3.6269531250000000E+01
3.0342701002955437E+01	3.6269531250000000E+01
3.0410012014210224E+01	3.6269531250000000E+01
3.0476971670985222E+01	3.6269531250000000E+01
3.0543686166405678E+01	3.6269531250000000E+01
3.0610417187213898E+01	3.6269531250000000E+01
3.0677112028002739E+01	3.6269531250000000E+01
3.0743833623826504E+01	3.6269531250000000E+01
3.0810501828789711E+01	3.6269531250000000E+01
3.0877180121839046E+01	3.6269531250000000E+01
3.0944122202694416E+01	3.6269531250000000E+01
3.1010836951434612E+01	3.6269531250000000E+01
3.1078133717179298E+01	3.6269531250000000E+01
3.1144837170839310E+01	3.6269531250000000E+01
3.1211491391062737E+01	3.6269531250000000E+01
3.1278750002384186E+01	3.6269531250000000E+01
3.1345705613493919E+01	3.6269531250000000E+01
3.1412377618253231E+01	3.6269531250000000E+01
3.1479050658643246E+01	3.6269531250000000E+01
3.1545740254223347E+01	3.6269531250000000E+01
3.1612439148128033E+01	3.6269531250000000E+01
3.1679551862180233E+01	3.6269531250000000E+01
3.1746394060552120E+01	3.6269531250000000E+01
3.1813093692064285E+01	3.6269531250000000E+01
3.1879767954349518E+01	3.6269531250000000E+01
3.1946483597159386E+01	3.6269531250000000E+01
3.2013196095824242E+01	3.6269531250000000E+01
3.2080386467278004E+01	3.6269531250000000E+01
3.2147097274661064E+01	3.6269531250000000E+01
3.2213804535567760E+01	3.6269531250000000E+01
3.2280509866774082E+01	3.6269531250000000E+01
3.2347175717353821E+01	3.6269531250000000E+01
3.2413838721811771E+01	3.6269531250000000E+01
3.2480496577918530E+01	3.6269531250000000E+01
3.2547191880643368E+01	3.6269531250000000E+01
3.2614071026444435E+01	3.6269531250000000E+01
3.2680753111839294E+01	3.6269531250000000E+01
3.2747463837265968E+01	3.6269531250000000E+01
3.2814131535589695E+01	3.6269531250000000E+01
3.2880831457674503E+01	3.6269531250000000E+01
3.2947539828717709E+01	3.6269531250000000E+01
3.3014243543148041E+01	3.6269531250000000E+01
3.3080895125865936E+01	3.6269531250000000E+01
3.3148121908307076E+01	3.6269531250000000E+01
3.3214809052646160E+01	3.6269531250000000E+01
3.3281495392322540E+01	3.6269531250000000E+01
3.3348210096359253E+01	3.6269531250000000E+01
3.3414886511862278E+01	3.6269531250000000E+01
3.3481584519147873E+01	3.6269531250000000E+01
3.3548287287354469E+01	3.6269531250000000E+01
3.3614958859980106E+01	3.6269531250000000E+01
3.3681645564734936E+01	3.6269531250000000E+01
3.3748337447643280E+01	3.6269531250000000E+01
3.3815336592495441E+01	3.6269531250000000E+01
3.3882184058427811E+01	3.6269531250000000E+01
3.3949412576854229E+01	3.6269531250000000E+01
3.4016349375247955E+01	3.6269531250000000E+01
3.4082980327308178E+01	3.6269531250000000E+01
3.4149682968854904E+01	3.6269531250000000E+01
3.4216799117624760E+01	3.6269531250000000E+01
3.4283467359840870E+01	3.6269531250000000E+01
3.4350131094455719E+01	3.6269531250000000E+01
3.4416859783232212E+01	3.6269531250000000E+01
3.4483897440135479E+01	3.6269531250000000E+01
3.4550772212445736E+01	3.6269531250000000E+01
3.4617461539804935E+01	3.6269531250000000E+01
3.4684730805456638E+01	3.6269531250000000E+01
3.4751398675143719E+01	3.6269531250000000E+01
3.4818225353956223E+01	3.6269531250000000E+01
3.4884884931147099E+01	3.6269531250000000E+01
3.4952001631259918E+01	3.6269531250000000E+01
3.5018691219389439E+01	3.6269531250000000E+01
3.5085688814520836E+01	3.6269531250000000E+01
3.5152381375432014E+01	3.6269531250000000E+01
3.5219054132699966E+01	3.6269531250000000E+01
3.5285733804106712E+01	3.6269531250000000E+01
3.5352389082312584E+01	3.6269531250000000E+01
3.5419478908181190E+01	3.6269531250000000E+01
3.5486196994781494E+01	3.6269531250000000E+01
3.5552997536957264E+01	3.6269531250000000E+01
3.5619667395949364E+01	3.6269531250000000E+01
3.5686361297965050E+01	3.6269531250000000E+01
3.5753003068268299E+01	3.6269531250000000E+01
3.5819857850670815E+01	3.6269531250000000E+01
3.5886545836925507E+01	3.6269531250000000E+01
3.5953230462968349E+01	3.6269531250000000E+01
3.6019942410290241E+01	3.6269531250000000E+01
3.6087043918669224E+01	3.6269531250000000E+01
3.6153722845017910E+01	3.6269531250000000E+01
3.6220400437712669E+01	3.6269531250000000E+01
3.6287045530974865E+01	3.6269531250000000E+01
3.6354367636144161E+01	3.6269531250000000E+01
3.6421490840613842E+01	3.6269531250000000E+01
3.6488176465034485E+01	3.6269531250000000E+01
3.6554866261780262E+01	3.6269531250000000E+01
3.6621566027402878E+01	3.6269531250000000E+01
3.6688231498003006E+01	3.6269531250000000E+01
3.6755267150700092E+01	3.6269531250000000E+01
3.6822520144283772E+01	3.6269531250000000E+01
3.6889200568199158E+01	3.6269531250000000E+01
3.6955869637429714E+01	3.6269531250000000E+01
3.7022538430988789E+01	3.6269531250000000E+01
3.7089491873979568E+01	3.6269531250000000E+01
3.7156278207898140E+01	3.6269531250000000E+01
3.7223152659833431E+01	3.6269531250000000E+01
3.7289841204881668E+01	3.6269531250000000E+01
3.7356543727219105E+01	3.6269531250000000E+01
3.7423501834273338E+01	3.6269531250000000E+01
3.7490324288606644E+01	3.6269531250000000E+01
3.7556968398392200E+01	3.6269531250000000E+01
3.7623667359352112E+01	3.6269531250000000E+01
3.7690361447632313E+01	3.6269531250000000E+01
3.7757014937698841E+01	3.6269531250000000E+01
3.7823677420616150E+01	3.6269531250000000E+01
3.7890369221568108E+01	3.6269531250000000E+01
3.7957666829228401E+01	3.6269531250000000E+01
3.8024743251502514E+01	3.6269531250000000E+01
3.8091423749923706E+01	3.6269531250000000E+01
3.8158095411956310E+01	3.6269531250000000E+01
3.8224935896694660E+01	3.6269531250000000E+01
3.8292574703693390E+01	3.6273437500000000E+01
3.8359389200806618E+01	3.6273437500000000E+01
3.8426043130457401E+01	3.6273437500000000E+01
3.8492725275456905E+01	3.6273437500000000E+01
3.8559383362531662E+01	3.6273437500000000E+01
3.8626430235803127E+01	3.6273437500000000E+01
3.8693105980753899E+01	3.6273437500000000E+01
3.8759768679738045E+01	3.6273437500000000E+01
3.8826794587075710E+01	3.6273437500000000E+01
3.8894247666001320E+01	3.6273437500000000E+01
3.8961472347378731E+01	3.6273437500000000E+01
3.9028496824204922E+01	3.6273437500000000E+01
3.9095893502235413E+01	3.6273437500000000E+01
3.9163139246404171E+01	3.6273437500000000E+01
3.9230462715029716E+01	3.6273437500000000E+01
3.9297854669392109E+01	3.6273437500000000E+01
3.9365426056087017E+01	3.6273437500000000E+01
3.9432726636528969E+01	3.6273437500000000E+01
3.9499924592673779E+01	3.6273437500000000E+01
3.9567372635006905E+01	3.6273437500000000E+01
3.9634856030344963E+01	3.6273437500000000E+01
3.9702171616256237E+01	3.6273437500000000E+01
3.9769622661173344E+01	3.6273437500000000E+01
3.9837042331695557E+01	3.6273437500000000E+01
3.9904499791562557E+01	3.6273437500000000E+01
3.9971946954727173E+01	3.6273437500000000E+01
4.0039269402623177E+01	3.6273437500000000E+01
4.0106674440205097E+01	3.6273437500000000E+01
4.0174013942480087E+01	3.6273437500000000E+01
4.0241498157382011E+01	3.6273437500000000E+01
4.0308831527829170E+01	3.6273437500000000E+01
4.0376125551760197E+01	3.6273437500000000E+01
4.0443715594708920E+01	3.6273437500000000E+01
4.0511226475238800E+01	3.6273437500000000E+01
4.0578661203384399E+01	3.6273437500000000E+01
4.0645944371819496E+01	3.6273437500000000E+01
4.0713397778570652E+01	3.6273437500000000E+01
4.0780768990516663E+01	3.6273437500000000E+01
4.0848275929689407E+01	3.6273437500000000E+01
4.0915773130953312E+01	3.6273437500000000E+01
4.0983236365020275E+01	3.6273437500000000E+01
4.1050755701959133E+01	3.6273437500000000E+01
4.1118270307779312E+01	3.6273437500000000E+01
4.1185823567211628E+01	3.6273437500000000E+01
4.1253253437578678E+01	3.6273437500000000E+01
4.1320160679519176E+01	3.6273437500000000E+01
4.1387737326323986E+01	3.6273437500000000E+01
4.1454414360225201E+01	3.6273437500000000E+01
4.1521110884845257E+01	3.6273437500000000E+01
4.1587821632623672E+01	3.6273437500000000E+01
4.1654511734843254E+01	3.6273437500000000E+01
4.1721444703638554E+01	3.6273437500000000E+01
4.1788648895919323E+01	3.6273437500000000E+01
4.1855323530733585E+01	3.6273437500000000E+01
4.1922230720520020E+01	3.6273437500000000E+01
4.1988905198872089E+01	3.6273437500000000E+01
4.2055557578802109E+01	3.6273437500000000E+01
4.2122640222311020E+01	3.6273437500000000E+01
4.2189302243292332E+01	3.6273437500000000E+01
4.2255968749523163E+01	3.6273437500000000E+01
4.2322645403444767E+01	3.6273437500000000E+01
4.2389301918447018E+01	3.6273437500000000E+01
4.2456494137644768E+01	3.6273437500000000E+01
4.2523146532475948E+01	3.6273437500000000E+01
4.2589810661971569E+01	3.6273437500000000E+01
4.2657134748995304E+01	3.6273437500000000E+01
4.2723850868642330E+01	3.6273437500000000E+01
4.2790537104010582E+01	3.6273437500000000E+01
4.2857424750924110E+01	3.6273437500000000E+01
4.2924094043672085E+01	3.6273437500000000E+01
4.2990926906466484E+01	3.6273437500000000E+01
4.3058049701154232E+01	3.6273437500000000E+01
4.3124717906117439E+01	3.6273437500000000E+01
4.3191356040537357E+01	3.6273437500000000E+01
4.3257979907095432E+01	3.6273437500000000E+01
4.3324643813073635E+01	3.6273437500000000E+01
4.3391621023416519E+01	3.6273437500000000E+01
4.3458245784044266E+01	3.6273437500000000E+01
4.3524864889681339E+01	3.6273437500000000E+01
4.3591471642255783E+01	3.6273437500000000E+01
4.3658222742378712E+01	3.6273437500000000E+01
4.3724900685250759E+01	3.6273437500000000E+01
4.3791601732373238E+01	3.6273437500000000E+01
4.3858205109834671E+01	3.6273437500000000E+01
4.3925393886864185E+01	3.6273437500000000E+01
4.3992013283073902E+01	3.6273437500000000E+01
4.4058670550584793E+01	3.6273437500000000E+01
4.4125355079770088E+01	3.6273437500000000E+01
4.4192150816321373E+01	3.6273437500000000E+01
4.4258830323815346E+01	3.6273437500000000E+01
4.4325862564146519E+01	3.6273437500000000E+01
4.4392539098858833E+01	3.6273437500000000E+01
4.4459785319864750E+01	3.6273437500000000E+01
4.4526751413941383E+01	3.6273437500000000E+01
4.4593413963913918E+01	3.6273437500000000E+01
4.4660085223615170E+01	3.6273437500000000E+01
4.4726752586662769E+01	3.6273437500000000E+01
4.4793400019407272E+01	3.6273437500000000E+01
4.4860068984329700E+01	3.6273437500000000E+01
4.4926747217774391E+01	3.6273437500000000E+01
4.4993629530072212E+01	3.6273437500000000E+01
4.5060299269855022E+01	3.6273437500000000E+01
4.5127497725188732E+01	3.6273437500000000E+01
4.5194132827222347E+01	3.6273437500000000E+01
4.5260806068778038E+01	3.6273437500000000E+01
4.5327452495694160E+01	3.6273437500000000E+01
4.5394058108329773E+01	3.6273437500000000E+01
4.5460703842341900E+01	3.6273437500000000E+01
4.5527647398412228E+01	3.6273437500000000E+01
4.5594906844198704E+01	3.6273437500000000E+01
4.5661520160734653E+01	3.6273437500000000E+01
4.5728148743510246E+01	3.6273437500000000E+01
4.5794783957302570E+01	3.6273437500000000E+01
4.5861432924866676E+01	3.6273437500000000E+01
4.5928098909556866E+01	3.6273437500000000E+01
4.5994706407189369E+01	3.6273437500000000E+01
4.6061365693807602E+01	3.6273437500000000E+01
4.6128093607723713E+01	3.6273437500000000E+01
4.6194794178009033E+01	3.6273437500000000E+01
4.6261493988335133E+01	3.6273437500000000E+01
4.6328157022595406E+01	3.6273437500000000E+01
4.6394832365214825E+01	3.6273437500000000E+01
4.6461517222225666E+01	3.6273437500000000E+01
4.6528162024915218E+01	3.6273437500000000E+01
4.6594959430396557E+01	3.6273437500000000E+01
4.6661619365215302E+01	3.6273437500000000E+01
4.6728234440088272E+01	3.6273437500000000E+01
4.6794919520616531E+01	3.6273437500000000E+01
4.6861594580113888E+01	3.6273437500000000E+01
4.6928418114781380E+01	3.6273437500000000E+01
4.6995084315538406E+01	3.6273437500000000E+01
4.7061739198863506E+01	3.6273437500000000E+01
4.7128401540219784E+01	3.6273437500000000E+01
4.7195372290909290E+01	3.6273437500000000E+01
4.7262521095573902E+01	3.6273437500000000E+01
4.7329132251441479E+01	3.6273437500000000E+01
4.7396638855338097E+01	3.6273437500000000E+01
4.7463310129940510E+01	3.6273437500000000E+01
4.7529976114630699E+01	3.6273437500000000E+01
4.7596624530851841E+01	3.6273437500000000E+01
4.7663293190300465E+01	3.6273437500000000E+01
4.7729983627796173E+01	3.6273437500000000E+01
4.7796650394797325E+01	3.6273437500000000E+01
4.7863321773707867E+01	3.6273437500000000E+01
4.7930531330406666E+01	3.6273437500000000E+01
4.7997866243124008E+01	3.6273437500000000E+01
4.8065363839268684E+01	3.6273437500000000E+01
4.8132817491889000E+01	3.6273437500000000E+01
4.8200257264077663E+01	3.6273437500000000E+01
4.8267762176692486E+01	3.6273437500000000E+01
4.8335192158818245E+01	3.6273437500000000E+01
4.8402698576450348E+01	3.6273437500000000E+01
4.8470081008970737E+01	3.6273437500000000E+01
4.8537514857947826E+01	3.6273437500000000E+01
4.8604562163352966E+01	3.6273437500000000E+01
4.8671838894486427E+01	3.6273437500000000E+01
4.8739225924015045E+01	3.6273437500000000E+01
4.8806610852479935E+01	3.6273437500000000E+01
4.8874016687273979E+01	3.6273437500000000E+01
4.8941420778632164E+01	3.6273437500000000E+01
4.9008831202983856E+01	3.6273437500000000E+01
4.9076308876276016E+01	3.6273437500000000E+01
4.9143666774034500E+01	3.6273437500000000E+01
4.9210843347012997E+01	3.6273437500000000E+01
4.9278307512402534E+01	3.6273437500000000E+01
4.9345765873789787E+01	3.6273437500000000E+01
4.9413313135504723E+01	3.6273437500000000E+01
4.9480718739330769E+01	3.6273437500000000E+01
4.9548197597265244E+01	3.6273437500000000E+01
4.9615636833012104E+01	3.6273437500000000E+01
4.9682989209890366E+01	3.6273437500000000E+01
4.9750065878033638E+01	3.6273437500000000E+01
4.9817496299743652E+01	3.6273437500000000E+01
4.9884907878935337E+01	3.6273437500000000E+01
4.9952435351908207E+01	3.6273437500000000E+01
5.0019844844937325E+01	3.6273437500000000E+01
5.0086579963564873E+01	3.6273437500000000E+01
5.0153315059840679E+01	3.6273437500000000E+01
5.0220067277550697E+01	3.6273437500000000E+01
5.0286813832819462E+01	3.6273437500000000E+01
5.0353974290192127E+01	3.6273437500000000E+01
5.0420712731778622E+01	3.6273437500000000E+01
5.0487449645996094E+01	3.6273437500000000E+01
5.0554376259446144E+01	3.6273437500000000E+01
5.0621105797588825E+01	3.6273437500000000E+01
5.0687972240149975E+01	3.6273437500000000E+01
5.0754860192537308E+01	3.6273437500000000E+01
5.0821864448487759E+01	3.6273437500000000E+01
5.0888566516339779E+01	3.6273437500000000E+01
5.0955741152167320E+01	3.6273437500000000E+01
5.1023045986890793E+01	3.6273437500000000E+01
5.1090078167617321E+01	3.6273437500000000E+01
5.1156776085495949E+01	3.6273437500000000E+01
5.1224082648754120E+01	3.6273437500000000E+01
5.1290793962776661E+01	3.6273437500000000E+01
5.1358040906488895E+01	3.6273437500000000E+01
5.1424846574664116E+01	3.6273437500000000E+01
5.1491513594985008E+01	3.6273437500000000E+01
5.1558190770447254E+01	3.6273437500000000E+01
5.1624862521886826E+01	3.6273437500000000E+01
5.1692175991833210E+01	3.6273437500000000E+01
5.1758845083415508E+01	3.6273437500000000E+01
5.1825510039925575E+01	3.6273437500000000E+01
5.1892142243683338E+01	3.6273437500000000E+01
5.1958821736276150E+01	3.6273437500000000E+01
5.2025810323655605E+01	3.6273437500000000E+01
5.2093046717345715E+01	3.6273437500000000E+01
5.2159746296703815E+01	3.6273437500000000E+01
5.2226424030959606E+01	3.6273437500000000E+01
5.2293335303664207E+01	3.6273437500000000E+01
5.2360018879175186E+01	3.6273437500000000E+01
5.2426636897027493E+01	3.6273437500000000E+01
5.2493295229971409E+01	3.6273437500000000E+01
5.2559930995106697E+01	3.6273437500000000E+01
5.2627073280513287E+01	3.6273437500000000E+01
5.2694001965224743E+01	3.6273437500000000E+01
5.2760635569691658E+01	3.6273437500000000E+01
5.2827487267553806E+01	3.6273437500000000E+01
5.2894130975008011E+01	3.6273437500000000E+01
5.2961174555122852E+01	3.6273437500000000E+01
5.3027987025678158E+01	3.6273437500000000E+01
5.3095053978264332E+01	3.6273437500000000E+01
5.3161703325808048E+01	3.6273437500000000E+01
5.3228351145982742E+01	3.6273437500000000E+01
5.3295014582574368E+01	3.6273437500000000E+01
5.3361683115363121E+01	3.6273437500000000E+01
5.3428307496011257E+01	3.6273437500000000E+01
5.3495564170181751E+01	3.6273437500000000E+01
5.3562646210193634E+01	3.6273437500000000E+01
5.3629483774304390E+01	3.6273437500000000E+01
5.3696128994226456E+01	3.6273437500000000E+01
5.3762778274714947E+01	3.6273437500000000E+01
5.3829433575272560E+01	3.6273437500000000E+01
5.3896284192800522E+01	3.6273437500000000E+01
5.3962951377034187E+01	3.6273437500000000E+01
5.4029592096805573E+01	3.6273437500000000E+01
5.4096263699233532E+01	3.6273437500000000E+01
5.4163437530398369E+01	3.6273437500000000E+01
5.4230075709521770E+01	3.6273437500000000E+01
5.4296730332076550E+01	3.6273437500000000E+01
5.4363364420831203E+01	3.6273437500000000E+01
5.4430018067359924E+01	3.6273437500000000E+01
5.4496670946478844E+01	3.6273437500000000E+01
5.4563982442021370E+01	3.6273437500000000E+01
5.4630599580705166E+01	3.6273437500000000E+01
5.4697244092822075E+01	3.6273437500000000E+01
5.4763923145830631E+01	3.6273437500000000E+01
5.4830504894256592E+01	3.6273437500000000E+01
5.4897112026810646E+01	3.6273437500000000E+01
5.4964226692914963E+01	3.6273437500000000E+01
5.5030836082994938E+01	3.6273437500000000E+01
5.5097463354468346E+01	3.6273437500000000E+01
5.5164094693958759E+01	3.6273437500000000E+01
5.5230718582868576E+01	3.6273437500000000E+01
5.5297375723719597E+01	3.6273437500000000E+01
5.5364149935543537E+01	3.6273437500000000E+01
5.5430790364742279E+01	3.6273437500000000E+01
5.5497795805335045E+01	3.6273437500000000E+01
5.5564956650137901E+01	3.6273437500000000E+01
5.5631536521017551E+01	3.6273437500000000E+01
5.5698112092912197E+01	3.6273437500000000E+01
5.5765157371759415E+01	3.6273437500000000E+01
5.5831801153719425E+01	3.6273437500000000E+01
5.5899075224995613E+01	3.6273437500000000E+01
5.5965722776949406E+01	3.6273437500000000E+01
5.6032351195812225E+01	3.6273437500000000E+01
5.6099356018006802E+01	3.6273437500000000E+01
5.6166007645428181E+01	3.6273437500000000E+01
5.6232718683779240E+01	3.6273437500000000E+01
5.6299374654889107E+01	3.6273437500000000E+01
5.6366520792245865E+01	3.6273437500000000E+01
5.6433165818452835E+01	3.6273437500000000E+01
5.6499814324080944E+01	3.6273437500000000E+01
5.6566486887633801E+01	3.6273437500000000E+01
5.6633148379623890E+01	3.6273437500000000E+01
5.6699804075062275E+01	3.6273437500000000E+01
5.6766477517783642E+01	3.6273437500000000E+01
5.6833126574754715E+01	3.6273437500000000E+01
5.6899805046617985E+01	3.6273437500000000E+01
5.6966389909386635E+01	3.6273437500000000E+01
5.7033054143190384E+01	3.6273437500000000E+01
5.7100268542766571E+01	3.6273437500000000E+01
5.7166942104697227E+01	3.6273437500000000E+01
5.7233575820922852E+01	3.6273437500000000E+01
5.7300218604505062E+01	3.6273437500000000E+01
5.7367335006594658E+01	3.6273437500000000E+01
5.7433942958712578E+01	3.6273437500000000E+01
5.7501123331487179E+01	3.6273437500000000E+01
5.7568441055715084E+01	3.6273437500000000E+01
5.7635094746947289E+01	3.6273437500000000E+01
5.7701758474111557E+01	3.6273437500000000E+01
5.7768865019083023E+01	3.6273437500000000E+01
5.7836017951369286E+01	3.6273437500000000E+01
5.7902724623680115E+01	3.6273437500000000E+01
5.7969400636851788E+01	3.6273437500000000E+01
5.8036053694784641E+01	3.6273437500000000E+01
5.8102795220911503E+01	3.6273437500000000E+01
5.8169458813965321E+01	3.6273437500000000E+01
5.8236101165413857E+01	3.6273437500000000E+01
5.8303095877170563E+01	3.6273437500000000E+01
5.8369739264249802E+01	3.6273437500000000E+01
5.8436403922736645E+01	3.6273437500000000E+01
5.8503072313964367E+01	3.6273437500000000E+01
5.8569738887250423E+01	3.6273437500000000E+01
5.8636725209653378E+01	3.6273437500000000E+01
5.8703422918915749E+01	3.6273437500000000E+01
5.8770050100982189E+01	3.6273437500000000E+01
5.8836702004075050E+01	3.6273437500000000E+01
5.8903356388211250E+01	3.6273437500000000E+01
5.8970032490789890E+01	3.6273437500000000E+01
5.9037384212017059E+01	3.6273437500000000E+01
5.9104536518454552E+01	3.6273437500000000E+01
5.9171680264174938E+01	3.6273437500000000E+01
5.9238641984760761E+01	3.6273437500000000E+01
5.9306029416620731E+01	3.6273437500000000E+01
5.9373294942080975E+01	3.6273437500000000E+01
5.9440465793013573E+01	3.6273437500000000E+01
5.9507642045617104E+01	3.6273437500000000E+01
5.9575009472668171E+01	3.6273437500000000E+01
5.9642343111336231E+01	3.6273437500000000E+01
5.9709578357636929E+01	3.6273437500000000E+01
5.9776888646185398E+01	3.6273437500000000E+01
5.9844328634440899E+01	3.6273437500000000E+01
5.9911645039916039E+01	3.6273437500000000E+01
5.9978764131665230E+01	3.6273437500000000E+01
6.0046250835061073E+01	3.6273437500000000E+01
6.0113023117184639E+01	3.6273437500000000E+01
6.0180239640176296E+01	3.6273437500000000E+01
6.0247631415724754E+01	3.6273437500000000E+01
6.0314891375601292E+01	3.6273437500000000E+01
6.0381950877606869E+01	3.6273437500000000E+01
6.0449282951653004E+01	3.6273437500000000E+01
6.0516495294868946E+01	3.6273437500000000E+01
6.0583726480603218E+01	3.6273437500000000E+01
6.0650898560881615E+01	3.6273437500000000E+01
6.0718020349740982E+01	3.6273437500000000E+01
6.0785290226340294E+01	3.6273437500000000E+01
6.0852518841624260E+01	3.6273437500000000E+01
6.0919541694223881E+01	3.6273437500000000E+01
6.0986800223588943E+01	3.6273437500000000E+01
6.1053997099399567E+01	3.6273437500000000E+01
6.1121377244591713E+01	3.6273437500000000E+01
6.1188695624470711E+01	3.6273437500000000E+01
6.1256205447018147E+01	3.6273437500000000E+01
6.1323468841612339E+01	3.6273437500000000E+01
6.1390502251684666E+01	3.6273437500000000E+01
6.1457574859261513E+01	3.6273437500000000E+01
6.1524569898843765E+01	3.6273437500000000E+01
6.1591901384294033E+01	3.6273437500000000E+01
6.1659027092158794E+01	3.6273437500000000E+01
6.1726466521620750E+01	3.6273437500000000E+01
6.1793692253530025E+01	3.6273437500000000E+01
6.1860880754888058E+01	3.6273437500000000E+01
6.1928146138787270E+01	3.6273437500000000E+01
6.1995471157133579E+01	3.6273437500000000E+01
6.2062766693532467E+01	3.6273437500000000E+01
6.2130142509937286E+01	3.6273437500000000E+01
6.2197416536509991E+01	3.6273437500000000E+01
6.2264666572213173E+01	3.6273437500000000E+01
6.2332019552588463E+01	3.6273437500000000E+01
6.2399239428341389E+01	3.6273437500000000E+01
6.2466755911707878E+01	3.6273437500000000E+01
6.2534047447144985E+01	3.6273437500000000E+01
6.2601349040865898E+01	3.6273437500000000E+01
6.2668640725314617E+01	3.6273437500000000E+01
6.2735843986272812E+01	3.6273437500000000E+01
6.2802967138588428E+01	3.6273437500000000E+01
6.2870174080133438E+01	3.6273437500000000E+01
6.2937479853630066E+01	3.6273437500000000E+01
6.3004869118332863E+01	3.6273437500000000E+01
6.3072146326303482E+01	3.6273437500000000E+01
6.3139176182448864E+01	3.6273437500000000E+01
6.3206459529697895E+01	3.6273437500000000E+01
6.3273654669523239E+01	3.6273437500000000E+01
6.3340931706130505E+01	3.6273437500000000E+01
6.3408237114548683E+01	3.6273437500000000E+01
6.3475460484623909E+01	3.6273437500000000E+01
6.3542507454752922E+01	3.6273437500000000E+01
6.3609465859830379E+01	3.6273437500000000E+01
6.3676569797098637E+01	3.6273437500000000E+01
6.3743891738355160E+01	3.6273437500000000E+01
6.3811195842921734E+01	3.6273437500000000E+01
6.3878366798162460E+01	3.6273437500000000E+01
6.3945423863828182E+01	3.6273437500000000E+01
6.4012540832161903E+01	3.6273437500000000E+01
6.4079411149024963E+01	3.6273437500000000E+01
6.4146479561924934E+01	3.6273437500000000E+01
6.4213744930922985E+01	3.6273437500000000E+01
6.4280860185623169E+01	3.6273437500000000E+01
6.4348108768463135E+01	3.6273437500000000E+01
6.4414984077215195E+01	3.6273437500000000E+01
6.4482323072850704E+01	3.6273437500000000E+01
6.4549718789756298E+01	3.6273437500000000E+01
6.4617026872932911E+01	3.6273437500000000E+01
6.4684252507984638E+01	3.6273437500000000E+01
6.4751541651785374E+01	3.6273437500000000E+01
6.4818629838526249E+01	3.6273437500000000E+01
6.4885908231139183E+01	3.6273437500000000E+01
6.4953106097877026E+01	3.6273437500000000E+01
6.5020437695086002E+01	3.6273437500000000E+01
6.5087622404098511E+01	3.6273437500000000E+01
6.5154907055199146E+01	3.6273437500000000E+01
6.5222074352204800E+01	3.6273437500000000E+01
6.5289482414722443E+01	3.6273437500000000E+01
6.5356762304902077E+01	3.6273437500000000E+01
6.5423988282680511E+01	3.6273437500000000E+01
6.5491387628018856E+01	3.6273437500000000E+01
6.5558725267648697E+01	3.6273437500000000E+01
6.5625499449670315E+01	3.6273437500000000E+01
6.5692233681678772E+01	3.6273437500000000E+01
6.5758949287235737E+01	3.6273437500000000E+01
6.5826335877180099E+01	3.6273437500000000E+01
6.5893003165721893E+01	3.6273437500000000E+01
6.5959696732461452E+01	3.6273437500000000E+01
6.6026621542870998E+01	3.6273437500000000E+01
6.6093336082994938E+01	3.6273437500000000E+01
6.6160032413899899E+01	3.6273437500000000E+01
6.6226729638874531E+01	3.6273437500000000E+01
6.6293891370296478E+01	3.6273437500000000E+01
6.6360555790364742E+01	3.6273437500000000E+01
6.6427595630288124E+01	3.6273437500000000E+01
6.6494834132492542E+01	3.6273437500000000E+01
6.6561579138040543E+01	3.6273437500000000E+01
6.6628934279084206E+01	3.6273437500000000E+01
6.6696370333433151E+01	3.6273437500000000E+01
