1.1457726359367371E-03	3.6015625000000000E+01
6.7560791969299316E-02	3.6015625000000000E+01
1.3315132260322571E-01	3.6015625000000000E+01
1.9876488298177719E-01	3.6015625000000000E+01
2.6438795030117035E-01	3.6015625000000000E+01
3.2999732345342636E-01	3.6015625000000000E+01
3.9558772742748260E-01	3.6015625000000000E+01
4.6120113134384155E-01	3.6015625000000000E+01
5.2749178558588028E-01	3.6250000000000000E+01
5.9383210539817810E-01	3.6250000000000000E+01
6.5944848209619522E-01	3.6250000000000000E+01
7.2518647462129593E-01	3.6250000000000000E+01
7.9147326201200485E-01	3.6250000000000000E+01
8.5773643851280212E-01	3.6250000000000000E+01
9.2403186112642288E-01	3.6250000000000000E+01
9.9014477431774139E-01	3.6250000000000000E+01
1.0564164742827415E+00	3.6250000000000000E+01
1.1228319555521011E+00	3.6250000000000000E+01
1.1891757473349571E+00	3.6250000000000000E+01
1.2554783895611763E+00	3.6250000000000000E+01
1.3219761252403259E+00	3.6250000000000000E+01
1.3883354738354683E+00	3.6250000000000000E+01
1.4546928405761719E+00	3.6250000000000000E+01
1.5210119411349297E+00	3.6250000000000000E+01
1.5872202962636948E+00	3.6250000000000000E+01
1.6531441509723663E+00	3.6250000000000000E+01
1.7187664508819580E+00	3.6250000000000000E+01
1.7843798622488976E+00	3.6250000000000000E+01
1.8500070422887802E+00	3.6250000000000000E+01
1.9155628010630608E+00	3.6250000000000000E+01
1.9812327325344086E+00	3.6250000000000000E+01
2.0470942631363869E+00	3.6250000000000000E+01
2.1126927584409714E+00	3.6250000000000000E+01
2.1783381029963493E+00	3.6250000000000000E+01
2.2439733967185020E+00	3.6250000000000000E+01
2.3097116723656654E+00	3.6250000000000000E+01
2.3752931803464890E+00	3.6250000000000000E+01
2.4408519193530083E+00	3.6250000000000000E+01
2.5064256787300110E+00	3.6250000000000000E+01
2.5726336613297462E+00	3.6261718750000000E+01
2.6383680701255798E+00	3.6261718750000000E+01
2.7040231674909592E+00	3.6261718750000000E+01
2.7696226835250854E+00	3.6261718750000000E+01
2.8352384418249130E+00	3.6261718750000000E+01
2.9008812978863716E+00	3.6261718750000000E+01
2.9665653333067894E+00	3.6261718750000000E+01
3.0321903005242348E+00	3.6261718750000000E+01
3.0978140234947205E+00	3.6261718750000000E+01
3.1636314988136292E+00	3.6261718750000000E+01
3.2292603924870491E+00	3.6261718750000000E+01
3.2948744595050812E+00	3.6261718750000000E+01
3.3608101755380630E+00	3.6261718750000000E+01
3.4268338829278946E+00	3.6261718750000000E+01
3.4924381822347641E+00	3.6261718750000000E+01
3.5580385923385620E+00	3.6261718750000000E+01
3.6236437782645226E+00	3.6261718750000000E+01
3.6892297714948654E+00	3.6261718750000000E+01
3.7548310011625290E+00	3.6261718750000000E+01
3.8204990923404694E+00	3.6261718750000000E+01
3.8861237689852715E+00	3.6261718750000000E+01
3.9523102194070816E+00	3.6261718750000000E+01
4.0185835286974907E+00	3.6261718750000000E+01
4.0842446982860565E+00	3.6261718750000000E+01
4.1498946323990822E+00	3.6261718750000000E+01
4.2155158668756485E+00	3.6261718750000000E+01
4.2811405211687088E+00	3.6261718750000000E+01
4.3473894819617271E+00	3.6261718750000000E+01
4.4130583554506302E+00	3.6261718750000000E+01
4.4786687418818474E+00	3.6261718750000000E+01
4.5442802980542183E+00	3.6261718750000000E+01
4.6105986461043358E+00	3.6261718750000000E+01
4.6762600615620613E+00	3.6261718750000000E+01
4.7420408129692078E+00	3.6261718750000000E+01
4.8076508045196533E+00	3.6261718750000000E+01
4.8735390454530716E+00	3.6261718750000000E+01
4.9391672834753990E+00	3.6261718750000000E+01
5.0050229504704475E+00	3.6261718750000000E+01
5.0706444755196571E+00	3.6261718750000000E+01
5.1362574324011803E+00	3.6261718750000000E+01
5.2018685713410378E+00	3.6261718750000000E+01
5.2674647495150566E+00	3.6261718750000000E+01
5.3336727470159531E+00	3.6261718750000000E+01
5.3992807790637016E+00	3.6261718750000000E+01
5.4649046435952187E+00	3.6261718750000000E+01
5.5305466353893280E+00	3.6261718750000000E+01
5.5961574092507362E+00	3.6261718750000000E+01
5.6620253250002861E+00	3.6261718750000000E+01
5.7276530936360359E+00	3.6261718750000000E+01
5.7932886853814125E+00	3.6261718750000000E+01
5.8589283004403114E+00	3.6261718750000000E+01
5.9245700612664223E+00	3.6261718750000000E+01
5.9908839985728264E+00	3.6265625000000000E+01
6.0566344559192657E+00	3.6265625000000000E+01
6.1222578436136246E+00	3.6265625000000000E+01
6.1883251518011093E+00	3.6265625000000000E+01
6.2541658654808998E+00	3.6265625000000000E+01
6.3198273926973343E+00	3.6265625000000000E+01
6.3854493051767349E+00	3.6265625000000000E+01
6.4510547071695328E+00	3.6265625000000000E+01
6.5167788639664650E+00	3.6265625000000000E+01
6.5824580267071724E+00	3.6265625000000000E+01
6.6481212899088860E+00	3.6265625000000000E+01
6.7137525379657745E+00	3.6265625000000000E+01
6.7793855667114258E+00	3.6265625000000000E+01
6.8450120538473129E+00	3.6265625000000000E+01
6.9106756746768951E+00	3.6265625000000000E+01
6.9765335544943810E+00	3.6265625000000000E+01
7.0422097668051720E+00	3.6265625000000000E+01
7.1078406348824501E+00	3.6265625000000000E+01
7.1734640523791313E+00	3.6265625000000000E+01
7.2391274794936180E+00	3.6265625000000000E+01
7.3047458976507187E+00	3.6265625000000000E+01
7.3705475851893425E+00	3.6265625000000000E+01
7.4364248737692833E+00	3.6265625000000000E+01
7.5020994395017624E+00	3.6265625000000000E+01
7.5677516832947731E+00	3.6265625000000000E+01
7.6334415897727013E+00	3.6265625000000000E+01
7.6991151273250580E+00	3.6265625000000000E+01
7.7651833668351173E+00	3.6265625000000000E+01
7.8308393955230713E+00	3.6265625000000000E+01
7.8965170159935951E+00	3.6265625000000000E+01
7.9621717706322670E+00	3.6265625000000000E+01
8.0277469903230667E+00	3.6265625000000000E+01
8.0933746472001076E+00	3.6265625000000000E+01
8.1589911803603172E+00	3.6265625000000000E+01
8.2246078103780746E+00	3.6265625000000000E+01
8.2902312949299812E+00	3.6265625000000000E+01
8.3558926656842232E+00	3.6265625000000000E+01
8.4215384051203728E+00	3.6265625000000000E+01
8.4871317595243454E+00	3.6265625000000000E+01
8.5527986139059067E+00	3.6265625000000000E+01
8.6184304356575012E+00	3.6265625000000000E+01
8.6840855404734612E+00	3.6265625000000000E+01
8.7497396618127823E+00	3.6265625000000000E+01
8.8158965706825256E+00	3.6265625000000000E+01
8.8815002366900444E+00	3.6265625000000000E+01
8.9471518173813820E+00	3.6265625000000000E+01
9.0128685235977173E+00	3.6265625000000000E+01
9.0789049044251442E+00	3.6265625000000000E+01
9.1445276737213135E+00	3.6265625000000000E+01
9.2102783247828484E+00	3.6265625000000000E+01
9.2759480401873589E+00	3.6265625000000000E+01
9.3416129127144814E+00	3.6265625000000000E+01
9.4072320386767387E+00	3.6265625000000000E+01
9.4728657454252243E+00	3.6265625000000000E+01
9.5386762619018555E+00	3.6265625000000000E+01
9.6047118306159973E+00	3.6265625000000000E+01
9.6703348085284233E+00	3.6265625000000000E+01
9.7359575256705284E+00	3.6265625000000000E+01
9.8016265332698822E+00	3.6265625000000000E+01
9.8671915084123611E+00	3.6265625000000000E+01
9.9328823462128639E+00	3.6265625000000000E+01
9.9991851523518562E+00	3.6265625000000000E+01
1.0066336721181870E+01	3.6265625000000000E+01
1.0132877975702286E+01	3.6265625000000000E+01
1.0199487738311291E+01	3.6265625000000000E+01
1.0266019940376282E+01	3.6265625000000000E+01
1.0332549542188644E+01	3.6265625000000000E+01
1.0399686112999916E+01	3.6265625000000000E+01
1.0466255262494087E+01	3.6265625000000000E+01
1.0533354073762894E+01	3.6265625000000000E+01
1.0599872343242168E+01	3.6265625000000000E+01
1.0666383765637875E+01	3.6265625000000000E+01
1.0732909053564072E+01	3.6265625000000000E+01
1.0799401298165321E+01	3.6265625000000000E+01
1.0865903936326504E+01	3.6265625000000000E+01
1.0932971976697445E+01	3.6265625000000000E+01
1.0999463602900505E+01	3.6265625000000000E+01
1.1066652216017246E+01	3.6265625000000000E+01
1.1133262656629086E+01	3.6265625000000000E+01
1.1199793070554733E+01	3.6265625000000000E+01
1.1266289152204990E+01	3.6265625000000000E+01
1.1332792520523071E+01	3.6265625000000000E+01
1.1399802401661873E+01	3.6265625000000000E+01
1.1466355033218861E+01	3.6265625000000000E+01
1.1532883495092392E+01	3.6265625000000000E+01
1.1599589392542839E+01	3.6265625000000000E+01
1.1666187979280949E+01	3.6265625000000000E+01
1.1733123317360878E+01	3.6265625000000000E+01
1.1799781225621700E+01	3.6265625000000000E+01
1.1866335183382034E+01	3.6265625000000000E+01
1.1932838812470436E+01	3.6265625000000000E+01
1.1999318279325962E+01	3.6265625000000000E+01
1.2065827831625938E+01	3.6265625000000000E+01
1.2132760614156723E+01	3.6265625000000000E+01
1.2199573621153831E+01	3.6265625000000000E+01
1.2266761250793934E+01	3.6265625000000000E+01
1.2333285301923752E+01	3.6265625000000000E+01
1.2399780079722404E+01	3.6265625000000000E+01
1.2466295629739761E+01	3.6265625000000000E+01
1.2532841019332409E+01	3.6265625000000000E+01
1.2599372059106827E+01	3.6265625000000000E+01
1.2665942020714283E+01	3.6265625000000000E+01
1.2732536986470222E+01	3.6265625000000000E+01
1.2799116522073746E+01	3.6265625000000000E+01
1.2865680493414402E+01	3.6265625000000000E+01
1.2932225771248341E+01	3.6265625000000000E+01
1.2998782210052013E+01	3.6265625000000000E+01
1.3065376020967960E+01	3.6265625000000000E+01
1.3131910763680935E+01	3.6265625000000000E+01
1.3198437534272671E+01	3.6265625000000000E+01
1.3264995753765106E+01	3.6265625000000000E+01
1.3331526629626751E+01	3.6265625000000000E+01
1.3398104242980480E+01	3.6265625000000000E+01
1.3465255275368690E+01	3.6265625000000000E+01
1.3531783461570740E+01	3.6265625000000000E+01
1.3598351500928402E+01	3.6265625000000000E+01
1.3664867930114269E+01	3.6265625000000000E+01
1.3731407605111599E+01	3.6265625000000000E+01
1.3797956064343452E+01	3.6265625000000000E+01
1.3864583633840084E+01	3.6265625000000000E+01
1.3931574836373329E+01	3.6265625000000000E+01
1.3998090051114559E+01	3.6265625000000000E+01
1.4064639680087566E+01	3.6265625000000000E+01
1.4131158970296383E+01	3.6265625000000000E+01
1.4198157213628292E+01	3.6265625000000000E+01
1.4264673076570034E+01	3.6265625000000000E+01
1.4331585839390755E+01	3.6265625000000000E+01
1.4398106358945370E+01	3.6265625000000000E+01
1.4464598633348942E+01	3.6265625000000000E+01
1.4531092293560505E+01	3.6265625000000000E+01
1.4598038777709007E+01	3.6265625000000000E+01
1.4664714023470879E+01	3.6265625000000000E+01
1.4731220521032810E+01	3.6265625000000000E+01
1.4797711834311485E+01	3.6265625000000000E+01
1.4864206738770008E+01	3.6265625000000000E+01
1.4930741712450981E+01	3.6265625000000000E+01
1.4997252017259598E+01	3.6265625000000000E+01
1.5063780516386032E+01	3.6265625000000000E+01
1.5130359701812267E+01	3.6265625000000000E+01
1.5196932807564735E+01	3.6265625000000000E+01
1.5263452187180519E+01	3.6265625000000000E+01
1.5329967901110649E+01	3.6265625000000000E+01
1.5396828010678291E+01	3.6265625000000000E+01
1.5463367782533169E+01	3.6265625000000000E+01
1.5529870420694351E+01	3.6265625000000000E+01
1.5596833154559135E+01	3.6265625000000000E+01
1.5663779184222221E+01	3.6265625000000000E+01
1.5730449639260769E+01	3.6265625000000000E+01
1.5797618128359318E+01	3.6265625000000000E+01
1.5864144921302795E+01	3.6265625000000000E+01
1.5930705502629280E+01	3.6265625000000000E+01
1.5997262708842754E+01	3.6265625000000000E+01
1.6063811905682087E+01	3.6265625000000000E+01
1.6130324169993401E+01	3.6265625000000000E+01
1.6196834281086922E+01	3.6265625000000000E+01
1.6263679489493370E+01	3.6265625000000000E+01
1.6330234393477440E+01	3.6265625000000000E+01
1.6396829858422279E+01	3.6265625000000000E+01
1.6463366545736790E+01	3.6265625000000000E+01
1.6529930837452412E+01	3.6265625000000000E+01
1.6596504621207714E+01	3.6265625000000000E+01
1.6663107112050056E+01	3.6265625000000000E+01
1.6730305567383766E+01	3.6265625000000000E+01
1.6796899199485779E+01	3.6265625000000000E+01
1.6863490156829357E+01	3.6265625000000000E+01
1.6930649183690548E+01	3.6265625000000000E+01
1.6997217029333115E+01	3.6265625000000000E+01
1.7063798926770687E+01	3.6265625000000000E+01
1.7131047002971172E+01	3.6265625000000000E+01
1.7197671331465244E+01	3.6265625000000000E+01
1.7264284260571003E+01	3.6265625000000000E+01
1.7330885417759418E+01	3.6265625000000000E+01
1.7397477418184280E+01	3.6265625000000000E+01
1.7464050330221653E+01	3.6265625000000000E+01
1.7530640847980976E+01	3.6265625000000000E+01
1.7597247101366520E+01	3.6265625000000000E+01
1.7663797348737717E+01	3.6265625000000000E+01
1.7730441913008690E+01	3.6265625000000000E+01
1.7797019354999065E+01	3.6265625000000000E+01
1.7864161401987076E+01	3.6265625000000000E+01
1.7930748976767063E+01	3.6265625000000000E+01
1.7997362226247787E+01	3.6265625000000000E+01
1.8063939675688744E+01	3.6265625000000000E+01
1.8130861580371857E+01	3.6265625000000000E+01
1.8197467029094696E+01	3.6265625000000000E+01
1.8264077737927437E+01	3.6265625000000000E+01
1.8331317879259586E+01	3.6265625000000000E+01
1.8398469634354115E+01	3.6265625000000000E+01
1.8465079799294472E+01	3.6265625000000000E+01
1.8531672023236752E+01	3.6265625000000000E+01
1.8598772712051868E+01	3.6265625000000000E+01
1.8666010499000549E+01	3.6265625000000000E+01
1.8733249425888062E+01	3.6265625000000000E+01
1.8800549156963825E+01	3.6265625000000000E+01
1.8867913387715816E+01	3.6265625000000000E+01
1.8935281984508038E+01	3.6265625000000000E+01
1.9002367809414864E+01	3.6265625000000000E+01
1.9069668009877205E+01	3.6265625000000000E+01
1.9136981144547462E+01	3.6265625000000000E+01
1.9204275436699390E+01	3.6265625000000000E+01
1.9271610155701637E+01	3.6265625000000000E+01
1.9338755607604980E+01	3.6265625000000000E+01
1.9406048610806465E+01	3.6265625000000000E+01
1.9473330393433571E+01	3.6265625000000000E+01
1.9540673464536667E+01	3.6265625000000000E+01
1.9607855401933193E+01	3.6265625000000000E+01
1.9675175242125988E+01	3.6265625000000000E+01
1.9742635816335678E+01	3.6265625000000000E+01
1.9810079626739025E+01	3.6265625000000000E+01
1.9877351805567741E+01	3.6265625000000000E+01
1.9944645680487156E+01	3.6265625000000000E+01
2.0012011870741844E+01	3.6265625000000000E+01
2.0079288937151432E+01	3.6265625000000000E+01
2.0146650254726410E+01	3.6265625000000000E+01
2.0213912062346935E+01	3.6265625000000000E+01
2.0281165845692158E+01	3.6265625000000000E+01
2.0347836375236511E+01	3.6265625000000000E+01
2.0414865531027317E+01	3.6265625000000000E+01
2.0481471464037895E+01	3.6265625000000000E+01
2.0548090845346451E+01	3.6265625000000000E+01
2.0614690229296684E+01	3.6265625000000000E+01
2.0681339196860790E+01	3.6265625000000000E+01
2.0748287416994572E+01	3.6265625000000000E+01
2.0814927384257317E+01	3.6265625000000000E+01
2.0881573975086212E+01	3.6265625000000000E+01
2.0948488757014275E+01	3.6265625000000000E+01
2.1015118390321732E+01	3.6265625000000000E+01
2.1081766426563263E+01	3.6265625000000000E+01
2.1148498825728893E+01	3.6265625000000000E+01
2.1215145751833916E+01	3.6265625000000000E+01
2.1281794302165508E+01	3.6265625000000000E+01
2.1348402090370655E+01	3.6265625000000000E+01
2.1415251545608044E+01	3.6265625000000000E+01
2.1481901139020920E+01	3.6265625000000000E+01
2.1549355007708073E+01	3.6265625000000000E+01
2.1616107590496540E+01	3.6265625000000000E+01
2.1682699970901012E+01	3.6265625000000000E+01
2.1749843373894691E+01	3.6265625000000000E+01
2.1816490232944489E+01	3.6265625000000000E+01
2.1883100800216198E+01	3.6265625000000000E+01
2.1950223959982395E+01	3.6265625000000000E+01
2.2016848355531693E+01	3.6265625000000000E+01
2.2083888866007328E+01	3.6265625000000000E+01
2.2150535091757774E+01	3.6265625000000000E+01
2.2217511743307114E+01	3.6265625000000000E+01
2.2284555085003376E+01	3.6265625000000000E+01
2.2351304769515991E+01	3.6265625000000000E+01
2.2418199367821217E+01	3.6265625000000000E+01
2.2485366821289062E+01	3.6265625000000000E+01
2.2552137300372124E+01	3.6265625000000000E+01
2.2619064882397652E+01	3.6265625000000000E+01
2.2686289556324482E+01	3.6265625000000000E+01
2.2753575868904591E+01	3.6265625000000000E+01
2.2820233248174191E+01	3.6265625000000000E+01
2.2886875301599503E+01	3.6265625000000000E+01
2.2953457467257977E+01	3.6265625000000000E+01
2.3020081147551537E+01	3.6265625000000000E+01
2.3086680173873901E+01	3.6265625000000000E+01
2.3153334379196167E+01	3.6265625000000000E+01
2.3219908311963081E+01	3.6265625000000000E+01
2.3286535046994686E+01	3.6265625000000000E+01
2.3353212758898735E+01	3.6265625000000000E+01
2.3419872820377350E+01	3.6265625000000000E+01
2.3486542254686356E+01	3.6265625000000000E+01
2.3553194001317024E+01	3.6265625000000000E+01
2.3619843237102032E+01	3.6265625000000000E+01
2.3686486609280109E+01	3.6265625000000000E+01
2.3753119461238384E+01	3.6265625000000000E+01
2.3819764718413353E+01	3.6265625000000000E+01
2.3886678487062454E+01	3.6265625000000000E+01
2.3953302696347237E+01	3.6265625000000000E+01
2.4020292468369007E+01	3.6265625000000000E+01
2.4087370485067368E+01	3.6265625000000000E+01
2.4154018476605415E+01	3.6265625000000000E+01
2.4220619335770607E+01	3.6265625000000000E+01
2.4287627227604389E+01	3.6265625000000000E+01
2.4354252278804779E+01	3.6265625000000000E+01
2.4420898169279099E+01	3.6265625000000000E+01
2.4487657494843006E+01	3.6265625000000000E+01
2.4554890319705009E+01	3.6265625000000000E+01
2.4621547095477581E+01	3.6265625000000000E+01
2.4688176386058331E+01	3.6265625000000000E+01
2.4754803657531738E+01	3.6265625000000000E+01
2.4821637541055679E+01	3.6265625000000000E+01
2.4888261877000332E+01	3.6265625000000000E+01
2.4954915784299374E+01	3.6265625000000000E+01
2.5021559320390224E+01	3.6265625000000000E+01
2.5088204078376293E+01	3.6265625000000000E+01
2.5154811374843121E+01	3.6265625000000000E+01
2.5222129836678505E+01	3.6265625000000000E+01
2.5288775973021984E+01	3.6265625000000000E+01
2.5355430968105793E+01	3.6265625000000000E+01
2.5422494426369667E+01	3.6265625000000000E+01
2.5489136479794979E+01	3.6265625000000000E+01
2.5556302629411221E+01	3.6265625000000000E+01
2.5623382799327374E+01	3.6265625000000000E+01
2.5690013803541660E+01	3.6265625000000000E+01
2.5756619118154049E+01	3.6265625000000000E+01
2.5823273479938507E+01	3.6265625000000000E+01
2.5889917805790901E+01	3.6265625000000000E+01
2.5956559345126152E+01	3.6265625000000000E+01
2.6023198127746582E+01	3.6265625000000000E+01
2.6090484134852886E+01	3.6265625000000000E+01
2.6157092131674290E+01	3.6265625000000000E+01
2.6224274449050426E+01	3.6265625000000000E+01
2.6290912717580795E+01	3.6265625000000000E+01
2.6357595451176167E+01	3.6265625000000000E+01
2.6424241267144680E+01	3.6265625000000000E+01
2.6490898616611958E+01	3.6265625000000000E+01
2.6557538598775864E+01	3.6265625000000000E+01
2.6624205522239208E+01	3.6265625000000000E+01
2.6690992467105389E+01	3.6265625000000000E+01
2.6757647193968296E+01	3.6265625000000000E+01
2.6824804432690144E+01	3.6265625000000000E+01
2.6891457609832287E+01	3.6265625000000000E+01
2.6958105534315109E+01	3.6265625000000000E+01
2.7024754069745541E+01	3.6265625000000000E+01
2.7091976374387741E+01	3.6265625000000000E+01
2.7158625237643719E+01	3.6265625000000000E+01
2.7225261099636555E+01	3.6265625000000000E+01
2.7291903518140316E+01	3.6265625000000000E+01
2.7358575209975243E+01	3.6265625000000000E+01
2.7425722278654575E+01	3.6265625000000000E+01
2.7492699652910233E+01	3.6265625000000000E+01
2.7559331856667995E+01	3.6265625000000000E+01
2.7625980876386166E+01	3.6265625000000000E+01
2.7692967414855957E+01	3.6265625000000000E+01
2.7759597994387150E+01	3.6265625000000000E+01
2.7826256975531578E+01	3.6265625000000000E+01
2.7892909467220306E+01	3.6265625000000000E+01
2.7959600701928139E+01	3.6265625000000000E+01
2.8026228807866573E+01	3.6265625000000000E+01
2.8092824354767799E+01	3.6265625000000000E+01
2.8159443393349648E+01	3.6265625000000000E+01
2.8226082257926464E+01	3.6265625000000000E+01
2.8292686656117439E+01	3.6265625000000000E+01
2.8359320111572742E+01	3.6265625000000000E+01
2.8425936833024025E+01	3.6265625000000000E+01
2.8493059501051903E+01	3.6265625000000000E+01
2.8559633508324623E+01	3.6265625000000000E+01
2.8626244105398655E+01	3.6265625000000000E+01
2.8692828826606274E+01	3.6265625000000000E+01
2.8759746767580509E+01	3.6265625000000000E+01
2.8826755426824093E+01	3.6265625000000000E+01
2.8893353827297688E+01	3.6265625000000000E+01
2.8959957033395767E+01	3.6265625000000000E+01
2.9026613898575306E+01	3.6265625000000000E+01
2.9093198001384735E+01	3.6265625000000000E+01
2.9159777656197548E+01	3.6265625000000000E+01
2.9226834468543530E+01	3.6265625000000000E+01
2.9293436840176582E+01	3.6265625000000000E+01
2.9360483236610889E+01	3.6265625000000000E+01
2.9427140645682812E+01	3.6265625000000000E+01
2.9493767991662025E+01	3.6265625000000000E+01
2.9560611598193645E+01	3.6265625000000000E+01
2.9627217620611191E+01	3.6265625000000000E+01
2.9693963073194027E+01	3.6265625000000000E+01
2.9761227183043957E+01	3.6265625000000000E+01
2.9827991448342800E+01	3.6265625000000000E+01
2.9894619934260845E+01	3.6265625000000000E+01
2.9961256310343742E+01	3.6265625000000000E+01
3.0027895137667656E+01	3.6265625000000000E+01
3.0094526261091232E+01	3.6265625000000000E+01
3.0161111958324909E+01	3.6265625000000000E+01
3.0227742806077003E+01	3.6265625000000000E+01
3.0294405914843082E+01	3.6265625000000000E+01
3.0361063502728939E+01	3.6265625000000000E+01
3.0427716061472893E+01	3.6265625000000000E+01
3.0494802221655846E+01	3.6265625000000000E+01
3.0561461031436920E+01	3.6265625000000000E+01
3.0628103397786617E+01	3.6265625000000000E+01
3.0694755360484123E+01	3.6265625000000000E+01
3.0761428132653236E+01	3.6265625000000000E+01
3.0828070223331451E+01	3.6265625000000000E+01
3.0894701562821865E+01	3.6265625000000000E+01
3.0961342647671700E+01	3.6265625000000000E+01
3.1027981564402580E+01	3.6265625000000000E+01
3.1094639934599400E+01	3.6265625000000000E+01
3.1161272913217545E+01	3.6265625000000000E+01
3.1228448934853077E+01	3.6265625000000000E+01
3.1295057013630867E+01	3.6265625000000000E+01
3.1361655645072460E+01	3.6265625000000000E+01
3.1428341910243034E+01	3.6265625000000000E+01
3.1494937725365162E+01	3.6265625000000000E+01
3.1561990246176720E+01	3.6265625000000000E+01
3.1628604240715504E+01	3.6265625000000000E+01
3.1695216573774815E+01	3.6265625000000000E+01
3.1761809550225735E+01	3.6265625000000000E+01
3.1828434884548187E+01	3.6265625000000000E+01
3.1895069621503353E+01	3.6265625000000000E+01
3.1961731605231762E+01	3.6265625000000000E+01
3.2028378359973431E+01	3.6265625000000000E+01
3.2095044657588005E+01	3.6265625000000000E+01
3.2161687478423119E+01	3.6265625000000000E+01
3.2228470131754875E+01	3.6265625000000000E+01
3.2295215003192425E+01	3.6265625000000000E+01
3.2361887022852898E+01	3.6265625000000000E+01
3.2428494103252888E+01	3.6265625000000000E+01
3.2495317183434963E+01	3.6265625000000000E+01
3.2561970017850399E+01	3.6265625000000000E+01
3.2628579527139664E+01	3.6265625000000000E+01
3.2695234462618828E+01	3.6265625000000000E+01
3.2761847339570522E+01	3.6265625000000000E+01
3.2828473895788193E+01	3.6265625000000000E+01
3.2895108528435230E+01	3.6265625000000000E+01
3.2961757987737656E+01	3.6265625000000000E+01
3.3028358601033688E+01	3.6265625000000000E+01
3.3094995103776455E+01	3.6265625000000000E+01
3.3161603674292564E+01	3.6265625000000000E+01
3.3228218615055084E+01	3.6265625000000000E+01
3.3294877514243126E+01	3.6265625000000000E+01
3.3361485905945301E+01	3.6265625000000000E+01
3.3428322762250900E+01	3.6265625000000000E+01
3.3494950905442238E+01	3.6265625000000000E+01
3.3561538420617580E+01	3.6265625000000000E+01
3.3628158725798130E+01	3.6265625000000000E+01
3.3694737143814564E+01	3.6265625000000000E+01
3.3761381767690182E+01	3.6265625000000000E+01
3.3828294478356838E+01	3.6265625000000000E+01
3.3894917361438274E+01	3.6265625000000000E+01
3.3961925432085991E+01	3.6265625000000000E+01
3.4028520181775093E+01	3.6265625000000000E+01
3.4095738857984543E+01	3.6265625000000000E+01
3.4162582449615002E+01	3.6265625000000000E+01
3.4229195594787598E+01	3.6265625000000000E+01
3.4295772805809975E+01	3.6265625000000000E+01
3.4362413242459297E+01	3.6265625000000000E+01
3.4429040968418121E+01	3.6265625000000000E+01
3.4495688542723656E+01	3.6265625000000000E+01
3.4562432706356049E+01	3.6265625000000000E+01
3.4629019737243652E+01	3.6265625000000000E+01
3.4695625923573971E+01	3.6265625000000000E+01
3.4762238092720509E+01	3.6265625000000000E+01
3.4828852556645870E+01	3.6265625000000000E+01
3.4895464584231377E+01	3.6265625000000000E+01
3.4962423183023930E+01	3.6265625000000000E+01
3.5029460161924362E+01	3.6265625000000000E+01
3.5096064224839211E+01	3.6265625000000000E+01
3.5162686966359615E+01	3.6265625000000000E+01
3.5229344345629215E+01	3.6265625000000000E+01
3.5296287365257740E+01	3.6265625000000000E+01
3.5362897343933582E+01	3.6265625000000000E+01
3.5430198825895786E+01	3.6265625000000000E+01
3.5497290186583996E+01	3.6265625000000000E+01
3.5563888639211655E+01	3.6265625000000000E+01
3.5630499944090843E+01	3.6265625000000000E+01
3.5697115480899811E+01	3.6265625000000000E+01
3.5763723649084568E+01	3.6265625000000000E+01
3.5830365024507046E+01	3.6265625000000000E+01
3.5896981328725815E+01	3.6265625000000000E+01
3.5963915981352329E+01	3.6265625000000000E+01
3.6030515946447849E+01	3.6265625000000000E+01
3.6097304597496986E+01	3.6265625000000000E+01
3.6163939818739891E+01	3.6265625000000000E+01
3.6230603389441967E+01	3.6265625000000000E+01
3.6297230944037437E+01	3.6265625000000000E+01
3.6363860614597797E+01	3.6265625000000000E+01
3.6431057780981064E+01	3.6265625000000000E+01
3.6497783333063126E+01	3.6265625000000000E+01
3.6564564689993858E+01	3.6265625000000000E+01
3.6631606429815292E+01	3.6265625000000000E+01
3.6698211595416069E+01	3.6265625000000000E+01
3.6764838561415672E+01	3.6265625000000000E+01
3.6831541649997234E+01	3.6265625000000000E+01
3.6898491516709328E+01	3.6265625000000000E+01
3.6965089373290539E+01	3.6265625000000000E+01
3.7032047674059868E+01	3.6265625000000000E+01
3.7098616361618042E+01	3.6265625000000000E+01
3.7165514647960663E+01	3.6265625000000000E+01
3.7232120588421822E+01	3.6265625000000000E+01
3.7299165070056915E+01	3.6265625000000000E+01
3.7365803815424442E+01	3.6265625000000000E+01
3.7432406686246395E+01	3.6265625000000000E+01
3.7498980596661568E+01	3.6265625000000000E+01
3.7565566524863243E+01	3.6265625000000000E+01
3.7632215261459351E+01	3.6265625000000000E+01
3.7698777869343758E+01	3.6265625000000000E+01
3.7765485569834709E+01	3.6265625000000000E+01
3.7832086563110352E+01	3.6265625000000000E+01
3.7898936234414577E+01	3.6265625000000000E+01
3.7965538971126080E+01	3.6265625000000000E+01
3.8032135441899300E+01	3.6265625000000000E+01
3.8099087685346603E+01	3.6265625000000000E+01
3.8165699511766434E+01	3.6265625000000000E+01
3.8232320167124271E+01	3.6265625000000000E+01
3.8299409784376621E+01	3.6269531250000000E+01
3.8366213366389275E+01	3.6269531250000000E+01
3.8432831428945065E+01	3.6269531250000000E+01
3.8499437056481838E+01	3.6269531250000000E+01
3.8566045261919498E+01	3.6269531250000000E+01
3.8633194424211979E+01	3.6269531250000000E+01
3.8699782848358154E+01	3.6269531250000000E+01
3.8766418822109699E+01	3.6269531250000000E+01
3.8833777867257595E+01	3.6269531250000000E+01
3.8901154987514019E+01	3.6269531250000000E+01
3.8968514263629913E+01	3.6269531250000000E+01
3.9035917483270168E+01	3.6269531250000000E+01
3.9103296235203743E+01	3.6269531250000000E+01
3.9170556440949440E+01	3.6269531250000000E+01
3.9237863682210445E+01	3.6269531250000000E+01
3.9305220574140549E+01	3.6269531250000000E+01
3.9372542664408684E+01	3.6269531250000000E+01
3.9439839296042919E+01	3.6269531250000000E+01
3.9507205493748188E+01	3.6269531250000000E+01
3.9574556119740009E+01	3.6269531250000000E+01
3.9641866341233253E+01	3.6269531250000000E+01
3.9709230996668339E+01	3.6269531250000000E+01
3.9776548974215984E+01	3.6269531250000000E+01
3.9843850821256638E+01	3.6269531250000000E+01
3.9911049336194992E+01	3.6269531250000000E+01
3.9978189736604691E+01	3.6269531250000000E+01
4.0045481994748116E+01	3.6269531250000000E+01
4.0112835824489594E+01	3.6269531250000000E+01
4.0180187590420246E+01	3.6269531250000000E+01
4.0247611515223980E+01	3.6269531250000000E+01
4.0314941726624966E+01	3.6269531250000000E+01
4.0382244735956192E+01	3.6269531250000000E+01
4.0449641153216362E+01	3.6269531250000000E+01
4.0516899645328522E+01	3.6269531250000000E+01
4.0584181614220142E+01	3.6269531250000000E+01
4.0651584908366203E+01	3.6269531250000000E+01
4.0718916617333889E+01	3.6269531250000000E+01
4.0786255225539207E+01	3.6269531250000000E+01
4.0853201799094677E+01	3.6269531250000000E+01
4.0920257873833179E+01	3.6269531250000000E+01
4.0987677909433842E+01	3.6269531250000000E+01
4.1054755158722401E+01	3.6269531250000000E+01
4.1122097671031952E+01	3.6269531250000000E+01
4.1189427524805069E+01	3.6269531250000000E+01
4.1256773620843887E+01	3.6269531250000000E+01
4.1323441125452518E+01	3.6269531250000000E+01
4.1390048392117023E+01	3.6269531250000000E+01
4.1456673040986061E+01	3.6269531250000000E+01
4.1523289829492569E+01	3.6269531250000000E+01
4.1589881032705307E+01	3.6269531250000000E+01
4.1657131277024746E+01	3.6269531250000000E+01
4.1723729066550732E+01	3.6269531250000000E+01
4.1790394425392151E+01	3.6269531250000000E+01
4.1856979489326477E+01	3.6269531250000000E+01
4.1924125194549561E+01	3.6269531250000000E+01
4.1990722373127937E+01	3.6269531250000000E+01
4.2057313404977322E+01	3.6269531250000000E+01
4.2124346293509007E+01	3.6269531250000000E+01
4.2191302753984928E+01	3.6269531250000000E+01
4.2257945500314236E+01	3.6269531250000000E+01
4.2324538007378578E+01	3.6269531250000000E+01
4.2391108460724354E+01	3.6269531250000000E+01
4.2457691065967083E+01	3.6269531250000000E+01
4.2524804711341858E+01	3.6269531250000000E+01
4.2591411978006363E+01	3.6269531250000000E+01
4.2658052071928978E+01	3.6269531250000000E+01
4.2724759250879288E+01	3.6269531250000000E+01
4.2791645027697086E+01	3.6269531250000000E+01
4.2858212672173977E+01	3.6269531250000000E+01
4.2924761332571507E+01	3.6269531250000000E+01
4.2991302967071533E+01	3.6269531250000000E+01
4.3058497756719589E+01	3.6269531250000000E+01
4.3125146746635437E+01	3.6269531250000000E+01
4.3191696994006634E+01	3.6269531250000000E+01
4.3258306428790092E+01	3.6269531250000000E+01
4.3325467489659786E+01	3.6269531250000000E+01
4.3392024181783199E+01	3.6269531250000000E+01
4.3458595544099808E+01	3.6269531250000000E+01
4.3525132700800896E+01	3.6269531250000000E+01
4.3591702364385128E+01	3.6269531250000000E+01
4.3658777207136154E+01	3.6269531250000000E+01
4.3725447639822960E+01	3.6269531250000000E+01
4.3791982188820839E+01	3.6269531250000000E+01
4.3858913198113441E+01	3.6269531250000000E+01
4.3925933480262756E+01	3.6269531250000000E+01
4.3992502570152283E+01	3.6269531250000000E+01
4.4059162855148315E+01	3.6269531250000000E+01
4.4125834487378597E+01	3.6269531250000000E+01
4.4192844264209270E+01	3.6269531250000000E+01
4.4259404487907887E+01	3.6269531250000000E+01
4.4326026335358620E+01	3.6269531250000000E+01
4.4392675004899502E+01	3.6269531250000000E+01
4.4459308616816998E+01	3.6269531250000000E+01
4.4525895111262798E+01	3.6269531250000000E+01
4.4592515267431736E+01	3.6269531250000000E+01
4.4659098222851753E+01	3.6269531250000000E+01
4.4725656941533089E+01	3.6269531250000000E+01
4.4792265444993973E+01	3.6269531250000000E+01
4.4859138853847980E+01	3.6269531250000000E+01
4.4925709709525108E+01	3.6269531250000000E+01
4.4992460459470749E+01	3.6269531250000000E+01
4.5059084177017212E+01	3.6269531250000000E+01
4.5125694945454597E+01	3.6269531250000000E+01
4.5192395478487015E+01	3.6269531250000000E+01
4.5258988998830318E+01	3.6269531250000000E+01
4.5325544714927673E+01	3.6269531250000000E+01
4.5392316639423370E+01	3.6269531250000000E+01
4.5458905562758446E+01	3.6269531250000000E+01
4.5525432959198952E+01	3.6269531250000000E+01
4.5591988548636436E+01	3.6269531250000000E+01
4.5658561803400517E+01	3.6269531250000000E+01
4.5725132234394550E+01	3.6269531250000000E+01
4.5791718371212482E+01	3.6269531250000000E+01
4.5858314737677574E+01	3.6269531250000000E+01
4.5924883745610714E+01	3.6269531250000000E+01
4.5991632141172886E+01	3.6269531250000000E+01
4.6058195039629936E+01	3.6269531250000000E+01
4.6124831810593605E+01	3.6269531250000000E+01
4.6191469870507717E+01	3.6269531250000000E+01
4.6258103080093861E+01	3.6269531250000000E+01
4.6325181186199188E+01	3.6269531250000000E+01
4.6391782768070698E+01	3.6269531250000000E+01
4.6458368279039860E+01	3.6269531250000000E+01
4.6525326199829578E+01	3.6269531250000000E+01
4.6591932386159897E+01	3.6269531250000000E+01
4.6658690087497234E+01	3.6269531250000000E+01
4.6725290223956108E+01	3.6269531250000000E+01
4.6792055189609528E+01	3.6269531250000000E+01
4.6858638308942318E+01	3.6269531250000000E+01
4.6925254210829735E+01	3.6269531250000000E+01
4.6991857334971428E+01	3.6269531250000000E+01
4.7058447338640690E+01	3.6269531250000000E+01
4.7125022679567337E+01	3.6269531250000000E+01
4.7191985361278057E+01	3.6269531250000000E+01
4.7258547179400921E+01	3.6269531250000000E+01
4.7325124442577362E+01	3.6269531250000000E+01
4.7391750350594521E+01	3.6269531250000000E+01
4.7458357915282249E+01	3.6269531250000000E+01
4.7524962373077869E+01	3.6269531250000000E+01
4.7591803602874279E+01	3.6269531250000000E+01
4.7658410631120205E+01	3.6269531250000000E+01
4.7725001432001591E+01	3.6269531250000000E+01
4.7791610442101955E+01	3.6269531250000000E+01
4.7858189046382904E+01	3.6269531250000000E+01
4.7924850814044476E+01	3.6269531250000000E+01
4.7992146372795105E+01	3.6269531250000000E+01
4.8059640392661095E+01	3.6269531250000000E+01
4.8127144977450371E+01	3.6269531250000000E+01
4.8194469824433327E+01	3.6269531250000000E+01
4.8261808179318905E+01	3.6269531250000000E+01
4.8329280301928520E+01	3.6269531250000000E+01
4.8396746709942818E+01	3.6269531250000000E+01
4.8464276164770126E+01	3.6269531250000000E+01
4.8531758502125740E+01	3.6269531250000000E+01
4.8598967447876930E+01	3.6269531250000000E+01
4.8666322387754917E+01	3.6269531250000000E+01
4.8733789063990116E+01	3.6269531250000000E+01
4.8801299981772900E+01	3.6269531250000000E+01
4.8868769854307175E+01	3.6269531250000000E+01
4.8936262942850590E+01	3.6269531250000000E+01
4.9003735110163689E+01	3.6269531250000000E+01
4.9071253545582294E+01	3.6269531250000000E+01
4.9138763174414635E+01	3.6269531250000000E+01
4.9206198193132877E+01	3.6269531250000000E+01
4.9273616805672646E+01	3.6269531250000000E+01
4.9341173477470875E+01	3.6269531250000000E+01
4.9408624961972237E+01	3.6269531250000000E+01
4.9476175382733345E+01	3.6269531250000000E+01
4.9543718360364437E+01	3.6269531250000000E+01
4.9611117944121361E+01	3.6269531250000000E+01
4.9678515583276749E+01	3.6269531250000000E+01
4.9745986096560955E+01	3.6269531250000000E+01
4.9813302375376225E+01	3.6269531250000000E+01
4.9880737788975239E+01	3.6269531250000000E+01
4.9948122136294842E+01	3.6269531250000000E+01
5.0014802031219006E+01	3.6269531250000000E+01
5.0081678129732609E+01	3.6269531250000000E+01
5.0148335613310337E+01	3.6269531250000000E+01
5.0215010598301888E+01	3.6269531250000000E+01
5.0281666010618210E+01	3.6269531250000000E+01
5.0348315529525280E+01	3.6269531250000000E+01
5.0414959192276001E+01	3.6269531250000000E+01
5.0481657534837723E+01	3.6269531250000000E+01
5.0548380658030510E+01	3.6269531250000000E+01
5.0615039676427841E+01	3.6269531250000000E+01
5.0681896105408669E+01	3.6269531250000000E+01
5.0748836077749729E+01	3.6269531250000000E+01
5.0815618589520454E+01	3.6269531250000000E+01
5.0882276631891727E+01	3.6269531250000000E+01
5.0948907606303692E+01	3.6269531250000000E+01
5.1015602484345436E+01	3.6269531250000000E+01
5.1082456625998020E+01	3.6269531250000000E+01
5.1149378225207329E+01	3.6269531250000000E+01
5.1216289333999157E+01	3.6269531250000000E+01
5.1282915011048317E+01	3.6269531250000000E+01
5.1349525287747383E+01	3.6269531250000000E+01
5.1416504152119160E+01	3.6269531250000000E+01
5.1483124002814293E+01	3.6269531250000000E+01
5.1549710661172867E+01	3.6269531250000000E+01
5.1616332486271858E+01	3.6269531250000000E+01
5.1682976640760899E+01	3.6269531250000000E+01
5.1749670565128326E+01	3.6269531250000000E+01
5.1816272072494030E+01	3.6269531250000000E+01
5.1883295223116875E+01	3.6269531250000000E+01
5.1950261615216732E+01	3.6269531250000000E+01
5.2016803421080112E+01	3.6269531250000000E+01
5.2083403445780277E+01	3.6269531250000000E+01
5.2150162920355797E+01	3.6269531250000000E+01
5.2216751903295517E+01	3.6269531250000000E+01
5.2283356145024300E+01	3.6269531250000000E+01
5.2350354433059692E+01	3.6269531250000000E+01
5.2416940294206142E+01	3.6269531250000000E+01
5.2483495496213436E+01	3.6269531250000000E+01
5.2550319716334343E+01	3.6269531250000000E+01
5.2616885878145695E+01	3.6269531250000000E+01
5.2683435104787350E+01	3.6269531250000000E+01
5.2749994240701199E+01	3.6269531250000000E+01
5.2816568665206432E+01	3.6269531250000000E+01
5.2883163772523403E+01	3.6269531250000000E+01
5.2949720643460751E+01	3.6269531250000000E+01
5.3016435414552689E+01	3.6269531250000000E+01
5.3083018742501736E+01	3.6269531250000000E+01
5.3149586640298367E+01	3.6269531250000000E+01
5.3216201767325401E+01	3.6269531250000000E+01
5.3282799981534481E+01	3.6269531250000000E+01
5.3350017733871937E+01	3.6269531250000000E+01
5.3416638262569904E+01	3.6269531250000000E+01
5.3483232088387012E+01	3.6269531250000000E+01
5.3549794144928455E+01	3.6269531250000000E+01
5.3616472862660885E+01	3.6269531250000000E+01
5.3683067008852959E+01	3.6269531250000000E+01
5.3749644309282303E+01	3.6269531250000000E+01
5.3816269449889660E+01	3.6269531250000000E+01
5.3883163392543793E+01	3.6269531250000000E+01
5.3949727512896061E+01	3.6269531250000000E+01
5.4016337312757969E+01	3.6269531250000000E+01
5.4082919485867023E+01	3.6269531250000000E+01
5.4149482525885105E+01	3.6269531250000000E+01
5.4216049745678902E+01	3.6269531250000000E+01
5.4283131308853626E+01	3.6269531250000000E+01
5.4349729843437672E+01	3.6269531250000000E+01
5.4416323304176331E+01	3.6269531250000000E+01
5.4482932031154633E+01	3.6269531250000000E+01
5.4549490690231323E+01	3.6269531250000000E+01
5.4616239912807941E+01	3.6269531250000000E+01
5.4683052249252796E+01	3.6269531250000000E+01
5.4749685756862164E+01	3.6269531250000000E+01
5.4816258944571018E+01	3.6269531250000000E+01
5.4883349597454071E+01	3.6269531250000000E+01
5.4950329825282097E+01	3.6269531250000000E+01
5.5016945518553257E+01	3.6269531250000000E+01
5.5083506144583225E+01	3.6269531250000000E+01
5.5150111734867096E+01	3.6269531250000000E+01
5.5216712407767773E+01	3.6269531250000000E+01
5.5283566184341908E+01	3.6269531250000000E+01
5.5350781492888927E+01	3.6269531250000000E+01
5.5417352177202702E+01	3.6269531250000000E+01
5.5483919829130173E+01	3.6269531250000000E+01
5.5551077537238598E+01	3.6269531250000000E+01
5.5617616109549999E+01	3.6269531250000000E+01
5.5684200607240200E+01	3.6269531250000000E+01
5.5750779561698437E+01	3.6269531250000000E+01
5.5817337550222874E+01	3.6269531250000000E+01
5.5884312704205513E+01	3.6269531250000000E+01
5.5950879067182541E+01	3.6269531250000000E+01
5.6017941586673260E+01	3.6269531250000000E+01
5.6084986358880997E+01	3.6269531250000000E+01
5.6151555478572845E+01	3.6269531250000000E+01
5.6218446731567383E+01	3.6269531250000000E+01
5.6284986808896065E+01	3.6269531250000000E+01
5.6351549930870533E+01	3.6269531250000000E+01
5.6418125271797180E+01	3.6269531250000000E+01
5.6484729379415512E+01	3.6269531250000000E+01
5.6551349930465221E+01	3.6269531250000000E+01
5.6617960497736931E+01	3.6269531250000000E+01
5.6684564441442490E+01	3.6269531250000000E+01
5.6751157984137535E+01	3.6269531250000000E+01
5.6817773185670376E+01	3.6269531250000000E+01
5.6884340055286884E+01	3.6269531250000000E+01
5.6950949341058731E+01	3.6269531250000000E+01
5.7018085561692715E+01	3.6269531250000000E+01
5.7084685713052750E+01	3.6269531250000000E+01
5.7151963323354721E+01	3.6269531250000000E+01
5.7218510545790195E+01	3.6269531250000000E+01
5.7285104572772980E+01	3.6269531250000000E+01
5.7351684771478176E+01	3.6269531250000000E+01
5.7418294340372086E+01	3.6269531250000000E+01
5.7484868280589581E+01	3.6269531250000000E+01
5.7551461845636368E+01	3.6269531250000000E+01
5.7618031889200211E+01	3.6269531250000000E+01
5.7684881180524826E+01	3.6269531250000000E+01
5.7751463130116463E+01	3.6269531250000000E+01
5.7818089440464973E+01	3.6269531250000000E+01
5.7884686581790447E+01	3.6269531250000000E+01
5.7951280198991299E+01	3.6269531250000000E+01
5.8017874814569950E+01	3.6269531250000000E+01
5.8084677673876286E+01	3.6269531250000000E+01
5.8151252992451191E+01	3.6269531250000000E+01
5.8218270674347878E+01	3.6269531250000000E+01
5.8284842304885387E+01	3.6269531250000000E+01
5.8351444005966187E+01	3.6269531250000000E+01
5.8418038122355938E+01	3.6269531250000000E+01
5.8484640374779701E+01	3.6269531250000000E+01
5.8551323190331459E+01	3.6269531250000000E+01
5.8617951318621635E+01	3.6269531250000000E+01
5.8684554614126682E+01	3.6269531250000000E+01
5.8751125529408455E+01	3.6269531250000000E+01
5.8817712843418121E+01	3.6269531250000000E+01
5.8884786285459995E+01	3.6269531250000000E+01
5.8951373480260372E+01	3.6269531250000000E+01
5.9018324546515942E+01	3.6269531250000000E+01
5.9085390694439411E+01	3.6269531250000000E+01
5.9152244009077549E+01	3.6269531250000000E+01
5.9219360411167145E+01	3.6269531250000000E+01
5.9286652483046055E+01	3.6269531250000000E+01
5.9353657327592373E+01	3.6269531250000000E+01
5.9420611575245857E+01	3.6269531250000000E+01
5.9487796403467655E+01	3.6269531250000000E+01
5.9554955601692200E+01	3.6269531250000000E+01
5.9622272260487080E+01	3.6269531250000000E+01
5.9689597696065903E+01	3.6269531250000000E+01
5.9756451405584812E+01	3.6269531250000000E+01
5.9823214322328568E+01	3.6269531250000000E+01
5.9890321388840675E+01	3.6269531250000000E+01
5.9957342512905598E+01	3.6269531250000000E+01
6.0024542950093746E+01	3.6269531250000000E+01
6.0091548055410385E+01	3.6269531250000000E+01
6.0158565446734428E+01	3.6269531250000000E+01
6.0225668728351593E+01	3.6269531250000000E+01
6.0292541325092316E+01	3.6269531250000000E+01
6.0359779521822929E+01	3.6269531250000000E+01
6.0426750667393208E+01	3.6269531250000000E+01
6.0493968553841114E+01	3.6269531250000000E+01
6.0561027482151985E+01	3.6269531250000000E+01
6.0628004252910614E+01	3.6269531250000000E+01
6.0695287369191647E+01	3.6269531250000000E+01
6.0762249961495399E+01	3.6269531250000000E+01
6.0829530298709869E+01	3.6269531250000000E+01
6.0896855518221855E+01	3.6269531250000000E+01
6.0963877141475677E+01	3.6269531250000000E+01
6.1030849397182465E+01	3.6269531250000000E+01
6.1098058894276619E+01	3.6269531250000000E+01
6.1165342755615711E+01	3.6269531250000000E+01
6.1232537426054478E+01	3.6269531250000000E+01
6.1299733310937881E+01	3.6269531250000000E+01
6.1366893924772739E+01	3.6269531250000000E+01
6.1433619961142540E+01	3.6269531250000000E+01
6.1500889636576176E+01	3.6269531250000000E+01
6.1568137764930725E+01	3.6269531250000000E+01
6.1635419748723507E+01	3.6269531250000000E+01
6.1702689327299595E+01	3.6269531250000000E+01
6.1769861392676830E+01	3.6269531250000000E+01
6.1836858503520489E+01	3.6269531250000000E+01
6.1903937131166458E+01	3.6269531250000000E+01
6.1971058122813702E+01	3.6269531250000000E+01
6.2038268327713013E+01	3.6269531250000000E+01
6.2105067528784275E+01	3.6269531250000000E+01
6.2172131419181824E+01	3.6269531250000000E+01
6.2239421144127846E+01	3.6269531250000000E+01
6.2306749992072582E+01	3.6269531250000000E+01
6.2373983450233936E+01	3.6269531250000000E+01
6.2441189587116241E+01	3.6269531250000000E+01
6.2508098460733891E+01	3.6269531250000000E+01
6.2575291417539120E+01	3.6269531250000000E+01
6.2642606556415558E+01	3.6269531250000000E+01
6.2709812223911285E+01	3.6269531250000000E+01
6.2777061574161053E+01	3.6269531250000000E+01
6.2844232328236103E+01	3.6269531250000000E+01
6.2911217756569386E+01	3.6269531250000000E+01
6.2978382885456085E+01	3.6269531250000000E+01
6.3045561246573925E+01	3.6269531250000000E+01
6.3112887948751450E+01	3.6269531250000000E+01
6.3180184714496136E+01	3.6269531250000000E+01
6.3247268214821815E+01	3.6269531250000000E+01
6.3314494408667088E+01	3.6269531250000000E+01
6.3381586901843548E+01	3.6269531250000000E+01
6.3448566563427448E+01	3.6269531250000000E+01
6.3515641398727894E+01	3.6269531250000000E+01
6.3582889847457409E+01	3.6269531250000000E+01
6.3650066107511520E+01	3.6269531250000000E+01
6.3717259079217911E+01	3.6269531250000000E+01
6.3784504316747189E+01	3.6269531250000000E+01
6.3851520352065563E+01	3.6269531250000000E+01
6.3918491341173649E+01	3.6269531250000000E+01
6.3985743492841721E+01	3.6269531250000000E+01
6.4052634529769421E+01	3.6269531250000000E+01
6.4119687765836716E+01	3.6269531250000000E+01
6.4186981320381165E+01	3.6269531250000000E+01
6.4254015065729618E+01	3.6269531250000000E+01
6.4321343831717968E+01	3.6269531250000000E+01
6.4388541080057621E+01	3.6269531250000000E+01
6.4455812439322472E+01	3.6269531250000000E+01
6.4522868089377880E+01	3.6269531250000000E+01
6.4590148292481899E+01	3.6269531250000000E+01
6.4657295770943165E+01	3.6269531250000000E+01
6.4724512666463852E+01	3.6269531250000000E+01
6.4791777782142162E+01	3.6269531250000000E+01
6.4859064638614655E+01	3.6269531250000000E+01
6.4925909012556076E+01	3.6269531250000000E+01
6.4993046618998051E+01	3.6269531250000000E+01
6.5060295112431049E+01	3.6269531250000000E+01
6.5127451896667480E+01	3.6269531250000000E+01
6.5194696590304375E+01	3.6269531250000000E+01
6.5261961020529270E+01	3.6269531250000000E+01
6.5329348392784595E+01	3.6269531250000000E+01
6.5396568812429905E+01	3.6269531250000000E+01
6.5463660314679146E+01	3.6269531250000000E+01
6.5530996091663837E+01	3.6269531250000000E+01
6.5598224341869354E+01	3.6269531250000000E+01
6.5664922058582306E+01	3.6269531250000000E+01
6.5731571279466152E+01	3.6269531250000000E+01
6.5798184335231781E+01	3.6269531250000000E+01
6.5864834256470203E+01	3.6269531250000000E+01
6.5931494712829590E+01	3.6269531250000000E+01
6.5998132444918156E+01	3.6269531250000000E+01
6.6064756922423840E+01	3.6269531250000000E+01
6.6131393365561962E+01	3.6269531250000000E+01
6.6198550000786781E+01	3.6269531250000000E+01
6.6265484742820263E+01	3.6269531250000000E+01
6.6332098223268986E+01	3.6269531250000000E+01
6.6398753717541695E+01	3.6269531250000000E+01
6.6465730391442776E+01	3.6269531250000000E+01
6.6533113561570644E+01	3.6269531250000000E+01
6.6599833272397518E+01	3.6269531250000000E+01
