0.0000000000000000E+00	7.2299999999999998E-01
9.2092092092092093E+02	7.2298305779750449E-01
1.8418418418418419E+03	7.2299409790325631E-01
2.7627627627627626E+03	7.2297869521555069E-01
3.6836836836836837E+03	7.2298082582739409E-01
4.6046046046046049E+03	7.2297375348762305E-01
5.5255255255255252E+03	7.2296879517936363E-01
6.4464464464464463E+03	7.2296775789864842E-01
7.3673673673673675E+03	7.2296286867700432E-01
8.2882882882882877E+03	7.2296092133891421E-01
9.2092092092092098E+03	7.2296087573847312E-01
1.0130130130130130E+04	7.2295836977481942E-01
1.1051051051051050E+04	7.2295905020507845E-01
1.1971971971971972E+04	7.2296601984621867E-01
1.2892892892892893E+04	7.2295354063876816E-01
1.3813813813813815E+04	7.2294758957019534E-01
1.4734734734734735E+04	7.2294525521466591E-01
1.5655655655655655E+04	7.2294758346214283E-01
1.6576576576576575E+04	7.2296006940921154E-01
1.7497497497497498E+04	7.2294251725544911E-01
1.8418418418418420E+04	7.2293718662507755E-01
1.9339339339339338E+04	7.2293571003295476E-01
2.0260260260260260E+04	7.2293760441666510E-01
2.1181181181181182E+04	7.2293104436350952E-01
2.2102102102102101E+04	7.2292815382015685E-01
2.3023023023023023E+04	7.2293040103423745E-01
2.3943943943943945E+04	7.2292860430438788E-01
2.4864864864864867E+04	7.2292221037884286E-01
2.5785785785785785E+04	7.2292378183754580E-01
2.6706706706706707E+04	7.2292202259606575E-01
2.7627627627627629E+04	7.2291553051078217E-01
2.8548548548548548E+04	7.2291785691196486E-01
2.9469469469469470E+04	7.2291146839687193E-01
3.0390390390390392E+04	7.2290870942850016E-01
3.1311311311311310E+04	7.2291117403549010E-01
3.2232232232232232E+04	7.2290472974055453E-01
3.3153153153153151E+04	7.2291649365951061E-01
3.4074074074074073E+04	7.2290185788529127E-01
3.4994994994994995E+04	7.2290203532572761E-01
3.5915915915915917E+04	7.2289601361956046E-01
3.6836836836836839E+04	7.2289555839386843E-01
3.7757757757757761E+04	7.2289462040737451E-01
3.8678678678678676E+04	7.2289285535085779E-01
3.9599599599599598E+04	7.2288758510299234E-01
4.0520520520520520E+04	7.2288835410438934E-01
4.1441441441441442E+04	7.2288479206473499E-01
4.2362362362362364E+04	7.2288500967841551E-01
4.3283283283283286E+04	7.2287830813890375E-01
4.4204204204204201E+04	7.2289371839182470E-01
4.5125125125125123E+04	7.2287369127347922E-01
4.6046046046046045E+04	7.2287547197521351E-01
4.6966966966966967E+04	7.2287368793004558E-01
4.7887887887887890E+04	7.2286736476635061E-01
4.8808808808808812E+04	7.2287671789197594E-01
4.9729729729729734E+04	7.2286404518437697E-01
5.0650650650650648E+04	7.2286260416926063E-01
5.1571571571571571E+04	7.2286347240685789E-01
5.2492492492492493E+04	7.2285988126704803E-01
5.3413413413413415E+04	7.2285423642841851E-01
5.4334334334334337E+04	7.2285806362080884E-01
5.5255255255255259E+04	7.2285756568845760E-01
5.6176176176176174E+04	7.2284760224285260E-01
5.7097097097097096E+04	7.2284802511935720E-01
5.8018018018018018E+04	7.2284805647087746E-01
5.8938938938938940E+04	7.2284579879244271E-01
5.9859859859859862E+04	7.2284129542336717E-01
6.0780780780780784E+04	7.2283674732790915E-01
6.1701701701701706E+04	7.2283643014117471E-01
6.2622622622622621E+04	7.2284833431013507E-01
6.3543543543543543E+04	7.2283907916066226E-01
6.4464464464464465E+04	7.2282881961380996E-01
6.5385385385385387E+04	7.2282589610262660E-01
6.6306306306306302E+04	7.2282519608516183E-01
6.7227227227227224E+04	7.2282435448364002E-01
6.8148148148148146E+04	7.2282356093995914E-01
6.9069069069069068E+04	7.2282204148682838E-01
6.9989989989989990E+04	7.2282026165420843E-01
7.0910910910910912E+04	7.2281775999921760E-01
7.1831831831831834E+04	7.2281526171604815E-01
7.2752752752752756E+04	7.2281264298465608E-01
7.3673673673673678E+04	7.2281023240668063E-01
7.4594594594594600E+04	7.2280766653776607E-01
7.5515515515515523E+04	7.2280531453645758E-01
7.6436436436436445E+04	7.2280314389688549E-01
7.7357357357357352E+04	7.2280089758744714E-01
7.8278278278278274E+04	7.2279898460996617E-01
7.9199199199199196E+04	7.2279714369089709E-01
8.0120120120120118E+04	7.2279533649143923E-01
8.1041041041041040E+04	7.2279369055850395E-01
8.1961961961961963E+04	7.2279171484828897E-01
8.2882882882882885E+04	7.2278954733510981E-01
8.3803803803803807E+04	7.2278714798196120E-01
8.4724724724724729E+04	7.2278406815609852E-01
8.5645645645645651E+04	7.2278037846054743E-01
8.6566566566566573E+04	7.2277681969606544E-01
8.7487487487487495E+04	7.2277375827989132E-01
8.8408408408408402E+04	7.2277316479303844E-01
8.9329329329329325E+04	7.2278240005184247E-01
9.0250250250250247E+04	7.2277795264132227E-01
9.1171171171171169E+04	7.2276551322191707E-01
9.2092092092092091E+04	7.2276332748675698E-01
9.3013013013013013E+04	7.2276354789207631E-01
9.3933933933933935E+04	7.2276327892553982E-01
9.4854854854854857E+04	7.2276063898515475E-01
9.5775775775775779E+04	7.2275567859395728E-01
9.6696696696696701E+04	7.2275204868225440E-01
9.7617617617617623E+04	7.2276493627246441E-01
9.8538538538538545E+04	7.2274986377495498E-01
9.9459459459459467E+04	7.2274613551021605E-01
1.0038038038038037E+05	7.2274749904135438E-01
1.0130130130130130E+05	7.2274553926422380E-01
1.0222222222222222E+05	7.2273951603961728E-01
1.0314314314314314E+05	7.2274122116911743E-01
1.0406406406406406E+05	7.2273844960362210E-01
1.0498498498498499E+05	7.2273328722373131E-01
1.0590590590590591E+05	7.2273496759258427E-01
1.0682682682682683E+05	7.2273046606594071E-01
1.0774774774774775E+05	7.2272667694350712E-01
1.0866866866866867E+05	7.2272984242295191E-01
1.0958958958958960E+05	7.2272283201906851E-01
1.1051051051051052E+05	7.2272433058634256E-01
1.1143143143143144E+05	7.2271798043101121E-01
1.1235235235235235E+05	7.2272976537254463E-01
1.1327327327327327E+05	7.2271280900633406E-01
1.1419419419419419E+05	7.2271537023249854E-01
1.1511511511511511E+05	7.2270993565555020E-01
1.1603603603603604E+05	7.2271879523120208E-01
1.1695695695695696E+05	7.2270404032702906E-01
1.1787787787787788E+05	7.2270687230988517E-01
1.1879879879879880E+05	7.2269996815322801E-01
1.1971971971971972E+05	7.2270891404165460E-01
1.2064064064064065E+05	7.2269781053515914E-01
1.2156156156156157E+05	7.2269661242857142E-01
1.2248248248248249E+05	7.2269697286490164E-01
1.2340340340340341E+05	7.2268900284764637E-01
1.2432432432432432E+05	7.2269146484387936E-01
1.2524524524524524E+05	7.2268496214394795E-01
1.2616616616616616E+05	7.2268211881103650E-01
1.2708708708708709E+05	7.2268510283346721E-01
1.2800800800800801E+05	7.2267803919493590E-01
1.2892892892892893E+05	7.2267559814264837E-01
1.2984984984984985E+05	7.2267848172370575E-01
1.3077077077077077E+05	7.2267325208038247E-01
1.3169169169169170E+05	7.2266962221657549E-01
1.3261261261261260E+05	7.2267084902679890E-01
1.3353353353353354E+05	7.2268233210661315E-01
1.3445445445445445E+05	7.2266577147660493E-01
1.3537537537537538E+05	7.2266105399316660E-01
1.3629629629629629E+05	7.2265929945541463E-01
1.3721721721721723E+05	7.2266105095084476E-01
1.3813813813813814E+05	7.2266043513886713E-01
1.3905905905905907E+05	7.2265437625980489E-01
1.3997997997997998E+05	7.2264998910800371E-01
1.4090090090090092E+05	7.2264734644980488E-01
1.4182182182182182E+05	7.2264925580920369E-01
1.4274274274274273E+05	7.2265930390111688E-01
1.4366366366366367E+05	7.2264554992697982E-01
1.4458458458458458E+05	7.2264252910576798E-01
1.4550550550550551E+05	7.2263956747133196E-01
1.4642642642642642E+05	7.2263415468489722E-01
1.4734734734734736E+05	7.2263307502287222E-01
1.4826826826826826E+05	7.2263056000069448E-01
1.4918918918918920E+05	7.2262770743637894E-01
1.5011011011011011E+05	7.2262735711579551E-01
1.5103103103103105E+05	7.2262323377467375E-01
1.5195195195195195E+05	7.2262357488606732E-01
1.5287287287287289E+05	7.2261893726624893E-01
1.5379379379379380E+05	7.2261917611781690E-01
1.5471471471471470E+05	7.2261456489437459E-01
1.5563563563563564E+05	7.2261409030938051E-01
1.5655655655655655E+05	7.2261036523712674E-01
1.5747747747747749E+05	7.2260881025401602E-01
1.5839839839839839E+05	7.2260720824522073E-01
1.5931931931931933E+05	7.2260361703044307E-01
1.6024024024024024E+05	7.2260502430669693E-01
1.6116116116116117E+05	7.2260515400560843E-01
1.6208208208208208E+05	7.2260220622341620E-01
1.6300300300300302E+05	7.2260686115810024E-01
1.6392392392392393E+05	7.2259657549690015E-01
1.6484484484484486E+05	7.2259055140930495E-01
1.6576576576576577E+05	7.2258878869483256E-01
1.6668668668668668E+05	7.2258959788533694E-01
1.6760760760760761E+05	7.2259604234168628E-01
1.6852852852852852E+05	7.2258651482290315E-01
1.6944944944944946E+05	7.2257981359237455E-01
1.7037037037037036E+05	7.2257765006712682E-01
1.7129129129129130E+05	7.2257933114570549E-01
1.7221221221221221E+05	7.2259101817450067E-01
1.7313313313313315E+05	7.2257405817355280E-01
1.7405405405405405E+05	7.2257023344137106E-01
1.7497497497497499E+05	7.2257315150699453E-01
1.7589589589589590E+05	7.2256900851760153E-01
1.7681681681681680E+05	7.2256256126210205E-01
1.7773773773773774E+05	7.2256267647917949E-01
1.7865865865865865E+05	7.2256278640717864E-01
1.7957957957957959E+05	7.2255606329630229E-01
1.8050050050050049E+05	7.2255775811565359E-01
1.8142142142142143E+05	7.2255563083513052E-01
1.8234234234234234E+05	7.2255053677752235E-01
1.8326326326326327E+05	7.2256476513067536E-01
1.8418418418418418E+05	7.2254696263946838E-01
1.8510510510510512E+05	7.2254658719671627E-01
1.8602602602602603E+05	7.2254299278399603E-01
1.8694694694694696E+05	7.2253827552574268E-01
1.8786786786786787E+05	7.2254088242422354E-01
1.8878878878878878E+05	7.2253555240405098E-01
1.8970970970970971E+05	7.2254747367320149E-01
1.9063063063063062E+05	7.2252973922085106E-01
1.9155155155155156E+05	7.2253228441156037E-01
1.9247247247247247E+05	7.2252651737545337E-01
1.9339339339339340E+05	7.2253493176075756E-01
1.9431431431431431E+05	7.2252086644747848E-01
1.9523523523523525E+05	7.2252296467075861E-01
1.9615615615615615E+05	7.2251995262391766E-01
1.9707707707707709E+05	7.2251467649404677E-01
1.9799799799799800E+05	7.2252304934309608E-01
1.9891891891891893E+05	7.2251050102353520E-01
1.9983983983983984E+05	7.2251257575413297E-01
2.0076076076076075E+05	7.2250903959368440E-01
2.0168168168168169E+05	7.2250333788478482E-01
2.0260260260260259E+05	7.2252042870739441E-01
2.0352352352352353E+05	7.2249936314632712E-01
2.0444444444444444E+05	7.2249919414258001E-01
2.0536536536536537E+05	7.2249980545705350E-01
2.0628628628628628E+05	7.2249580996595353E-01
2.0720720720720722E+05	7.2249035612826540E-01
2.0812812812812813E+05	7.2249409192661884E-01
2.0904904904904906E+05	7.2249492424820938E-01
2.0996996996996997E+05	7.2248377548761611E-01
2.1089089089089091E+05	7.2248346737102831E-01
2.1181181181181181E+05	7.2248390298069742E-01
2.1273273273273272E+05	7.2248215772292435E-01
2.1365365365365366E+05	7.2247832970341930E-01
2.1457457457457457E+05	7.2247368913217913E-01
2.1549549549549550E+05	7.2247074261826805E-01
2.1641641641641641E+05	7.2247305276516727E-01
2.1733733733733735E+05	7.2248574611592054E-01
2.1825825825825825E+05	7.2247153213577442E-01
2.1917917917917919E+05	7.2246300623481507E-01
2.2010010010010010E+05	7.2245964922845185E-01
2.2102102102102104E+05	7.2245817508150745E-01
2.2194194194194194E+05	7.2245725974779584E-01
2.2286286286286288E+05	7.2245598827282720E-01
2.2378378378378379E+05	7.2245478439008515E-01
2.2470470470470469E+05	7.2245321612039293E-01
2.2562562562562563E+05	7.2245128399435843E-01
2.2654654654654654E+05	7.2244937389982822E-01
2.2746746746746748E+05	7.2244735558558326E-01
2.2838838838838838E+05	7.2244507205835429E-01
2.2930930930930932E+05	7.2244292565052759E-01
2.3023023023023023E+05	7.2244087638538701E-01
2.3115115115115116E+05	7.2243851360782696E-01
2.3207207207207207E+05	7.2243616804476662E-01
2.3299299299299301E+05	7.2243372895534574E-01
2.3391391391391392E+05	7.2243102654192271E-01
2.3483483483483485E+05	7.2242802404670603E-01
2.3575575575575576E+05	7.2242479537917770E-01
2.3667667667667667E+05	7.2242150823558959E-01
2.3759759759759760E+05	7.2241826819893806E-01
2.3851851851851851E+05	7.2241624011391148E-01
2.3943943943943945E+05	7.2241779368344350E-01
2.4036036036036036E+05	7.2242852329150264E-01
2.4128128128128129E+05	7.2241906360682417E-01
2.4220220220220220E+05	7.2240810368090769E-01
2.4312312312312314E+05	7.2240527981161506E-01
2.4404404404404404E+05	7.2240521325170282E-01
2.4496496496496498E+05	7.2240525308517112E-01
2.4588588588588589E+05	7.2240357496293695E-01
2.4680680680680682E+05	7.2239952088254222E-01
2.4772772772772773E+05	7.2239456657779011E-01
2.4864864864864864E+05	7.2239458287950442E-01
2.4956956956956958E+05	7.2240641995352584E-01
2.5049049049049048E+05	7.2238783320402622E-01
2.5141141141141142E+05	7.2238741223262048E-01
2.5233233233233233E+05	7.2238813417836412E-01
2.5325325325325326E+05	7.2238492484585681E-01
2.5417417417417417E+05	7.2237912607303900E-01
2.5509509509509511E+05	7.2238582397015327E-01
2.5601601601601602E+05	7.2237637362299623E-01
2.5693693693693695E+05	7.2237402937013173E-01
2.5785785785785786E+05	7.2237518851778204E-01
2.5877877877877880E+05	7.2237026400439697E-01
2.5969969969969970E+05	7.2236733418015908E-01
2.6062062062062061E+05	7.2236924280309556E-01
2.6154154154154155E+05	7.2236289420207289E-01
2.6246246246246248E+05	7.2236428805302322E-01
2.6338338338338339E+05	7.2235811065263966E-01
2.6430430430430430E+05	7.2236726425435205E-01
2.6522522522522521E+05	7.2235267755024257E-01
2.6614614614614617E+05	7.2235509927273511E-01
2.6706706706706708E+05	7.2235052258041588E-01
2.6798798798798799E+05	7.2235355719134153E-01
2.6890890890890890E+05	7.2234400271801169E-01
2.6982982982982986E+05	7.2234662261850902E-01
2.7075075075075077E+05	7.2234057502801752E-01
2.7167167167167168E+05	7.2235696588542786E-01
2.7259259259259258E+05	7.2233660688328771E-01
2.7351351351351349E+05	7.2233739456244028E-01
2.7443443443443446E+05	7.2233224195268853E-01
2.7535535535535536E+05	7.2232866002103657E-01
2.7627627627627627E+05	7.2233150448569161E-01
2.7719719719719718E+05	7.2232437183278986E-01
2.7811811811811815E+05	7.2232412749076180E-01
2.7903903903903905E+05	7.2232468457240251E-01
2.7995995995995996E+05	7.2231795763874351E-01
2.8088088088088087E+05	7.2231787327520858E-01
2.8180180180180183E+05	7.2231816978232166E-01
2.8272272272272274E+05	7.2231104142663094E-01
2.8364364364364365E+05	7.2230934414439518E-01
2.8456456456456456E+05	7.2231181307474901E-01
2.8548548548548546E+05	7.2230697023787838E-01
2.8640640640640643E+05	7.2230319701246148E-01
2.8732732732732734E+05	7.2230352383238616E-01
2.8824824824824824E+05	7.2231335490746207E-01
2.8916916916916915E+05	7.2230038142997033E-01
2.9009009009009012E+05	7.2229353836549848E-01
2.9101101101101103E+05	7.2229156261995520E-01
2.9193193193193193E+05	7.2229273780964909E-01
2.9285285285285284E+05	7.2229755561229558E-01
2.9377377377377381E+05	7.2228990971935458E-01
2.9469469469469471E+05	7.2228609503869767E-01
2.9561561561561562E+05	7.2228318459055874E-01
2.9653653653653653E+05	7.2227863277489446E-01
2.9745745745745744E+05	7.2227626978240900E-01
2.9837837837837840E+05	7.2227638554618301E-01
2.9929929929929931E+05	7.2227283020430455E-01
3.0022022022022022E+05	7.2227372212201468E-01
3.0114114114114112E+05	7.2227418948886357E-01
3.0206206206206209E+05	7.2227020424127386E-01
3.0298298298298300E+05	7.2227820418190269E-01
3.0390390390390391E+05	7.2226586404402349E-01
3.0482482482482481E+05	7.2227706107503165E-01
3.0574574574574578E+05	7.2226163754994066E-01
3.0666666666666669E+05	7.2227117211651648E-01
3.0758758758758759E+05	7.2225711069085541E-01
3.0850850850850850E+05	7.2225946752883319E-01
3.0942942942942941E+05	7.2225221279843743E-01
3.1035035035035037E+05	7.2224787627551634E-01
3.1127127127127128E+05	7.2224657819325566E-01
3.1219219219219219E+05	7.2224129510908042E-01
3.1311311311311310E+05	7.2223984607516700E-01
3.1403403403403406E+05	7.2223853835521368E-01
3.1495495495495497E+05	7.2223535371813885E-01
3.1587587587587588E+05	7.2223700679323810E-01
3.1679679679679679E+05	7.2224989921643723E-01
3.1771771771771775E+05	7.2223252927936610E-01
3.1863863863863866E+05	7.2222599908175500E-01
3.1955955955955957E+05	7.2222414663608669E-01
3.2048048048048047E+05	7.2222472800679616E-01
3.2140140140140138E+05	7.2223237230191262E-01
3.2232232232232235E+05	7.2222170465543001E-01
3.2324324324324325E+05	7.2221491297410967E-01
3.2416416416416416E+05	7.2221266237227577E-01
3.2508508508508507E+05	7.2221527213461378E-01
3.2600600600600604E+05	7.2221481768789109E-01
3.2692692692692694E+05	7.2220760272935491E-01
3.2784784784784785E+05	7.2220719154081237E-01
3.2876876876876876E+05	7.2222058681281365E-01
3.2968968968968972E+05	7.2220210377087946E-01
3.3061061061061063E+05	7.2220025681551958E-01
3.3153153153153154E+05	7.2221468705498049E-01
3.3245245245245245E+05	7.2219528248405751E-01
3.3337337337337335E+05	7.2219421289145980E-01
3.3429429429429432E+05	7.2219830460496726E-01
3.3521521521521523E+05	7.2218716545850492E-01
3.3613613613613613E+05	7.2218924778748039E-01
3.3705705705705704E+05	7.2218244893178374E-01
3.3797797797797801E+05	7.2218111823651754E-01
3.3889889889889891E+05	7.2218201112817648E-01
3.3981981981981982E+05	7.2217787925684351E-01
3.4074074074074073E+05	7.2218459171870153E-01
3.4166166166166170E+05	7.2217122069947037E-01
3.4258258258258260E+05	7.2217403273664693E-01
3.4350350350350351E+05	7.2216805484347646E-01
3.4442442442442442E+05	7.2217895139143207E-01
3.4534534534534533E+05	7.2216240304441837E-01
3.4626626626626629E+05	7.2216501103377484E-01
3.4718718718718720E+05	7.2216073785589785E-01
3.4810810810810811E+05	7.2215781567465553E-01
3.4902902902902901E+05	7.2215714912509865E-01
3.4994994994994998E+05	7.2215334506255258E-01
3.5087087087087089E+05	7.2215457509871950E-01
3.5179179179179179E+05	7.2214875003700418E-01
3.5271271271271270E+05	7.2214754262880865E-01
3.5363363363363361E+05	7.2214881704768785E-01
3.5455455455455458E+05	7.2214122016576121E-01
3.5547547547547548E+05	7.2214291386637142E-01
3.5639639639639639E+05	7.2214034708642172E-01
3.5731731731731730E+05	7.2213461069218388E-01
3.5823823823823826E+05	7.2213524977653853E-01
3.5915915915915917E+05	7.2214025834828810E-01
3.6008008008008008E+05	7.2212735271382078E-01
3.6100100100100099E+05	7.2212765225938713E-01
3.6192192192192195E+05	7.2212794156830418E-01
3.6284284284284286E+05	7.2212526598339011E-01
3.6376376376376377E+05	7.2212054806079162E-01
3.6468468468468467E+05	7.2211635786182515E-01
3.6560560560560558E+05	7.2211859280428481E-01
3.6652652652652655E+05	7.2213116145973377E-01
3.6744744744744746E+05	7.2211279757009061E-01
3.6836836836836836E+05	7.2210771007140362E-01
3.6928928928928927E+05	7.2210649430295981E-01
3.7021021021021024E+05	7.2210612244083194E-01
3.7113113113113114E+05	7.2210549193704254E-01
3.7205205205205205E+05	7.2210394532004307E-01
3.7297297297297296E+05	7.2210167842055140E-01
3.7389389389389392E+05	7.2209894947020337E-01
3.7481481481481483E+05	7.2209603692032731E-01
3.7573573573573574E+05	7.2209279700794249E-01
3.7665665665665665E+05	7.2208979107456406E-01
3.7757757757757755E+05	7.2208707602625377E-01
3.7849849849849852E+05	7.2208450277852587E-01
3.7941941941941943E+05	7.2208202005949229E-01
3.8034034034034034E+05	7.2207964047385109E-01
3.8126126126126124E+05	7.2207739885857647E-01
3.8218218218218221E+05	7.2207529253328040E-01
3.8310310310310312E+05	7.2207328431795248E-01
3.8402402402402402E+05	7.2207156195144673E-01
3.8494494494494493E+05	7.2207003236793332E-01
3.8586586586586590E+05	7.2206842385142211E-01
3.8678678678678680E+05	7.2206715541673727E-01
3.8770770770770771E+05	7.2206580129152709E-01
3.8862862862862862E+05	7.2206421626658968E-01
3.8954954954954953E+05	7.2206238005119683E-01
3.9047047047047049E+05	7.2205975446011128E-01
3.9139139139139140E+05	7.2205631568939210E-01
3.9231231231231231E+05	7.2205245938053531E-01
3.9323323323323322E+05	7.2204867359016967E-01
3.9415415415415418E+05	7.2204694700749283E-01
3.9507507507507509E+05	7.2205466047609879E-01
3.9599599599599600E+05	7.2205354674907529E-01
3.9691691691691690E+05	7.2204022987200500E-01
3.9783783783783787E+05	7.2203826509479463E-01
3.9875875875875878E+05	7.2203887763283514E-01
3.9967967967967968E+05	7.2203834551089274E-01
4.0060060060060059E+05	7.2203480680242638E-01
4.0152152152152150E+05	7.2202952096104900E-01
4.0244244244244247E+05	7.2202880310797390E-01
4.0336336336336337E+05	7.2203918452056759E-01
4.0428428428428428E+05	7.2202211653701043E-01
4.0520520520520519E+05	7.2202277748634491E-01
4.0612612612612615E+05	7.2202295043745390E-01
4.0704704704704706E+05	7.2201814519804131E-01
4.0796796796796797E+05	7.2201377361887553E-01
4.0888888888888888E+05	7.2202718317515846E-01
4.0980980980980984E+05	7.2200907665369607E-01
4.1073073073073075E+05	7.2201120383967554E-01
4.1165165165165166E+05	7.2200868770883686E-01
4.1257257257257256E+05	7.2200241306256407E-01
4.1349349349349347E+05	7.2201726571497415E-01
4.1441441441441444E+05	7.2199859578306247E-01
4.1533533533533535E+05	7.2200086297458177E-01
4.1625625625625625E+05	7.2199564018703988E-01
4.1717717717717716E+05	7.2199818705716057E-01
4.1809809809809813E+05	7.2198939235160475E-01
4.1901901901901903E+05	7.2199157750289222E-01
4.1993993993993994E+05	7.2198746357609500E-01
4.2086086086086085E+05	7.2198977545000542E-01
4.2178178178178181E+05	7.2198062740468316E-01
4.2270270270270272E+05	7.2198331743894750E-01
4.2362362362362363E+05	7.2197683641410593E-01
4.2454454454454454E+05	7.2198882687111177E-01
4.2546546546546544E+05	7.2197408465357926E-01
4.2638638638638641E+05	7.2197342276871013E-01
4.2730730730730732E+05	7.2197290459171881E-01
4.2822822822822822E+05	7.2196565225459930E-01
4.2914914914914913E+05	7.2196788486480357E-01
4.3007007007007010E+05	7.2196184952748610E-01
4.3099099099099101E+05	7.2195854281590366E-01
4.3191191191191191E+05	7.2196151446364898E-01
4.3283283283283282E+05	7.2195514269890015E-01
4.3375375375375379E+05	7.2195207625925917E-01
4.3467467467467469E+05	7.2195458479411623E-01
4.3559559559559560E+05	7.2195265127816299E-01
4.3651651651651651E+05	7.2194690103686388E-01
4.3743743743743742E+05	7.2194627202959294E-01
4.3835835835835838E+05	7.2195740980130274E-01
4.3927927927927929E+05	7.2194321141222817E-01
4.4020020020020020E+05	7.2193672133212827E-01
4.4112112112112110E+05	7.2193452067679753E-01
4.4204204204204207E+05	7.2193675195211438E-01
4.4296296296296298E+05	7.2194937197730691E-01
4.4388388388388389E+05	7.2193217092795225E-01
4.4480480480480479E+05	7.2192579635976561E-01
4.4572572572572576E+05	7.2192422538743095E-01
4.4664664664664667E+05	7.2192376841937744E-01
4.4756756756756757E+05	7.2192133928494817E-01
4.4848848848848848E+05	7.2192192576839709E-01
4.4940940940940939E+05	7.2193443930329482E-01
4.5033033033033035E+05	7.2191754183650969E-01
4.5125125125125126E+05	7.2191562004728105E-01
4.5217217217217217E+05	7.2191215696834743E-01
4.5309309309309308E+05	7.2190682450711507E-01
4.5401401401401404E+05	7.2190660468593237E-01
4.5493493493493495E+05	7.2190176817299567E-01
4.5585585585585586E+05	7.2190151045572115E-01
4.5677677677677677E+05	7.2189724420783974E-01
4.5769769769769773E+05	7.2189715678883271E-01
4.5861861861861864E+05	7.2189288123504369E-01
4.5953953953953955E+05	7.2189338546833792E-01
4.6046046046046045E+05	7.2188924172063162E-01
4.6138138138138136E+05	7.2189020150455308E-01
4.6230230230230233E+05	7.2188935461339532E-01
4.6322322322322323E+05	7.2188700424945462E-01
4.6414414414414414E+05	7.2189943844009785E-01
4.6506506506506505E+05	7.2188252515297446E-01
4.6598598598598602E+05	7.2187771464298167E-01
4.6690690690690692E+05	7.2187565453419777E-01
4.6782782782782783E+05	7.2187158115078909E-01
4.6874874874874874E+05	7.2186877872660737E-01
4.6966966966966970E+05	7.2187073348744113E-01
4.7059059059059061E+05	7.2188348703463767E-01
4.7151151151151152E+05	7.2186649028624161E-01
4.7243243243243243E+05	7.2185984469110898E-01
4.7335335335335333E+05	7.2185779126642324E-01
4.7427427427427430E+05	7.2185986518234913E-01
4.7519519519519521E+05	7.2186980831111780E-01
4.7611611611611611E+05	7.2185430092221059E-01
4.7703703703703702E+05	7.2185028578617394E-01
4.7795795795795799E+05	7.2185197395151712E-01
4.7887887887887890E+05	7.2184928922546876E-01
4.7979979979979980E+05	7.2184258744373697E-01
4.8072072072072071E+05	7.2184131326716749E-01
4.8164164164164168E+05	7.2184305201695376E-01
4.8256256256256258E+05	7.2183576755222656E-01
4.8348348348348349E+05	7.2183482570042123E-01
4.8440440440440440E+05	7.2183634654860085E-01
4.8532532532532531E+05	7.2182958015806331E-01
4.8624624624624627E+05	7.2183323161640922E-01
4.8716716716716718E+05	7.2182866582618055E-01
4.8808808808808809E+05	7.2182506498512944E-01
4.8900900900900899E+05	7.2183385048737136E-01
4.8992992992992996E+05	7.2181883616837361E-01
4.9085085085085087E+05	7.2182113561689309E-01
4.9177177177177178E+05	7.2181392466056449E-01
4.9269269269269268E+05	7.2182032194358103E-01
4.9361361361361365E+05	7.2181170051972532E-01
4.9453453453453456E+05	7.2181182558747570E-01
4.9545545545545546E+05	7.2180506069510175E-01
4.9637637637637637E+05	7.2181134938599600E-01
4.9729729729729728E+05	7.2180230130938083E-01
4.9821821821821824E+05	7.2180353343798798E-01
4.9913913913913915E+05	7.2179697743795757E-01
5.0006006006006006E+05	7.2180796951608051E-01
5.0098098098098097E+05	7.2179184704015731E-01
5.0190190190190193E+05	7.2179344902053388E-01
5.0282282282282284E+05	7.2179203659990088E-01
5.0374374374374375E+05	7.2178555155428015E-01
5.0466466466466465E+05	7.2179507700522205E-01
5.0558558558558562E+05	7.2178193548385838E-01
5.0650650650650653E+05	7.2178067516659128E-01
5.0742742742742744E+05	7.2178165263170579E-01
5.0834834834834834E+05	7.2177760686266534E-01
5.0926926926926925E+05	7.2177210619835974E-01
5.1019019019019022E+05	7.2177968368707812E-01
5.1111111111111112E+05	7.2177209873843828E-01
5.1203203203203203E+05	7.2176579926340101E-01
5.1295295295295294E+05	7.2176664449591243E-01
5.1387387387387390E+05	7.2176622414486413E-01
5.1479479479479481E+05	7.2176301839078172E-01
5.1571571571571572E+05	7.2175828351015947E-01
5.1663663663663663E+05	7.2175460800846947E-01
5.1755755755755759E+05	7.2175797733002511E-01
5.1847847847847850E+05	7.2176798238030737E-01
5.1939939939939941E+05	7.2175065931859161E-01
5.2032032032032032E+05	7.2174579074161049E-01
5.2124124124124122E+05	7.2174445066508186E-01
5.2216216216216219E+05	7.2174394723825264E-01
5.2308308308308310E+05	7.2174316599187671E-01
5.2400400400400400E+05	7.2174178927320309E-01
5.2492492492492497E+05	7.2173997636238740E-01
5.2584584584584588E+05	7.2173735710095532E-01
5.2676676676676678E+05	7.2173455239303896E-01
5.2768768768768769E+05	7.2173163847681021E-01
5.2860860860860860E+05	7.2172884893920275E-01
5.2952952952952951E+05	7.2172610656729119E-01
5.3045045045045041E+05	7.2172354254980442E-01
5.3137137137137132E+05	7.2172117576401773E-01
5.3229229229229235E+05	7.2171890895463442E-01
5.3321321321321325E+05	7.2171681559357770E-01
5.3413413413413416E+05	7.2171482494963124E-01
5.3505505505505507E+05	7.2171311884392164E-01
5.3597597597597598E+05	7.2171126587627854E-01
5.3689689689689688E+05	7.2170988280208648E-01
5.3781781781781779E+05	7.2170827652169001E-01
5.3873873873873870E+05	7.2170664495915293E-01
5.3965965965965972E+05	7.2170467040825381E-01
5.4058058058058063E+05	7.2170223159193425E-01
5.4150150150150154E+05	7.2169921056706732E-01
5.4242242242242245E+05	7.2169547070867657E-01
5.4334334334334335E+05	7.2169158001684630E-01
5.4426426426426426E+05	7.2168848267198282E-01
5.4518518518518517E+05	7.2168931282465776E-01
5.4610610610610608E+05	7.2170252484116371E-01
5.4702702702702698E+05	7.2168747309263503E-01
5.4794794794794801E+05	7.2167976680575463E-01
5.4886886886886891E+05	7.2167899146724857E-01
5.4978978978978982E+05	7.2167940488287541E-01
5.5071071071071073E+05	7.2167818263011296E-01
5.5163163163163164E+05	7.2167417385260713E-01
5.5255255255255254E+05	7.2166887579124817E-01
5.5347347347347345E+05	7.2167137129614733E-01
5.5439439439439436E+05	7.2167299929711781E-01
5.5531531531531527E+05	7.2166219888855387E-01
5.5623623623623629E+05	7.2166328640995669E-01
5.5715715715715720E+05	7.2166269501428759E-01
5.5807807807807811E+05	7.2165741975056119E-01
5.5899899899899901E+05	7.2165449135517168E-01
5.5991991991991992E+05	7.2166167834640027E-01
5.6084084084084083E+05	7.2164933428350597E-01
5.6176176176176174E+05	7.2165134014346466E-01
5.6268268268268264E+05	7.2164803512628306E-01
5.6360360360360367E+05	7.2164253123928557E-01
5.6452452452452458E+05	7.2165207452899660E-01
5.6544544544544548E+05	7.2163876862475729E-01
5.6636636636636639E+05	7.2164081090514787E-01
5.6728728728728730E+05	7.2163492981310595E-01
5.6820820820820821E+05	7.2164184992407243E-01
5.6912912912912911E+05	7.2162905983493042E-01
5.7005005005005002E+05	7.2163162984156748E-01
5.7097097097097093E+05	7.2162668256752927E-01
5.7189189189189195E+05	7.2163367849820914E-01
5.7281281281281286E+05	7.2162040334594801E-01
5.7373373373373377E+05	7.2162328808102805E-01
5.7465465465465467E+05	7.2161621738599036E-01
5.7557557557557558E+05	7.2162392495314953E-01
5.7649649649649649E+05	7.2161436351849229E-01
5.7741741741741740E+05	7.2161261809377830E-01
5.7833833833833830E+05	7.2161614685605968E-01
5.7925925925925921E+05	7.2160552693249158E-01
5.8018018018018024E+05	7.2160745652838743E-01
5.8110110110110114E+05	7.2160267844789383E-01
5.8202202202202205E+05	7.2159829542233378E-01
5.8294294294294296E+05	7.2160103520134766E-01
5.8386386386386387E+05	7.2159605825723350E-01
5.8478478478478477E+05	7.2159198741422637E-01
5.8570570570570568E+05	7.2159398984515533E-01
5.8662662662662659E+05	7.2159625229746427E-01
5.8754754754754761E+05	7.2158696748696682E-01
5.8846846846846852E+05	7.2158530297600831E-01
5.8938938938938943E+05	7.2159110019088468E-01
5.9031031031031033E+05	7.2158316522814436E-01
5.9123123123123124E+05	7.2157629045822713E-01
5.9215215215215215E+05	7.2157415574663508E-01
5.9307307307307306E+05	7.2157574846944517E-01
5.9399399399399396E+05	7.2158646087408618E-01
5.9491491491491487E+05	7.2157221623854473E-01
5.9583583583583590E+05	7.2156589615039768E-01
5.9675675675675680E+05	7.2156430883080014E-01
5.9767767767767771E+05	7.2156236171913890E-01
5.9859859859859862E+05	7.2155920865414125E-01
5.9951951951951953E+05	7.2156081966005514E-01
6.0044044044044043E+05	7.2156695644149227E-01
6.0136136136136134E+05	7.2155726187449110E-01
6.0228228228228225E+05	7.2156234630767280E-01
6.0320320320320316E+05	7.2155222226846938E-01
6.0412412412412418E+05	7.2154872406219417E-01
6.0504504504504509E+05	7.2154688567942005E-01
6.0596596596596600E+05	7.2154207007388271E-01
6.0688688688688690E+05	7.2154211235156007E-01
6.0780780780780781E+05	7.2153726260205397E-01
6.0872872872872872E+05	7.2153771093305941E-01
6.0964964964964963E+05	7.2153358732580009E-01
6.1057057057057053E+05	7.2153396393644975E-01
6.1149149149149156E+05	7.2153235604855059E-01
6.1241241241241246E+05	7.2153034022729823E-01
6.1333333333333337E+05	7.2153998972701927E-01
6.1425425425425428E+05	7.2152623983604069E-01
6.1517517517517519E+05	7.2152683198075063E-01
6.1609609609609609E+05	7.2152057566220340E-01
6.1701701701701700E+05	7.2151459512750993E-01
6.1793793793793791E+05	7.2151312243385579E-01
6.1885885885885882E+05	7.2151239281810275E-01
6.1977977977977984E+05	7.2151086393113018E-01
6.2070070070070075E+05	7.2151092876945133E-01
6.2162162162162166E+05	7.2151072854410347E-01
6.2254254254254256E+05	7.2150401724533519E-01
6.2346346346346347E+05	7.2150022279760873E-01
6.2438438438438438E+05	7.2149858436291570E-01
6.2530530530530529E+05	7.2149980522187385E-01
6.2622622622622619E+05	7.2149475647211203E-01
6.2714714714714710E+05	7.2149117364601734E-01
6.2806806806806813E+05	7.2149183536003514E-01
6.2898898898898903E+05	7.2150462572415164E-01
6.2990990990990994E+05	7.2148660893050476E-01
6.3083083083083085E+05	7.2148362227420482E-01
6.3175175175175176E+05	7.2149367525951691E-01
6.3267267267267266E+05	7.2148062268099122E-01
6.3359359359359357E+05	7.2147682704624094E-01
6.3451451451451448E+05	7.2148927379873085E-01
6.3543543543543550E+05	7.2147334047171652E-01
6.3635635635635641E+05	7.2147128183451659E-01
6.3727727727727732E+05	7.2147854767687813E-01
6.3819819819819822E+05	7.2146472952953156E-01
6.3911911911911913E+05	7.2146642567442576E-01
6.4004004004004004E+05	7.2145975553510522E-01
6.4096096096096095E+05	7.2145903281477342E-01
6.4188188188188185E+05	7.2145923286004210E-01
6.4280280280280276E+05	7.2145552827571413E-01
6.4372372372372379E+05	7.2145687456454854E-01
6.4464464464464469E+05	7.2144842713038415E-01
6.4556556556556560E+05	7.2145095853306662E-01
6.4648648648648651E+05	7.2144644284108184E-01
6.4740740740740742E+05	7.2144654237194217E-01
6.4832832832832832E+05	7.2144026935623706E-01
6.4924924924924923E+05	7.2144081346359978E-01
6.5017017017017014E+05	7.2143952590669902E-01
6.5109109109109105E+05	7.2143296742597607E-01
6.5201201201201207E+05	7.2144947059510345E-01
6.5293293293293298E+05	7.2142871664517694E-01
6.5385385385385389E+05	7.2143064280745672E-01
6.5477477477477479E+05	7.2142839773764156E-01
6.5569569569569570E+05	7.2142218279489001E-01
6.5661661661661661E+05	7.2143181136285295E-01
6.5753753753753752E+05	7.2141893536736035E-01
6.5845845845845842E+05	7.2141697781321201E-01
6.5937937937937945E+05	7.2141803554033612E-01
6.6030030030030035E+05	7.2141501507914840E-01
6.6122122122122126E+05	7.2140941463341257E-01
6.6214214214214217E+05	7.2140892811885571E-01
6.6306306306306308E+05	7.2142134981622885E-01
6.6398398398398398E+05	7.2140256251603097E-01
6.6490490490490489E+05	7.2140093629827529E-01
6.6582582582582580E+05	7.2140146403300875E-01
6.6674674674674671E+05	7.2140071721639343E-01
6.6766766766766773E+05	7.2139751179073319E-01
6.6858858858858864E+05	7.2139299206097052E-01
6.6950950950950955E+05	7.2138895227987598E-01
6.7043043043043045E+05	7.2138781603258095E-01
6.7135135135135136E+05	7.2139473476619331E-01
6.7227227227227227E+05	7.2139939273960429E-01
6.7319319319319318E+05	7.2138463534355224E-01
6.7411411411411408E+05	7.2137839669028059E-01
6.7503503503503499E+05	7.2137562825410562E-01
6.7595595595595601E+05	7.2137404941768757E-01
6.7687687687687692E+05	7.2137273206449848E-01
6.7779779779779783E+05	7.2137143886619270E-01
6.7871871871871874E+05	7.2137002783508253E-01
6.7963963963963964E+05	7.2136821328572298E-01
6.8056056056056055E+05	7.2136640430610999E-01
6.8148148148148146E+05	7.2136442816144863E-01
6.8240240240240237E+05	7.2136226852091057E-01
6.8332332332332339E+05	7.2136003340284705E-01
6.8424424424424430E+05	7.2135766306272409E-01
6.8516516516516521E+05	7.2135517044770359E-01
6.8608608608608611E+05	7.2135261236587300E-01
6.8700700700700702E+05	7.2134976946975027E-01
6.8792792792792793E+05	7.2134678431715915E-01
6.8884884884884884E+05	7.2134376881656626E-01
6.8976976976976974E+05	7.2134059830119690E-01
6.9069069069069065E+05	7.2133811173516671E-01
6.9161161161161168E+05	7.2133748955354404E-01
6.9253253253253258E+05	7.2134280531749084E-01
6.9345345345345349E+05	7.2135026713822570E-01
6.9437437437437440E+05	7.2133399160679434E-01
6.9529529529529531E+05	7.2132720327990474E-01
6.9621621621621621E+05	7.2132551843692683E-01
6.9713713713713712E+05	7.2132570980025346E-01
6.9805805805805803E+05	7.2132529690068548E-01
6.9897897897897894E+05	7.2132299208976558E-01
6.9989989989989996E+05	7.2131870522084840E-01
7.0082082082082087E+05	7.2131397004673559E-01
7.0174174174174177E+05	7.2131559204824514E-01
7.0266266266266268E+05	7.2132284520002699E-01
7.0358358358358359E+05	7.2130731494256062E-01
7.0450450450450450E+05	7.2130715930087008E-01
7.0542542542542540E+05	7.2130783731712822E-01
7.0634634634634631E+05	7.2130429030812582E-01
7.0726726726726722E+05	7.2129858294393645E-01
7.0818818818818824E+05	7.2130647320059971E-01
7.0910910910910915E+05	7.2129559475198257E-01
7.1003003003003006E+05	7.2129365770357068E-01
7.1095095095095097E+05	7.2129456451154050E-01
7.1187187187187187E+05	7.2128975307968657E-01
7.1279279279279278E+05	7.2128663732468723E-01
7.1371371371371369E+05	7.2128854202803128E-01
7.1463463463463460E+05	7.2128222715071688E-01
7.1555555555555562E+05	7.2128369187929187E-01
7.1647647647647653E+05	7.2127727218836024E-01
7.1739739739739744E+05	7.2128634296434946E-01
7.1831831831831834E+05	7.2127177865201475E-01
7.1923923923923925E+05	7.2127434709190019E-01
7.2016016016016016E+05	7.2126979300859018E-01
7.2108108108108107E+05	7.2127260911355529E-01
7.2200200200200197E+05	7.2126314646103307E-01
7.2292292292292288E+05	7.2126572760312901E-01
7.2384384384384390E+05	7.2125971008483825E-01
7.2476476476476481E+05	7.2127568385341301E-01
7.2568568568568572E+05	7.2125578972726334E-01
7.2660660660660663E+05	7.2125639243686779E-01
7.2752752752752753E+05	7.2125149685767442E-01
7.2844844844844844E+05	7.2124759054176191E-01
7.2936936936936935E+05	7.2125043835256819E-01
7.3029029029029026E+05	7.2124320358824390E-01
7.3121121121121116E+05	7.2124258187384127E-01
7.3213213213213219E+05	7.2124363917909640E-01
7.3305305305305310E+05	7.2123663837341245E-01
7.3397397397397400E+05	7.2123591228704342E-01
7.3489489489489491E+05	7.2123713378935250E-01
7.3581581581581582E+05	7.2122999858805081E-01
7.3673673673673673E+05	7.2122772784860456E-01
7.3765765765765763E+05	7.2123041207281890E-01
7.3857857857857854E+05	7.2122746357785206E-01
7.3949949949949956E+05	7.2122251513099012E-01
7.4042042042042047E+05	7.2122147680294901E-01
7.4134134134134138E+05	7.2122597430242097E-01
7.4226226226226229E+05	7.2121926257589508E-01
7.4318318318318320E+05	7.2121279004583982E-01
7.4410410410410410E+05	7.2121086473920715E-01
7.4502502502502501E+05	7.2121033889595387E-01
7.4594594594594592E+05	7.2120977446056178E-01
7.4686686686686683E+05	7.2120849933399445E-01
7.4778778778778785E+05	7.2121121100307384E-01
7.4870870870870876E+05	7.2120267819170003E-01
7.4962962962962966E+05	7.2119683898302123E-01
7.5055055055055057E+05	7.2119570763435803E-01
7.5147147147147148E+05	7.2119333674367070E-01
7.5239239239239239E+05	7.2119015101027450E-01
7.5331331331331329E+05	7.2119061643396543E-01
7.5423423423423420E+05	7.2118660636454190E-01
7.5515515515515511E+05	7.2118729461488318E-01
7.5607607607607613E+05	7.2118399623133900E-01
7.5699699699699704E+05	7.2118326379630815E-01
7.5791791791791795E+05	7.2118022693109307E-01
7.5883883883883886E+05	7.2117867352881126E-01
7.5975975975975976E+05	7.2117440323828297E-01
7.6068068068068067E+05	7.2117368156090611E-01
7.6160160160160158E+05	7.2116844534929336E-01
7.6252252252252249E+05	7.2116797741393657E-01
7.6344344344344351E+05	7.2116378729091346E-01
7.6436436436436442E+05	7.2116173015768237E-01
7.6528528528528532E+05	7.2116131636407665E-01
7.6620620620620623E+05	7.2115802928051831E-01
7.6712712712712714E+05	7.2115932917272774E-01
7.6804804804804805E+05	7.2117176083730417E-01
7.6896896896896895E+05	7.2115493697498079E-01
7.6988988988988986E+05	7.2114872545267494E-01
7.7081081081081077E+05	7.2114687700834534E-01
7.7173173173173179E+05	7.2114605722147507E-01
7.7265265265265270E+05	7.2114720820516998E-01
7.7357357357357361E+05	7.2114424715446890E-01
7.7449449449449452E+05	7.2113804320349550E-01
7.7541541541541542E+05	7.2113545458669570E-01
7.7633633633633633E+05	7.2113615086002791E-01
7.7725725725725724E+05	7.2114985109874974E-01
7.7817817817817815E+05	7.2113153892779813E-01
7.7909909909909905E+05	7.2112718786543528E-01
7.8002002002002008E+05	7.2112984735528396E-01
7.8094094094094099E+05	7.2112603965282973E-01
7.8186186186186189E+05	7.2111978794185727E-01
7.8278278278278280E+05	7.2112042906466844E-01
7.8370370370370371E+05	7.2111962086817050E-01
7.8462462462462462E+05	7.2111330627706949E-01
7.8554554554554552E+05	7.2111828078599183E-01
7.8646646646646643E+05	7.2111183575473148E-01
7.8738738738738745E+05	7.2110848213382184E-01
7.8830830830830836E+05	7.2112039678437856E-01
7.8922922922922927E+05	7.2110262900126765E-01
7.9015015015015018E+05	7.2110436343492590E-01
7.9107107107107108E+05	7.2109733447059698E-01
7.9199199199199199E+05	7.2109776559675154E-01
7.9291291291291290E+05	7.2109638247422447E-01
7.9383383383383381E+05	7.2109401909054671E-01
7.9475475475475471E+05	7.2109076714601439E-01
7.9567567567567574E+05	7.2108708514607578E-01
7.9659659659659665E+05	7.2108767363589776E-01
7.9751751751751755E+05	7.2108560280858458E-01
7.9843843843843846E+05	7.2107990778237019E-01
7.9935935935935937E+05	7.2108428128485613E-01
8.0028028028028028E+05	7.2107662349882429E-01
8.0120120120120118E+05	7.2107805576328310E-01
8.0212212212212209E+05	7.2107237648734457E-01
8.0304304304304300E+05	7.2107200395849869E-01
8.0396396396396402E+05	7.2106995682356689E-01
8.0488488488488493E+05	7.2106549045239376E-01
8.0580580580580584E+05	7.2106681458718080E-01
8.0672672672672675E+05	7.2106291082148266E-01
8.0764764764764765E+05	7.2105739620247755E-01
8.0856856856856856E+05	7.2107011297037638E-01
8.0948948948948947E+05	7.2105455288407927E-01
8.1041041041041038E+05	7.2105211094199761E-01
8.1133133133133140E+05	7.2105306885752352E-01
8.1225225225225231E+05	7.2105108288825337E-01
8.1317317317317321E+05	7.2104618832831002E-01
8.1409409409409412E+05	7.2104186970877115E-01
8.1501501501501503E+05	7.2104694910213885E-01
8.1593593593593594E+05	7.2104911877348654E-01
8.1685685685685684E+05	7.2103567984162353E-01
8.1777777777777775E+05	7.2103366652905665E-01
8.1869869869869866E+05	7.2103377323776741E-01
8.1961961961961968E+05	7.2103331894586431E-01
8.2054054054054059E+05	7.2103149344670792E-01
8.2146146146146150E+05	7.2102843033661046E-01
8.2238238238238241E+05	7.2102465845516794E-01
8.2330330330330331E+05	7.2102088027572686E-01
8.2422422422422422E+05	7.2101766308394122E-01
8.2514514514514513E+05	7.2101548145311722E-01
8.2606606606606604E+05	7.2101494150816592E-01
8.2698698698698694E+05	7.2101628671784646E-01
8.2790790790790797E+05	7.2101979939543270E-01
8.2882882882882887E+05	7.2102371885400485E-01
8.2974974974974978E+05	7.2102376692559900E-01
8.3067067067067069E+05	7.2102041838819064E-01
8.3159159159159160E+05	7.2101669497187526E-01
8.3251251251251251E+05	7.2101409413158513E-01
8.3343343343343341E+05	7.2101283915759784E-01
8.3435435435435432E+05	7.2101207277062607E-01
8.3527527527527534E+05	7.2100991669719039E-01
8.3619619619619625E+05	7.2100352197092732E-01
8.3711711711711716E+05	7.2099511168322727E-01
8.3803803803803807E+05	7.2098810594225160E-01
8.3895895895895897E+05	7.2098304074850561E-01
8.3987987987987988E+05	7.2097988281721626E-01
8.4080080080080079E+05	7.2097811716498139E-01
8.4172172172172170E+05	7.2097725138269653E-01
8.4264264264264260E+05	7.2097651261023243E-01
8.4356356356356363E+05	7.2097579072060380E-01
8.4448448448448454E+05	7.2097393347292738E-01
8.4540540540540544E+05	7.2097065384238690E-01
8.4632632632632635E+05	7.2096652295637054E-01
8.4724724724724726E+05	7.2096225528830560E-01
8.4816816816816817E+05	7.2096243093884826E-01
8.4908908908908907E+05	7.2097715839433929E-01
8.5001001001000998E+05	7.2095748941934090E-01
8.5093093093093089E+05	7.2095373365877391E-01
8.5185185185185191E+05	7.2095440216439832E-01
8.5277277277277282E+05	7.2095410872470556E-01
8.5369369369369373E+05	7.2094992203465513E-01
8.5461461461461463E+05	7.2094459847757852E-01
8.5553553553553554E+05	7.2095053861387781E-01
8.5645645645645645E+05	7.2094361026543252E-01
8.5737737737737736E+05	7.2093864686022913E-01
8.5829829829829826E+05	7.2094028044626390E-01
8.5921921921921929E+05	7.2093723746670790E-01
8.6014014014014020E+05	7.2093126589990297E-01
8.6106106106106110E+05	7.2094677359000414E-01
8.6198198198198201E+05	7.2092674271210277E-01
8.6290290290290292E+05	7.2092828231069928E-01
8.6382382382382383E+05	7.2092653116868421E-01
8.6474474474474473E+05	7.2092004661238174E-01
8.6566566566566564E+05	7.2093412766617171E-01
8.6658658658658655E+05	7.2091623306462971E-01
8.6750750750750757E+05	7.2091843782799792E-01
8.6842842842842848E+05	7.2091241596406530E-01
8.6934934934934939E+05	7.2092370188698418E-01
8.7027027027027030E+05	7.2090692111983268E-01
8.7119119119119120E+05	7.2090973585728590E-01
8.7211211211211211E+05	7.2090311606495738E-01
8.7303303303303302E+05	7.2091874773715614E-01
8.7395395395395393E+05	7.2089937327405562E-01
8.7487487487487483E+05	7.2090035775889094E-01
8.7579579579579586E+05	7.2089422670809566E-01
8.7671671671671676E+05	7.2089169195091363E-01
8.7763763763763767E+05	7.2089386552676615E-01
8.7855855855855858E+05	7.2088721781050835E-01
8.7947947947947949E+05	7.2089104239949753E-01
8.8040040040040039E+05	7.2088648301685232E-01
8.8132132132132130E+05	7.2088158648350653E-01
8.8224224224224221E+05	7.2088857536753803E-01
8.8316316316316323E+05	7.2087958142316977E-01
8.8408408408408414E+05	7.2087448332060466E-01
8.8500500500500505E+05	7.2087646780436376E-01
8.8592592592592596E+05	7.2087366636101602E-01
8.8684684684684686E+05	7.2086680986164653E-01
8.8776776776776777E+05	7.2086475186133769E-01
8.8868868868868868E+05	7.2086720093347867E-01
8.8960960960960959E+05	7.2086639444066480E-01
8.9053053053053049E+05	7.2086007926995610E-01
8.9145145145145152E+05	7.2085739291561779E-01
8.9237237237237243E+05	7.2085621318342985E-01
8.9329329329329333E+05	7.2085639310419125E-01
8.9421421421421424E+05	7.2085507706097973E-01
8.9513513513513515E+05	7.2084965113097299E-01
8.9605605605605606E+05	7.2084488711480088E-01
8.9697697697697696E+05	7.2084243382151569E-01
8.9789789789789787E+05	7.2084367896497092E-01
8.9881881881881878E+05	7.2084401736852310E-01
8.9973973973973980E+05	7.2084094715760161E-01
9.0066066066066071E+05	7.2085102458308847E-01
9.0158158158158162E+05	7.2083607822172791E-01
9.0250250250250252E+05	7.2083337080468612E-01
9.0342342342342343E+05	7.2083071359090722E-01
9.0434434434434434E+05	7.2082574566958191E-01
9.0526526526526525E+05	7.2082557670216707E-01
9.0618618618618615E+05	7.2082058372945645E-01
9.0710710710710718E+05	7.2082081908222551E-01
9.0802802802802809E+05	7.2081633289780123E-01
9.0894894894894899E+05	7.2081687657548121E-01
9.0986986986986990E+05	7.2081282303339000E-01
9.1079079079079081E+05	7.2081325299579302E-01
9.1171171171171172E+05	7.2081357229362120E-01
9.1263263263263262E+05	7.2080968049458349E-01
9.1355355355355353E+05	7.2082165887911354E-01
9.1447447447447444E+05	7.2080525350568825E-01
9.1539539539539546E+05	7.2080059185882128E-01
9.1631631631631637E+05	7.2079844757992939E-01
9.1723723723723728E+05	7.2079405273008401E-01
9.1815815815815818E+05	7.2079136515221631E-01
9.1907907907907909E+05	7.2079319667238728E-01
9.2000000000000000E+05	7.2080250167624293E-01
