1.7318377643823624E-01	3.7011718750000000E+01
2.3165105283260345E-01	3.7011718750000000E+01
2.8920897841453552E-01	3.7011718750000000E+01
3.4688698500394821E-01	3.7011718750000000E+01
4.0450322628021240E-01	3.7011718750000000E+01
4.6239759773015976E-01	3.7011718750000000E+01
5.2007218450307846E-01	3.7011718750000000E+01
5.7851636409759521E-01	3.7144531250000000E+01
6.3633504509925842E-01	3.7144531250000000E+01
6.9409593939781189E-01	3.7144531250000000E+01
7.5181970000267029E-01	3.7144531250000000E+01
8.0954796820878983E-01	3.7144531250000000E+01
8.6730121076107025E-01	3.7144531250000000E+01
9.2503040283918381E-01	3.7144531250000000E+01
9.8275125026702881E-01	3.7144531250000000E+01
1.0404840409755707E+00	3.7144531250000000E+01
1.0982725471258163E+00	3.7144531250000000E+01
1.1560622081160545E+00	3.7144531250000000E+01
1.2137983441352844E+00	3.7144531250000000E+01
1.2715559527277946E+00	3.7144531250000000E+01
1.3293381482362747E+00	3.7144531250000000E+01
1.3870954588055611E+00	3.7144531250000000E+01
1.4448763653635979E+00	3.7144531250000000E+01
1.5026632249355316E+00	3.7144531250000000E+01
1.5604187026619911E+00	3.7144531250000000E+01
1.6181123033165932E+00	3.7144531250000000E+01
1.6757972016930580E+00	3.7144531250000000E+01
1.7334719598293304E+00	3.7144531250000000E+01
1.7911967560648918E+00	3.7144531250000000E+01
1.8489685431122780E+00	3.7144531250000000E+01
1.9067666009068489E+00	3.7144531250000000E+01
1.9645323455333710E+00	3.7144531250000000E+01
2.0222743153572083E+00	3.7144531250000000E+01
2.0800484269857407E+00	3.7144531250000000E+01
2.1378196775913239E+00	3.7144531250000000E+01
2.1955434083938599E+00	3.7144531250000000E+01
2.2532879784703255E+00	3.7144531250000000E+01
2.3110522553324699E+00	3.7144531250000000E+01
2.3687985762953758E+00	3.7144531250000000E+01
2.4265322536230087E+00	3.7144531250000000E+01
2.4842410013079643E+00	3.7144531250000000E+01
2.5419257059693336E+00	3.7144531250000000E+01
2.6003125011920929E+00	3.7160156250000000E+01
2.6581530570983887E+00	3.7160156250000000E+01
2.7158302143216133E+00	3.7160156250000000E+01
2.7735626175999641E+00	3.7160156250000000E+01
2.8313136249780655E+00	3.7160156250000000E+01
2.8890613839030266E+00	3.7160156250000000E+01
2.9468000456690788E+00	3.7160156250000000E+01
3.0045301839709282E+00	3.7160156250000000E+01
3.0622683465480804E+00	3.7160156250000000E+01
3.1198195591568947E+00	3.7160156250000000E+01
3.1773070916533470E+00	3.7160156250000000E+01
3.2348039448261261E+00	3.7160156250000000E+01
3.2922749668359756E+00	3.7160156250000000E+01
3.3497247770428658E+00	3.7160156250000000E+01
3.4072001725435257E+00	3.7160156250000000E+01
3.4646856784820557E+00	3.7160156250000000E+01
3.5221531316637993E+00	3.7160156250000000E+01
3.5796044692397118E+00	3.7160156250000000E+01
3.6370678469538689E+00	3.7160156250000000E+01
3.6944955363869667E+00	3.7160156250000000E+01
3.7519417479634285E+00	3.7160156250000000E+01
3.8093808293342590E+00	3.7160156250000000E+01
3.8668391108512878E+00	3.7160156250000000E+01
3.9242854788899422E+00	3.7160156250000000E+01
3.9821801558136940E+00	3.7160156250000000E+01
4.0396247729659081E+00	3.7160156250000000E+01
4.0970767363905907E+00	3.7160156250000000E+01
4.1545081958174706E+00	3.7160156250000000E+01
4.2119485214352608E+00	3.7160156250000000E+01
4.2694248408079147E+00	3.7160156250000000E+01
4.3269062042236328E+00	3.7160156250000000E+01
4.3843900263309479E+00	3.7160156250000000E+01
4.4418493583798409E+00	3.7160156250000000E+01
4.4993257671594620E+00	3.7160156250000000E+01
4.5567504689097404E+00	3.7160156250000000E+01
4.6141917109489441E+00	3.7160156250000000E+01
4.6716744750738144E+00	3.7160156250000000E+01
4.7290926352143288E+00	3.7160156250000000E+01
4.7865551784634590E+00	3.7160156250000000E+01
4.8439792022109032E+00	3.7160156250000000E+01
4.9014507904648781E+00	3.7160156250000000E+01
4.9588961750268936E+00	3.7160156250000000E+01
5.0163502171635628E+00	3.7160156250000000E+01
5.0737498924136162E+00	3.7160156250000000E+01
5.1312092840671539E+00	3.7160156250000000E+01
5.1886950656771660E+00	3.7160156250000000E+01
5.2461509704589844E+00	3.7160156250000000E+01
5.3036047890782356E+00	3.7160156250000000E+01
5.3610649853944778E+00	3.7160156250000000E+01
5.4185103997588158E+00	3.7160156250000000E+01
5.4760011062026024E+00	3.7160156250000000E+01
5.5334304720163345E+00	3.7160156250000000E+01
5.5908897221088409E+00	3.7160156250000000E+01
5.6483778655529022E+00	3.7160156250000000E+01
5.7058425843715668E+00	3.7160156250000000E+01
5.7632759064435959E+00	3.7160156250000000E+01
5.8207558616995811E+00	3.7160156250000000E+01
5.8782078176736832E+00	3.7160156250000000E+01
5.9356525316834450E+00	3.7160156250000000E+01
5.9936869889497757E+00	3.7160156250000000E+01
6.0512878596782684E+00	3.7160156250000000E+01
6.1087380275130272E+00	3.7160156250000000E+01
6.1661696359515190E+00	3.7160156250000000E+01
6.2236374765634537E+00	3.7160156250000000E+01
6.2811071053147316E+00	3.7160156250000000E+01
6.3385557532310486E+00	3.7160156250000000E+01
6.3960029333829880E+00	3.7160156250000000E+01
6.4534660056233406E+00	3.7160156250000000E+01
6.5109449848532677E+00	3.7160156250000000E+01
6.5684101805090904E+00	3.7160156250000000E+01
6.6258915960788727E+00	3.7160156250000000E+01
6.6833561956882477E+00	3.7160156250000000E+01
6.7408219948410988E+00	3.7160156250000000E+01
6.7982870265841484E+00	3.7160156250000000E+01
6.8557529896497726E+00	3.7160156250000000E+01
6.9132110923528671E+00	3.7160156250000000E+01
6.9706883430480957E+00	3.7160156250000000E+01
7.0281329825520515E+00	3.7160156250000000E+01
7.0856142565608025E+00	3.7160156250000000E+01
7.1430986523628235E+00	3.7160156250000000E+01
7.2005963921546936E+00	3.7160156250000000E+01
7.2581077516078949E+00	3.7160156250000000E+01
7.3155925273895264E+00	3.7160156250000000E+01
7.3731316626071930E+00	3.7160156250000000E+01
7.4306244328618050E+00	3.7160156250000000E+01
7.4881026372313499E+00	3.7160156250000000E+01
7.5456061437726021E+00	3.7160156250000000E+01
7.6031261757016182E+00	3.7160156250000000E+01
7.6606446653604507E+00	3.7160156250000000E+01
7.7181461527943611E+00	3.7160156250000000E+01
7.7756552398204803E+00	3.7160156250000000E+01
7.8331476077437401E+00	3.7160156250000000E+01
7.8906370028853416E+00	3.7160156250000000E+01
7.9481423348188400E+00	3.7160156250000000E+01
8.0056387335062027E+00	3.7160156250000000E+01
8.0631879493594170E+00	3.7160156250000000E+01
8.1206924170255661E+00	3.7160156250000000E+01
8.1781883686780930E+00	3.7160156250000000E+01
8.2356869280338287E+00	3.7160156250000000E+01
8.2931785061955452E+00	3.7160156250000000E+01
8.3507238179445267E+00	3.7160156250000000E+01
8.4082754626870155E+00	3.7160156250000000E+01
8.4658755585551262E+00	3.7160156250000000E+01
8.5234246179461479E+00	3.7160156250000000E+01
8.5809583663940430E+00	3.7160156250000000E+01
8.6384715810418129E+00	3.7160156250000000E+01
8.6959781721234322E+00	3.7160156250000000E+01
8.7535152733325958E+00	3.7160156250000000E+01
8.8111436888575554E+00	3.7160156250000000E+01
8.8688072562217712E+00	3.7160156250000000E+01
8.9263789504766464E+00	3.7160156250000000E+01
8.9840222597122192E+00	3.7160156250000000E+01
9.0415745228528976E+00	3.7160156250000000E+01
9.0991551429033279E+00	3.7160156250000000E+01
9.1568177863955498E+00	3.7160156250000000E+01
9.2146319150924683E+00	3.7160156250000000E+01
9.2725614011287689E+00	3.7160156250000000E+01
9.3303152918815613E+00	3.7160156250000000E+01
9.3881689459085464E+00	3.7160156250000000E+01
9.4459015130996704E+00	3.7160156250000000E+01
9.5036989450454712E+00	3.7160156250000000E+01
9.5616687461733818E+00	3.7160156250000000E+01
9.6197961941361427E+00	3.7160156250000000E+01
9.6779367774724960E+00	3.7160156250000000E+01
9.7360026687383652E+00	3.7160156250000000E+01
9.7941944748163223E+00	3.7160156250000000E+01
9.8522413894534111E+00	3.7160156250000000E+01
9.9103981107473373E+00	3.7160156250000000E+01
9.9685979709029198E+00	3.7160156250000000E+01
1.0026849649846554E+01	3.7160156250000000E+01
1.0085115306079388E+01	3.7160156250000000E+01
1.0143357738852501E+01	3.7160156250000000E+01
1.0201639153063297E+01	3.7160156250000000E+01
1.0259888075292110E+01	3.7160156250000000E+01
1.0318131960928440E+01	3.7160156250000000E+01
1.0376405268907547E+01	3.7160156250000000E+01
1.0434686362743378E+01	3.7160156250000000E+01
1.0492923676967621E+01	3.7160156250000000E+01
1.0551164627075195E+01	3.7160156250000000E+01
1.0609424456954002E+01	3.7160156250000000E+01
1.0667675584554672E+01	3.7160156250000000E+01
1.0725892864167690E+01	3.7160156250000000E+01
1.0784084312617779E+01	3.7160156250000000E+01
1.0842183567583561E+01	3.7160156250000000E+01
1.0900224737823009E+01	3.7160156250000000E+01
1.0958422273397446E+01	3.7160156250000000E+01
1.1016496695578098E+01	3.7160156250000000E+01
1.1074713043868542E+01	3.7160156250000000E+01
1.1132915988564491E+01	3.7160156250000000E+01
1.1191148348152637E+01	3.7160156250000000E+01
1.1249389715492725E+01	3.7160156250000000E+01
1.1307737432420254E+01	3.7160156250000000E+01
1.1366023831069469E+01	3.7160156250000000E+01
1.1424373552203178E+01	3.7160156250000000E+01
1.1482657872140408E+01	3.7160156250000000E+01
1.1540917210280895E+01	3.7160156250000000E+01
1.1599179506301880E+01	3.7160156250000000E+01
1.1657455086708069E+01	3.7160156250000000E+01
1.1715706557035446E+01	3.7160156250000000E+01
1.1774399138987064E+01	3.7160156250000000E+01
1.1832830131053925E+01	3.7160156250000000E+01
1.1891252450644970E+01	3.7160156250000000E+01
1.1949745208024979E+01	3.7160156250000000E+01
1.2008235275745392E+01	3.7160156250000000E+01
1.2066990725696087E+01	3.7160156250000000E+01
1.2125552058219910E+01	3.7160156250000000E+01
1.2184087015688419E+01	3.7160156250000000E+01
1.2242640636861324E+01	3.7160156250000000E+01
1.2301167502999306E+01	3.7160156250000000E+01
1.2359728157520294E+01	3.7160156250000000E+01
1.2418254345655441E+01	3.7160156250000000E+01
1.2476749971508980E+01	3.7160156250000000E+01
1.2535192750394344E+01	3.7160156250000000E+01
1.2593942746520042E+01	3.7160156250000000E+01
1.2652426205575466E+01	3.7160156250000000E+01
1.2710900455713272E+01	3.7160156250000000E+01
1.2769341714680195E+01	3.7160156250000000E+01
1.2827762372791767E+01	3.7160156250000000E+01
1.2886176191270351E+01	3.7160156250000000E+01
1.2944575205445290E+01	3.7160156250000000E+01
1.3002988077700138E+01	3.7160156250000000E+01
1.3061378583312035E+01	3.7160156250000000E+01
1.3119722202420235E+01	3.7160156250000000E+01
1.3178063474595547E+01	3.7160156250000000E+01
1.3236427865922451E+01	3.7160156250000000E+01
1.3294711902737617E+01	3.7160156250000000E+01
1.3352997191250324E+01	3.7160156250000000E+01
1.3411310948431492E+01	3.7160156250000000E+01
1.3469656474888325E+01	3.7160156250000000E+01
1.3527891516685486E+01	3.7160156250000000E+01
1.3585998781025410E+01	3.7160156250000000E+01
1.3643892757594585E+01	3.7160156250000000E+01
1.3701610743999481E+01	3.7160156250000000E+01
1.3759472414851189E+01	3.7160156250000000E+01
1.3817213311791420E+01	3.7160156250000000E+01
1.3875089712440968E+01	3.7160156250000000E+01
1.3933131404221058E+01	3.7160156250000000E+01
1.3991260439157486E+01	3.7160156250000000E+01
1.4049488075077534E+01	3.7160156250000000E+01
1.4107811465859413E+01	3.7160156250000000E+01
1.4165951162576675E+01	3.7160156250000000E+01
1.4224143572151661E+01	3.7160156250000000E+01
1.4282243669033051E+01	3.7160156250000000E+01
1.4340243801474571E+01	3.7160156250000000E+01
1.4398174889385700E+01	3.7160156250000000E+01
1.4455951459705830E+01	3.7160156250000000E+01
1.4513620525598526E+01	3.7160156250000000E+01
1.4571454964578152E+01	3.7160156250000000E+01
1.4629141509532928E+01	3.7160156250000000E+01
1.4686816655099392E+01	3.7160156250000000E+01
1.4744625836610794E+01	3.7160156250000000E+01
1.4802586279809475E+01	3.7160156250000000E+01
1.4860644482076168E+01	3.7160156250000000E+01
1.4918550789356232E+01	3.7160156250000000E+01
1.4976534388959408E+01	3.7160156250000000E+01
1.5034341484308243E+01	3.7160156250000000E+01
1.5092210121452808E+01	3.7160156250000000E+01
1.5150269575417042E+01	3.7160156250000000E+01
1.5208438210189342E+01	3.7160156250000000E+01
1.5266629792749882E+01	3.7160156250000000E+01
1.5324710398912430E+01	3.7160156250000000E+01
1.5382924489676952E+01	3.7160156250000000E+01
1.5440999351441860E+01	3.7160156250000000E+01
1.5498990707099438E+01	3.7160156250000000E+01
1.5557062320411205E+01	3.7160156250000000E+01
1.5615149132907391E+01	3.7160156250000000E+01
1.5673081532120705E+01	3.7160156250000000E+01
1.5730954274535179E+01	3.7160156250000000E+01
1.5788794279098511E+01	3.7160156250000000E+01
1.5846790283918381E+01	3.7160156250000000E+01
1.5904627844691277E+01	3.7160156250000000E+01
1.5962357141077518E+01	3.7160156250000000E+01
1.6020012810826302E+01	3.7160156250000000E+01
1.6077805526554585E+01	3.7160156250000000E+01
1.6135455489158630E+01	3.7160156250000000E+01
1.6193226724863052E+01	3.7160156250000000E+01
1.6250849179923534E+01	3.7160156250000000E+01
1.6308419384062290E+01	3.7160156250000000E+01
1.6365884125232697E+01	3.7160156250000000E+01
1.6423389531672001E+01	3.7160156250000000E+01
1.6480850212275982E+01	3.7160156250000000E+01
1.6538307026028633E+01	3.7160156250000000E+01
1.6595776952803135E+01	3.7160156250000000E+01
1.6653273940086365E+01	3.7160156250000000E+01
1.6710727579891682E+01	3.7160156250000000E+01
1.6768179275095463E+01	3.7160156250000000E+01
1.6825657255947590E+01	3.7160156250000000E+01
1.6883127994835377E+01	3.7160156250000000E+01
1.6940602734684944E+01	3.7160156250000000E+01
1.6998069584369659E+01	3.7160156250000000E+01
1.7055554486811161E+01	3.7160156250000000E+01
1.7113009691238403E+01	3.7160156250000000E+01
1.7170487977564335E+01	3.7160156250000000E+01
1.7227946922183037E+01	3.7160156250000000E+01
1.7285564407706261E+01	3.7160156250000000E+01
1.7343028187751770E+01	3.7160156250000000E+01
1.7400487162172794E+01	3.7160156250000000E+01
1.7457984507083893E+01	3.7160156250000000E+01
1.7515479728579521E+01	3.7160156250000000E+01
1.7572945706546307E+01	3.7160156250000000E+01
1.7630401827394962E+01	3.7160156250000000E+01
1.7687905400991440E+01	3.7160156250000000E+01
1.7745410941541195E+01	3.7160156250000000E+01
1.7802898183465004E+01	3.7160156250000000E+01
1.7860374778509140E+01	3.7160156250000000E+01
1.7917820088565350E+01	3.7160156250000000E+01
1.7975260540843010E+01	3.7160156250000000E+01
1.8032730028033257E+01	3.7160156250000000E+01
1.8090186066925526E+01	3.7160156250000000E+01
1.8147604100406170E+01	3.7160156250000000E+01
1.8205035872757435E+01	3.7160156250000000E+01
1.8262454889714718E+01	3.7160156250000000E+01
1.8319885753095150E+01	3.7160156250000000E+01
1.8377371415495872E+01	3.7160156250000000E+01
1.8434834107756615E+01	3.7160156250000000E+01
1.8492382973432541E+01	3.7160156250000000E+01
1.8549845091998577E+01	3.7160156250000000E+01
1.8607322707772255E+01	3.7160156250000000E+01
1.8664771601557732E+01	3.7160156250000000E+01
1.8722205519676208E+01	3.7160156250000000E+01
1.8779653385281563E+01	3.7160156250000000E+01
1.8837065033614635E+01	3.7160156250000000E+01
1.8894485272467136E+01	3.7160156250000000E+01
1.8951915994286537E+01	3.7160156250000000E+01
1.9009342402219772E+01	3.7160156250000000E+01
1.9066765673458576E+01	3.7160156250000000E+01
1.9124184630811214E+01	3.7160156250000000E+01
1.9181625418365002E+01	3.7160156250000000E+01
1.9239031240344048E+01	3.7160156250000000E+01
1.9296453498303890E+01	3.7160156250000000E+01
1.9353899933397770E+01	3.7160156250000000E+01
1.9411319084465504E+01	3.7160156250000000E+01
1.9468765161931515E+01	3.7160156250000000E+01
1.9526182487607002E+01	3.7160156250000000E+01
1.9583751492202282E+01	3.7160156250000000E+01
1.9641171842813492E+01	3.7160156250000000E+01
1.9698591947555542E+01	3.7160156250000000E+01
1.9756043031811714E+01	3.7160156250000000E+01
1.9813461497426033E+01	3.7160156250000000E+01
1.9870879471302032E+01	3.7160156250000000E+01
1.9928353987634182E+01	3.7160156250000000E+01
1.9985778823494911E+01	3.7160156250000000E+01
2.0043204948306084E+01	3.7160156250000000E+01
2.0100632339715958E+01	3.7160156250000000E+01
2.0158055737614632E+01	3.7160156250000000E+01
2.0215575337409973E+01	3.7160156250000000E+01
2.0273140907287598E+01	3.7160156250000000E+01
2.0330634772777557E+01	3.7160156250000000E+01
2.0388127498328686E+01	3.7160156250000000E+01
2.0445603333413601E+01	3.7160156250000000E+01
2.0503087975084782E+01	3.7160156250000000E+01
2.0560574233531952E+01	3.7160156250000000E+01
2.0618054285645485E+01	3.7160156250000000E+01
2.0675555609166622E+01	3.7160156250000000E+01
2.0733054988086224E+01	3.7160156250000000E+01
2.0790546528995037E+01	3.7160156250000000E+01
2.0848031759262085E+01	3.7160156250000000E+01
2.0905521154403687E+01	3.7160156250000000E+01
2.0962999902665615E+01	3.7160156250000000E+01
2.1020486459136009E+01	3.7160156250000000E+01
2.1077964961528778E+01	3.7160156250000000E+01
2.1135432042181492E+01	3.7160156250000000E+01
2.1192920431494713E+01	3.7160156250000000E+01
2.1250409476459026E+01	3.7160156250000000E+01
2.1307893693447113E+01	3.7160156250000000E+01
2.1365388475358486E+01	3.7160156250000000E+01
2.1422814279794693E+01	3.7160156250000000E+01
2.1480322971940041E+01	3.7160156250000000E+01
2.1537793159484863E+01	3.7160156250000000E+01
2.1595853462815285E+01	3.7160156250000000E+01
2.1653467468917370E+01	3.7160156250000000E+01
2.1710950300097466E+01	3.7160156250000000E+01
2.1768403798341751E+01	3.7160156250000000E+01
2.1825850024819374E+01	3.7160156250000000E+01
2.1883291348814964E+01	3.7160156250000000E+01
2.1940774828195572E+01	3.7160156250000000E+01
2.1998273581266403E+01	3.7160156250000000E+01
2.2055739052593708E+01	3.7160156250000000E+01
2.2113223671913147E+01	3.7160156250000000E+01
2.2170692004263401E+01	3.7160156250000000E+01
2.2228188864886761E+01	3.7160156250000000E+01
2.2285658359527588E+01	3.7160156250000000E+01
2.2343139886856079E+01	3.7160156250000000E+01
2.2400612048804760E+01	3.7160156250000000E+01
2.2458091966807842E+01	3.7160156250000000E+01
2.2515558689832687E+01	3.7160156250000000E+01
2.2572992615401745E+01	3.7160156250000000E+01
2.2630489543080330E+01	3.7160156250000000E+01
2.2687985099852085E+01	3.7160156250000000E+01
2.2745467960834503E+01	3.7160156250000000E+01
2.2802964583039284E+01	3.7160156250000000E+01
2.2860434152185917E+01	3.7160156250000000E+01
2.2917883418500423E+01	3.7160156250000000E+01
2.2975347481667995E+01	3.7160156250000000E+01
2.3032773219048977E+01	3.7160156250000000E+01
2.3090210139751434E+01	3.7160156250000000E+01
2.3147647708654404E+01	3.7160156250000000E+01
2.3205084875226021E+01	3.7160156250000000E+01
2.3262513592839241E+01	3.7160156250000000E+01
2.3319934085011482E+01	3.7160156250000000E+01
2.3377367764711380E+01	3.7160156250000000E+01
2.3434765920042992E+01	3.7160156250000000E+01
2.3492191284894943E+01	3.7160156250000000E+01
2.3549620829522610E+01	3.7160156250000000E+01
2.3607063263654709E+01	3.7160156250000000E+01
2.3664486728608608E+01	3.7160156250000000E+01
2.3721900425851345E+01	3.7160156250000000E+01
2.3779320202767849E+01	3.7160156250000000E+01
2.3836738750338554E+01	3.7160156250000000E+01
2.3894146889448166E+01	3.7160156250000000E+01
2.3951570369303226E+01	3.7160156250000000E+01
2.4008991338312626E+01	3.7160156250000000E+01
2.4066418632864952E+01	3.7160156250000000E+01
2.4123838230967522E+01	3.7160156250000000E+01
2.4181272685527802E+01	3.7160156250000000E+01
2.4238724708557129E+01	3.7160156250000000E+01
2.4296137586236000E+01	3.7160156250000000E+01
2.4353541947901249E+01	3.7160156250000000E+01
2.4410969033837318E+01	3.7160156250000000E+01
2.4468406632542610E+01	3.7160156250000000E+01
2.4525827459990978E+01	3.7160156250000000E+01
2.4583245418965816E+01	3.7160156250000000E+01
2.4640647642314434E+01	3.7160156250000000E+01
2.4698080971837044E+01	3.7160156250000000E+01
2.4755524136126041E+01	3.7160156250000000E+01
2.4812958486378193E+01	3.7160156250000000E+01
2.4870425194501877E+01	3.7160156250000000E+01
2.4927870877087116E+01	3.7160156250000000E+01
2.4985324211418629E+01	3.7160156250000000E+01
2.5042785994708538E+01	3.7160156250000000E+01
2.5100479595363140E+01	3.7160156250000000E+01
2.5157944567501545E+01	3.7160156250000000E+01
2.5215447396039963E+01	3.7160156250000000E+01
2.5272917956113815E+01	3.7160156250000000E+01
2.5330417692661285E+01	3.7160156250000000E+01
2.5388016104698181E+01	3.7160156250000000E+01
2.5445775024592876E+01	3.7160156250000000E+01
2.5503664061427116E+01	3.7160156250000000E+01
2.5561380393803120E+01	3.7160156250000000E+01
2.5619343921542168E+01	3.7160156250000000E+01
2.5677219435572624E+01	3.7160156250000000E+01
2.5734936557710171E+01	3.7160156250000000E+01
2.5792526535689831E+01	3.7160156250000000E+01
2.5850055776536465E+01	3.7160156250000000E+01
2.5907695762813091E+01	3.7160156250000000E+01
2.5965262934565544E+01	3.7160156250000000E+01
2.6022989153862000E+01	3.7160156250000000E+01
2.6080635353922844E+01	3.7160156250000000E+01
2.6138193130493164E+01	3.7160156250000000E+01
2.6195729412138462E+01	3.7160156250000000E+01
2.6253398299217224E+01	3.7160156250000000E+01
2.6311052203178406E+01	3.7160156250000000E+01
2.6368782974779606E+01	3.7160156250000000E+01
2.6426430001854897E+01	3.7160156250000000E+01
2.6484002366662025E+01	3.7160156250000000E+01
2.6541497953236103E+01	3.7160156250000000E+01
2.6598913401365280E+01	3.7160156250000000E+01
2.6656388044357300E+01	3.7160156250000000E+01
2.6713877789676189E+01	3.7160156250000000E+01
2.6771387994289398E+01	3.7160156250000000E+01
2.6829154931008816E+01	3.7160156250000000E+01
2.6886727400124073E+01	3.7160156250000000E+01
2.6944355376064777E+01	3.7160156250000000E+01
2.7002088695764542E+01	3.7160156250000000E+01
2.7059727899730206E+01	3.7160156250000000E+01
2.7117491468787193E+01	3.7160156250000000E+01
2.7175418540835381E+01	3.7160156250000000E+01
2.7233372896909714E+01	3.7160156250000000E+01
2.7291429094970226E+01	3.7160156250000000E+01
2.7349580295383930E+01	3.7160156250000000E+01
2.7407695062458515E+01	3.7160156250000000E+01
2.7465884387493134E+01	3.7160156250000000E+01
2.7524010658264160E+01	3.7160156250000000E+01
2.7582053750753403E+01	3.7160156250000000E+01
2.7639948859810829E+01	3.7160156250000000E+01
2.7697730712592602E+01	3.7160156250000000E+01
2.7755729481577873E+01	3.7160156250000000E+01
2.7813632383942604E+01	3.7160156250000000E+01
2.7871678367257118E+01	3.7160156250000000E+01
2.7929810248315334E+01	3.7160156250000000E+01
2.7987948305904865E+01	3.7160156250000000E+01
2.8046165354549885E+01	3.7160156250000000E+01
2.8104437783360481E+01	3.7160156250000000E+01
2.8162653081119061E+01	3.7160156250000000E+01
2.8220928490161896E+01	3.7160156250000000E+01
2.8279260337352753E+01	3.7160156250000000E+01
2.8337560407817364E+01	3.7160156250000000E+01
2.8395900137722492E+01	3.7160156250000000E+01
2.8454280413687229E+01	3.7160156250000000E+01
2.8512633912265301E+01	3.7160156250000000E+01
2.8571007393300533E+01	3.7160156250000000E+01
2.8629392206668854E+01	3.7160156250000000E+01
2.8687764920294285E+01	3.7160156250000000E+01
2.8746142774820328E+01	3.7160156250000000E+01
2.8804487459361553E+01	3.7160156250000000E+01
2.8862857490777969E+01	3.7160156250000000E+01
2.8921218633651733E+01	3.7160156250000000E+01
2.8979618586599827E+01	3.7160156250000000E+01
2.9038011111319065E+01	3.7160156250000000E+01
2.9096412695944309E+01	3.7160156250000000E+01
2.9154793851077557E+01	3.7160156250000000E+01
2.9213213860988617E+01	3.7160156250000000E+01
2.9271627537906170E+01	3.7160156250000000E+01
2.9330039113759995E+01	3.7160156250000000E+01
2.9388491354882717E+01	3.7160156250000000E+01
2.9446926027536392E+01	3.7160156250000000E+01
2.9505391933023930E+01	3.7160156250000000E+01
2.9563872843980789E+01	3.7160156250000000E+01
2.9622377373278141E+01	3.7160156250000000E+01
2.9680862478911877E+01	3.7160156250000000E+01
2.9739323243498802E+01	3.7160156250000000E+01
2.9797797195613384E+01	3.7160156250000000E+01
2.9856268212199211E+01	3.7160156250000000E+01
2.9914743050932884E+01	3.7160156250000000E+01
2.9973206393420696E+01	3.7160156250000000E+01
3.0031688630580902E+01	3.7160156250000000E+01
3.0090150788426399E+01	3.7160156250000000E+01
3.0148586586117744E+01	3.7160156250000000E+01
3.0207036443054676E+01	3.7160156250000000E+01
3.0265488147735596E+01	3.7160156250000000E+01
3.0323953092098236E+01	3.7160156250000000E+01
3.0382435001432896E+01	3.7160156250000000E+01
3.0440892577171326E+01	3.7160156250000000E+01
3.0499366454780102E+01	3.7160156250000000E+01
3.0557809419929981E+01	3.7160156250000000E+01
3.0616237573325634E+01	3.7160156250000000E+01
3.0674661956727505E+01	3.7160156250000000E+01
3.0733103178441525E+01	3.7160156250000000E+01
3.0791534289717674E+01	3.7160156250000000E+01
3.0849964812397957E+01	3.7160156250000000E+01
3.0908410042524338E+01	3.7160156250000000E+01
3.0966846987605095E+01	3.7160156250000000E+01
3.1025271199643612E+01	3.7160156250000000E+01
3.1083705648779869E+01	3.7160156250000000E+01
3.1142098337411880E+01	3.7160156250000000E+01
3.1200810544192791E+01	3.7160156250000000E+01
3.1259250722825527E+01	3.7160156250000000E+01
3.1317706234753132E+01	3.7160156250000000E+01
3.1376116417348385E+01	3.7160156250000000E+01
3.1434557028114796E+01	3.7160156250000000E+01
3.1492965817451477E+01	3.7160156250000000E+01
3.1551412828266621E+01	3.7160156250000000E+01
3.1609837733209133E+01	3.7160156250000000E+01
3.1668262034654617E+01	3.7160156250000000E+01
3.1726710081100464E+01	3.7160156250000000E+01
3.1785105757415295E+01	3.7160156250000000E+01
3.1843519918620586E+01	3.7160156250000000E+01
3.1901939302682877E+01	3.7160156250000000E+01
3.1960376448929310E+01	3.7160156250000000E+01
3.2018816739320755E+01	3.7160156250000000E+01
3.2077244587242603E+01	3.7160156250000000E+01
3.2135681688785553E+01	3.7160156250000000E+01
3.2194101803004742E+01	3.7160156250000000E+01
3.2252528943121433E+01	3.7160156250000000E+01
3.2310966044664383E+01	3.7160156250000000E+01
3.2369378656148911E+01	3.7160156250000000E+01
3.2427810348570347E+01	3.7160156250000000E+01
3.2486236795783043E+01	3.7160156250000000E+01
3.2544693164527416E+01	3.7160156250000000E+01
3.2603126667439938E+01	3.7160156250000000E+01
3.2661782510578632E+01	3.7160156250000000E+01
3.2720213241875172E+01	3.7160156250000000E+01
3.2778639286756516E+01	3.7160156250000000E+01
3.2837074190378189E+01	3.7160156250000000E+01
3.2895523823797703E+01	3.7160156250000000E+01
3.2953940711915493E+01	3.7160156250000000E+01
3.3012371912598610E+01	3.7160156250000000E+01
3.3070795364677906E+01	3.7160156250000000E+01
3.3129192605614662E+01	3.7160156250000000E+01
3.3187646128237247E+01	3.7160156250000000E+01
3.3246063508093357E+01	3.7160156250000000E+01
3.3304496847093105E+01	3.7160156250000000E+01
3.3362913005053997E+01	3.7160156250000000E+01
3.3421345703303814E+01	3.7160156250000000E+01
3.3479808002710342E+01	3.7160156250000000E+01
3.3538236483931541E+01	3.7160156250000000E+01
3.3596636317670345E+01	3.7160156250000000E+01
3.3655030459165573E+01	3.7160156250000000E+01
3.3713460385799408E+01	3.7160156250000000E+01
3.3771896816790104E+01	3.7160156250000000E+01
3.3830326668918133E+01	3.7160156250000000E+01
3.3888735853135586E+01	3.7160156250000000E+01
3.3947148337960243E+01	3.7160156250000000E+01
3.4005550891160965E+01	3.7160156250000000E+01
3.4063957989215851E+01	3.7160156250000000E+01
3.4122384011745453E+01	3.7160156250000000E+01
3.4180807948112488E+01	3.7160156250000000E+01
3.4239251144230366E+01	3.7160156250000000E+01
3.4297705471515656E+01	3.7160156250000000E+01
3.4356148242950439E+01	3.7160156250000000E+01
3.4414586164057255E+01	3.7160156250000000E+01
3.4473048120737076E+01	3.7160156250000000E+01
3.4531460113823414E+01	3.7160156250000000E+01
3.4589894503355026E+01	3.7160156250000000E+01
3.4648340933024883E+01	3.7160156250000000E+01
3.4706776820123196E+01	3.7160156250000000E+01
3.4765236780047417E+01	3.7160156250000000E+01
3.4823678284883499E+01	3.7160156250000000E+01
3.4882101960480213E+01	3.7160156250000000E+01
3.4940538905560970E+01	3.7160156250000000E+01
3.4998962752521038E+01	3.7160156250000000E+01
3.5057401672005653E+01	3.7160156250000000E+01
3.5116166785359383E+01	3.7160156250000000E+01
3.5174613170325756E+01	3.7160156250000000E+01
3.5233064904808998E+01	3.7160156250000000E+01
3.5291509047150612E+01	3.7160156250000000E+01
3.5349954038858414E+01	3.7160156250000000E+01
3.5408402472734451E+01	3.7160156250000000E+01
3.5466854736208916E+01	3.7160156250000000E+01
3.5525343924760818E+01	3.7160156250000000E+01
3.5583792231976986E+01	3.7160156250000000E+01
3.5642254464328289E+01	3.7160156250000000E+01
3.5700722388923168E+01	3.7160156250000000E+01
3.5759180404245853E+01	3.7160156250000000E+01
3.5817655891180038E+01	3.7160156250000000E+01
3.5876110382378101E+01	3.7160156250000000E+01
3.5934608429670334E+01	3.7160156250000000E+01
3.5993111334741116E+01	3.7160156250000000E+01
3.6051621921360493E+01	3.7160156250000000E+01
3.6110109463334084E+01	3.7160156250000000E+01
3.6168566346168518E+01	3.7160156250000000E+01
3.6227045528590679E+01	3.7160156250000000E+01
3.6285541146993637E+01	3.7160156250000000E+01
3.6344020456075668E+01	3.7160156250000000E+01
3.6402531743049622E+01	3.7160156250000000E+01
3.6461135305464268E+01	3.7160156250000000E+01
3.6519857130944729E+01	3.7160156250000000E+01
3.6578515999019146E+01	3.7160156250000000E+01
3.6637193128466606E+01	3.7160156250000000E+01
3.6695873506367207E+01	3.7160156250000000E+01
3.6754560403525829E+01	3.7160156250000000E+01
3.6813250623643398E+01	3.7160156250000000E+01
3.6872096523642540E+01	3.7160156250000000E+01
3.6930853672325611E+01	3.7160156250000000E+01
3.6989531412720680E+01	3.7160156250000000E+01
3.7048175729811192E+01	3.7160156250000000E+01
3.7106827199459076E+01	3.7160156250000000E+01
3.7165514670312405E+01	3.7160156250000000E+01
3.7224197112023830E+01	3.7160156250000000E+01
3.7282820165157318E+01	3.7160156250000000E+01
3.7341426424682140E+01	3.7160156250000000E+01
3.7400047264993191E+01	3.7160156250000000E+01
3.7458732850849628E+01	3.7160156250000000E+01
3.7517387434840202E+01	3.7160156250000000E+01
3.7576029106974602E+01	3.7160156250000000E+01
3.7634688168764114E+01	3.7160156250000000E+01
3.7693419717252254E+01	3.7160156250000000E+01
3.7752177760004997E+01	3.7160156250000000E+01
3.7810969397425652E+01	3.7160156250000000E+01
3.7869784213602543E+01	3.7160156250000000E+01
3.7928586035966873E+01	3.7160156250000000E+01
3.7987377732992172E+01	3.7160156250000000E+01
3.8046164385974407E+01	3.7160156250000000E+01
3.8104942105710506E+01	3.7160156250000000E+01
3.8163719758391380E+01	3.7160156250000000E+01
3.8222492158412933E+01	3.7160156250000000E+01
3.8281287476420403E+01	3.7160156250000000E+01
3.8340607687830925E+01	3.7160156250000000E+01
3.8399344168603420E+01	3.7160156250000000E+01
3.8457988902926445E+01	3.7160156250000000E+01
3.8516642332077026E+01	3.7160156250000000E+01
3.8575309790670872E+01	3.7160156250000000E+01
3.8634001985192299E+01	3.7160156250000000E+01
3.8692724101245403E+01	3.7160156250000000E+01
3.8751493752002716E+01	3.7160156250000000E+01
3.8810256801545620E+01	3.7160156250000000E+01
3.8868972212076187E+01	3.7160156250000000E+01
3.8927754707634449E+01	3.7160156250000000E+01
3.8986528463661671E+01	3.7160156250000000E+01
3.9045286618173122E+01	3.7160156250000000E+01
3.9104028247296810E+01	3.7160156250000000E+01
3.9162782393395901E+01	3.7160156250000000E+01
3.9221479535102844E+01	3.7160156250000000E+01
3.9280180089175701E+01	3.7160156250000000E+01
3.9338890358805656E+01	3.7160156250000000E+01
3.9397650115191936E+01	3.7160156250000000E+01
3.9456439524888992E+01	3.7160156250000000E+01
3.9515244394540787E+01	3.7160156250000000E+01
3.9574086107313633E+01	3.7160156250000000E+01
3.9632931753993034E+01	3.7160156250000000E+01
3.9691796183586121E+01	3.7160156250000000E+01
3.9750611141324043E+01	3.7160156250000000E+01
3.9809420764446259E+01	3.7160156250000000E+01
3.9868219427764416E+01	3.7160156250000000E+01
3.9927035160362720E+01	3.7160156250000000E+01
3.9985865637660027E+01	3.7160156250000000E+01
4.0044717326760292E+01	3.7160156250000000E+01
4.0103540152311325E+01	3.7160156250000000E+01
4.0162344291806221E+01	3.7160156250000000E+01
4.0221156232059002E+01	3.7160156250000000E+01
4.0280009254813194E+01	3.7160156250000000E+01
4.0338854588568211E+01	3.7160156250000000E+01
4.0397678121924400E+01	3.7160156250000000E+01
4.0456520162522793E+01	3.7160156250000000E+01
4.0515427879989147E+01	3.7160156250000000E+01
4.0574327364563942E+01	3.7160156250000000E+01
4.0633136533200741E+01	3.7160156250000000E+01
4.0691949546337128E+01	3.7160156250000000E+01
4.0750808939337730E+01	3.7160156250000000E+01
4.0809645205736160E+01	3.7160156250000000E+01
4.0868480324745178E+01	3.7160156250000000E+01
4.0927323602139950E+01	3.7160156250000000E+01
4.0986112400889397E+01	3.7160156250000000E+01
4.1044928096234798E+01	3.7160156250000000E+01
4.1103773698210716E+01	3.7160156250000000E+01
4.1162607163190842E+01	3.7160156250000000E+01
4.1221483923494816E+01	3.7160156250000000E+01
4.1280325599014759E+01	3.7160156250000000E+01
4.1339131914079189E+01	3.7160156250000000E+01
4.1397991694509983E+01	3.7160156250000000E+01
4.1456857129931450E+01	3.7160156250000000E+01
4.1515695527195930E+01	3.7160156250000000E+01
4.1574527665972710E+01	3.7160156250000000E+01
4.1633390933275223E+01	3.7160156250000000E+01
4.1692226968705654E+01	3.7160156250000000E+01
4.1751071944832802E+01	3.7160156250000000E+01
4.1809904508292675E+01	3.7160156250000000E+01
4.1868687890470028E+01	3.7160156250000000E+01
4.1927470713853836E+01	3.7160156250000000E+01
4.1986266672611237E+01	3.7160156250000000E+01
4.2045084334909916E+01	3.7160156250000000E+01
4.2103875614702702E+01	3.7160156250000000E+01
4.2162696965038776E+01	3.7160156250000000E+01
4.2221542276442051E+01	3.7160156250000000E+01
4.2280431017279625E+01	3.7160156250000000E+01
4.2339363321661949E+01	3.7160156250000000E+01
4.2398223385214806E+01	3.7160156250000000E+01
4.2457110300660133E+01	3.7160156250000000E+01
4.2515959762036800E+01	3.7160156250000000E+01
4.2574852131307125E+01	3.7160156250000000E+01
4.2633712843060493E+01	3.7160156250000000E+01
4.2692584812641144E+01	3.7160156250000000E+01
4.2751467645168304E+01	3.7160156250000000E+01
4.2810291580855846E+01	3.7160156250000000E+01
4.2869171068072319E+01	3.7160156250000000E+01
4.2928065031766891E+01	3.7160156250000000E+01
4.2987025514245033E+01	3.7160156250000000E+01
4.3046016596257687E+01	3.7160156250000000E+01
4.3105053432285786E+01	3.7160156250000000E+01
4.3164065115153790E+01	3.7160156250000000E+01
4.3223126150667667E+01	3.7160156250000000E+01
4.3282160863280296E+01	3.7160156250000000E+01
4.3341221466660500E+01	3.7160156250000000E+01
4.3400284081697464E+01	3.7160156250000000E+01
4.3459376700222492E+01	3.7160156250000000E+01
4.3518434494733810E+01	3.7160156250000000E+01
4.3577479325234890E+01	3.7160156250000000E+01
4.3636591956019402E+01	3.7160156250000000E+01
4.3695640683174133E+01	3.7160156250000000E+01
4.3754679389297962E+01	3.7160156250000000E+01
4.3813675574958324E+01	3.7160156250000000E+01
4.3872657388448715E+01	3.7160156250000000E+01
4.3931610718369484E+01	3.7160156250000000E+01
4.3990486569702625E+01	3.7160156250000000E+01
4.4049329370260239E+01	3.7160156250000000E+01
4.4108183741569519E+01	3.7160156250000000E+01
4.4167075358331203E+01	3.7160156250000000E+01
4.4225908331573009E+01	3.7160156250000000E+01
4.4284763447940350E+01	3.7160156250000000E+01
4.4343548312783241E+01	3.7160156250000000E+01
4.4402374148368835E+01	3.7160156250000000E+01
4.4461205035448074E+01	3.7160156250000000E+01
4.4520016118884087E+01	3.7160156250000000E+01
4.4578789494931698E+01	3.7160156250000000E+01
4.4637584283947945E+01	3.7160156250000000E+01
4.4696434319019318E+01	3.7160156250000000E+01
4.4755277603864670E+01	3.7160156250000000E+01
4.4814180262386799E+01	3.7160156250000000E+01
4.4873059689998627E+01	3.7160156250000000E+01
4.4931877836585045E+01	3.7160156250000000E+01
4.4990720070898533E+01	3.7160156250000000E+01
4.5049585841596127E+01	3.7160156250000000E+01
4.5108409151434898E+01	3.7160156250000000E+01
4.5167273975908756E+01	3.7160156250000000E+01
4.5226105317473412E+01	3.7160156250000000E+01
4.5284976504743099E+01	3.7160156250000000E+01
4.5343848235905170E+01	3.7160156250000000E+01
4.5402662947773933E+01	3.7160156250000000E+01
4.5461525321006775E+01	3.7160156250000000E+01
4.5520339190959930E+01	3.7160156250000000E+01
4.5579208217561245E+01	3.7160156250000000E+01
4.5638117127120495E+01	3.7160156250000000E+01
4.5696994714438915E+01	3.7160156250000000E+01
4.5755854226648808E+01	3.7160156250000000E+01
4.5814699456095695E+01	3.7160156250000000E+01
4.5873547203838825E+01	3.7160156250000000E+01
4.5932367116212845E+01	3.7160156250000000E+01
4.5991181373596191E+01	3.7160156250000000E+01
4.6049990341067314E+01	3.7160156250000000E+01
4.6108837544918060E+01	3.7160156250000000E+01
4.6167715564370155E+01	3.7160156250000000E+01
4.6226539768278599E+01	3.7160156250000000E+01
4.6285432249307632E+01	3.7160156250000000E+01
4.6344282269477844E+01	3.7160156250000000E+01
4.6403155654668808E+01	3.7160156250000000E+01
4.6462005510926247E+01	3.7160156250000000E+01
4.6520799338817596E+01	3.7160156250000000E+01
4.6579605415463448E+01	3.7160156250000000E+01
4.6638471484184265E+01	3.7160156250000000E+01
4.6697336144745350E+01	3.7160156250000000E+01
4.6756173595786095E+01	3.7160156250000000E+01
4.6815082848072052E+01	3.7160156250000000E+01
4.6873964041471481E+01	3.7160156250000000E+01
4.6932881794869900E+01	3.7160156250000000E+01
4.6991771951317787E+01	3.7160156250000000E+01
4.7050649210810661E+01	3.7160156250000000E+01
4.7109589584171772E+01	3.7160156250000000E+01
4.7168523147702217E+01	3.7160156250000000E+01
4.7227448187768459E+01	3.7160156250000000E+01
4.7286343187093735E+01	3.7160156250000000E+01
4.7345210559666157E+01	3.7160156250000000E+01
4.7404074013233185E+01	3.7160156250000000E+01
4.7462979599833488E+01	3.7160156250000000E+01
4.7521948613226414E+01	3.7160156250000000E+01
4.7580903567373753E+01	3.7160156250000000E+01
4.7639838911592960E+01	3.7160156250000000E+01
4.7698857255280018E+01	3.7160156250000000E+01
4.7757885821163654E+01	3.7160156250000000E+01
4.7816931135952473E+01	3.7160156250000000E+01
4.7876010790467262E+01	3.7160156250000000E+01
4.7935034275054932E+01	3.7160156250000000E+01
4.7994088672101498E+01	3.7160156250000000E+01
4.8053181797266006E+01	3.7160156250000000E+01
4.8112325251102448E+01	3.7160156250000000E+01
4.8171493560075760E+01	3.7160156250000000E+01
4.8230726927518845E+01	3.7160156250000000E+01
4.8289987698197365E+01	3.7160156250000000E+01
4.8349213123321533E+01	3.7160156250000000E+01
4.8408449180424213E+01	3.7160156250000000E+01
4.8467710442841053E+01	3.7160156250000000E+01
4.8526958979666233E+01	3.7160156250000000E+01
4.8586244314908981E+01	3.7160156250000000E+01
4.8645510837435722E+01	3.7160156250000000E+01
4.8704787448048592E+01	3.7160156250000000E+01
4.8764068812131882E+01	3.7160156250000000E+01
4.8823336154222488E+01	3.7160156250000000E+01
4.8882586032152176E+01	3.7160156250000000E+01
4.8941819779574871E+01	3.7160156250000000E+01
4.9001105003058910E+01	3.7160156250000000E+01
4.9060392774641514E+01	3.7160156250000000E+01
4.9119660452008247E+01	3.7160156250000000E+01
4.9178896769881248E+01	3.7160156250000000E+01
4.9238146334886551E+01	3.7160156250000000E+01
4.9297420546412468E+01	3.7160156250000000E+01
4.9356718540191650E+01	3.7160156250000000E+01
4.9416013091802597E+01	3.7160156250000000E+01
4.9475340493023396E+01	3.7160156250000000E+01
4.9534661129117012E+01	3.7160156250000000E+01
4.9593976497650146E+01	3.7160156250000000E+01
4.9653243325650692E+01	3.7160156250000000E+01
4.9712548479437828E+01	3.7160156250000000E+01
4.9771872997283936E+01	3.7160156250000000E+01
4.9831263214349747E+01	3.7160156250000000E+01
4.9890693679451942E+01	3.7160156250000000E+01
4.9950153768062592E+01	3.7160156250000000E+01
5.0009602107107639E+01	3.7160156250000000E+01
5.0069009087979794E+01	3.7160156250000000E+01
5.0128458537161350E+01	3.7160156250000000E+01
5.0187927134335041E+01	3.7160156250000000E+01
5.0247365362942219E+01	3.7160156250000000E+01
5.0306802593171597E+01	3.7160156250000000E+01
5.0366226226091385E+01	3.7160156250000000E+01
5.0425643846392632E+01	3.7160156250000000E+01
5.0485087409615517E+01	3.7160156250000000E+01
5.0544534690678120E+01	3.7160156250000000E+01
5.0603963747620583E+01	3.7160156250000000E+01
5.0663372769951820E+01	3.7160156250000000E+01
5.0722713567316532E+01	3.7160156250000000E+01
5.0782033488154411E+01	3.7160156250000000E+01
5.0841381728649139E+01	3.7160156250000000E+01
5.0900738082826138E+01	3.7160156250000000E+01
5.0960081867873669E+01	3.7160156250000000E+01
5.1019414201378822E+01	3.7160156250000000E+01
5.1078810192644596E+01	3.7160156250000000E+01
5.1138189919292927E+01	3.7160156250000000E+01
5.1197613395750523E+01	3.7160156250000000E+01
5.1257033787667751E+01	3.7160156250000000E+01
5.1316431902348995E+01	3.7160156250000000E+01
5.1375825665891171E+01	3.7160156250000000E+01
5.1435237750411034E+01	3.7160156250000000E+01
5.1494722411036491E+01	3.7160156250000000E+01
5.1554197974503040E+01	3.7160156250000000E+01
5.1613734506070614E+01	3.7160156250000000E+01
5.1673319056630135E+01	3.7160156250000000E+01
5.1732878744602203E+01	3.7160156250000000E+01
5.1792421445250511E+01	3.7160156250000000E+01
5.1851981535553932E+01	3.7160156250000000E+01
5.1911542415618896E+01	3.7160156250000000E+01
5.1971131011843681E+01	3.7160156250000000E+01
5.2030667699873447E+01	3.7160156250000000E+01
5.2090246662497520E+01	3.7160156250000000E+01
5.2149805866181850E+01	3.7160156250000000E+01
5.2209310077130795E+01	3.7160156250000000E+01
5.2268826335668564E+01	3.7160156250000000E+01
5.2328359454870224E+01	3.7160156250000000E+01
5.2387869559228420E+01	3.7160156250000000E+01
5.2447399221360683E+01	3.7160156250000000E+01
5.2506860993802547E+01	3.7160156250000000E+01
5.2566291034221649E+01	3.7160156250000000E+01
5.2625765711069107E+01	3.7160156250000000E+01
5.2685225643217564E+01	3.7160156250000000E+01
5.2744607850909233E+01	3.7160156250000000E+01
5.2804013743996620E+01	3.7160156250000000E+01
5.2863361276686192E+01	3.7160156250000000E+01
5.2922747835516930E+01	3.7160156250000000E+01
5.2982126541435719E+01	3.7160156250000000E+01
5.3041456371545792E+01	3.7160156250000000E+01
5.3100913695991039E+01	3.7160156250000000E+01
5.3160118833184242E+01	3.7160156250000000E+01
5.3219281278550625E+01	3.7160156250000000E+01
5.3278436213731766E+01	3.7160156250000000E+01
5.3337522543966770E+01	3.7160156250000000E+01
5.3396586485207081E+01	3.7160156250000000E+01
5.3455658644437790E+01	3.7160156250000000E+01
5.3514719247817993E+01	3.7160156250000000E+01
5.3573745973408222E+01	3.7160156250000000E+01
5.3632823221385479E+01	3.7160156250000000E+01
5.3691871255636215E+01	3.7160156250000000E+01
5.3750893458724022E+01	3.7160156250000000E+01
5.3809936590492725E+01	3.7160156250000000E+01
5.3869006454944611E+01	3.7160156250000000E+01
5.3928055986762047E+01	3.7160156250000000E+01
5.3987067393958569E+01	3.7160156250000000E+01
5.4046033151447773E+01	3.7160156250000000E+01
5.4104943111538887E+01	3.7160156250000000E+01
5.4163861393928528E+01	3.7160156250000000E+01
5.4222806327044964E+01	3.7160156250000000E+01
5.4281786106526852E+01	3.7160156250000000E+01
5.4340738326311111E+01	3.7160156250000000E+01
5.4399734005331993E+01	3.7160156250000000E+01
5.4458754234015942E+01	3.7160156250000000E+01
5.4517802491784096E+01	3.7160156250000000E+01
5.4576821953058243E+01	3.7160156250000000E+01
5.4635825760662556E+01	3.7160156250000000E+01
5.4694866836071014E+01	3.7160156250000000E+01
5.4753967195749283E+01	3.7160156250000000E+01
5.4813100516796112E+01	3.7160156250000000E+01
5.4872248068451881E+01	3.7160156250000000E+01
5.4931448668241501E+01	3.7160156250000000E+01
5.4990715615451336E+01	3.7160156250000000E+01
5.5050226427614689E+01	3.7160156250000000E+01
5.5109512470662594E+01	3.7160156250000000E+01
5.5168794631958008E+01	3.7160156250000000E+01
5.5228105291724205E+01	3.7160156250000000E+01
5.5287415191531181E+01	3.7160156250000000E+01
5.5346740707755089E+01	3.7160156250000000E+01
5.5406096376478672E+01	3.7160156250000000E+01
5.5465459190309048E+01	3.7160156250000000E+01
5.5524772696197033E+01	3.7160156250000000E+01
5.5584106229245663E+01	3.7160156250000000E+01
5.5643477231264114E+01	3.7160156250000000E+01
5.5702815115451813E+01	3.7160156250000000E+01
5.5762151695787907E+01	3.7160156250000000E+01
5.5821472592651844E+01	3.7160156250000000E+01
5.5880766667425632E+01	3.7160156250000000E+01
5.5940120287239552E+01	3.7160156250000000E+01
5.5999465316534042E+01	3.7160156250000000E+01
5.6058773167431355E+01	3.7160156250000000E+01
5.6118107102811337E+01	3.7160156250000000E+01
5.6177437268197536E+01	3.7160156250000000E+01
5.6236778788268566E+01	3.7160156250000000E+01
5.6296095289289951E+01	3.7160156250000000E+01
5.6355430461466312E+01	3.7160156250000000E+01
5.6414752312004566E+01	3.7160156250000000E+01
5.6474072828888893E+01	3.7160156250000000E+01
5.6533369883894920E+01	3.7160156250000000E+01
5.6592674978077412E+01	3.7160156250000000E+01
5.6652002133429050E+01	3.7160156250000000E+01
5.6711357273161411E+01	3.7160156250000000E+01
5.6770678348839283E+01	3.7160156250000000E+01
5.6829998105764389E+01	3.7160156250000000E+01
5.6889337867498398E+01	3.7160156250000000E+01
5.6948654055595398E+01	3.7160156250000000E+01
5.7007940843701363E+01	3.7160156250000000E+01
5.7067238621413708E+01	3.7160156250000000E+01
5.7126552321016788E+01	3.7160156250000000E+01
5.7185850284993649E+01	3.7160156250000000E+01
5.7245099388062954E+01	3.7160156250000000E+01
5.7304374851286411E+01	3.7160156250000000E+01
5.7363589137792587E+01	3.7160156250000000E+01
5.7422787375748158E+01	3.7160156250000000E+01
5.7481959335505962E+01	3.7160156250000000E+01
5.7541154406964779E+01	3.7160156250000000E+01
5.7600347198545933E+01	3.7160156250000000E+01
5.7659529909491539E+01	3.7160156250000000E+01
5.7718708634376526E+01	3.7160156250000000E+01
5.7777888998389244E+01	3.7160156250000000E+01
5.7837030224502087E+01	3.7160156250000000E+01
5.7896172538399696E+01	3.7160156250000000E+01
5.7955310992896557E+01	3.7160156250000000E+01
5.8014407888054848E+01	3.7160156250000000E+01
5.8073461689054966E+01	3.7160156250000000E+01
5.8132458090782166E+01	3.7160156250000000E+01
5.8191438533365726E+01	3.7160156250000000E+01
5.8250373780727386E+01	3.7160156250000000E+01
5.8309335112571716E+01	3.7160156250000000E+01
5.8368252046406269E+01	3.7160156250000000E+01
5.8427134491503239E+01	3.7160156250000000E+01
