0.0000000000000000E+00	3.9000000000000001E-01
9.2092092092092093E+02	3.9000721099752494E-01
1.8418418418418419E+03	3.9001459921693715E-01
2.7627627627627626E+03	3.9002054793519625E-01
3.6836836836836837E+03	3.9002883794584770E-01
4.6046046046046049E+03	3.9003590454432430E-01
5.5255255255255252E+03	3.9004365827183951E-01
6.4464464464464463E+03	3.9005143392411201E-01
7.3673673673673675E+03	3.9005832444689298E-01
8.2882882882882877E+03	3.9006613135507689E-01
9.2092092092092098E+03	3.9007412701587524E-01
1.0130130130130130E+04	3.9008145337942018E-01
1.1051051051051050E+04	3.9008855811500459E-01
1.1971971971971972E+04	3.9009595047335849E-01
1.2892892892892893E+04	3.9010359559669749E-01
1.3813813813813815E+04	3.9011181070191836E-01
1.4734734734734735E+04	3.9011921160658325E-01
1.5655655655655655E+04	3.9012684468558706E-01
1.6576576576576575E+04	3.9013415674012775E-01
1.7497497497497498E+04	3.9014124913529963E-01
1.8418418418418420E+04	3.9014917230585705E-01
1.9339339339339338E+04	3.9015793620999867E-01
2.0260260260260260E+04	3.9016434836276798E-01
2.1181181181181182E+04	3.9017219262918695E-01
2.2102102102102101E+04	3.9017968846339962E-01
2.3023023023023023E+04	3.9018724834405166E-01
2.3943943943943945E+04	3.9019483774853886E-01
2.4864864864864867E+04	3.9020256466531095E-01
2.5785785785785785E+04	3.9020949587090026E-01
2.6706706706706707E+04	3.9021763361128420E-01
2.7627627627627629E+04	3.9022545557596439E-01
2.8548548548548548E+04	3.9023367977726692E-01
2.9469469469469470E+04	3.9024056801163742E-01
3.0390390390390392E+04	3.9024746252131226E-01
3.1311311311311310E+04	3.9025571264236941E-01
3.2232232232232232E+04	3.9026287130874621E-01
3.3153153153153151E+04	3.9027068343010007E-01
3.4074074074074073E+04	3.9027881071867643E-01
3.4994994994994995E+04	3.9028588402222708E-01
3.5915915915915917E+04	3.9029301609711109E-01
3.6836836836836839E+04	3.9030218176405806E-01
3.7757757757757761E+04	3.9030896943498705E-01
3.8678678678678676E+04	3.9031598006244528E-01
3.9599599599599598E+04	3.9032366062757340E-01
4.0520520520520520E+04	3.9033133868092845E-01
4.1441441441441442E+04	3.9033942419586376E-01
4.2362362362362364E+04	3.9034648325239685E-01
4.3283283283283286E+04	3.9035549942874243E-01
4.4204204204204201E+04	3.9036205737228075E-01
4.5125125125125123E+04	3.9036979875929767E-01
4.6046046046046045E+04	3.9037774030790950E-01
4.6966966966966967E+04	3.9038556428526877E-01
4.7887887887887890E+04	3.9039263416460807E-01
4.8808808808808812E+04	3.9040079166992236E-01
4.9729729729729734E+04	3.9040943538915462E-01
5.0650650650650648E+04	3.9041585502629367E-01
5.1571571571571571E+04	3.9042372539378589E-01
5.2492492492492493E+04	3.9043059164748328E-01
5.3413413413413415E+04	3.9043880700973554E-01
5.4334334334334337E+04	3.9044599449092904E-01
5.5255255255255259E+04	3.9045355812103905E-01
5.6176176176176174E+04	3.9046130974460319E-01
5.7097097097097096E+04	3.9046928787330459E-01
5.8018018018018018E+04	3.9047734543902080E-01
5.8938938938938940E+04	3.9048489957842064E-01
5.9859859859859862E+04	3.9049339980182174E-01
6.0780780780780784E+04	3.9050030180810175E-01
6.1701701701701706E+04	3.9050786879748622E-01
6.2622622622622621E+04	3.9051568618401256E-01
6.3543543543543543E+04	3.9052305932832421E-01
6.4464464464464465E+04	3.9053098718486462E-01
6.5385385385385387E+04	3.9053830141359180E-01
6.6306306306306302E+04	3.9054618572079353E-01
6.7227227227227224E+04	3.9055389935609336E-01
6.8148148148148146E+04	3.9056135238351436E-01
6.9069069069069068E+04	3.9056971490817005E-01
6.9989989989989990E+04	3.9057660635572172E-01
7.0910910910910912E+04	3.9058509015867809E-01
7.1831831831831834E+04	3.9059336604893619E-01
7.2752752752752756E+04	3.9060036153272909E-01
7.3673673673673678E+04	3.9060841782374123E-01
7.4594594594594600E+04	3.9061542449306891E-01
7.5515515515515523E+04	3.9062375326413723E-01
7.6436436436436445E+04	3.9063131438737370E-01
7.7357357357357352E+04	3.9063862002220578E-01
7.8278278278278274E+04	3.9064684080884610E-01
7.9199199199199196E+04	3.9065465088816653E-01
8.0120120120120118E+04	3.9066231057173917E-01
8.1041041041041040E+04	3.9067014499672481E-01
8.1961961961961963E+04	3.9067720253533422E-01
8.2882882882882885E+04	3.9068508375129368E-01
8.3803803803803807E+04	3.9069296085262833E-01
8.4724724724724729E+04	3.9070070821942243E-01
8.5645645645645651E+04	3.9070865957449874E-01
8.6566566566566573E+04	3.9071645642674957E-01
8.7487487487487495E+04	3.9072371963742536E-01
8.8408408408408402E+04	3.9073150702218135E-01
8.9329329329329325E+04	3.9073943684478030E-01
9.0250250250250247E+04	3.9074746460120963E-01
9.1171171171171169E+04	3.9075548442968028E-01
9.2092092092092091E+04	3.9076269937095753E-01
9.3013013013013013E+04	3.9077035830927559E-01
9.3933933933933935E+04	3.9077839260660319E-01
9.4854854854854857E+04	3.9078605675211997E-01
9.5775775775775779E+04	3.9079456939804191E-01
9.6696696696696701E+04	3.9080202231269895E-01
9.7617617617617623E+04	3.9081013522712554E-01
9.8538538538538545E+04	3.9081752008558229E-01
9.9459459459459467E+04	3.9082515125271522E-01
1.0038038038038037E+05	3.9083306405442020E-01
1.0130130130130130E+05	3.9084107260092155E-01
1.0222222222222222E+05	3.9084823137392904E-01
1.0314314314314314E+05	3.9085680509560944E-01
1.0406406406406406E+05	3.9086453048801628E-01
1.0498498498498499E+05	3.9087336059416455E-01
1.0590590590590591E+05	3.9088021307460669E-01
1.0682682682682683E+05	3.9088730585208570E-01
1.0774774774774775E+05	3.9089701924934883E-01
1.0866866866866867E+05	3.9090295753388138E-01
1.0958958958958960E+05	3.9091087089003179E-01
1.1051051051051052E+05	3.9091864845400809E-01
1.1143143143143144E+05	3.9092670929894158E-01
1.1235235235235235E+05	3.9093572336142979E-01
1.1327327327327327E+05	3.9094250002398495E-01
1.1419419419419419E+05	3.9095077832595587E-01
1.1511511511511511E+05	3.9095875359905408E-01
1.1603603603603604E+05	3.9096614525607748E-01
1.1695695695695696E+05	3.9097387024371444E-01
1.1787787787787788E+05	3.9098216813853964E-01
1.1879879879879880E+05	3.9098982977010466E-01
1.1971971971971972E+05	3.9099800310665944E-01
1.2064064064064065E+05	3.9100562789025006E-01
1.2156156156156157E+05	3.9101358468972813E-01
1.2248248248248249E+05	3.9102131146803276E-01
1.2340340340340341E+05	3.9102892548924056E-01
1.2432432432432432E+05	3.9103646346692034E-01
1.2524524524524524E+05	3.9104533512788248E-01
1.2616616616616616E+05	3.9105382476256900E-01
1.2708708708708709E+05	3.9106071455816327E-01
1.2800800800800801E+05	3.9106830480349286E-01
1.2892892892892893E+05	3.9107681010341827E-01
1.2984984984984985E+05	3.9108398945368011E-01
1.3077077077077077E+05	3.9109206329032853E-01
1.3169169169169170E+05	3.9110008730364965E-01
1.3261261261261260E+05	3.9110799704497101E-01
1.3353353353353354E+05	3.9111549899315767E-01
1.3445445445445445E+05	3.9112374576542275E-01
1.3537537537537538E+05	3.9113193781808236E-01
1.3629629629629629E+05	3.9113934275221557E-01
1.3721721721721723E+05	3.9114731135852182E-01
1.3813813813813814E+05	3.9115638682430365E-01
1.3905905905905907E+05	3.9116342334915938E-01
1.3997997997997998E+05	3.9117151637584979E-01
1.4090090090090092E+05	3.9117890892695395E-01
1.4182182182182182E+05	3.9118657608583768E-01
1.4274274274274273E+05	3.9119479126972084E-01
1.4366366366366367E+05	3.9120312557277176E-01
1.4458458458458458E+05	3.9121141938204357E-01
1.4550550550550551E+05	3.9121828578158002E-01
1.4642642642642642E+05	3.9122649680751986E-01
1.4734734734734736E+05	3.9123460998742898E-01
1.4826826826826826E+05	3.9124217863297506E-01
1.4918918918918920E+05	3.9125011816841354E-01
1.5011011011011011E+05	3.9125892634004883E-01
1.5103103103103105E+05	3.9126634145357331E-01
1.5195195195195195E+05	3.9127393998031457E-01
1.5287287287287289E+05	3.9128191848573529E-01
1.5379379379379380E+05	3.9129009562341727E-01
1.5471471471471470E+05	3.9129854996314578E-01
1.5563563563563564E+05	3.9130656970865318E-01
1.5655655655655655E+05	3.9131542015480353E-01
1.5747747747747749E+05	3.9132268258914821E-01
1.5839839839839839E+05	3.9133026920961145E-01
1.5931931931931933E+05	3.9133860895760236E-01
1.6024024024024024E+05	3.9134591406088498E-01
1.6116116116116117E+05	3.9135440062394489E-01
1.6208208208208208E+05	3.9136194039389638E-01
1.6300300300300302E+05	3.9137008056307449E-01
1.6392392392392393E+05	3.9137818613747183E-01
1.6484484484484486E+05	3.9138591561844988E-01
1.6576576576576577E+05	3.9139535208971366E-01
1.6668668668668668E+05	3.9140215603130452E-01
1.6760760760760761E+05	3.9141002775852507E-01
1.6852852852852852E+05	3.9141780874785620E-01
1.6944944944944946E+05	3.9142591794042036E-01
1.7037037037037036E+05	3.9143404124856968E-01
1.7129129129129130E+05	3.9144308915530551E-01
1.7221221221221221E+05	3.9144990473609154E-01
1.7313313313313315E+05	3.9145779459605889E-01
1.7405405405405405E+05	3.9146588821318684E-01
1.7497497497497499E+05	3.9147398410909895E-01
1.7589589589589590E+05	3.9148342999906682E-01
1.7681681681681680E+05	3.9149035445286789E-01
1.7773773773773774E+05	3.9149892082791587E-01
1.7865865865865865E+05	3.9150791183334899E-01
1.7957957957957959E+05	3.9151470630415808E-01
1.8050050050050049E+05	3.9152302774257791E-01
1.8142142142142143E+05	3.9153038773616594E-01
1.8234234234234234E+05	3.9153905269294692E-01
1.8326326326326327E+05	3.9154714100314209E-01
1.8418418418418418E+05	3.9155467227523288E-01
1.8510510510510512E+05	3.9156300054616333E-01
1.8602602602602603E+05	3.9157129429861004E-01
1.8694694694694696E+05	3.9157874143141697E-01
1.8786786786786787E+05	3.9158804314721107E-01
1.8878878878878878E+05	3.9159530176203844E-01
1.8970970970970971E+05	3.9160330612758643E-01
1.9063063063063062E+05	3.9161183970819047E-01
1.9155155155155156E+05	3.9161948539447816E-01
1.9247247247247247E+05	3.9162715100030782E-01
1.9339339339339340E+05	3.9163531882016250E-01
1.9431431431431431E+05	3.9164372501095168E-01
1.9523523523523525E+05	3.9165174780026019E-01
1.9615615615615615E+05	3.9165972138971450E-01
1.9707707707707709E+05	3.9166765686700489E-01
1.9799799799799800E+05	3.9167614807069023E-01
1.9891891891891893E+05	3.9168449074808293E-01
1.9983983983983984E+05	3.9169253443022362E-01
2.0076076076076075E+05	3.9170054361249851E-01
2.0168168168168169E+05	3.9170872365646597E-01
2.0260260260260259E+05	3.9171616065991383E-01
2.0352352352352353E+05	3.9172477100297420E-01
2.0444444444444444E+05	3.9173298103245807E-01
2.0536536536536537E+05	3.9174110112001859E-01
2.0628628628628628E+05	3.9174941793314944E-01
2.0720720720720722E+05	3.9175744066575979E-01
2.0812812812812813E+05	3.9176535086122449E-01
2.0904904904904906E+05	3.9177299695862472E-01
2.0996996996996997E+05	3.9178148645446598E-01
2.1089089089089091E+05	3.9178954455025045E-01
2.1181181181181181E+05	3.9179746773687740E-01
2.1273273273273272E+05	3.9180606800297341E-01
2.1365365365365366E+05	3.9181383762400174E-01
2.1457457457457457E+05	3.9182339531778754E-01
2.1549549549549550E+05	3.9183168984186534E-01
2.1641641641641641E+05	3.9183985678844491E-01
2.1733733733733735E+05	3.9184631008416065E-01
2.1825825825825825E+05	3.9185494547846272E-01
2.1917917917917919E+05	3.9186309432899191E-01
2.2010010010010010E+05	3.9187201891552792E-01
2.2102102102102104E+05	3.9187951620730410E-01
2.2194194194194194E+05	3.9188800218278363E-01
2.2286286286286288E+05	3.9189542418500334E-01
2.2378378378378379E+05	3.9190416706446707E-01
2.2470470470470469E+05	3.9191211738066645E-01
2.2562562562562563E+05	3.9191979984631509E-01
2.2654654654654654E+05	3.9192844904122426E-01
2.2746746746746748E+05	3.9193695538602341E-01
2.2838838838838838E+05	3.9194537490749443E-01
2.2930930930930932E+05	3.9195256918035676E-01
2.3023023023023023E+05	3.9196093894052214E-01
2.3115115115115116E+05	3.9196926871076015E-01
2.3207207207207207E+05	3.9197721359414422E-01
2.3299299299299301E+05	3.9198573763878791E-01
2.3391391391391392E+05	3.9199425787150410E-01
2.3483483483483485E+05	3.9200247727320070E-01
2.3575575575575576E+05	3.9201033288861259E-01
2.3667667667667667E+05	3.9201856355077097E-01
2.3759759759759760E+05	3.9202693034746511E-01
2.3851851851851851E+05	3.9203562208493020E-01
2.3943943943943945E+05	3.9204298166197415E-01
2.4036036036036036E+05	3.9205133688822458E-01
2.4128128128128129E+05	3.9206018053809866E-01
2.4220220220220220E+05	3.9206811456005836E-01
2.4312312312312314E+05	3.9207644195986346E-01
2.4404404404404404E+05	3.9208505123934922E-01
2.4496496496496498E+05	3.9209280276493857E-01
2.4588588588588589E+05	3.9210100466486586E-01
2.4680680680680682E+05	3.9210979348950181E-01
2.4772772772772773E+05	3.9211733534150944E-01
2.4864864864864864E+05	3.9212571905163096E-01
2.4956956956956958E+05	3.9213471481452189E-01
2.5049049049049048E+05	3.9214216040276034E-01
2.5141141141141142E+05	3.9215053878764555E-01
2.5233233233233233E+05	3.9215866660247684E-01
2.5325325325325326E+05	3.9216740281891760E-01
2.5417417417417417E+05	3.9217537219383208E-01
2.5509509509509511E+05	3.9218379007334020E-01
2.5601601601601602E+05	3.9219180053171365E-01
2.5693693693693695E+05	3.9220032699012947E-01
2.5785785785785786E+05	3.9220818853149181E-01
2.5877877877877880E+05	3.9221724713176537E-01
2.5969969969969970E+05	3.9222483445060302E-01
2.6062062062062061E+05	3.9223362500888376E-01
2.6154154154154155E+05	3.9224165609061884E-01
2.6246246246246248E+05	3.9225027836499615E-01
2.6338338338338339E+05	3.9225932046323553E-01
2.6430430430430430E+05	3.9226659214079362E-01
2.6522522522522521E+05	3.9227508987663862E-01
2.6614614614614617E+05	3.9228321122616427E-01
2.6706706706706708E+05	3.9229116429417754E-01
2.6798798798798799E+05	3.9229980714063784E-01
2.6890890890890890E+05	3.9230859522042622E-01
2.6982982982982986E+05	3.9231656685467886E-01
2.7075075075075077E+05	3.9232563755273736E-01
2.7167167167167168E+05	3.9233315979804440E-01
2.7259259259259258E+05	3.9234121926205001E-01
2.7351351351351349E+05	3.9235007882216522E-01
2.7443443443443446E+05	3.9235858269803653E-01
2.7535535535535536E+05	3.9236631630835361E-01
2.7627627627627627E+05	3.9237503213647751E-01
2.7719719719719718E+05	3.9238354662817460E-01
2.7811811811811815E+05	3.9239145682400189E-01
2.7903903903903905E+05	3.9239975613768174E-01
2.7995995995995996E+05	3.9240934941097105E-01
2.8088088088088087E+05	3.9241652603927152E-01
2.8180180180180183E+05	3.9242471629781184E-01
2.8272272272272274E+05	3.9243322016989002E-01
2.8364364364364365E+05	3.9244136719503109E-01
2.8456456456456456E+05	3.9245036266537792E-01
2.8548548548548546E+05	3.9245809247973157E-01
2.8640640640640643E+05	3.9246756898989321E-01
2.8732732732732734E+05	3.9247663255491133E-01
2.8824824824824824E+05	3.9248502938015806E-01
2.8916916916916915E+05	3.9249196269297520E-01
2.9009009009009012E+05	3.9250081193188041E-01
2.9101101101101103E+05	3.9250872792718899E-01
2.9193193193193193E+05	3.9251806014358354E-01
2.9285285285285284E+05	3.9252608394781024E-01
2.9377377377377381E+05	3.9253418981450511E-01
2.9469469469469471E+05	3.9254204433642692E-01
2.9561561561561562E+05	3.9255152701876361E-01
2.9653653653653653E+05	3.9255946828273247E-01
2.9745745745745744E+05	3.9256765417022527E-01
2.9837837837837840E+05	3.9257629106679676E-01
2.9929929929929931E+05	3.9258474212396993E-01
3.0022022022022022E+05	3.9259305152269874E-01
3.0114114114114112E+05	3.9260287214674311E-01
3.0206206206206209E+05	3.9260998661974222E-01
3.0298298298298300E+05	3.9261803782428373E-01
3.0390390390390391E+05	3.9262704266333293E-01
3.0482482482482481E+05	3.9263560179302842E-01
3.0574574574574578E+05	3.9264353740713098E-01
3.0666666666666669E+05	3.9265174462446595E-01
3.0758758758758759E+05	3.9266081018861088E-01
3.0850850850850850E+05	3.9266878314976217E-01
3.0942942942942941E+05	3.9267696151122677E-01
3.1035035035035037E+05	3.9268720060708984E-01
3.1127127127127128E+05	3.9269419823433355E-01
3.1219219219219219E+05	3.9270269834646016E-01
3.1311311311311310E+05	3.9271105885014995E-01
3.1403403403403406E+05	3.9271951127955795E-01
3.1495495495495497E+05	3.9272840917205409E-01
3.1587587587587588E+05	3.9273659843563852E-01
3.1679679679679679E+05	3.9274552281517666E-01
3.1771771771771775E+05	3.9275475032411322E-01
3.1863863863863866E+05	3.9276309217933469E-01
3.1955955955955957E+05	3.9277014650270636E-01
3.2048048048048047E+05	3.9277933683959571E-01
3.2140140140140138E+05	3.9278745028249468E-01
3.2232232232232235E+05	3.9279595082642343E-01
3.2324324324324325E+05	3.9280477964225929E-01
3.2416416416416416E+05	3.9281261576291954E-01
3.2508508508508507E+05	3.9282152237998624E-01
3.2600600600600604E+05	3.9282997960061961E-01
3.2692692692692694E+05	3.9283900616407802E-01
3.2784784784784785E+05	3.9284743688601287E-01
3.2876876876876876E+05	3.9285616789658934E-01
3.2968968968968972E+05	3.9286427973224430E-01
3.3061061061061063E+05	3.9287263213478046E-01
3.3153153153153154E+05	3.9288118354149154E-01
3.3245245245245245E+05	3.9288976942309595E-01
3.3337337337337335E+05	3.9289806421556217E-01
3.3429429429429432E+05	3.9290663117410801E-01
3.3521521521521523E+05	3.9291576170542070E-01
3.3613613613613613E+05	3.9292368370961078E-01
3.3705705705705704E+05	3.9293280136705944E-01
3.3797797797797801E+05	3.9294194324473231E-01
3.3889889889889891E+05	3.9294988155708993E-01
3.3981981981981982E+05	3.9295778081966443E-01
3.4074074074074073E+05	3.9296691238635267E-01
3.4166166166166170E+05	3.9297484487228562E-01
3.4258258258258260E+05	3.9298359160514368E-01
3.4350350350350351E+05	3.9299203762220725E-01
3.4442442442442442E+05	3.9300126583545919E-01
3.4534534534534533E+05	3.9300999908509171E-01
3.4626626626626629E+05	3.9301836139604912E-01
3.4718718718718720E+05	3.9302626659443152E-01
3.4810810810810811E+05	3.9303507545043670E-01
3.4902902902902901E+05	3.9304393529366088E-01
3.4994994994994998E+05	3.9305379713180633E-01
3.5087087087087089E+05	3.9306069802957211E-01
3.5179179179179179E+05	3.9306988704604434E-01
3.5271271271271270E+05	3.9307905193504727E-01
3.5363363363363361E+05	3.9308715156672724E-01
3.5455455455455458E+05	3.9309520142374510E-01
3.5547547547547548E+05	3.9310494034478261E-01
3.5639639639639639E+05	3.9311229200966286E-01
3.5731731731731730E+05	3.9312117263718382E-01
3.5823823823823826E+05	3.9312974815402796E-01
3.5915915915915917E+05	3.9313855745834270E-01
3.6008008008008008E+05	3.9314822051806031E-01
3.6100100100100099E+05	3.9315542873159509E-01
3.6192192192192195E+05	3.9316466989885340E-01
3.6284284284284286E+05	3.9317372196172384E-01
3.6376376376376377E+05	3.9318176299165403E-01
3.6468468468468467E+05	3.9319010071291921E-01
3.6560560560560558E+05	3.9319989267659383E-01
3.6652652652652655E+05	3.9320784613917009E-01
3.6744744744744746E+05	3.9321586635273853E-01
3.6836836836836836E+05	3.9322475316652283E-01
3.6928928928928927E+05	3.9323448370527225E-01
3.7021021021021024E+05	3.9324200348748156E-01
3.7113113113113114E+05	3.9325139566038247E-01
3.7205205205205205E+05	3.9325937476463507E-01
3.7297297297297296E+05	3.9326822222255359E-01
3.7389389389389392E+05	3.9327747714004579E-01
3.7481481481481483E+05	3.9328599491649874E-01
3.7573573573573574E+05	3.9329441537650850E-01
3.7665665665665665E+05	3.9330266388373969E-01
3.7757757757757755E+05	3.9331132535132846E-01
3.7849849849849852E+05	3.9332027726204205E-01
3.7941941941941943E+05	3.9332919898415475E-01
3.8034034034034034E+05	3.9333784651917170E-01
3.8126126126126124E+05	3.9334726631978467E-01
3.8218218218218221E+05	3.9335536841035745E-01
3.8310310310310312E+05	3.9336414848160334E-01
3.8402402402402402E+05	3.9337328650156983E-01
3.8494494494494493E+05	3.9338118059922150E-01
3.8586586586586590E+05	3.9339158360995680E-01
3.8678678678678680E+05	3.9339884164009897E-01
3.8770770770770771E+05	3.9340761075389630E-01
3.8862862862862862E+05	3.9341741562774274E-01
3.8954954954954953E+05	3.9342486691820494E-01
3.9047047047047049E+05	3.9343383787965380E-01
3.9139139139139140E+05	3.9344212296871406E-01
3.9231231231231231E+05	3.9345099301961250E-01
3.9323323323323322E+05	3.9345968461272535E-01
3.9415415415415418E+05	3.9346879834899218E-01
3.9507507507507509E+05	3.9347735668450790E-01
3.9599599599599600E+05	3.9348748970520353E-01
3.9691691691691690E+05	3.9349528027038194E-01
3.9783783783783787E+05	3.9350422173501343E-01
3.9875875875875878E+05	3.9351343209875189E-01
3.9967967967967968E+05	3.9352080889745178E-01
4.0060060060060059E+05	3.9353026247901418E-01
4.0152152152152150E+05	3.9353930879621662E-01
4.0244244244244247E+05	3.9354814173788322E-01
4.0336336336336337E+05	3.9355755752797084E-01
4.0428428428428428E+05	3.9356493133083204E-01
4.0520520520520519E+05	3.9357425297833076E-01
4.0612612612612615E+05	3.9358273507313751E-01
4.0704704704704706E+05	3.9359133074754427E-01
4.0796796796796797E+05	3.9360012746201206E-01
4.0888888888888888E+05	3.9360942546218886E-01
4.0980980980980984E+05	3.9361793175334558E-01
4.1073073073073075E+05	3.9362724488385353E-01
4.1165165165165166E+05	3.9363569721433456E-01
4.1257257257257256E+05	3.9364534911197829E-01
4.1349349349349347E+05	3.9365318562438228E-01
4.1441441441441444E+05	3.9366184960265349E-01
4.1533533533533535E+05	3.9367058176861042E-01
4.1625625625625625E+05	3.9368052204557008E-01
4.1717717717717716E+05	3.9368907285126681E-01
4.1809809809809813E+05	3.9369695704056951E-01
4.1901901901901903E+05	3.9370584564780059E-01
4.1993993993993994E+05	3.9371485313320903E-01
4.2086086086086085E+05	3.9372479251617626E-01
4.2178178178178181E+05	3.9373293942559340E-01
4.2270270270270272E+05	3.9374226205072399E-01
4.2362362362362363E+05	3.9374994194726215E-01
4.2454454454454454E+05	3.9375917807873684E-01
4.2546546546546544E+05	3.9376783770030699E-01
4.2638638638638641E+05	3.9377633039379195E-01
4.2730730730730732E+05	3.9378526931823549E-01
4.2822822822822822E+05	3.9379455472191399E-01
4.2914914914914913E+05	3.9380344958158875E-01
4.3007007007007010E+05	3.9381325149498986E-01
4.3099099099099101E+05	3.9382150805608734E-01
4.3191191191191191E+05	3.9383024962831348E-01
4.3283283283283282E+05	3.9383907556762543E-01
4.3375375375375379E+05	3.9384764557436391E-01
4.3467467467467469E+05	3.9385772455915469E-01
4.3559559559559560E+05	3.9386564172225169E-01
4.3651651651651651E+05	3.9387466505585345E-01
4.3743743743743742E+05	3.9388447824510953E-01
4.3835835835835838E+05	3.9389205944376871E-01
4.3927927927927929E+05	3.9390165102483077E-01
4.4020020020020020E+05	3.9390981211635168E-01
4.4112112112112110E+05	3.9391858991572132E-01
4.4204204204204207E+05	3.9392777382022465E-01
4.4296296296296298E+05	3.9393741757273082E-01
4.4388388388388389E+05	3.9394555333649922E-01
4.4480480480480479E+05	3.9395467652726474E-01
4.4572572572572576E+05	3.9396455639895345E-01
4.4664664664664667E+05	3.9397317965205292E-01
4.4756756756756757E+05	3.9398114534934681E-01
4.4848848848848848E+05	3.9399044937989763E-01
4.4940940940940939E+05	3.9399919419115187E-01
4.5033033033033035E+05	3.9400781651103411E-01
4.5125125125125126E+05	3.9401699196580536E-01
4.5217217217217217E+05	3.9402629368690173E-01
4.5309309309309308E+05	3.9403608818012442E-01
4.5401401401401404E+05	3.9404360988757381E-01
4.5493493493493495E+05	3.9405259577435320E-01
4.5585585585585586E+05	3.9406153763886992E-01
4.5677677677677677E+05	3.9407061707242214E-01
4.5769769769769773E+05	3.9408106790771413E-01
4.5861861861861864E+05	3.9408854743851790E-01
4.5953953953953955E+05	3.9409790005343170E-01
4.6046046046046045E+05	3.9410664225008979E-01
4.6138138138138136E+05	3.9411592314541716E-01
4.6230230230230233E+05	3.9412487520346878E-01
4.6322322322322323E+05	3.9413387904821756E-01
4.6414414414414414E+05	3.9414366408516205E-01
4.6506506506506505E+05	3.9415225575736901E-01
4.6598598598598602E+05	3.9416198269461122E-01
4.6690690690690692E+05	3.9416974954019207E-01
4.6782782782782783E+05	3.9417868078762691E-01
4.6874874874874874E+05	3.9418774414617491E-01
4.6966966966966970E+05	3.9419673362831797E-01
4.7059059059059061E+05	3.9420601558637469E-01
4.7151151151151152E+05	3.9421454395376887E-01
4.7243243243243243E+05	3.9422509520067400E-01
4.7335335335335333E+05	3.9423260283574524E-01
4.7427427427427430E+05	3.9424164584755539E-01
4.7519519519519521E+05	3.9425064636738044E-01
4.7611611611611611E+05	3.9425972976387402E-01
4.7703703703703702E+05	3.9426922036389378E-01
4.7795795795795799E+05	3.9427800288590031E-01
4.7887887887887890E+05	3.9428673265493142E-01
4.7979979979979980E+05	3.9429583488999576E-01
4.8072072072072071E+05	3.9430531178808342E-01
4.8164164164164168E+05	3.9431480983181016E-01
4.8256256256256258E+05	3.9432323870996311E-01
4.8348348348348349E+05	3.9433192705158587E-01
4.8440440440440440E+05	3.9434093283899579E-01
4.8532532532532531E+05	3.9435003630537330E-01
4.8624624624624627E+05	3.9435960325963687E-01
4.8716716716716718E+05	3.9436851907622694E-01
4.8808808808808809E+05	3.9437816563742589E-01
4.8900900900900899E+05	3.9438694127282414E-01
4.8992992992992996E+05	3.9439615813697770E-01
4.9085085085085087E+05	3.9440467741531271E-01
4.9177177177177178E+05	3.9441438942462348E-01
4.9269269269269268E+05	3.9442303911871435E-01
4.9361361361361365E+05	3.9443210823488756E-01
4.9453453453453456E+05	3.9444123139271398E-01
4.9545545545545546E+05	3.9445077142832607E-01
4.9637637637637637E+05	3.9445934967926954E-01
4.9729729729729728E+05	3.9446971362877248E-01
4.9821821821821824E+05	3.9447804396523622E-01
4.9913913913913915E+05	3.9448807052235824E-01
5.0006006006006006E+05	3.9449601973949922E-01
5.0098098098098097E+05	3.9450493157441824E-01
5.0190190190190193E+05	3.9451405863851319E-01
5.0282282282282284E+05	3.9452381454634294E-01
5.0374374374374375E+05	3.9453270894179793E-01
5.0466466466466465E+05	3.9454111396756303E-01
5.0558558558558562E+05	3.9455094366124943E-01
5.0650650650650653E+05	3.9455971027149778E-01
5.0742742742742744E+05	3.9456937707201128E-01
5.0834834834834834E+05	3.9457845083594606E-01
5.0926926926926925E+05	3.9458687082390081E-01
5.1019019019019022E+05	3.9459691083199233E-01
5.1111111111111112E+05	3.9460553571826185E-01
5.1203203203203203E+05	3.9461506950118452E-01
5.1295295295295294E+05	3.9462463360433009E-01
5.1387387387387390E+05	3.9463309689685644E-01
5.1479479479479481E+05	3.9464211946447164E-01
5.1571571571571572E+05	3.9465162124449427E-01
5.1663663663663663E+05	3.9466099022960460E-01
5.1755755755755759E+05	3.9467111952822076E-01
5.1847847847847850E+05	3.9467948301556838E-01
5.1939939939939941E+05	3.9468802218927085E-01
5.2032032032032032E+05	3.9469887068306253E-01
5.2124124124124122E+05	3.9470655060800791E-01
5.2216216216216219E+05	3.9471598383673817E-01
5.2308308308308310E+05	3.9472527546014835E-01
5.2400400400400400E+05	3.9473543807640327E-01
5.2492492492492497E+05	3.9474333788376409E-01
5.2584584584584588E+05	3.9475284137428968E-01
5.2676676676676678E+05	3.9476214925272385E-01
5.2768768768768769E+05	3.9477118966111407E-01
5.2860860860860860E+05	3.9478063426551235E-01
5.2952952952952951E+05	3.9479021368323503E-01
5.3045045045045041E+05	3.9479924413998946E-01
5.3137137137137132E+05	3.9480799601748795E-01
5.3229229229229235E+05	3.9481802854172521E-01
5.3321321321321325E+05	3.9482742482560401E-01
5.3413413413413416E+05	3.9483562824538526E-01
5.3505505505505507E+05	3.9484526501628203E-01
5.3597597597597598E+05	3.9485526592688225E-01
5.3689689689689688E+05	3.9486397547652935E-01
5.3781781781781779E+05	3.9487258502468264E-01
5.3873873873873870E+05	3.9488342466757836E-01
5.3965965965965972E+05	3.9489135658458641E-01
5.4058058058058063E+05	3.9490067894281866E-01
5.4150150150150154E+05	3.9490972756216008E-01
5.4242242242242245E+05	3.9491945755336638E-01
5.4334334334334335E+05	3.9492890832462940E-01
5.4426426426426426E+05	3.9493832838421955E-01
5.4518518518518517E+05	3.9494696460928580E-01
5.4610610610610608E+05	3.9495672876485821E-01
5.4702702702702698E+05	3.9496733935255474E-01
5.4794794794794801E+05	3.9497490963808107E-01
5.4886886886886891E+05	3.9498468438654555E-01
5.4978978978978982E+05	3.9499399788742184E-01
5.5071071071071073E+05	3.9500373107143133E-01
5.5163163163163164E+05	3.9501258232808234E-01
5.5255255255255254E+05	3.9502129208013248E-01
5.5347347347347345E+05	3.9503102362113340E-01
5.5439439439439436E+05	3.9504082364043597E-01
5.5531531531531527E+05	3.9505068301443053E-01
5.5623623623623629E+05	3.9505899236283848E-01
5.5715715715715720E+05	3.9506806215026180E-01
5.5807807807807811E+05	3.9507728607817999E-01
5.5899899899899901E+05	3.9508775049156319E-01
5.5991991991991992E+05	3.9509709835099177E-01
5.6084084084084083E+05	3.9510537813063701E-01
5.6176176176176174E+05	3.9511445059645206E-01
5.6268268268268264E+05	3.9512389299068218E-01
5.6360360360360367E+05	3.9513421103062751E-01
5.6452452452452458E+05	3.9513898819109800E-01
5.6544544544544548E+05	3.9514866905782797E-01
5.6636636636636639E+05	3.9515668280050414E-01
5.6728728728728730E+05	3.9516633087932024E-01
5.6820820820820821E+05	3.9517501270656924E-01
5.6912912912912911E+05	3.9518482542337852E-01
5.7005005005005002E+05	3.9519367349408313E-01
5.7097097097097093E+05	3.9520293303904885E-01
5.7189189189189195E+05	3.9521298944026262E-01
5.7281281281281286E+05	3.9522155689811667E-01
5.7373373373373377E+05	3.9523095384728929E-01
5.7465465465465467E+05	3.9524038252508759E-01
5.7557557557557558E+05	3.9525014571828027E-01
5.7649649649649649E+05	3.9526014378092272E-01
5.7741741741741740E+05	3.9526908158220925E-01
5.7833833833833830E+05	3.9527789438691230E-01
5.7925925925925921E+05	3.9528738949812092E-01
5.8018018018018024E+05	3.9529755421979718E-01
5.8110110110110114E+05	3.9530687776045520E-01
5.8202202202202205E+05	3.9531643445050574E-01
5.8294294294294296E+05	3.9532535849945089E-01
5.8386386386386387E+05	3.9533523889474248E-01
5.8478478478478477E+05	3.9534591637458882E-01
5.8570570570570568E+05	3.9535379348978505E-01
5.8662662662662659E+05	3.9536362502962702E-01
5.8754754754754761E+05	3.9537333672603014E-01
5.8846846846846852E+05	3.9538251818041320E-01
5.8938938938938943E+05	3.9539208578737950E-01
5.9031031031031033E+05	3.9540107202354408E-01
5.9123123123123124E+05	3.9541082157452390E-01
5.9215215215215215E+05	3.9542032945709493E-01
5.9307307307307306E+05	3.9543064618430290E-01
5.9399399399399396E+05	3.9543935136074138E-01
5.9491491491491487E+05	3.9544872190812119E-01
5.9583583583583590E+05	3.9545765452103626E-01
5.9675675675675680E+05	3.9546753875701462E-01
5.9767767767767771E+05	3.9547690642274552E-01
5.9859859859859862E+05	3.9548616125469693E-01
5.9951951951951953E+05	3.9549642364703069E-01
6.0044044044044043E+05	3.9550504323732949E-01
6.0136136136136134E+05	3.9551456097757820E-01
6.0228228228228225E+05	3.9552427492715558E-01
6.0320320320320316E+05	3.9553426491651533E-01
6.0412412412412418E+05	3.9554408680867997E-01
6.0504504504504509E+05	3.9555317490712133E-01
6.0596596596596600E+05	3.9556251652082824E-01
6.0688688688688690E+05	3.9557187892961265E-01
6.0780780780780781E+05	3.9558283608124745E-01
6.0872872872872872E+05	3.9559107580670910E-01
6.0964964964964963E+05	3.9560123720430856E-01
6.1057057057057053E+05	3.9561091354030031E-01
6.1149149149149156E+05	3.9562013779183625E-01
6.1241241241241246E+05	3.9562969523086894E-01
6.1333333333333337E+05	3.9563860349399993E-01
6.1425425425425428E+05	3.9564894210764312E-01
6.1517517517517519E+05	3.9565827748005389E-01
6.1609609609609609E+05	3.9566773902265623E-01
6.1701701701701700E+05	3.9567718574684335E-01
6.1793793793793791E+05	3.9568800164711171E-01
6.1885885885885882E+05	3.9569653911577696E-01
6.1977977977977984E+05	3.9570610907268305E-01
6.2070070070070075E+05	3.9571550995260374E-01
6.2162162162162166E+05	3.9572589564496352E-01
6.2254254254254256E+05	3.9573465482865350E-01
6.2346346346346347E+05	3.9574466222341070E-01
6.2438438438438438E+05	3.9575443493056867E-01
6.2530530530530529E+05	3.9576402127276017E-01
6.2622622622622619E+05	3.9577361816865309E-01
6.2714714714714710E+05	3.9578312110810476E-01
6.2806806806806813E+05	3.9579206473328615E-01
6.2898898898898903E+05	3.9580213601718761E-01
6.2990990990990994E+05	3.9581130859902069E-01
6.3083083083083085E+05	3.9582137527001426E-01
6.3175175175175176E+05	3.9583128026684805E-01
6.3267267267267266E+05	3.9584079229695268E-01
6.3359359359359357E+05	3.9585054585846224E-01
6.3451451451451448E+05	3.9586007206490331E-01
6.3543543543543550E+05	3.9586925269764683E-01
6.3635635635635641E+05	3.9587991642947523E-01
6.3727727727727732E+05	3.9588875872213314E-01
6.3819819819819822E+05	3.9589819826341160E-01
6.3911911911911913E+05	3.9590798694889973E-01
6.4004004004004004E+05	3.9591929936931863E-01
6.4096096096096095E+05	3.9592705792967670E-01
6.4188188188188185E+05	3.9593725005650993E-01
6.4280280280280276E+05	3.9594686959349895E-01
6.4372372372372379E+05	3.9595629769792628E-01
6.4464464464464469E+05	3.9596588538572580E-01
6.4556556556556560E+05	3.9597558086293844E-01
6.4648648648648651E+05	3.9598586136924080E-01
6.4740740740740742E+05	3.9599635854791820E-01
6.4832832832832832E+05	3.9600495447331174E-01
6.4924924924924923E+05	3.9601430314176478E-01
6.5017017017017014E+05	3.9602478914586853E-01
6.5109109109109105E+05	3.9603494513089477E-01
6.5201201201201207E+05	3.9604450876727010E-01
6.5293293293293298E+05	3.9605420156267890E-01
6.5385385385385389E+05	3.9606275378318223E-01
6.5477477477477479E+05	3.9607328789413360E-01
6.5569569569569570E+05	3.9608335996208371E-01
6.5661661661661661E+05	3.9609285705002784E-01
6.5753753753753752E+05	3.9610250489260052E-01
6.5845845845845842E+05	3.9611145650017188E-01
6.5937937937937945E+05	3.9612175640934894E-01
6.6030030030030035E+05	3.9613148650308633E-01
6.6122122122122126E+05	3.9614119351679877E-01
6.6214214214214217E+05	3.9615057308993740E-01
6.6306306306306308E+05	3.9616004838123420E-01
6.6398398398398398E+05	3.9616975132622245E-01
6.6490490490490489E+05	3.9618017079754325E-01
6.6582582582582580E+05	3.9618973349230768E-01
6.6674674674674671E+05	3.9619934367333126E-01
6.6766766766766773E+05	3.9620962618465089E-01
6.6858858858858864E+05	3.9621895293071141E-01
6.6950950950950955E+05	3.9622844605677837E-01
6.7043043043043045E+05	3.9623832951763682E-01
6.7135135135135136E+05	3.9624871211298784E-01
6.7227227227227227E+05	3.9625791992815629E-01
6.7319319319319318E+05	3.9626860654428064E-01
6.7411411411411408E+05	3.9627810461041485E-01
6.7503503503503499E+05	3.9628780347203652E-01
6.7595595595595601E+05	3.9629724955348761E-01
6.7687687687687692E+05	3.9630760299149820E-01
6.7779779779779783E+05	3.9631736089975511E-01
6.7871871871871874E+05	3.9632667986516990E-01
6.7963963963963964E+05	3.9633694718851237E-01
6.8056056056056055E+05	3.9634675768935651E-01
6.8148148148148146E+05	3.9635624819315562E-01
6.8240240240240237E+05	3.9636570480378469E-01
6.8332332332332339E+05	3.9637593438448598E-01
6.8424424424424430E+05	3.9638585050552982E-01
6.8516516516516521E+05	3.9639690231585850E-01
6.8608608608608611E+05	3.9640499260045237E-01
6.8700700700700702E+05	3.9641510052373552E-01
6.8792792792792793E+05	3.9642496927915738E-01
6.8884884884884884E+05	3.9643460824786414E-01
6.8976976976976974E+05	3.9644609526551050E-01
6.9069069069069065E+05	3.9645470633892799E-01
6.9161161161161168E+05	3.9646412347750920E-01
6.9253253253253258E+05	3.9647437652084300E-01
6.9345345345345349E+05	3.9648449730617696E-01
6.9437437437437440E+05	3.9649452606528179E-01
6.9529529529529531E+05	3.9650460101307783E-01
6.9621621621621621E+05	3.9651398094948453E-01
6.9713713713713712E+05	3.9652423067434289E-01
6.9805805805805803E+05	3.9653389084570984E-01
6.9897897897897894E+05	3.9654336741805818E-01
6.9989989989989996E+05	3.9655345149811638E-01
7.0082082082082087E+05	3.9656345257830655E-01
7.0174174174174177E+05	3.9657288329157730E-01
7.0266266266266268E+05	3.9658292099098463E-01
7.0358358358358359E+05	3.9659365550669867E-01
7.0450450450450450E+05	3.9660338758695152E-01
7.0542542542542540E+05	3.9661325057070967E-01
7.0634634634634631E+05	3.9662326355813293E-01
7.0726726726726722E+05	3.9663306202370807E-01
7.0818818818818824E+05	3.9664404656462060E-01
7.0910910910910915E+05	3.9665286793483240E-01
7.1003003003003006E+05	3.9666295489677317E-01
7.1095095095095097E+05	3.9667301140087857E-01
7.1187187187187187E+05	3.9668247602978496E-01
7.1279279279279278E+05	3.9669423856323832E-01
7.1371371371371369E+05	3.9670300672434711E-01
7.1463463463463460E+05	3.9671313492862148E-01
7.1555555555555562E+05	3.9672320223795604E-01
7.1647647647647653E+05	3.9673221821554516E-01
7.1739739739739744E+05	3.9674275158491407E-01
7.1831831831831834E+05	3.9675343748582931E-01
7.1923923923923925E+05	3.9676302264328450E-01
7.2016016016016016E+05	3.9677223583148297E-01
7.2108108108108107E+05	3.9678348989638984E-01
7.2200200200200197E+05	3.9679243940324188E-01
7.2292292292292288E+05	3.9680236336702673E-01
7.2384384384384390E+05	3.9681253400881189E-01
7.2476476476476481E+05	3.9682350447546416E-01
7.2568568568568572E+05	3.9683237336594690E-01
7.2660660660660663E+05	3.9684278309162874E-01
7.2752752752752753E+05	3.9685245013290515E-01
7.2844844844844844E+05	3.9686220549993600E-01
7.2936936936936935E+05	3.9687279835281536E-01
7.3029029029029026E+05	3.9688234900362312E-01
7.3121121121121116E+05	3.9689252813282755E-01
7.3213213213213219E+05	3.9690276529092305E-01
7.3305305305305310E+05	3.9691230627040280E-01
7.3397397397397400E+05	3.9692305048867577E-01
7.3489489489489491E+05	3.9693276210657991E-01
7.3581581581581582E+05	3.9694246282215268E-01
7.3673673673673673E+05	3.9695280622885193E-01
7.3765765765765763E+05	3.9696314968417834E-01
7.3857857857857854E+05	3.9697309761177080E-01
7.3949949949949956E+05	3.9698419643254490E-01
7.4042042042042047E+05	3.9699370009326790E-01
7.4134134134134138E+05	3.9700457638010134E-01
7.4226226226226229E+05	3.9701319176098054E-01
7.4318318318318320E+05	3.9702379750023103E-01
7.4410410410410410E+05	3.9703336036350256E-01
7.4502502502502501E+05	3.9704343653672070E-01
7.4594594594594592E+05	3.9705345720544211E-01
7.4686686686686683E+05	3.9706407746835753E-01
7.4778778778778785E+05	3.9707393121247031E-01
7.4870870870870876E+05	3.9708376782786392E-01
7.4962962962962966E+05	3.9709420825378094E-01
7.5055055055055057E+05	3.9710459685745314E-01
7.5147147147147148E+05	3.9711497692982040E-01
7.5239239239239239E+05	3.9712491815617285E-01
7.5331331331331329E+05	3.9713478864229873E-01
7.5423423423423420E+05	3.9714470170398303E-01
7.5515515515515511E+05	3.9715539186151405E-01
7.5607607607607613E+05	3.9716531042450159E-01
7.5699699699699704E+05	3.9717521082386231E-01
7.5791791791791795E+05	3.9718579946534721E-01
7.5883883883883886E+05	3.9719536592411320E-01
7.5975975975975976E+05	3.9720609209318036E-01
7.6068068068068067E+05	3.9721618940112768E-01
7.6160160160160158E+05	3.9722728171655564E-01
7.6252252252252249E+05	3.9723677398577334E-01
7.6344344344344351E+05	3.9724686559433148E-01
7.6436436436436442E+05	3.9725655323532449E-01
7.6528528528528532E+05	3.9726730470759702E-01
7.6620620620620623E+05	3.9727721149578610E-01
7.6712712712712714E+05	3.9728765647758679E-01
7.6804804804804805E+05	3.9729734124916516E-01
7.6896896896896895E+05	3.9730759126424209E-01
7.6988988988988986E+05	3.9731755841053201E-01
7.7081081081081077E+05	3.9732783583380799E-01
7.7173173173173179E+05	3.9733764464237931E-01
7.7265265265265270E+05	3.9734825758023412E-01
7.7357357357357361E+05	3.9735877964826138E-01
7.7449449449449452E+05	3.9736913551116049E-01
7.7541541541541542E+05	3.9737925766938870E-01
7.7633633633633633E+05	3.9738957375078587E-01
7.7725725725725724E+05	3.9739893621409106E-01
7.7817817817817815E+05	3.9741033636118578E-01
7.7909909909909905E+05	3.9742035947469134E-01
7.8002002002002008E+05	3.9743122496659877E-01
7.8094094094094099E+05	3.9744068421536244E-01
7.8186186186186189E+05	3.9745058830895624E-01
7.8278278278278280E+05	3.9746070089260926E-01
7.8370370370370371E+05	3.9747146581459941E-01
7.8462462462462462E+05	3.9748133644592731E-01
7.8554554554554552E+05	3.9749150967312891E-01
7.8646646646646643E+05	3.9750241695671135E-01
7.8738738738738745E+05	3.9751275469743902E-01
7.8830830830830836E+05	3.9752287320120722E-01
7.8922922922922927E+05	3.9753423375622238E-01
7.9015015015015018E+05	3.9754330301799157E-01
7.9107107107107108E+05	3.9755372912232273E-01
7.9199199199199199E+05	3.9756374396135002E-01
7.9291291291291290E+05	3.9757408727613441E-01
7.9383383383383381E+05	3.9758469499075882E-01
7.9475475475475471E+05	3.9759455513238229E-01
7.9567567567567574E+05	3.9760618584341934E-01
7.9659659659659665E+05	3.9761574335066907E-01
7.9751751751751755E+05	3.9762654727631885E-01
7.9843843843843846E+05	3.9763602736742631E-01
7.9935935935935937E+05	3.9764685441113151E-01
8.0028028028028028E+05	3.9765645258758098E-01
8.0120120120120118E+05	3.9766665685953562E-01
8.0212212212212209E+05	3.9767727168787620E-01
8.0304304304304300E+05	3.9768771895032740E-01
8.0396396396396402E+05	3.9769763746225217E-01
8.0488488488488493E+05	3.9770816183737406E-01
8.0580580580580584E+05	3.9771850551122401E-01
8.0672672672672675E+05	3.9772941754492169E-01
8.0764764764764765E+05	3.9773930042123562E-01
8.0856856856856856E+05	3.9775117857573034E-01
8.0948948948948947E+05	3.9776055865319676E-01
8.1041041041041038E+05	3.9777194038177971E-01
8.1133133133133140E+05	3.9778083751681265E-01
8.1225225225225231E+05	3.9779165595379884E-01
8.1317317317317321E+05	3.9780153714100458E-01
8.1409409409409412E+05	3.9781193197359144E-01
8.1501501501501503E+05	3.9782227564515327E-01
8.1593593593593594E+05	3.9783312772191443E-01
8.1685685685685684E+05	3.9784326817147991E-01
8.1777777777777775E+05	3.9785367906199265E-01
8.1869869869869866E+05	3.9786389561109947E-01
8.1961961961961968E+05	3.9787480070230219E-01
8.2054054054054059E+05	3.9788483081286274E-01
8.2146146146146150E+05	3.9789667625524894E-01
8.2238238238238241E+05	3.9790604311793676E-01
8.2330330330330331E+05	3.9791705883718481E-01
8.2422422422422422E+05	3.9792631886110341E-01
8.2514514514514513E+05	3.9793757178906702E-01
8.2606606606606604E+05	3.9794784731313126E-01
8.2698698698698694E+05	3.9795831328642062E-01
8.2790790790790797E+05	3.9796891249115718E-01
8.2882882882882887E+05	3.9797873064004358E-01
8.2974974974974978E+05	3.9799033335007167E-01
8.3067067067067069E+05	3.9800003731563716E-01
8.3159159159159160E+05	3.9801164798125310E-01
8.3251251251251251E+05	3.9802068472396290E-01
8.3343343343343341E+05	3.9803135513681598E-01
8.3435435435435432E+05	3.9804150509888681E-01
8.3527527527527534E+05	3.9805187066744624E-01
8.3619619619619625E+05	3.9806296233287836E-01
8.3711711711711716E+05	3.9807355080040741E-01
8.3803803803803807E+05	3.9808318276943938E-01
8.3895895895895897E+05	3.9809394491121641E-01
8.3987987987987988E+05	3.9810418793202335E-01
8.4080080080080079E+05	3.9811524144024879E-01
8.4172172172172170E+05	3.9812568110246621E-01
8.4264264264264260E+05	3.9813715954386558E-01
8.4356356356356363E+05	3.9814696690928064E-01
8.4448448448448454E+05	3.9815849593455704E-01
8.4540540540540544E+05	3.9816731724012205E-01
8.4632632632632635E+05	3.9817876045097955E-01
8.4724724724724726E+05	3.9818868794375806E-01
8.4816816816816817E+05	3.9819909547701038E-01
8.4908908908908907E+05	3.9821060465847746E-01
8.5001001001000998E+05	3.9822051464767400E-01
8.5093093093093089E+05	3.9823141351931590E-01
8.5185185185185191E+05	3.9824167889654805E-01
8.5277277277277282E+05	3.9825267098373912E-01
8.5369369369369373E+05	3.9826298047416880E-01
8.5461461461461463E+05	3.9827344488690175E-01
8.5553553553553554E+05	3.9828342284532259E-01
8.5645645645645645E+05	3.9829415025738052E-01
8.5737737737737736E+05	3.9830490609156222E-01
8.5829829829829826E+05	3.9831651872951190E-01
8.5921921921921929E+05	3.9832602115911658E-01
8.6014014014014020E+05	3.9833657941482831E-01
8.6106106106106110E+05	3.9834714885040828E-01
8.6198198198198201E+05	3.9835870681481622E-01
8.6290290290290292E+05	3.9836830847508692E-01
8.6382382382382383E+05	3.9837962784297232E-01
8.6474474474474473E+05	3.9839085081853814E-01
8.6566566566566564E+05	3.9840104950694127E-01
8.6658658658658655E+05	3.9841102992794597E-01
8.6750750750750757E+05	3.9842199088649261E-01
8.6842842842842848E+05	3.9843390551155300E-01
8.6934934934934939E+05	3.9844408572699480E-01
8.7027027027027030E+05	3.9845333594688159E-01
8.7119119119119120E+05	3.9846471119935933E-01
8.7211211211211211E+05	3.9847487452161079E-01
8.7303303303303302E+05	3.9848578027263393E-01
8.7395395395395393E+05	3.9849638973835450E-01
8.7487487487487483E+05	3.9850764431610347E-01
8.7579579579579586E+05	3.9851761337838681E-01
8.7671671671671676E+05	3.9852801081326705E-01
8.7763763763763767E+05	3.9853872568994803E-01
8.7855855855855858E+05	3.9855011652821687E-01
8.7947947947947949E+05	3.9856069020618223E-01
8.8040040040040039E+05	3.9857128840718598E-01
8.8132132132132130E+05	3.9858200015443779E-01
8.8224224224224221E+05	3.9859313302234811E-01
8.8316316316316323E+05	3.9860371622468233E-01
8.8408408408408414E+05	3.9861461864729369E-01
8.8500500500500505E+05	3.9862463977024354E-01
8.8592592592592596E+05	3.9863549842056217E-01
8.8684684684684686E+05	3.9864652410445489E-01
8.8776776776776777E+05	3.9865708431170832E-01
8.8868868868868868E+05	3.9866890001343036E-01
8.8960960960960959E+05	3.9867903581241537E-01
8.9053053053053049E+05	3.9869058746308972E-01
8.9145145145145152E+05	3.9869985000020064E-01
8.9237237237237243E+05	3.9871100283152344E-01
8.9329329329329333E+05	3.9872134862567610E-01
8.9421421421421424E+05	3.9873217016590945E-01
8.9513513513513515E+05	3.9874364276675628E-01
8.9605605605605606E+05	3.9875352121098373E-01
8.9697697697697696E+05	3.9876520456597286E-01
8.9789789789789787E+05	3.9877560987510396E-01
8.9881881881881878E+05	3.9878670618809964E-01
8.9973973973973980E+05	3.9879687216210769E-01
9.0066066066066071E+05	3.9880823334407761E-01
9.0158158158158162E+05	3.9881848248352586E-01
9.0250250250250252E+05	3.9882958452413247E-01
9.0342342342342343E+05	3.9884048208685724E-01
9.0434434434434434E+05	3.9885063924147740E-01
9.0526526526526525E+05	3.9886165321185374E-01
9.0618618618618615E+05	3.9887302886304576E-01
9.0710710710710718E+05	3.9888357876825620E-01
9.0802802802802809E+05	3.9889372432011388E-01
9.0894894894894899E+05	3.9890534885816786E-01
9.0986986986986990E+05	3.9891615184442725E-01
9.1079079079079081E+05	3.9892710355128574E-01
9.1171171171171172E+05	3.9893763703643759E-01
9.1263263263263262E+05	3.9894832286958709E-01
9.1355355355355353E+05	3.9895895176126306E-01
9.1447447447447444E+05	3.9897032346467132E-01
9.1539539539539546E+05	3.9898045237309016E-01
9.1631631631631637E+05	3.9899188868577490E-01
9.1723723723723728E+05	3.9900229499209910E-01
9.1815815815815818E+05	3.9901366187399923E-01
9.1907907907907909E+05	3.9902441164262487E-01
9.2000000000000000E+05	3.9903493239659710E-01
