0.0000000000000000E+00	9.9999999999999978E-01
9.2092092092092093E+02	1.0000319654423953E+00
1.8418418418418419E+03	1.0000390931117917E+00
2.7627627627627626E+03	1.0000708478816918E+00
3.6836836836836837E+03	1.0000942452220187E+00
4.6046046046046049E+03	1.0001122665235309E+00
5.5255255255255252E+03	1.0001319540762159E+00
6.4464464464464463E+03	1.0001472492165329E+00
7.3673673673673675E+03	1.0001676184174590E+00
8.2882882882882877E+03	1.0001910512327952E+00
9.2092092092092098E+03	1.0002067322610206E+00
1.0130130130130130E+04	1.0002268755769523E+00
1.1051051051051050E+04	1.0002462494304183E+00
1.1971971971971972E+04	1.0002661484145634E+00
1.2892892892892893E+04	1.0002868113997785E+00
1.3813813813813815E+04	1.0003052676605348E+00
1.4734734734734735E+04	1.0003222864132209E+00
1.5655655655655655E+04	1.0003445609062289E+00
1.6576576576576575E+04	1.0003658992668685E+00
1.7497497497497498E+04	1.0003738383081935E+00
1.8418418418418420E+04	1.0003961213166461E+00
1.9339339339339338E+04	1.0004233384639554E+00
2.0260260260260260E+04	1.0004432868979758E+00
2.1181181181181182E+04	1.0004621266292373E+00
2.2102102102102101E+04	1.0004813253812412E+00
2.3023023023023023E+04	1.0005020106620888E+00
2.3943943943943945E+04	1.0005208146171953E+00
2.4864864864864867E+04	1.0005403449344645E+00
2.5785785785785785E+04	1.0005587837597252E+00
2.6706706706706707E+04	1.0005670083442320E+00
2.7627627627627629E+04	1.0005916603452767E+00
2.8548548548548548E+04	1.0006192367384357E+00
2.9469469469469470E+04	1.0006347374789430E+00
3.0390390390390392E+04	1.0006525397519990E+00
3.1311311311311310E+04	1.0006753384647762E+00
3.2232232232232232E+04	1.0006909339330834E+00
3.3153153153153151E+04	1.0007153061003817E+00
3.4074074074074073E+04	1.0007312809339934E+00
3.4994994994994995E+04	1.0007526523761618E+00
3.5915915915915917E+04	1.0007559024542272E+00
3.6836836836836839E+04	1.0007922444629604E+00
3.7757757757757761E+04	1.0008101819942659E+00
3.8678678678678676E+04	1.0008141801900641E+00
3.9599599599599598E+04	1.0008487350533988E+00
4.0520520520520520E+04	1.0008730196202895E+00
4.1441441441441442E+04	1.0008916976583986E+00
4.2362362362362364E+04	1.0009086756342191E+00
4.3283283283283286E+04	1.0009298011051511E+00
4.4204204204204201E+04	1.0009465130989152E+00
4.5125125125125123E+04	1.0009687518185582E+00
4.6046046046046045E+04	1.0009866652187194E+00
4.6966966966966967E+04	1.0010089703995466E+00
4.7887887887887890E+04	1.0010285456332098E+00
4.8808808808808812E+04	1.0010447629577115E+00
4.9729729729729734E+04	1.0010500024765949E+00
5.0650650650650648E+04	1.0010845618099151E+00
5.1571571571571571E+04	1.0011053412223239E+00
5.2492492492492493E+04	1.0011101537675025E+00
5.3413413413413415E+04	1.0011443901418813E+00
5.4334334334334337E+04	1.0011626928679540E+00
5.5255255255255259E+04	1.0011850611988065E+00
5.6176176176176174E+04	1.0012014202673307E+00
5.7097097097097096E+04	1.0012234923428436E+00
5.8018018018018018E+04	1.0012396070549496E+00
5.8938938938938940E+04	1.0012621306614053E+00
5.9859859859859862E+04	1.0012840386149233E+00
6.0780780780780784E+04	1.0012957464622345E+00
6.1701701701701706E+04	1.0013131772988937E+00
6.2622622622622621E+04	1.0013425363666981E+00
6.3543543543543543E+04	1.0013631349821945E+00
6.4464464464464465E+04	1.0013820521453640E+00
6.5385385385385387E+04	1.0014022072424278E+00
6.6306306306306302E+04	1.0014215397082069E+00
6.7227227227227224E+04	1.0014412471794236E+00
6.8148148148148146E+04	1.0014617216053951E+00
6.9069069069069068E+04	1.0014808181622628E+00
6.9989989989989990E+04	1.0014913345683460E+00
7.0910910910910912E+04	1.0015121401219971E+00
7.1831831831831834E+04	1.0015409921038934E+00
7.2752752752752756E+04	1.0015581223070662E+00
7.3673673673673678E+04	1.0015754332418785E+00
7.4594594594594600E+04	1.0015984211529885E+00
7.5515515515515523E+04	1.0016156623889623E+00
7.6436436436436445E+04	1.0016394103039186E+00
7.7357357357357352E+04	1.0016557920016580E+00
7.8278278278278274E+04	1.0016776589772198E+00
7.9199199199199196E+04	1.0016821578273942E+00
8.0120120120120118E+04	1.0017175027850667E+00
8.1041041041041040E+04	1.0017359570407909E+00
8.1961961961961963E+04	1.0017406386947900E+00
8.2882882882882885E+04	1.0017761658802866E+00
8.3803803803803807E+04	1.0017985652409445E+00
8.4724724724724729E+04	1.0018183640363789E+00
8.5645645645645651E+04	1.0018366961080385E+00
8.6566566566566573E+04	1.0018579647160113E+00
8.7487487487487495E+04	1.0018763097599246E+00
8.8408408408408402E+04	1.0018978752368348E+00
8.9329329329329325E+04	1.0019167222203720E+00
9.0250250250250247E+04	1.0019372193407059E+00
9.1171171171171169E+04	1.0019591164040633E+00
9.2092092092092091E+04	1.0019733633668568E+00
9.3013013013013013E+04	1.0019897946722778E+00
9.3933933933933935E+04	1.0020172806588608E+00
9.4854854854854857E+04	1.0020343442894617E+00
9.5775775775775779E+04	1.0020489684901208E+00
9.6696696696696701E+04	1.0020778538108353E+00
9.7617617617617623E+04	1.0020930088124491E+00
9.8538538538538545E+04	1.0021171918754932E+00
9.9459459459459467E+04	1.0021214938753076E+00
1.0038038038038037E+05	1.0021576479574774E+00
1.0130130130130130E+05	1.0021743221140160E+00
1.0222222222222222E+05	1.0021927869430773E+00
1.0314314314314314E+05	1.0022150090184225E+00
1.0406406406406406E+05	1.0022376928935135E+00
1.0498498498498499E+05	1.0022559818112489E+00
1.0590590590590591E+05	1.0022659128181040E+00
1.0682682682682683E+05	1.0022795665093287E+00
1.0774774774774775E+05	1.0023063144687605E+00
1.0866866866866867E+05	1.0023284111444284E+00
1.0958958958958960E+05	1.0023457196285899E+00
1.1051051051051052E+05	1.0023593259795138E+00
1.1143143143143144E+05	1.0023875654900190E+00
1.1235235235235235E+05	1.0024176357284245E+00
1.1327327327327327E+05	1.0024382948022228E+00
1.1419419419419419E+05	1.0024560936550944E+00
1.1511511511511511E+05	1.0024736979432145E+00
1.1603603603603604E+05	1.0024957796373239E+00
1.1695695695695696E+05	1.0025191717228230E+00
1.1787787787787788E+05	1.0025266298372764E+00
1.1879879879879880E+05	1.0025583467133223E+00
1.1971971971971972E+05	1.0025748099865233E+00
1.2064064064064065E+05	1.0025995827465677E+00
1.2156156156156157E+05	1.0026154187016612E+00
1.2248248248248249E+05	1.0026361654286704E+00
1.2340340340340341E+05	1.0026591500652215E+00
1.2432432432432432E+05	1.0026772380141726E+00
1.2524524524524524E+05	1.0026968423238110E+00
1.2616616616616616E+05	1.0027190147101548E+00
1.2708708708708709E+05	1.0027390338403488E+00
1.2800800800800801E+05	1.0027605373842776E+00
1.2892892892892893E+05	1.0027813474846510E+00
1.2984984984984985E+05	1.0028003366519198E+00
1.3077077077077077E+05	1.0028218417017010E+00
1.3169169169169170E+05	1.0028418269157664E+00
1.3261261261261260E+05	1.0028604234572094E+00
1.3353353353353354E+05	1.0028805212297742E+00
1.3445445445445445E+05	1.0028978349450302E+00
1.3537537537537538E+05	1.0029206090349878E+00
1.3629629629629629E+05	1.0029429254234679E+00
1.3721721721721723E+05	1.0029606856807440E+00
1.3813813813813814E+05	1.0029813235202463E+00
1.3905905905905907E+05	1.0030042093828384E+00
1.3997997997997998E+05	1.0030199881340893E+00
1.4090090090090092E+05	1.0030438283697616E+00
1.4182182182182182E+05	1.0030580416311849E+00
1.4274274274274273E+05	1.0030849912818998E+00
1.4366366366366367E+05	1.0031038030968387E+00
1.4458458458458458E+05	1.0031215605427160E+00
1.4550550550550551E+05	1.0031432611235704E+00
1.4642642642642642E+05	1.0031660291531626E+00
1.4734734734734736E+05	1.0031874218891275E+00
1.4826826826826826E+05	1.0032048001032818E+00
1.4918918918918920E+05	1.0032174622333765E+00
1.5011011011011011E+05	1.0032321677082823E+00
1.5103103103103105E+05	1.0032510828857324E+00
1.5195195195195195E+05	1.0032740601923078E+00
1.5287287287287289E+05	1.0033021873525589E+00
1.5379379379379380E+05	1.0033291399465367E+00
1.5471471471471470E+05	1.0033513843599751E+00
1.5563563563563564E+05	1.0033693187006745E+00
1.5655655655655655E+05	1.0033869399630797E+00
1.5747747747747749E+05	1.0034075911881806E+00
1.5839839839839839E+05	1.0034317359848886E+00
1.5931931931931933E+05	1.0034445593939889E+00
1.6024024024024024E+05	1.0034730259171092E+00
1.6116116116116117E+05	1.0034900421307571E+00
1.6208208208208208E+05	1.0035111551465974E+00
1.6300300300300302E+05	1.0035293572998814E+00
1.6392392392392393E+05	1.0035557905865933E+00
1.6484484484484486E+05	1.0035714120804793E+00
1.6576576576576577E+05	1.0035939112917067E+00
1.6668668668668668E+05	1.0036160768557310E+00
1.6760760760760761E+05	1.0036347635618148E+00
1.6852852852852852E+05	1.0036503993730534E+00
1.6944944944944946E+05	1.0036735118656122E+00
1.7037037037037036E+05	1.0036893202703525E+00
1.7129129129129130E+05	1.0037153662357252E+00
1.7221221221221221E+05	1.0037340722432704E+00
1.7313313313313315E+05	1.0037564292037375E+00
1.7405405405405405E+05	1.0037626992683786E+00
1.7497497497497499E+05	1.0037974449140306E+00
1.7589589589589590E+05	1.0038220847340140E+00
1.7681681681681680E+05	1.0038427567943078E+00
1.7773773773773774E+05	1.0038603952082701E+00
1.7865865865865865E+05	1.0038726680869368E+00
1.7957957957957959E+05	1.0039037090616216E+00
1.8050050050050049E+05	1.0039217520270489E+00
1.8142142142142143E+05	1.0039466926188461E+00
1.8234234234234234E+05	1.0039650671070131E+00
1.8326326326326327E+05	1.0039844005011929E+00
1.8418418418418418E+05	1.0040036122949989E+00
1.8510510510510512E+05	1.0040284281446104E+00
1.8602602602602603E+05	1.0040440238351989E+00
1.8694694694694696E+05	1.0040634455488846E+00
1.8786786786786787E+05	1.0040912225513934E+00
1.8878878878878878E+05	1.0041102541624169E+00
1.8970970970970971E+05	1.0041289377859086E+00
1.9063063063063062E+05	1.0041484795644349E+00
1.9155155155155156E+05	1.0041688234740156E+00
1.9247247247247247E+05	1.0041899504774454E+00
1.9339339339339340E+05	1.0042116774010486E+00
1.9431431431431431E+05	1.0042314282582647E+00
1.9523523523523525E+05	1.0042531249248987E+00
1.9615615615615615E+05	1.0042760202587766E+00
1.9707707707707709E+05	1.0042985448336825E+00
1.9799799799799800E+05	1.0043140333650389E+00
1.9891891891891893E+05	1.0043328696956066E+00
1.9983983983983984E+05	1.0043604266459096E+00
2.0076076076076075E+05	1.0043776084907394E+00
2.0168168168168169E+05	1.0043988192750239E+00
2.0260260260260259E+05	1.0044235955800644E+00
2.0352352352352353E+05	1.0044415674768878E+00
2.0444444444444444E+05	1.0044611695166539E+00
2.0536536536536537E+05	1.0044835861532015E+00
2.0628628628628628E+05	1.0044878628823024E+00
2.0720720720720722E+05	1.0045245089342369E+00
2.0812812812812813E+05	1.0045476317625084E+00
2.0904904904904906E+05	1.0045666932259354E+00
2.0996996996996997E+05	1.0045847719285843E+00
2.1089089089089091E+05	1.0045988054525428E+00
2.1181181181181181E+05	1.0046276783523120E+00
2.1273273273273272E+05	1.0046509997363924E+00
2.1365365365365366E+05	1.0046697452955180E+00
2.1457457457457457E+05	1.0046907578609940E+00
2.1549549549549550E+05	1.0047107307363645E+00
2.1641641641641641E+05	1.0047221967058730E+00
2.1733733733733735E+05	1.0047536262525905E+00
2.1825825825825825E+05	1.0047777405707707E+00
2.1917917917917919E+05	1.0047978846981027E+00
2.2010010010010010E+05	1.0048148254143734E+00
2.2102102102102104E+05	1.0048408888963187E+00
2.2194194194194194E+05	1.0048580518950689E+00
2.2286286286286288E+05	1.0048793417744519E+00
2.2378378378378379E+05	1.0048998407017427E+00
2.2470470470470469E+05	1.0049246687841018E+00
2.2562562562562563E+05	1.0049361323346770E+00
2.2654654654654654E+05	1.0049661308859184E+00
2.2746746746746748E+05	1.0049838990244246E+00
2.2838838838838838E+05	1.0050038500582670E+00
2.2930930930930932E+05	1.0050274213901980E+00
2.3023023023023023E+05	1.0050501165622079E+00
2.3115115115115116E+05	1.0050718724706860E+00
2.3207207207207207E+05	1.0050916320410359E+00
2.3299299299299301E+05	1.0051101386052008E+00
2.3391391391391392E+05	1.0051309790954286E+00
2.3483483483483485E+05	1.0051545650198426E+00
2.3575575575575576E+05	1.0051765131452521E+00
2.3667667667667667E+05	1.0051979705046148E+00
2.3759759759759760E+05	1.0052177444346977E+00
2.3851851851851851E+05	1.0052365068403994E+00
2.3943943943943945E+05	1.0052568547372491E+00
2.4036036036036036E+05	1.0052809196199486E+00
2.4128128128128129E+05	1.0053029626092727E+00
2.4220220220220220E+05	1.0053169776521418E+00
2.4312312312312314E+05	1.0053448594147787E+00
2.4404404404404404E+05	1.0053624250553139E+00
2.4496496496496498E+05	1.0053884343010695E+00
2.4588588588588589E+05	1.0054044807413656E+00
2.4680680680680682E+05	1.0054267848477605E+00
2.4772772772772773E+05	1.0054504656656056E+00
2.4864864864864864E+05	1.0054679894512157E+00
2.4956956956956958E+05	1.0054903129349695E+00
2.5049049049049048E+05	1.0055143001717493E+00
2.5141141141141142E+05	1.0055349354575001E+00
2.5233233233233233E+05	1.0055570422841702E+00
2.5325325325325326E+05	1.0055789267379283E+00
2.5417417417417417E+05	1.0055982815741864E+00
2.5509509509509511E+05	1.0056212942481206E+00
2.5601601601601602E+05	1.0056421271224620E+00
2.5693693693693695E+05	1.0056618251593810E+00
2.5785785785785786E+05	1.0056820426438442E+00
2.5877877877877880E+05	1.0057011499202579E+00
2.5969969969969970E+05	1.0057268840354665E+00
2.6062062062062061E+05	1.0057485739856415E+00
2.6154154154154155E+05	1.0057651301735064E+00
2.6246246246246248E+05	1.0057914222505058E+00
2.6338338338338339E+05	1.0058115372338807E+00
2.6430430430430430E+05	1.0058303915928299E+00
2.6522522522522521E+05	1.0058515173626230E+00
2.6614614614614617E+05	1.0058764266597826E+00
2.6706706706706708E+05	1.0058803132203284E+00
2.6798798798798799E+05	1.0059195907930316E+00
2.6890890890890890E+05	1.0059385463541517E+00
2.6982982982982986E+05	1.0059577551208028E+00
2.7075075075075077E+05	1.0059787235493052E+00
2.7167167167167168E+05	1.0060010094409582E+00
2.7259259259259258E+05	1.0060237154240903E+00
2.7351351351351349E+05	1.0060457361822530E+00
2.7443443443443446E+05	1.0060672767639753E+00
2.7535535535535536E+05	1.0060886529169728E+00
2.7627627627627627E+05	1.0061093973820123E+00
2.7719719719719718E+05	1.0061287970936363E+00
2.7811811811811815E+05	1.0061495626025412E+00
2.7903903903903905E+05	1.0061731297662184E+00
2.7995995995995996E+05	1.0061964094556362E+00
2.8088088088088087E+05	1.0062171754080604E+00
2.8180180180180183E+05	1.0062318013006988E+00
2.8272272272272274E+05	1.0062609789943571E+00
2.8364364364364365E+05	1.0062783630669707E+00
2.8456456456456456E+05	1.0063037162448234E+00
2.8548548548548546E+05	1.0063068568404974E+00
2.8640640640640643E+05	1.0063475413965040E+00
2.8732732732732734E+05	1.0063648073508944E+00
2.8824824824824824E+05	1.0063830240048641E+00
2.8916916916916915E+05	1.0064107825440451E+00
2.9009009009009012E+05	1.0064314690227354E+00
2.9101101101101103E+05	1.0064500309433184E+00
2.9193193193193193E+05	1.0064714874930538E+00
2.9285285285285284E+05	1.0064850137088719E+00
2.9377377377377381E+05	1.0065154027911243E+00
2.9469469469469471E+05	1.0065346983665855E+00
2.9561561561561562E+05	1.0065591318973548E+00
2.9653653653653653E+05	1.0065663653377592E+00
2.9745745745745744E+05	1.0066023768273447E+00
2.9837837837837840E+05	1.0066278191811144E+00
2.9929929929929931E+05	1.0066490860432249E+00
3.0022022022022022E+05	1.0066668736341176E+00
3.0114114114114112E+05	1.0066835813361978E+00
3.0206206206206209E+05	1.0067136104857697E+00
3.0298298298298300E+05	1.0067314518970023E+00
3.0390390390390391E+05	1.0067575123577652E+00
3.0482482482482481E+05	1.0067733842549145E+00
3.0574574574574578E+05	1.0067997894703016E+00
3.0666666666666669E+05	1.0068174797060887E+00
3.0758758758758759E+05	1.0068422685460496E+00
3.0850850850850850E+05	1.0068656327765593E+00
3.0942942942942941E+05	1.0068699362661562E+00
3.1035035035035037E+05	1.0069058290388042E+00
3.1127127127127128E+05	1.0069310299362966E+00
3.1219219219219219E+05	1.0069523681211785E+00
3.1311311311311310E+05	1.0069733915547552E+00
3.1403403403403406E+05	1.0069939652183744E+00
3.1495495495495497E+05	1.0070162756730230E+00
3.1587587587587588E+05	1.0070394050666116E+00
3.1679679679679679E+05	1.0070611756252739E+00
3.1771771771771775E+05	1.0070823696345830E+00
3.1863863863863866E+05	1.0070946572489123E+00
3.1955955955955957E+05	1.0071196834525435E+00
3.2048048048048047E+05	1.0071494197645667E+00
3.2140140140140138E+05	1.0071667838735183E+00
3.2232232232232235E+05	1.0071882466525066E+00
3.2324324324324325E+05	1.0072137364095752E+00
3.2416416416416416E+05	1.0072190797520939E+00
3.2508508508508507E+05	1.0072564248771783E+00
3.2600600600600604E+05	1.0072751230588650E+00
3.2692692692692694E+05	1.0073000993744026E+00
3.2784784784784785E+05	1.0073225701617183E+00
3.2876876876876876E+05	1.0073395499468905E+00
3.2968968968968972E+05	1.0073610520638931E+00
3.3061061061061063E+05	1.0073865956934231E+00
3.3153153153153154E+05	1.0074093905176611E+00
3.3245245245245245E+05	1.0074322654528143E+00
3.3337337337337335E+05	1.0074515553581223E+00
3.3429429429429432E+05	1.0074752205671018E+00
3.3521521521521523E+05	1.0074953678961804E+00
3.3613613613613613E+05	1.0075195972780517E+00
3.3705705705705704E+05	1.0075425150922741E+00
3.3797797797797801E+05	1.0075604755662457E+00
3.3889889889889891E+05	1.0075735836753621E+00
3.3981981981981982E+05	1.0076034121855675E+00
3.4074074074074073E+05	1.0076286165853563E+00
3.4166166166166170E+05	1.0076464237681273E+00
3.4258258258258260E+05	1.0076699980103698E+00
3.4350350350350351E+05	1.0076922049454384E+00
3.4442442442442442E+05	1.0077136993704057E+00
3.4534534534534533E+05	1.0077383958227168E+00
3.4626626626626629E+05	1.0077588511329936E+00
3.4718718718718720E+05	1.0077785880201788E+00
3.4810810810810811E+05	1.0078033818891901E+00
3.4902902902902901E+05	1.0078275528430405E+00
3.4994994994994998E+05	1.0078437352691558E+00
3.5087087087087089E+05	1.0078531895161851E+00
3.5179179179179179E+05	1.0078879384945674E+00
3.5271271271271270E+05	1.0079139770944687E+00
3.5363363363363361E+05	1.0079366860617156E+00
3.5455455455455458E+05	1.0079584412855225E+00
3.5547547547547548E+05	1.0079785650551210E+00
3.5639639639639639E+05	1.0079940148834505E+00
3.5731731731731730E+05	1.0080102494507488E+00
3.5823823823823826E+05	1.0080466333118074E+00
3.5915915915915917E+05	1.0080698085846460E+00
3.6008008008008008E+05	1.0080883933173495E+00
3.6100100100100099E+05	1.0081097704008601E+00
3.6192192192192195E+05	1.0081364076778609E+00
3.6284284284284286E+05	1.0081427152291977E+00
3.6376376376376377E+05	1.0081809306817306E+00
3.6468468468468467E+05	1.0081980933211740E+00
3.6560560560560558E+05	1.0082246375827359E+00
3.6652652652652655E+05	1.0082415714270867E+00
3.6744744744744746E+05	1.0082651359536536E+00
3.6836836836836836E+05	1.0082913223361039E+00
3.6928928928928927E+05	1.0083137879726805E+00
3.7021021021021024E+05	1.0083321013368041E+00
3.7113113113113114E+05	1.0083410833428150E+00
3.7205205205205205E+05	1.0083758364855517E+00
3.7297297297297296E+05	1.0083988518068845E+00
3.7389389389389392E+05	1.0084210819947381E+00
3.7481481481481483E+05	1.0084405926394502E+00
3.7573573573573574E+05	1.0084648106785223E+00
3.7665665665665665E+05	1.0084801844088751E+00
3.7757757757757755E+05	1.0085108815149513E+00
3.7849849849849852E+05	1.0085355305894099E+00
3.7941941941941943E+05	1.0085558403563220E+00
3.8034034034034034E+05	1.0085765709187409E+00
3.8126126126126124E+05	1.0086040715267295E+00
3.8218218218218221E+05	1.0086137523937986E+00
3.8310310310310312E+05	1.0086460111102311E+00
3.8402402402402402E+05	1.0086656614069938E+00
3.8494494494494493E+05	1.0086926954747188E+00
3.8586586586586590E+05	1.0087021097482527E+00
3.8678678678678680E+05	1.0087371633312761E+00
3.8770770770770771E+05	1.0087586183737238E+00
3.8862862862862862E+05	1.0087783562923531E+00
3.8954954954954953E+05	1.0087993638703523E+00
3.9047047047047049E+05	1.0088234158554208E+00
3.9139139139139140E+05	1.0088457458329896E+00
3.9231231231231231E+05	1.0088692097465606E+00
3.9323323323323322E+05	1.0088916628887077E+00
3.9415415415415418E+05	1.0089132749587464E+00
3.9507507507507509E+05	1.0089350071675385E+00
3.9599599599599600E+05	1.0089577875749827E+00
3.9691691691691690E+05	1.0089792128200030E+00
3.9783783783783787E+05	1.0090036111307052E+00
3.9875875875875878E+05	1.0090286230406136E+00
3.9967967967967968E+05	1.0090358484384052E+00
4.0060060060060059E+05	1.0090735660253309E+00
4.0152152152152150E+05	1.0090930413073431E+00
4.0244244244244247E+05	1.0091147416138357E+00
4.0336336336336337E+05	1.0091406288609883E+00
4.0428428428428428E+05	1.0091626545563046E+00
4.0520520520520519E+05	1.0091813313431754E+00
4.0612612612612615E+05	1.0092085177989991E+00
4.0704704704704706E+05	1.0092310255331955E+00
4.0796796796796797E+05	1.0092491048383287E+00
4.0888888888888888E+05	1.0092733113712331E+00
4.0980980980980984E+05	1.0092968607438093E+00
4.1073073073073075E+05	1.0093216105202998E+00
4.1165165165165166E+05	1.0093436968143910E+00
4.1257257257257256E+05	1.0093664083186558E+00
4.1349349349349347E+05	1.0093884919020721E+00
4.1441441441441444E+05	1.0094121799661653E+00
4.1533533533533535E+05	1.0094313625123474E+00
4.1625625625625625E+05	1.0094460840797608E+00
4.1717717717717716E+05	1.0094751053034479E+00
4.1809809809809813E+05	1.0095028181082755E+00
4.1901901901901903E+05	1.0095238957505726E+00
4.1993993993993994E+05	1.0095429001158429E+00
4.2086086086086085E+05	1.0095698916026372E+00
4.2178178178178181E+05	1.0095746141348201E+00
4.2270270270270272E+05	1.0096155214197200E+00
4.2362362362362363E+05	1.0096336166538138E+00
4.2454454454454454E+05	1.0096580698014523E+00
4.2546546546546544E+05	1.0096841020374681E+00
4.2638638638638641E+05	1.0096919043949553E+00
4.2730730730730732E+05	1.0097253357038980E+00
4.2822822822822822E+05	1.0097522087446780E+00
4.2914914914914913E+05	1.0097740075472472E+00
4.3007007007007010E+05	1.0097954622106005E+00
4.3099099099099101E+05	1.0098174491407839E+00
4.3191191191191191E+05	1.0098405143398501E+00
4.3283283283283282E+05	1.0098644929125318E+00
4.3375375375375379E+05	1.0098878287866710E+00
4.3467467467467469E+05	1.0099113650865135E+00
4.3559559559559560E+05	1.0099315624693197E+00
4.3651651651651651E+05	1.0099386015170546E+00
4.3743743743743742E+05	1.0099794129593027E+00
4.3835835835835838E+05	1.0100007368775530E+00
4.3927927927927929E+05	1.0100206475652023E+00
4.4020020020020020E+05	1.0100473748287471E+00
4.4112112112112110E+05	1.0100577294293314E+00
4.4204204204204207E+05	1.0100940328067474E+00
4.4296296296296298E+05	1.0101118653729126E+00
4.4388388388388389E+05	1.0101399442588088E+00
4.4480480480480479E+05	1.0101624708188783E+00
4.4572572572572576E+05	1.0101803047482218E+00
4.4664664664664667E+05	1.0102053889655214E+00
4.4756756756756757E+05	1.0102303528358825E+00
4.4848848848848848E+05	1.0102533024780969E+00
4.4940940940940939E+05	1.0102768818959198E+00
4.5033033033033035E+05	1.0102977184656050E+00
4.5125125125125126E+05	1.0103229909799729E+00
4.5217217217217217E+05	1.0103445371197592E+00
4.5309309309309308E+05	1.0103681792612689E+00
4.5401401401401404E+05	1.0103915564000092E+00
4.5493493493493495E+05	1.0104100426242739E+00
4.5585585585585586E+05	1.0104304667441859E+00
4.5677677677677677E+05	1.0104591903576279E+00
4.5769769769769773E+05	1.0104799085995391E+00
4.5861861861861864E+05	1.0105038030360423E+00
4.5953953953953955E+05	1.0105298327608065E+00
4.6046046046046045E+05	1.0105479442156755E+00
4.6138138138138136E+05	1.0105734699282474E+00
4.6230230230230233E+05	1.0105975496837305E+00
4.6322322322322323E+05	1.0106124786763446E+00
4.6414414414414414E+05	1.0106462301209238E+00
4.6506506506506505E+05	1.0106649096397107E+00
4.6598598598598602E+05	1.0106864641937257E+00
4.6690690690690692E+05	1.0107090867853898E+00
4.6782782782782783E+05	1.0107342932080958E+00
4.6874874874874874E+05	1.0107570376927990E+00
4.6966966966966970E+05	1.0107804154518150E+00
4.7059059059059061E+05	1.0108043299275713E+00
4.7151151151151152E+05	1.0108254417830562E+00
4.7243243243243243E+05	1.0108476670631374E+00
4.7335335335335333E+05	1.0108712997196414E+00
4.7427427427427430E+05	1.0108970373320272E+00
4.7519519519519521E+05	1.0109232995408353E+00
4.7611611611611611E+05	1.0109309922122049E+00
4.7703703703703702E+05	1.0109682612374382E+00
4.7795795795795799E+05	1.0109887533375370E+00
4.7887887887887890E+05	1.0110108425917481E+00
4.7979979979979980E+05	1.0110378553985935E+00
4.8072072072072071E+05	1.0110608428114107E+00
4.8164164164164168E+05	1.0110802921170825E+00
4.8256256256256258E+05	1.0111084163512405E+00
4.8348348348348349E+05	1.0111299861483838E+00
4.8440440440440440E+05	1.0111492605075034E+00
4.8532532532532531E+05	1.0111734482482211E+00
4.8624624624624627E+05	1.0111985429516221E+00
4.8716716716716718E+05	1.0112239888710650E+00
4.8808808808808809E+05	1.0112465490040277E+00
4.8900900900900899E+05	1.0112708106977639E+00
4.8992992992992996E+05	1.0112923786491312E+00
4.9085085085085087E+05	1.0113177806326834E+00
4.9177177177177178E+05	1.0113359635037735E+00
4.9269269269269268E+05	1.0113474135047822E+00
4.9361361361361365E+05	1.0113843530316704E+00
4.9453453453453456E+05	1.0114088832352051E+00
4.9545545545545546E+05	1.0114203518022882E+00
4.9637637637637637E+05	1.0114549045299821E+00
4.9729729729729728E+05	1.0114768342673166E+00
4.9821821821821824E+05	1.0115032501683863E+00
4.9913913913913915E+05	1.0115238393274679E+00
5.0006006006006006E+05	1.0115494412040362E+00
5.0098098098098097E+05	1.0115695966553770E+00
5.0190190190190193E+05	1.0115944908176009E+00
5.0282282282282284E+05	1.0116207780089814E+00
5.0374374374374375E+05	1.0116435527491916E+00
5.0466466466466465E+05	1.0116582484009236E+00
5.0558558558558562E+05	1.0116723854670455E+00
5.0650650650650653E+05	1.0117013039098506E+00
5.0742742742742744E+05	1.0117262197745212E+00
5.0834834834834834E+05	1.0117455376563858E+00
5.0926926926926925E+05	1.0117677841694153E+00
5.1019019019019022E+05	1.0118037166475777E+00
5.1111111111111112E+05	1.0118334543416199E+00
5.1203203203203203E+05	1.0118542496238798E+00
5.1295295295295294E+05	1.0118746862851056E+00
5.1387387387387390E+05	1.0118989745843083E+00
5.1479479479479481E+05	1.0119262957521380E+00
5.1571571571571572E+05	1.0119318037714984E+00
5.1663663663663663E+05	1.0119728212221699E+00
5.1755755755755759E+05	1.0119923892997555E+00
5.1847847847847850E+05	1.0120204169185880E+00
5.1939939939939941E+05	1.0120421842891092E+00
5.2032032032032032E+05	1.0120632747602425E+00
5.2124124124124122E+05	1.0120911223436264E+00
5.2216216216216219E+05	1.0121149487815913E+00
5.2308308308308310E+05	1.0121350213495788E+00
5.2400400400400400E+05	1.0121529481818923E+00
5.2492492492492497E+05	1.0121808972996800E+00
5.2584584584584588E+05	1.0121899591633472E+00
5.2676676676676678E+05	1.0122279959230618E+00
5.2768768768768769E+05	1.0122463815507430E+00
5.2860860860860860E+05	1.0122765134052332E+00
5.2952952952952951E+05	1.0123041822378753E+00
5.3045045045045041E+05	1.0123279313671740E+00
5.3137137137137132E+05	1.0123467054662836E+00
5.3229229229229235E+05	1.0123725970626252E+00
5.3321321321321325E+05	1.0124002725099515E+00
5.3413413413413416E+05	1.0124178084091668E+00
5.3505505505505507E+05	1.0124460567500964E+00
5.3597597597597598E+05	1.0124505877037895E+00
5.3689689689689688E+05	1.0124943181020762E+00
5.3781781781781779E+05	1.0125133220601268E+00
5.3873873873873870E+05	1.0125372518828046E+00
5.3965965965965972E+05	1.0125643193004723E+00
5.4058058058058063E+05	1.0125891303170089E+00
5.4150150150150154E+05	1.0126072610474088E+00
5.4242242242242245E+05	1.0126184147711732E+00
5.4334334334334335E+05	1.0126448700529771E+00
5.4426426426426426E+05	1.0126730459759079E+00
5.4518518518518517E+05	1.0126943735454812E+00
5.4610610610610608E+05	1.0127121555924239E+00
5.4702702702702698E+05	1.0127475698667729E+00
5.4794794794794801E+05	1.0127796847692356E+00
5.4886886886886891E+05	1.0128027677534621E+00
5.4978978978978982E+05	1.0128234471247128E+00
5.5071071071071073E+05	1.0128465179185768E+00
5.5163163163163164E+05	1.0128741624514417E+00
5.5255255255255254E+05	1.0128913501721211E+00
5.5347347347347345E+05	1.0129229076807960E+00
5.5439439439439436E+05	1.0129425374214918E+00
5.5531531531531527E+05	1.0129694341403968E+00
5.5623623623623629E+05	1.0129773403437654E+00
5.5715715715715720E+05	1.0130153499298284E+00
5.5807807807807811E+05	1.0130415613907293E+00
5.5899899899899901E+05	1.0130641867961725E+00
5.5991991991991992E+05	1.0130854500397461E+00
5.6084084084084083E+05	1.0131060592694798E+00
5.6176176176176174E+05	1.0131346678985316E+00
5.6268268268268264E+05	1.0131606029911058E+00
5.6360360360360367E+05	1.0131823384655358E+00
5.6452452452452458E+05	1.0132046156010734E+00
5.6544544544544548E+05	1.0132295422109856E+00
5.6636636636636639E+05	1.0132522923252247E+00
5.6728728728728730E+05	1.0132804060925167E+00
5.6820820820820821E+05	1.0133043594244917E+00
5.6912912912912911E+05	1.0133136519759354E+00
5.7005005005005002E+05	1.0133519318373352E+00
5.7097097097097093E+05	1.0133750051088959E+00
5.7189189189189195E+05	1.0134011652533566E+00
5.7281281281281286E+05	1.0134258500075919E+00
5.7373373373373377E+05	1.0134483664149507E+00
5.7465465465465467E+05	1.0134699346200597E+00
5.7557557557557558E+05	1.0134970250357522E+00
5.7649649649649649E+05	1.0135234464522833E+00
5.7741741741741740E+05	1.0135394081727396E+00
5.7833833833833830E+05	1.0135551224536430E+00
5.7925925925925921E+05	1.0135908880746842E+00
5.8018018018018024E+05	1.0136182609574560E+00
5.8110110110110114E+05	1.0136431280920917E+00
5.8202202202202205E+05	1.0136667528287728E+00
5.8294294294294296E+05	1.0136876180852872E+00
5.8386386386386387E+05	1.0136988647753389E+00
5.8478478478478477E+05	1.0137341348279068E+00
5.8570570570570568E+05	1.0137652250142068E+00
5.8662662662662659E+05	1.0137872510002632E+00
5.8754754754754761E+05	1.0138082852544335E+00
5.8846846846846852E+05	1.0138359980851055E+00
5.8938938938938943E+05	1.0138588180419048E+00
5.9031031031031033E+05	1.0138863877677449E+00
5.9123123123123124E+05	1.0139060995507709E+00
5.9215215215215215E+05	1.0139332557448841E+00
5.9307307307307306E+05	1.0139411840098644E+00
5.9399399399399396E+05	1.0139801917600995E+00
5.9491491491491487E+05	1.0140080162688743E+00
5.9583583583583590E+05	1.0140301207607405E+00
5.9675675675675680E+05	1.0140513258731008E+00
5.9767767767767771E+05	1.0140633108774966E+00
5.9859859859859862E+05	1.0141004609931190E+00
5.9951951951951953E+05	1.0141197597030651E+00
6.0044044044044043E+05	1.0141492127497955E+00
6.0136136136136134E+05	1.0141598364093147E+00
6.0228228228228225E+05	1.0141983126719922E+00
6.0320320320320316E+05	1.0142273352470901E+00
6.0412412412412418E+05	1.0142518449405362E+00
6.0504504504504509E+05	1.0142711361501662E+00
6.0596596596596600E+05	1.0142988421713639E+00
6.0688688688688690E+05	1.0143248069615518E+00
6.0780780780780781E+05	1.0143438811799776E+00
6.0872872872872872E+05	1.0143729573202191E+00
6.0964964964964963E+05	1.0143904774762205E+00
6.1057057057057053E+05	1.0144212637278620E+00
6.1149149149149156E+05	1.0144454638289209E+00
6.1241241241241246E+05	1.0144664864249529E+00
6.1333333333333337E+05	1.0144917369345043E+00
6.1425425425425428E+05	1.0145179794545827E+00
6.1517517517517519E+05	1.0145447395507037E+00
6.1609609609609609E+05	1.0145694400264387E+00
6.1701701701701700E+05	1.0145952977316697E+00
6.1793793793793791E+05	1.0146184850715545E+00
6.1885885885885882E+05	1.0146432720637533E+00
6.1977977977977984E+05	1.0146679039261097E+00
6.2070070070070075E+05	1.0146894275563989E+00
6.2162162162162166E+05	1.0147117293533161E+00
6.2254254254254256E+05	1.0147370082023059E+00
6.2346346346346347E+05	1.0147655510805766E+00
6.2438438438438438E+05	1.0147841988750201E+00
6.2530530530530529E+05	1.0148145934244521E+00
6.2622622622622619E+05	1.0148374174524510E+00
6.2714714714714710E+05	1.0148612697622521E+00
6.2806806806806813E+05	1.0148841505400217E+00
6.2898898898898903E+05	1.0149138521950865E+00
6.2990990990990994E+05	1.0149335848283658E+00
6.3083083083083085E+05	1.0149558831527432E+00
6.3175175175175176E+05	1.0149858012870083E+00
6.3267267267267266E+05	1.0150128342120699E+00
6.3359359359359357E+05	1.0150373841200266E+00
6.3451451451451448E+05	1.0150587152505814E+00
6.3543543543543550E+05	1.0150867462646902E+00
6.3635635635635641E+05	1.0151085056986373E+00
6.3727727727727732E+05	1.0151366088021527E+00
6.3819819819819822E+05	1.0151601573507110E+00
6.3911911911911913E+05	1.0151832312705995E+00
6.4004004004004004E+05	1.0151939584736278E+00
6.4096096096096095E+05	1.0152317254061192E+00
6.4188188188188185E+05	1.0152582651895250E+00
6.4280280280280276E+05	1.0152655680868794E+00
6.4372372372372379E+05	1.0153093307327958E+00
6.4464464464464469E+05	1.0153297538628345E+00
6.4556556556556560E+05	1.0153584837179190E+00
6.4648648648648651E+05	1.0153706903286350E+00
6.4740740740740742E+05	1.0154081353354010E+00
6.4832832832832832E+05	1.0154328166807538E+00
6.4924924924924923E+05	1.0154547723200240E+00
6.5017017017017014E+05	1.0154785964563342E+00
6.5109109109109105E+05	1.0155038788630792E+00
6.5201201201201207E+05	1.0155295239358602E+00
6.5293293293293298E+05	1.0155548414059836E+00
6.5385385385385389E+05	1.0155795999912107E+00
6.5477477477477479E+05	1.0156038865413155E+00
6.5569569569569570E+05	1.0156288384552061E+00
6.5661661661661661E+05	1.0156538422412207E+00
6.5753753753753752E+05	1.0156800360197367E+00
6.5845845845845842E+05	1.0157079213883500E+00
6.5937937937937945E+05	1.0157201592408618E+00
6.6030030030030035E+05	1.0157571896974047E+00
6.6122122122122126E+05	1.0157807601834945E+00
6.6214214214214217E+05	1.0158034055707459E+00
6.6306306306306308E+05	1.0158317901988057E+00
6.6398398398398398E+05	1.0158573936957123E+00
6.6490490490490489E+05	1.0158780225634167E+00
6.6582582582582580E+05	1.0159078304553550E+00
6.6674674674674671E+05	1.0159328768536227E+00
6.6766766766766773E+05	1.0159537508286987E+00
6.6858858858858864E+05	1.0159644909616301E+00
6.6950950950950955E+05	1.0160033720051564E+00
6.7043043043043045E+05	1.0160261057783608E+00
6.7135135135135136E+05	1.0160536874663548E+00
6.7227227227227227E+05	1.0160710789792988E+00
6.7319319319319318E+05	1.0161033795476633E+00
6.7411411411411408E+05	1.0161286133671812E+00
6.7503503503503499E+05	1.0161565020057870E+00
6.7595595595595601E+05	1.0161811945350971E+00
6.7687687687687692E+05	1.0161917409678325E+00
6.7779779779779783E+05	1.0162314738067524E+00
6.7871871871871874E+05	1.0162564394118363E+00
6.7963963963963964E+05	1.0162814448275894E+00
6.8056056056056055E+05	1.0163082410329127E+00
6.8148148148148146E+05	1.0163314474550813E+00
6.8240240240240237E+05	1.0163554777130699E+00
6.8332332332332339E+05	1.0163831294964321E+00
6.8424424424424430E+05	1.0164102009440059E+00
6.8516516516516521E+05	1.0164268627264943E+00
6.8608608608608611E+05	1.0164445238821407E+00
6.8700700700700702E+05	1.0164807127661610E+00
6.8792792792792793E+05	1.0165094991852857E+00
6.8884884884884884E+05	1.0165342701455020E+00
6.8976976976976974E+05	1.0165583758197640E+00
6.9069069069069065E+05	1.0165755134202128E+00
6.9161161161161168E+05	1.0165971812726695E+00
6.9253253253253258E+05	1.0166366056480423E+00
6.9345345345345349E+05	1.0166625711683099E+00
6.9437437437437440E+05	1.0166854952061581E+00
6.9529529529529531E+05	1.0167103791854977E+00
6.9621621621621621E+05	1.0167392699798590E+00
6.9713713713713712E+05	1.0167480454079092E+00
6.9805805805805803E+05	1.0167886806107651E+00
6.9897897897897894E+05	1.0168107965180877E+00
6.9989989989989996E+05	1.0168404790705665E+00
7.0082082082082087E+05	1.0168669556082770E+00
7.0174174174174177E+05	1.0168871088704585E+00
7.0266266266266268E+05	1.0169036011323838E+00
7.0358358358358359E+05	1.0169388357601827E+00
7.0450450450450450E+05	1.0169682039951935E+00
7.0542542542542540E+05	1.0169921050773751E+00
7.0634634634634631E+05	1.0170184444706749E+00
7.0726726726726722E+05	1.0170437915532544E+00
7.0818818818818824E+05	1.0170692602506077E+00
7.0910910910910915E+05	1.0170910776937798E+00
7.1003003003003006E+05	1.0171021943150549E+00
7.1095095095095097E+05	1.0171443916085519E+00
7.1187187187187187E+05	1.0171698199147552E+00
7.1279279279279278E+05	1.0171818108535735E+00
7.1371371371371369E+05	1.0172210688488059E+00
7.1463463463463460E+05	1.0172440708331925E+00
7.1555555555555562E+05	1.0172738328936473E+00
7.1647647647647653E+05	1.0172891469003180E+00
7.1739739739739744E+05	1.0173251068187315E+00
7.1831831831831834E+05	1.0173470099469628E+00
7.1923923923923925E+05	1.0173715258445477E+00
7.2016016016016016E+05	1.0173991603002346E+00
7.2108108108108107E+05	1.0174266508504033E+00
7.2200200200200197E+05	1.0174529913555321E+00
7.2292292292292288E+05	1.0174791892498327E+00
7.2384384384384390E+05	1.0175055448173911E+00
7.2476476476476481E+05	1.0175301675003194E+00
7.2568568568568572E+05	1.0175553312661914E+00
7.2660660660660663E+05	1.0175792209086456E+00
7.2752752752752753E+05	1.0176026791365462E+00
7.2844844844844844E+05	1.0176286891069395E+00
7.2936936936936935E+05	1.0176568380454116E+00
7.3029029029029026E+05	1.0176827001256419E+00
7.3121121121121116E+05	1.0177050875113038E+00
7.3213213213213219E+05	1.0177331637485230E+00
7.3305305305305310E+05	1.0177572944975770E+00
7.3397397397397400E+05	1.0177864558475109E+00
7.3489489489489491E+05	1.0178129622023577E+00
7.3581581581581582E+05	1.0178349068717920E+00
7.3673673673673673E+05	1.0178621553689911E+00
7.3765765765765763E+05	1.0178889644506737E+00
7.3857857857857854E+05	1.0179148508004829E+00
7.3949949949949956E+05	1.0179417646259157E+00
7.4042042042042047E+05	1.0179643315479412E+00
7.4134134134134138E+05	1.0179919214473316E+00
7.4226226226226229E+05	1.0180161462271338E+00
7.4318318318318320E+05	1.0180453167946726E+00
7.4410410410410410E+05	1.0180706318181763E+00
7.4502502502502501E+05	1.0180929772837668E+00
7.4594594594594592E+05	1.0181039964872367E+00
7.4686686686686683E+05	1.0181463008295715E+00
7.4778778778778785E+05	1.0181715422152966E+00
7.4870870870870876E+05	1.0181939949643191E+00
7.4962962962962966E+05	1.0182269381142086E+00
7.5055055055055057E+05	1.0182479142365950E+00
7.5147147147147148E+05	1.0182747705432482E+00
7.5239239239239239E+05	1.0183055385499236E+00
7.5331331331331329E+05	1.0183155932682184E+00
7.5423423423423420E+05	1.0183527481333157E+00
7.5515515515515511E+05	1.0183823782139270E+00
7.5607607607607613E+05	1.0184074290370422E+00
7.5699699699699704E+05	1.0184320513353782E+00
7.5791791791791795E+05	1.0184581983540730E+00
7.5883883883883886E+05	1.0184840487304170E+00
7.5975975975975976E+05	1.0185112491990336E+00
7.6068068068068067E+05	1.0185388668666786E+00
7.6160160160160158E+05	1.0185642411046054E+00
7.6252252252252249E+05	1.0185763779071428E+00
7.6344344344344351E+05	1.0186143196149791E+00
7.6436436436436442E+05	1.0186426482252358E+00
7.6528528528528532E+05	1.0186646481607582E+00
7.6620620620620623E+05	1.0186947205924344E+00
7.6712712712712714E+05	1.0187138814558090E+00
7.6804804804804805E+05	1.0187486785053326E+00
7.6896896896896895E+05	1.0187688375259496E+00
7.6988988988988986E+05	1.0188001335121968E+00
7.7081081081081077E+05	1.0188259363067291E+00
7.7173173173173179E+05	1.0188472246914690E+00
7.7265265265265270E+05	1.0188595589507554E+00
7.7357357357357361E+05	1.0189004676629074E+00
7.7449449449449452E+05	1.0189286504341661E+00
7.7541541541541542E+05	1.0189529954348711E+00
7.7633633633633633E+05	1.0189810199978033E+00
7.7725725725725724E+05	1.0190044626333896E+00
7.7817817817817815E+05	1.0190165165144518E+00
7.7909909909909905E+05	1.0190579073925772E+00
7.8002002002002008E+05	1.0190880834800708E+00
7.8094094094094099E+05	1.0191124864831143E+00
7.8186186186186189E+05	1.0191363839088019E+00
7.8278278278278280E+05	1.0191661697551226E+00
7.8370370370370371E+05	1.0191736071077355E+00
7.8462462462462462E+05	1.0192192449276918E+00
7.8554554554554552E+05	1.0192410063720809E+00
7.8646646646646643E+05	1.0192696509333234E+00
7.8738738738738745E+05	1.0192985550935025E+00
7.8830830830830836E+05	1.0193165459771172E+00
7.8922922922922927E+05	1.0193394202831225E+00
7.9015015015015018E+05	1.0193760844289905E+00
7.9107107107107108E+05	1.0194041308730508E+00
7.9199199199199199E+05	1.0194305460003081E+00
7.9291291291291290E+05	1.0194572052071886E+00
7.9383383383383381E+05	1.0194833838940334E+00
7.9475475475475471E+05	1.0195073608722673E+00
7.9567567567567574E+05	1.0195195137172957E+00
7.9659659659659665E+05	1.0195576360558376E+00
7.9751751751751755E+05	1.0195903614710879E+00
7.9843843843843846E+05	1.0196111377936892E+00
7.9935935935935937E+05	1.0196378594197446E+00
8.0028028028028028E+05	1.0196685325055168E+00
8.0120120120120118E+05	1.0196841683653357E+00
8.0212212212212209E+05	1.0197194083805776E+00
8.0304304304304300E+05	1.0197443693092485E+00
8.0396396396396402E+05	1.0197625675649864E+00
8.0488488488488493E+05	1.0198005995780799E+00
8.0580580580580584E+05	1.0198255443365845E+00
8.0672672672672675E+05	1.0198512488913412E+00
8.0764764764764765E+05	1.0198762968606967E+00
8.0856856856856856E+05	1.0198880394956968E+00
8.0948948948948947E+05	1.0199289398237845E+00
8.1041041041041038E+05	1.0199432242846405E+00
8.1133133133133140E+05	1.0199822715591638E+00
8.1225225225225231E+05	1.0200127634934519E+00
8.1317317317317321E+05	1.0200396311690838E+00
8.1409409409409412E+05	1.0200638606268908E+00
8.1501501501501503E+05	1.0200774519566687E+00
8.1593593593593594E+05	1.0201188895488464E+00
8.1685685685685684E+05	1.0201438518446266E+00
8.1777777777777775E+05	1.0201737079343078E+00
8.1869869869869866E+05	1.0201947316497779E+00
8.1961961961961968E+05	1.0202258083750912E+00
8.2054054054054059E+05	1.0202490393094394E+00
8.2146146146146150E+05	1.0202765505701372E+00
8.2238238238238241E+05	1.0203073843452610E+00
8.2330330330330331E+05	1.0203339215400189E+00
8.2422422422422422E+05	1.0203567494819077E+00
8.2514514514514513E+05	1.0203756374737991E+00
8.2606606606606604E+05	1.0204001712791377E+00
8.2698698698698694E+05	1.0204280440513747E+00
8.2790790790790797E+05	1.0204625346463065E+00
8.2882882882882887E+05	1.0204946274419642E+00
8.2974974974974978E+05	1.0205213669314475E+00
8.3067067067067069E+05	1.0205450053527501E+00
8.3159159159159160E+05	1.0205699420955407E+00
8.3251251251251251E+05	1.0206001653305352E+00
8.3343343343343341E+05	1.0206279113424854E+00
8.3435435435435432E+05	1.0206551562702655E+00
8.3527527527527534E+05	1.0206804346987006E+00
8.3619619619619625E+05	1.0207079674269892E+00
8.3711711711711716E+05	1.0207208426401182E+00
8.3803803803803807E+05	1.0207613966221396E+00
8.3895895895895897E+05	1.0207879576148224E+00
8.3987987987987988E+05	1.0208118364176910E+00
8.4080080080080079E+05	1.0208396792448091E+00
8.4172172172172170E+05	1.0208607304293560E+00
8.4264264264264260E+05	1.0208939682383491E+00
8.4356356356356363E+05	1.0209178683018465E+00
8.4448448448448454E+05	1.0209476731542118E+00
8.4540540540540544E+05	1.0209636909111630E+00
8.4632632632632635E+05	1.0210027429886082E+00
8.4724724724724726E+05	1.0210329397327909E+00
8.4816816816816817E+05	1.0210590186294386E+00
8.4908908908908907E+05	1.0210830504068844E+00
8.5001001001000998E+05	1.0211139094042738E+00
8.5093093093093089E+05	1.0211256153469199E+00
8.5185185185185191E+05	1.0211677499790319E+00
8.5277277277277282E+05	1.0211905897287621E+00
8.5369369369369373E+05	1.0212207069872119E+00
8.5461461461461463E+05	1.0212496698685687E+00
8.5553553553553554E+05	1.0212599492650447E+00
8.5645645645645645E+05	1.0212998229071453E+00
8.5737737737737736E+05	1.0213322431877503E+00
8.5829829829829826E+05	1.0213588257237749E+00
8.5921921921921929E+05	1.0213853525774654E+00
8.6014014014014020E+05	1.0214129508440477E+00
8.6106106106106110E+05	1.0214401445837662E+00
8.6198198198198201E+05	1.0214666124403622E+00
8.6290290290290292E+05	1.0214868242872683E+00
8.6382382382382383E+05	1.0215118917652999E+00
8.6474474474474473E+05	1.0215492999885520E+00
8.6566566566566564E+05	1.0215733894315344E+00
8.6658658658658655E+05	1.0215989743822698E+00
8.6750750750750757E+05	1.0216309575269873E+00
8.6842842842842848E+05	1.0216459420775093E+00
8.6934934934934939E+05	1.0216834408231905E+00
8.7027027027027030E+05	1.0217098603783779E+00
8.7119119119119120E+05	1.0217246886136770E+00
8.7211211211211211E+05	1.0217649934899158E+00
8.7303303303303302E+05	1.0217938937023316E+00
8.7395395395395393E+05	1.0218221309595190E+00
8.7487487487487483E+05	1.0218452409750594E+00
8.7579579579579586E+05	1.0218705606192104E+00
8.7671671671671676E+05	1.0218996214014917E+00
8.7763763763763767E+05	1.0219297514583492E+00
8.7855855855855858E+05	1.0219572242849519E+00
8.7947947947947949E+05	1.0219867357266459E+00
8.8040040040040039E+05	1.0220133008663730E+00
8.8132132132132130E+05	1.0220366354179014E+00
8.8224224224224221E+05	1.0220692191133416E+00
8.8316316316316323E+05	1.0220937099473713E+00
8.8408408408408414E+05	1.0221202891804870E+00
8.8500500500500505E+05	1.0221481082195307E+00
8.8592592592592596E+05	1.0221786231634276E+00
8.8684684684684686E+05	1.0221915619626061E+00
8.8776776776776777E+05	1.0222336838864490E+00
8.8868868868868868E+05	1.0222593473896233E+00
8.8960960960960959E+05	1.0222843989579129E+00
8.9053053053053049E+05	1.0223114763576475E+00
8.9145145145145152E+05	1.0223387612316328E+00
8.9237237237237243E+05	1.0223675289402445E+00
8.9329329329329333E+05	1.0223947311703319E+00
8.9421421421421424E+05	1.0224214460780487E+00
8.9513513513513515E+05	1.0224501565283699E+00
8.9605605605605606E+05	1.0224789199090598E+00
8.9697697697697696E+05	1.0225087475191175E+00
8.9789789789789787E+05	1.0225338050322332E+00
8.9881881881881878E+05	1.0225585065624874E+00
8.9973973973973980E+05	1.0225916449298023E+00
9.0066066066066071E+05	1.0226155580585532E+00
9.0158158158158162E+05	1.0226485155961511E+00
9.0250250250250252E+05	1.0226674043694965E+00
9.0342342342342343E+05	1.0226996764750425E+00
9.0434434434434434E+05	1.0227299582524501E+00
9.0526526526526525E+05	1.0227549109339256E+00
9.0618618618618615E+05	1.0227812682439028E+00
9.0710710710710718E+05	1.0228079500942948E+00
9.0802802802802809E+05	1.0228387205444323E+00
9.0894894894894899E+05	1.0228681850670702E+00
9.0986986986986990E+05	1.0228937989372682E+00
9.1079079079079081E+05	1.0229184101596325E+00
9.1171171171171172E+05	1.0229475388709388E+00
9.1263263263263262E+05	1.0229774841581893E+00
9.1355355355355353E+05	1.0230073666776807E+00
9.1447447447447444E+05	1.0230324922735488E+00
9.1539539539539546E+05	1.0230565963140181E+00
9.1631631631631637E+05	1.0230916880251502E+00
9.1723723723723728E+05	1.0231149242391684E+00
9.1815815815815818E+05	1.0231467184386438E+00
9.1907907907907909E+05	1.0231703526761322E+00
9.2000000000000000E+05	1.0231997290665005E+00
