1.5541020780801773E-01	3.7011718750000000E+01
2.1449199318885803E-01	3.7011718750000000E+01
2.7269633859395981E-01	3.7011718750000000E+01
3.3099720627069473E-01	3.7011718750000000E+01
3.8927681744098663E-01	3.7011718750000000E+01
4.4748105853796005E-01	3.7011718750000000E+01
5.0571960955858231E-01	3.7011718750000000E+01
5.6406573951244354E-01	3.7011718750000000E+01
6.2238825857639313E-01	3.7011718750000000E+01
6.8075324594974518E-01	3.7011718750000000E+01
7.3906269669532776E-01	3.7011718750000000E+01
7.9740142077207565E-01	3.7011718750000000E+01
8.5580746829509735E-01	3.7011718750000000E+01
9.1420280188322067E-01	3.7011718750000000E+01
9.7254957258701324E-01	3.7011718750000000E+01
1.0309062600135803E+00	3.7011718750000000E+01
1.0899750813841820E+00	3.7148437500000000E+01
1.1485001221299171E+00	3.7148437500000000E+01
1.2068501114845276E+00	3.7148437500000000E+01
1.2651845216751099E+00	3.7148437500000000E+01
1.3235737830400467E+00	3.7148437500000000E+01
1.3819523602724075E+00	3.7148437500000000E+01
1.4403703883290291E+00	3.7148437500000000E+01
1.4987498894333839E+00	3.7148437500000000E+01
1.5571717247366905E+00	3.7148437500000000E+01
1.6155402958393097E+00	3.7148437500000000E+01
1.6739239245653152E+00	3.7148437500000000E+01
1.7322936505079269E+00	3.7148437500000000E+01
1.7906397506594658E+00	3.7148437500000000E+01
1.8490391150116920E+00	3.7148437500000000E+01
1.9074055403470993E+00	3.7148437500000000E+01
1.9658261314034462E+00	3.7148437500000000E+01
2.0242236033082008E+00	3.7148437500000000E+01
2.0825844407081604E+00	3.7148437500000000E+01
2.1410064399242401E+00	3.7148437500000000E+01
2.1992680281400681E+00	3.7148437500000000E+01
2.2576402872800827E+00	3.7148437500000000E+01
2.3160402998328209E+00	3.7148437500000000E+01
2.3743840381503105E+00	3.7148437500000000E+01
2.4328240379691124E+00	3.7148437500000000E+01
2.4912324100732803E+00	3.7148437500000000E+01
2.5495981723070145E+00	3.7148437500000000E+01
2.6079929769039154E+00	3.7148437500000000E+01
2.6662831008434296E+00	3.7148437500000000E+01
2.7247085347771645E+00	3.7148437500000000E+01
2.7831159904599190E+00	3.7148437500000000E+01
2.8415180221199989E+00	3.7148437500000000E+01
2.8999462127685547E+00	3.7148437500000000E+01
2.9583524540066719E+00	3.7148437500000000E+01
3.0167159587144852E+00	3.7148437500000000E+01
3.0750875025987625E+00	3.7148437500000000E+01
3.1339735388755798E+00	3.7160156250000000E+01
3.1924295276403427E+00	3.7160156250000000E+01
3.2507601454854012E+00	3.7160156250000000E+01
3.3090245053172112E+00	3.7160156250000000E+01
3.3673174008727074E+00	3.7160156250000000E+01
3.4256951138377190E+00	3.7160156250000000E+01
3.4840048179030418E+00	3.7160156250000000E+01
3.5423005521297455E+00	3.7160156250000000E+01
3.6005692109465599E+00	3.7160156250000000E+01
3.6589277982711792E+00	3.7160156250000000E+01
3.7171346023678780E+00	3.7160156250000000E+01
3.7754384800791740E+00	3.7160156250000000E+01
3.8336779028177261E+00	3.7160156250000000E+01
3.8918914571404457E+00	3.7160156250000000E+01
3.9500429928302765E+00	3.7160156250000000E+01
4.0082724094390869E+00	3.7160156250000000E+01
4.0664810985326767E+00	3.7160156250000000E+01
4.1247277408838272E+00	3.7160156250000000E+01
4.1830196827650070E+00	3.7160156250000000E+01
4.2412294670939445E+00	3.7160156250000000E+01
4.2994213849306107E+00	3.7160156250000000E+01
4.3577967137098312E+00	3.7160156250000000E+01
4.4160762429237366E+00	3.7160156250000000E+01
4.4743986129760742E+00	3.7160156250000000E+01
4.5327871218323708E+00	3.7160156250000000E+01
4.5911026895046234E+00	3.7160156250000000E+01
4.6496463939547539E+00	3.7160156250000000E+01
4.7079716846346855E+00	3.7160156250000000E+01
4.7662311121821404E+00	3.7160156250000000E+01
4.8246434926986694E+00	3.7160156250000000E+01
4.8828843608498573E+00	3.7160156250000000E+01
4.9412641525268555E+00	3.7160156250000000E+01
4.9995564222335815E+00	3.7160156250000000E+01
5.0578885078430176E+00	3.7160156250000000E+01
5.1161065250635147E+00	3.7160156250000000E+01
5.1745429113507271E+00	3.7160156250000000E+01
5.2329542189836502E+00	3.7160156250000000E+01
5.2912893965840340E+00	3.7160156250000000E+01
5.3496292531490326E+00	3.7160156250000000E+01
5.4079983606934547E+00	3.7160156250000000E+01
5.4663494974374771E+00	3.7160156250000000E+01
5.5247375890612602E+00	3.7160156250000000E+01
5.5830611437559128E+00	3.7160156250000000E+01
5.6414348557591438E+00	3.7160156250000000E+01
5.6998017355799675E+00	3.7160156250000000E+01
5.7580307498574257E+00	3.7160156250000000E+01
5.8162458911538124E+00	3.7160156250000000E+01
5.8746012598276138E+00	3.7160156250000000E+01
5.9332728758454323E+00	3.7160156250000000E+01
5.9920231029391289E+00	3.7160156250000000E+01
6.0507574304938316E+00	3.7160156250000000E+01
6.1094862446188927E+00	3.7160156250000000E+01
6.1682603806257248E+00	3.7160156250000000E+01
6.2269407436251640E+00	3.7160156250000000E+01
6.2857354730367661E+00	3.7160156250000000E+01
6.3445072621107101E+00	3.7160156250000000E+01
6.4032860994338989E+00	3.7160156250000000E+01
6.4620023444294930E+00	3.7160156250000000E+01
6.5214542895555496E+00	3.7160156250000000E+01
6.5803256407380104E+00	3.7160156250000000E+01
6.6391585692763329E+00	3.7160156250000000E+01
6.6978945657610893E+00	3.7160156250000000E+01
6.7565366104245186E+00	3.7160156250000000E+01
6.8150984570384026E+00	3.7160156250000000E+01
6.8735839426517487E+00	3.7160156250000000E+01
6.9319856166839600E+00	3.7160156250000000E+01
6.9902749359607697E+00	3.7160156250000000E+01
7.0485050156712532E+00	3.7160156250000000E+01
7.1066284328699112E+00	3.7160156250000000E+01
7.1648636236786842E+00	3.7160156250000000E+01
7.2231345400214195E+00	3.7160156250000000E+01
7.2813968360424042E+00	3.7160156250000000E+01
7.3396604955196381E+00	3.7160156250000000E+01
7.3979000747203827E+00	3.7160156250000000E+01
7.4562539234757423E+00	3.7160156250000000E+01
7.5145467519760132E+00	3.7160156250000000E+01
7.5728724449872971E+00	3.7160156250000000E+01
7.6311715841293335E+00	3.7160156250000000E+01
7.6895088478922844E+00	3.7160156250000000E+01
7.7478908896446228E+00	3.7160156250000000E+01
7.8062250688672066E+00	3.7160156250000000E+01
7.8645949065685272E+00	3.7160156250000000E+01
7.9229149073362350E+00	3.7160156250000000E+01
7.9812503308057785E+00	3.7160156250000000E+01
8.0395403355360031E+00	3.7160156250000000E+01
8.0978734344244003E+00	3.7160156250000000E+01
8.1562172174453735E+00	3.7160156250000000E+01
8.2145260497927666E+00	3.7160156250000000E+01
8.2728348076343536E+00	3.7160156250000000E+01
8.3311393260955811E+00	3.7160156250000000E+01
8.3894723281264305E+00	3.7160156250000000E+01
8.4478844851255417E+00	3.7160156250000000E+01
8.5062513947486877E+00	3.7160156250000000E+01
8.5645995587110519E+00	3.7160156250000000E+01
8.6229693368077278E+00	3.7160156250000000E+01
8.6814086586236954E+00	3.7160156250000000E+01
8.7397470325231552E+00	3.7160156250000000E+01
8.7980927079916000E+00	3.7160156250000000E+01
8.8564841002225876E+00	3.7160156250000000E+01
8.9149151518940926E+00	3.7160156250000000E+01
8.9734538272023201E+00	3.7160156250000000E+01
9.0318211913108826E+00	3.7160156250000000E+01
9.0902787446975708E+00	3.7160156250000000E+01
9.1486493125557899E+00	3.7160156250000000E+01
9.2070800736546516E+00	3.7160156250000000E+01
9.2655775547027588E+00	3.7160156250000000E+01
9.3242628872394562E+00	3.7160156250000000E+01
9.3830424770712852E+00	3.7160156250000000E+01
9.4416523128747940E+00	3.7160156250000000E+01
9.5003616064786911E+00	3.7160156250000000E+01
9.5589172095060349E+00	3.7160156250000000E+01
9.6175434812903404E+00	3.7160156250000000E+01
9.6763782352209091E+00	3.7160156250000000E+01
9.7353633046150208E+00	3.7160156250000000E+01
9.7943514063954353E+00	3.7160156250000000E+01
9.8532003313302994E+00	3.7160156250000000E+01
9.9122123867273331E+00	3.7160156250000000E+01
9.9710329920053482E+00	3.7160156250000000E+01
1.0029993429780006E+01	3.7160156250000000E+01
1.0089028112590313E+01	3.7160156250000000E+01
1.0148103095591068E+01	3.7160156250000000E+01
1.0207171656191349E+01	3.7160156250000000E+01
1.0266155466437340E+01	3.7160156250000000E+01
1.0325295157730579E+01	3.7160156250000000E+01
1.0384396538138390E+01	3.7160156250000000E+01
1.0443463601171970E+01	3.7160156250000000E+01
1.0502596162259579E+01	3.7160156250000000E+01
1.0561759531497955E+01	3.7160156250000000E+01
1.0620863199234009E+01	3.7160156250000000E+01
1.0679933220148087E+01	3.7160156250000000E+01
1.0739064328372478E+01	3.7160156250000000E+01
1.0798148423433304E+01	3.7160156250000000E+01
1.0857243582606316E+01	3.7160156250000000E+01
1.0916346184909344E+01	3.7160156250000000E+01
1.0975425422191620E+01	3.7160156250000000E+01
1.1034369289875031E+01	3.7160156250000000E+01
1.1093366637825966E+01	3.7160156250000000E+01
1.1152226328849792E+01	3.7160156250000000E+01
1.1211533598601818E+01	3.7160156250000000E+01
1.1270584151148796E+01	3.7160156250000000E+01
1.1329688131809235E+01	3.7160156250000000E+01
1.1388731107115746E+01	3.7160156250000000E+01
1.1447823233902454E+01	3.7160156250000000E+01
1.1506894394755363E+01	3.7160156250000000E+01
1.1566072441637516E+01	3.7160156250000000E+01
1.1625198476016521E+01	3.7160156250000000E+01
1.1684379138052464E+01	3.7160156250000000E+01
1.1743514426052570E+01	3.7160156250000000E+01
1.1802609041333199E+01	3.7160156250000000E+01
1.1861762508749962E+01	3.7160156250000000E+01
1.1920937828719616E+01	3.7160156250000000E+01
1.1980085186660290E+01	3.7160156250000000E+01
1.2039280466735363E+01	3.7160156250000000E+01
1.2098457559943199E+01	3.7160156250000000E+01
1.2157688155770302E+01	3.7160156250000000E+01
1.2216867208480835E+01	3.7160156250000000E+01
1.2276749514043331E+01	3.7160156250000000E+01
1.2336072668433189E+01	3.7160156250000000E+01
1.2395306333899498E+01	3.7160156250000000E+01
1.2454543896019459E+01	3.7160156250000000E+01
1.2513799376785755E+01	3.7160156250000000E+01
1.2573006317019463E+01	3.7160156250000000E+01
1.2632154047489166E+01	3.7160156250000000E+01
1.2691311843693256E+01	3.7160156250000000E+01
1.2750477403402328E+01	3.7160156250000000E+01
1.2809640534222126E+01	3.7160156250000000E+01
1.2868843443691730E+01	3.7160156250000000E+01
1.2927995771169662E+01	3.7160156250000000E+01
1.2987121239304543E+01	3.7160156250000000E+01
1.3046244166791439E+01	3.7160156250000000E+01
1.3105249382555485E+01	3.7160156250000000E+01
1.3164281919598579E+01	3.7160156250000000E+01
1.3223334833979607E+01	3.7160156250000000E+01
1.3282260701060295E+01	3.7160156250000000E+01
1.3341192066669464E+01	3.7160156250000000E+01
1.3400165289640427E+01	3.7160156250000000E+01
1.3459135793149471E+01	3.7160156250000000E+01
1.3518024154007435E+01	3.7160156250000000E+01
1.3577031582593918E+01	3.7160156250000000E+01
1.3635957844555378E+01	3.7160156250000000E+01
1.3694957308471203E+01	3.7160156250000000E+01
1.3754000924527645E+01	3.7160156250000000E+01
1.3812717363238335E+01	3.7160156250000000E+01
1.3871530979871750E+01	3.7160156250000000E+01
1.3930273719131947E+01	3.7160156250000000E+01
1.3988834679126740E+01	3.7160156250000000E+01
1.4047613434493542E+01	3.7160156250000000E+01
1.4106403827667236E+01	3.7160156250000000E+01
1.4165232032537460E+01	3.7160156250000000E+01
1.4224175751209259E+01	3.7160156250000000E+01
1.4283235169947147E+01	3.7160156250000000E+01
1.4342166028916836E+01	3.7160156250000000E+01
1.4401208423078060E+01	3.7160156250000000E+01
1.4460076235234737E+01	3.7160156250000000E+01
1.4518880091607571E+01	3.7160156250000000E+01
1.4577740594744682E+01	3.7160156250000000E+01
1.4636476375162601E+01	3.7160156250000000E+01
1.4695074096322060E+01	3.7160156250000000E+01
1.4753776296973228E+01	3.7160156250000000E+01
1.4812242574989796E+01	3.7160156250000000E+01
1.4870804801583290E+01	3.7160156250000000E+01
1.4929404079914093E+01	3.7160156250000000E+01
1.4988149613142014E+01	3.7160156250000000E+01
1.5046925269067287E+01	3.7160156250000000E+01
1.5105678342282772E+01	3.7160156250000000E+01
1.5164640963077545E+01	3.7160156250000000E+01
1.5223693348467350E+01	3.7160156250000000E+01
1.5282821558415890E+01	3.7160156250000000E+01
1.5341997899115086E+01	3.7160156250000000E+01
1.5401223257184029E+01	3.7160156250000000E+01
1.5460547953844070E+01	3.7160156250000000E+01
1.5519839942455292E+01	3.7160156250000000E+01
1.5579134270548820E+01	3.7160156250000000E+01
1.5638359986245632E+01	3.7160156250000000E+01
1.5697592601180077E+01	3.7160156250000000E+01
1.5756913848221302E+01	3.7160156250000000E+01
1.5816226840019226E+01	3.7160156250000000E+01
1.5875331200659275E+01	3.7160156250000000E+01
1.5934363842010498E+01	3.7160156250000000E+01
1.5993279844522476E+01	3.7160156250000000E+01
1.6052339561283588E+01	3.7160156250000000E+01
1.6111177466809750E+01	3.7160156250000000E+01
1.6169850334525108E+01	3.7160156250000000E+01
1.6228326097130775E+01	3.7160156250000000E+01
1.6287076316773891E+01	3.7160156250000000E+01
1.6345478266477585E+01	3.7160156250000000E+01
1.6404018148779869E+01	3.7160156250000000E+01
1.6462359435856342E+01	3.7160156250000000E+01
1.6520769178867340E+01	3.7160156250000000E+01
1.6579115577042103E+01	3.7160156250000000E+01
1.6637439526617527E+01	3.7160156250000000E+01
1.6695716902613640E+01	3.7160156250000000E+01
1.6754049673676491E+01	3.7160156250000000E+01
1.6812305293977261E+01	3.7160156250000000E+01
1.6870570331811905E+01	3.7160156250000000E+01
1.6928787685930729E+01	3.7160156250000000E+01
1.6987041153013706E+01	3.7160156250000000E+01
1.7045266218483448E+01	3.7160156250000000E+01
1.7103440456092358E+01	3.7160156250000000E+01
1.7161692075431347E+01	3.7160156250000000E+01
1.7219959974288940E+01	3.7160156250000000E+01
1.7278175339102745E+01	3.7160156250000000E+01
1.7336315043270588E+01	3.7160156250000000E+01
1.7394607707858086E+01	3.7160156250000000E+01
1.7452924408018589E+01	3.7160156250000000E+01
1.7511220678687096E+01	3.7160156250000000E+01
1.7569531172513962E+01	3.7160156250000000E+01
1.7627787590026855E+01	3.7160156250000000E+01
1.7686327308416367E+01	3.7160156250000000E+01
1.7744624637067318E+01	3.7160156250000000E+01
1.7802940376102924E+01	3.7160156250000000E+01
1.7861311294138432E+01	3.7160156250000000E+01
1.7919651880860329E+01	3.7160156250000000E+01
1.7978020861744881E+01	3.7160156250000000E+01
1.8036345861852169E+01	3.7160156250000000E+01
1.8094695255160332E+01	3.7160156250000000E+01
1.8152994982898235E+01	3.7160156250000000E+01
1.8211330957710743E+01	3.7160156250000000E+01
1.8269629746675491E+01	3.7160156250000000E+01
1.8327993214130402E+01	3.7160156250000000E+01
1.8386286683380604E+01	3.7160156250000000E+01
1.8444588400423527E+01	3.7160156250000000E+01
1.8502918362617493E+01	3.7160156250000000E+01
1.8561207763850689E+01	3.7160156250000000E+01
1.8619553402066231E+01	3.7160156250000000E+01
1.8677856162190437E+01	3.7160156250000000E+01
1.8736236810684204E+01	3.7160156250000000E+01
1.8794557847082615E+01	3.7160156250000000E+01
1.8852808855473995E+01	3.7160156250000000E+01
1.8911148391664028E+01	3.7160156250000000E+01
1.8969883337616920E+01	3.7160156250000000E+01
1.9028514593839645E+01	3.7160156250000000E+01
1.9087204113602638E+01	3.7160156250000000E+01
1.9145940601825714E+01	3.7160156250000000E+01
1.9204804100096226E+01	3.7160156250000000E+01
1.9263530634343624E+01	3.7160156250000000E+01
1.9322168871760368E+01	3.7160156250000000E+01
1.9380915790796280E+01	3.7160156250000000E+01
1.9439574748277664E+01	3.7160156250000000E+01
1.9498321458697319E+01	3.7160156250000000E+01
1.9557017520070076E+01	3.7160156250000000E+01
1.9615820392966270E+01	3.7160156250000000E+01
1.9674533225595951E+01	3.7160156250000000E+01
1.9733179897069931E+01	3.7160156250000000E+01
1.9791765496134758E+01	3.7160156250000000E+01
1.9850404806435108E+01	3.7160156250000000E+01
1.9908917568624020E+01	3.7160156250000000E+01
1.9967374742031097E+01	3.7160156250000000E+01
2.0025734186172485E+01	3.7160156250000000E+01
2.0083921492099762E+01	3.7160156250000000E+01
2.0142097115516663E+01	3.7160156250000000E+01
2.0200309641659260E+01	3.7160156250000000E+01
2.0258549466729164E+01	3.7160156250000000E+01
2.0316795498132706E+01	3.7160156250000000E+01
2.0375016666948795E+01	3.7160156250000000E+01
2.0433235995471478E+01	3.7160156250000000E+01
2.0491420470178127E+01	3.7160156250000000E+01
2.0549713753163815E+01	3.7160156250000000E+01
2.0607966072857380E+01	3.7160156250000000E+01
2.0666246600449085E+01	3.7160156250000000E+01
2.0724535167217255E+01	3.7160156250000000E+01
2.0782853260636330E+01	3.7160156250000000E+01
2.0841134794056416E+01	3.7160156250000000E+01
2.0899357706308365E+01	3.7160156250000000E+01
2.0957695551216602E+01	3.7160156250000000E+01
2.1015971705317497E+01	3.7160156250000000E+01
2.1074143961071968E+01	3.7160156250000000E+01
2.1132431559264660E+01	3.7160156250000000E+01
2.1190701775252819E+01	3.7160156250000000E+01
2.1248984776437283E+01	3.7160156250000000E+01
2.1307258032262325E+01	3.7160156250000000E+01
2.1365492589771748E+01	3.7160156250000000E+01
2.1423756681382656E+01	3.7160156250000000E+01
2.1482023894786835E+01	3.7160156250000000E+01
2.1540284968912601E+01	3.7160156250000000E+01
2.1598539985716343E+01	3.7160156250000000E+01
2.1656813807785511E+01	3.7160156250000000E+01
2.1715088307857513E+01	3.7160156250000000E+01
2.1773323729634285E+01	3.7160156250000000E+01
2.1831584170460701E+01	3.7160156250000000E+01
2.1889834530651569E+01	3.7160156250000000E+01
2.1948045775294304E+01	3.7160156250000000E+01
2.2006237655878067E+01	3.7160156250000000E+01
2.2064450725913048E+01	3.7160156250000000E+01
2.2123555868864059E+01	3.7160156250000000E+01
2.2181883737444878E+01	3.7160156250000000E+01
2.2240173764526844E+01	3.7160156250000000E+01
2.2298443399369717E+01	3.7160156250000000E+01
2.2356684751808643E+01	3.7160156250000000E+01
2.2414926022291183E+01	3.7160156250000000E+01
2.2473143160343170E+01	3.7160156250000000E+01
2.2531457006931305E+01	3.7160156250000000E+01
2.2589731670916080E+01	3.7160156250000000E+01
2.2648034773766994E+01	3.7160156250000000E+01
2.2706309862434864E+01	3.7160156250000000E+01
2.2764611430466175E+01	3.7160156250000000E+01
2.2822859719395638E+01	3.7160156250000000E+01
2.2881109610199928E+01	3.7160156250000000E+01
2.2939403913915157E+01	3.7160156250000000E+01
2.2997713848948479E+01	3.7160156250000000E+01
2.3055999957025051E+01	3.7160156250000000E+01
2.3114349789917469E+01	3.7160156250000000E+01
2.3172658972442150E+01	3.7160156250000000E+01
2.3230948984622955E+01	3.7160156250000000E+01
2.3289217881858349E+01	3.7160156250000000E+01
2.3347452282905579E+01	3.7160156250000000E+01
2.3405740119516850E+01	3.7160156250000000E+01
2.3463963702321053E+01	3.7160156250000000E+01
2.3522222205996513E+01	3.7160156250000000E+01
2.3580489978194237E+01	3.7160156250000000E+01
2.3638885214924812E+01	3.7160156250000000E+01
2.3697280272841454E+01	3.7160156250000000E+01
2.3755607955157757E+01	3.7160156250000000E+01
2.3814006164669991E+01	3.7160156250000000E+01
2.3872337304055691E+01	3.7160156250000000E+01
2.3930568806827068E+01	3.7160156250000000E+01
2.3988912619650364E+01	3.7160156250000000E+01
2.4047227323055267E+01	3.7160156250000000E+01
2.4105490684509277E+01	3.7160156250000000E+01
2.4163842268288136E+01	3.7160156250000000E+01
2.4222110442817211E+01	3.7160156250000000E+01
2.4280469506978989E+01	3.7160156250000000E+01
2.4338786594569683E+01	3.7160156250000000E+01
2.4397113502025604E+01	3.7160156250000000E+01
2.4455410704016685E+01	3.7160156250000000E+01
2.4513769708573818E+01	3.7160156250000000E+01
2.4572140321135521E+01	3.7160156250000000E+01
2.4630427643656731E+01	3.7160156250000000E+01
2.4688716664910316E+01	3.7160156250000000E+01
2.4746985256671906E+01	3.7160156250000000E+01
2.4805179014801979E+01	3.7160156250000000E+01
2.4863406151533127E+01	3.7160156250000000E+01
2.4921675264835358E+01	3.7160156250000000E+01
2.4979871064424515E+01	3.7160156250000000E+01
2.5038126714527607E+01	3.7160156250000000E+01
2.5096460744738579E+01	3.7160156250000000E+01
2.5154748782515526E+01	3.7160156250000000E+01
2.5212985105812550E+01	3.7160156250000000E+01
2.5271257787942886E+01	3.7160156250000000E+01
2.5329615473747253E+01	3.7160156250000000E+01
2.5387921541929245E+01	3.7160156250000000E+01
2.5446309529244900E+01	3.7160156250000000E+01
2.5504697047173977E+01	3.7160156250000000E+01
2.5563095927238464E+01	3.7160156250000000E+01
2.5621452234685421E+01	3.7160156250000000E+01
2.5679787449538708E+01	3.7160156250000000E+01
2.5738291978836060E+01	3.7160156250000000E+01
2.5796946384012699E+01	3.7160156250000000E+01
2.5855776898562908E+01	3.7160156250000000E+01
2.5914435014128685E+01	3.7160156250000000E+01
2.5973301574587822E+01	3.7160156250000000E+01
2.6032071642577648E+01	3.7160156250000000E+01
2.6090692222118378E+01	3.7160156250000000E+01
2.6149173744022846E+01	3.7160156250000000E+01
2.6207591205835342E+01	3.7160156250000000E+01
2.6266175501048565E+01	3.7160156250000000E+01
2.6324657842516899E+01	3.7160156250000000E+01
2.6383320920169353E+01	3.7160156250000000E+01
2.6441896766424179E+01	3.7160156250000000E+01
2.6500291533768177E+01	3.7160156250000000E+01
2.6558762013912201E+01	3.7160156250000000E+01
2.6617271758615971E+01	3.7160156250000000E+01
2.6675835222005844E+01	3.7160156250000000E+01
2.6734402783215046E+01	3.7160156250000000E+01
2.6792908638715744E+01	3.7160156250000000E+01
2.6851384967565536E+01	3.7160156250000000E+01
2.6909788116812706E+01	3.7160156250000000E+01
2.6968105651438236E+01	3.7160156250000000E+01
2.7026490949094296E+01	3.7160156250000000E+01
2.7084875635802746E+01	3.7160156250000000E+01
2.7143317446112633E+01	3.7160156250000000E+01
2.7201822012662888E+01	3.7160156250000000E+01
2.7260368168354034E+01	3.7160156250000000E+01
2.7318880572915077E+01	3.7160156250000000E+01
2.7377454400062561E+01	3.7160156250000000E+01
2.7436011582612991E+01	3.7160156250000000E+01
2.7494765795767307E+01	3.7160156250000000E+01
2.7553658790886402E+01	3.7160156250000000E+01
2.7612516403198242E+01	3.7160156250000000E+01
2.7671541139483452E+01	3.7160156250000000E+01
2.7730625450611115E+01	3.7160156250000000E+01
2.7789685703814030E+01	3.7160156250000000E+01
2.7848806552588940E+01	3.7160156250000000E+01
2.7907857783138752E+01	3.7160156250000000E+01
2.7966781802475452E+01	3.7160156250000000E+01
2.8025610990822315E+01	3.7160156250000000E+01
2.8084294006228447E+01	3.7160156250000000E+01
2.8143237851560116E+01	3.7160156250000000E+01
2.8202086016535759E+01	3.7160156250000000E+01
2.8261066399514675E+01	3.7160156250000000E+01
2.8320105902850628E+01	3.7160156250000000E+01
2.8379132159054279E+01	3.7160156250000000E+01
2.8438244350254536E+01	3.7160156250000000E+01
2.8497383356094360E+01	3.7160156250000000E+01
2.8556476756930351E+01	3.7160156250000000E+01
2.8615591354668140E+01	3.7160156250000000E+01
2.8674738593399525E+01	3.7160156250000000E+01
2.8733912132680416E+01	3.7160156250000000E+01
2.8793205901980400E+01	3.7160156250000000E+01
2.8852492652833462E+01	3.7160156250000000E+01
2.8911661051213741E+01	3.7160156250000000E+01
2.8970952570438385E+01	3.7160156250000000E+01
2.9030256509780884E+01	3.7160156250000000E+01
2.9089540779590607E+01	3.7160156250000000E+01
2.9148867435753345E+01	3.7160156250000000E+01
2.9208109527826309E+01	3.7160156250000000E+01
2.9267391778528690E+01	3.7160156250000000E+01
2.9326790705323219E+01	3.7160156250000000E+01
2.9386157840490341E+01	3.7160156250000000E+01
2.9445467643439770E+01	3.7160156250000000E+01
2.9504768118262291E+01	3.7160156250000000E+01
2.9564093306660652E+01	3.7160156250000000E+01
2.9623642422258854E+01	3.7160156250000000E+01
2.9683003090322018E+01	3.7160156250000000E+01
2.9742289222776890E+01	3.7160156250000000E+01
2.9801719419658184E+01	3.7160156250000000E+01
2.9861110620200634E+01	3.7160156250000000E+01
2.9920513123273849E+01	3.7160156250000000E+01
2.9979927152395248E+01	3.7160156250000000E+01
3.0039316631853580E+01	3.7160156250000000E+01
3.0098757378757000E+01	3.7160156250000000E+01
3.0158145390450954E+01	3.7160156250000000E+01
3.0217514395713806E+01	3.7160156250000000E+01
3.0276958361268044E+01	3.7160156250000000E+01
3.0336377672851086E+01	3.7160156250000000E+01
3.0395796991884708E+01	3.7160156250000000E+01
3.0455210737884045E+01	3.7160156250000000E+01
3.0514554977416992E+01	3.7160156250000000E+01
3.0573962546885014E+01	3.7160156250000000E+01
3.0633290082216263E+01	3.7160156250000000E+01
3.0692711010575294E+01	3.7160156250000000E+01
3.0752138912677765E+01	3.7160156250000000E+01
3.0811589412391186E+01	3.7160156250000000E+01
3.0870984137058258E+01	3.7160156250000000E+01
3.0930379375815392E+01	3.7160156250000000E+01
3.0989732220768929E+01	3.7160156250000000E+01
3.1049077540636063E+01	3.7160156250000000E+01
3.1108465693891048E+01	3.7160156250000000E+01
3.1167875505983829E+01	3.7160156250000000E+01
3.1227281846106052E+01	3.7160156250000000E+01
3.1286647088825703E+01	3.7160156250000000E+01
3.1345961190760136E+01	3.7160156250000000E+01
3.1405342891812325E+01	3.7160156250000000E+01
3.1464705586433411E+01	3.7160156250000000E+01
3.1524036422371864E+01	3.7160156250000000E+01
3.1583386547863483E+01	3.7160156250000000E+01
3.1642732717096806E+01	3.7160156250000000E+01
3.1702088601887226E+01	3.7160156250000000E+01
3.1761532865464687E+01	3.7160156250000000E+01
3.1820874266326427E+01	3.7160156250000000E+01
3.1880245089530945E+01	3.7160156250000000E+01
3.1939601056277752E+01	3.7160156250000000E+01
3.1998890593647957E+01	3.7160156250000000E+01
3.2058306261897087E+01	3.7160156250000000E+01
3.2117649666965008E+01	3.7160156250000000E+01
3.2177051134407520E+01	3.7160156250000000E+01
3.2236394248902798E+01	3.7160156250000000E+01
3.2295724250376225E+01	3.7160156250000000E+01
3.2355117842555046E+01	3.7160156250000000E+01
3.2414524681866169E+01	3.7160156250000000E+01
3.2473934166133404E+01	3.7160156250000000E+01
3.2533277831971645E+01	3.7160156250000000E+01
3.2592683799564838E+01	3.7160156250000000E+01
3.2652056723833084E+01	3.7160156250000000E+01
3.2711420118808746E+01	3.7160156250000000E+01
3.2770837120711803E+01	3.7160156250000000E+01
3.2830126337707043E+01	3.7160156250000000E+01
3.2889464572072029E+01	3.7160156250000000E+01
3.2948849983513355E+01	3.7160156250000000E+01
3.3008214056491852E+01	3.7160156250000000E+01
3.3067563332617283E+01	3.7160156250000000E+01
3.3126966364681721E+01	3.7160156250000000E+01
3.3186262734234333E+01	3.7160156250000000E+01
3.3245644994080067E+01	3.7160156250000000E+01
3.3305067449808121E+01	3.7160156250000000E+01
3.3364412263035774E+01	3.7160156250000000E+01
3.3423803530633450E+01	3.7160156250000000E+01
3.3483189657330513E+01	3.7160156250000000E+01
3.3542596116662025E+01	3.7160156250000000E+01
3.3601951360702515E+01	3.7160156250000000E+01
3.3661371432244778E+01	3.7160156250000000E+01
3.3720745019614697E+01	3.7160156250000000E+01
3.3780038550496101E+01	3.7160156250000000E+01
3.3839431688189507E+01	3.7160156250000000E+01
3.3898808099329472E+01	3.7160156250000000E+01
3.3958206854760647E+01	3.7160156250000000E+01
3.4017572835087776E+01	3.7160156250000000E+01
3.4076911963522434E+01	3.7160156250000000E+01
3.4136220857501030E+01	3.7160156250000000E+01
3.4195602223277092E+01	3.7160156250000000E+01
3.4254984311759472E+01	3.7160156250000000E+01
3.4314322598278522E+01	3.7160156250000000E+01
3.4373679801821709E+01	3.7160156250000000E+01
3.4433049902319908E+01	3.7160156250000000E+01
3.4492452047765255E+01	3.7160156250000000E+01
3.4551801271736622E+01	3.7160156250000000E+01
3.4611125633120537E+01	3.7160156250000000E+01
3.4670405998826027E+01	3.7160156250000000E+01
3.4729702197015285E+01	3.7160156250000000E+01
3.4789014033973217E+01	3.7160156250000000E+01
3.4848322503268719E+01	3.7160156250000000E+01
3.4907612338662148E+01	3.7160156250000000E+01
3.4966975510120392E+01	3.7160156250000000E+01
3.5026194185018539E+01	3.7160156250000000E+01
3.5085540011525154E+01	3.7160156250000000E+01
3.5144947052001953E+01	3.7160156250000000E+01
3.5204326935112476E+01	3.7160156250000000E+01
3.5263719826936722E+01	3.7160156250000000E+01
3.5323113106191158E+01	3.7160156250000000E+01
3.5382494419813156E+01	3.7160156250000000E+01
3.5442080467939377E+01	3.7160156250000000E+01
3.5501580886542797E+01	3.7160156250000000E+01
3.5560964845120907E+01	3.7160156250000000E+01
3.5620384238660336E+01	3.7160156250000000E+01
3.5679789520800114E+01	3.7160156250000000E+01
3.5739223554730415E+01	3.7160156250000000E+01
3.5798719719052315E+01	3.7160156250000000E+01
3.5858128070831299E+01	3.7160156250000000E+01
3.5917477913200855E+01	3.7160156250000000E+01
3.5976896084845066E+01	3.7160156250000000E+01
3.6036293022334576E+01	3.7160156250000000E+01
3.6095686376094818E+01	3.7160156250000000E+01
3.6155140422284603E+01	3.7160156250000000E+01
3.6214580915868282E+01	3.7160156250000000E+01
3.6273939587175846E+01	3.7160156250000000E+01
3.6333366706967354E+01	3.7160156250000000E+01
3.6392793528735638E+01	3.7160156250000000E+01
3.6452208116650581E+01	3.7160156250000000E+01
3.6511680707335472E+01	3.7160156250000000E+01
3.6571052126586437E+01	3.7160156250000000E+01
3.6630434297025204E+01	3.7160156250000000E+01
3.6689826123416424E+01	3.7160156250000000E+01
3.6749456621706486E+01	3.7160156250000000E+01
3.6809276401996613E+01	3.7160156250000000E+01
3.6869039095938206E+01	3.7160156250000000E+01
3.6928824454545975E+01	3.7160156250000000E+01
3.6988654851913452E+01	3.7160156250000000E+01
3.7048534713685513E+01	3.7160156250000000E+01
3.7108311794698238E+01	3.7160156250000000E+01
3.7168196916580200E+01	3.7160156250000000E+01
3.7228051513433456E+01	3.7160156250000000E+01
3.7287937231361866E+01	3.7160156250000000E+01
3.7347828716039658E+01	3.7160156250000000E+01
3.7407704845070839E+01	3.7160156250000000E+01
3.7467547670006752E+01	3.7160156250000000E+01
3.7527394838631153E+01	3.7160156250000000E+01
3.7587175428867340E+01	3.7160156250000000E+01
3.7646913364529610E+01	3.7160156250000000E+01
3.7706479132175446E+01	3.7160156250000000E+01
3.7766018152236938E+01	3.7160156250000000E+01
3.7825526610016823E+01	3.7160156250000000E+01
3.7884843468666077E+01	3.7160156250000000E+01
3.7944240577518940E+01	3.7160156250000000E+01
3.8003625050187111E+01	3.7160156250000000E+01
3.8063033647835255E+01	3.7160156250000000E+01
3.8122398547828197E+01	3.7160156250000000E+01
3.8181935347616673E+01	3.7160156250000000E+01
3.8241544328629971E+01	3.7160156250000000E+01
3.8301054969429970E+01	3.7160156250000000E+01
3.8360533170402050E+01	3.7160156250000000E+01
3.8420076020061970E+01	3.7160156250000000E+01
3.8479583859443665E+01	3.7160156250000000E+01
3.8539152257144451E+01	3.7160156250000000E+01
3.8598714955151081E+01	3.7160156250000000E+01
3.8658248893916607E+01	3.7160156250000000E+01
3.8717812344431877E+01	3.7160156250000000E+01
3.8777334772050381E+01	3.7160156250000000E+01
3.8837509877979755E+01	3.7160156250000000E+01
3.8897222459316254E+01	3.7160156250000000E+01
3.8956683307886124E+01	3.7160156250000000E+01
3.9016193643212318E+01	3.7160156250000000E+01
3.9075787112116814E+01	3.7160156250000000E+01
3.9135418459773064E+01	3.7160156250000000E+01
3.9195026896893978E+01	3.7160156250000000E+01
3.9254679381847382E+01	3.7160156250000000E+01
3.9314286388456821E+01	3.7160156250000000E+01
3.9373917303979397E+01	3.7160156250000000E+01
3.9433572903275490E+01	3.7160156250000000E+01
3.9493340171873569E+01	3.7160156250000000E+01
3.9553020142018795E+01	3.7160156250000000E+01
3.9612711802124977E+01	3.7160156250000000E+01
3.9672399766743183E+01	3.7160156250000000E+01
3.9732131786644459E+01	3.7160156250000000E+01
3.9791730768978596E+01	3.7160156250000000E+01
3.9851375252008438E+01	3.7160156250000000E+01
3.9911022849380970E+01	3.7160156250000000E+01
3.9970694281160831E+01	3.7160156250000000E+01
4.0030430026352406E+01	3.7160156250000000E+01
4.0090114556252956E+01	3.7160156250000000E+01
4.0149872921407223E+01	3.7160156250000000E+01
4.0209646806120872E+01	3.7160156250000000E+01
4.0269410975277424E+01	3.7160156250000000E+01
4.0329118296504021E+01	3.7160156250000000E+01
4.0388887681066990E+01	3.7160156250000000E+01
4.0448617406189442E+01	3.7160156250000000E+01
4.0508382305502892E+01	3.7160156250000000E+01
4.0568153649568558E+01	3.7160156250000000E+01
4.0627871125936508E+01	3.7160156250000000E+01
4.0687595590949059E+01	3.7160156250000000E+01
4.0747314050793648E+01	3.7160156250000000E+01
4.0807026550173759E+01	3.7160156250000000E+01
4.0866805016994476E+01	3.7160156250000000E+01
4.0926579654216766E+01	3.7160156250000000E+01
4.0986367955803871E+01	3.7160156250000000E+01
4.1046122200787067E+01	3.7160156250000000E+01
4.1105950459837914E+01	3.7160156250000000E+01
4.1165788002312183E+01	3.7160156250000000E+01
4.1225524403154850E+01	3.7160156250000000E+01
4.1285297729074955E+01	3.7160156250000000E+01
4.1345106184482574E+01	3.7160156250000000E+01
4.1404886446893215E+01	3.7160156250000000E+01
4.1464681223034859E+01	3.7160156250000000E+01
4.1524451509118080E+01	3.7160156250000000E+01
4.1584147170186043E+01	3.7160156250000000E+01
4.1643875680863857E+01	3.7160156250000000E+01
4.1703657403588295E+01	3.7160156250000000E+01
4.1763481736183167E+01	3.7160156250000000E+01
4.1823282897472382E+01	3.7160156250000000E+01
4.1882997252047062E+01	3.7160156250000000E+01
4.1942742586135864E+01	3.7160156250000000E+01
4.2002500668168068E+01	3.7160156250000000E+01
4.2062261849641800E+01	3.7160156250000000E+01
4.2122071705758572E+01	3.7160156250000000E+01
4.2181842535734177E+01	3.7160156250000000E+01
4.2241636186838150E+01	3.7160156250000000E+01
4.2301404334604740E+01	3.7160156250000000E+01
4.2361205048859119E+01	3.7160156250000000E+01
4.2420983582735062E+01	3.7160156250000000E+01
4.2480729646980762E+01	3.7160156250000000E+01
4.2540463894605637E+01	3.7160156250000000E+01
4.2600229591131210E+01	3.7160156250000000E+01
4.2659964561462402E+01	3.7160156250000000E+01
4.2719654977321625E+01	3.7160156250000000E+01
4.2779422380030155E+01	3.7160156250000000E+01
4.2839222043752670E+01	3.7160156250000000E+01
4.2899070620536804E+01	3.7160156250000000E+01
4.2958983607590199E+01	3.7160156250000000E+01
4.3018865369260311E+01	3.7160156250000000E+01
4.3078744627535343E+01	3.7160156250000000E+01
4.3138542376458645E+01	3.7160156250000000E+01
4.3198405504226685E+01	3.7160156250000000E+01
4.3258273079991341E+01	3.7160156250000000E+01
4.3318158857524395E+01	3.7160156250000000E+01
4.3378020308911800E+01	3.7160156250000000E+01
4.3437871679663658E+01	3.7160156250000000E+01
4.3497733585536480E+01	3.7160156250000000E+01
4.3557633005082607E+01	3.7160156250000000E+01
4.3617604471743107E+01	3.7160156250000000E+01
4.3677569508552551E+01	3.7160156250000000E+01
4.3737446174025536E+01	3.7160156250000000E+01
4.3797373764216900E+01	3.7160156250000000E+01
4.3857330992817879E+01	3.7160156250000000E+01
4.3917249470949173E+01	3.7160156250000000E+01
4.3977191254496574E+01	3.7160156250000000E+01
4.4037137642502785E+01	3.7160156250000000E+01
4.4097063995897770E+01	3.7160156250000000E+01
4.4156931184232235E+01	3.7160156250000000E+01
4.4216809287667274E+01	3.7160156250000000E+01
4.4276727348566055E+01	3.7160156250000000E+01
4.4336633302271366E+01	3.7160156250000000E+01
4.4396570585668087E+01	3.7160156250000000E+01
4.4456475920975208E+01	3.7160156250000000E+01
4.4516280129551888E+01	3.7160156250000000E+01
4.4576160594820976E+01	3.7160156250000000E+01
4.4635960370302200E+01	3.7160156250000000E+01
4.4695807226002216E+01	3.7160156250000000E+01
4.4755648963153362E+01	3.7160156250000000E+01
4.4815446048974991E+01	3.7160156250000000E+01
4.4875272728502750E+01	3.7160156250000000E+01
4.4935365960001945E+01	3.7160156250000000E+01
4.4995137363672256E+01	3.7160156250000000E+01
4.5054929554462433E+01	3.7160156250000000E+01
4.5114679530262947E+01	3.7160156250000000E+01
4.5174443416297436E+01	3.7160156250000000E+01
4.5234187148511410E+01	3.7160156250000000E+01
4.5293961390852928E+01	3.7160156250000000E+01
4.5353725478053093E+01	3.7160156250000000E+01
4.5413493312895298E+01	3.7160156250000000E+01
4.5473297894001007E+01	3.7160156250000000E+01
4.5533139377832413E+01	3.7160156250000000E+01
4.5592900939285755E+01	3.7160156250000000E+01
4.5652766078710556E+01	3.7160156250000000E+01
4.5712595798075199E+01	3.7160156250000000E+01
4.5772458098828793E+01	3.7160156250000000E+01
4.5832243084907532E+01	3.7160156250000000E+01
4.5891995079815388E+01	3.7160156250000000E+01
4.5951822645962238E+01	3.7160156250000000E+01
4.6011624366044998E+01	3.7160156250000000E+01
4.6071328930556774E+01	3.7160156250000000E+01
4.6131119661033154E+01	3.7160156250000000E+01
4.6191080331802368E+01	3.7160156250000000E+01
4.6251205071806908E+01	3.7160156250000000E+01
4.6311370000243187E+01	3.7160156250000000E+01
4.6371390700340271E+01	3.7160156250000000E+01
4.6431571230292320E+01	3.7160156250000000E+01
4.6491730168461800E+01	3.7160156250000000E+01
4.6551836311817169E+01	3.7160156250000000E+01
4.6612052679061890E+01	3.7160156250000000E+01
4.6672283761203289E+01	3.7160156250000000E+01
4.6732575751841068E+01	3.7160156250000000E+01
4.6792881950736046E+01	3.7160156250000000E+01
4.6853093653917313E+01	3.7160156250000000E+01
4.6913256682455540E+01	3.7160156250000000E+01
4.6973289750516415E+01	3.7160156250000000E+01
4.7033491447567940E+01	3.7160156250000000E+01
4.7093758694827557E+01	3.7160156250000000E+01
4.7153607025742531E+01	3.7160156250000000E+01
4.7213400416076183E+01	3.7160156250000000E+01
4.7273142904043198E+01	3.7160156250000000E+01
4.7332757920026779E+01	3.7160156250000000E+01
4.7392379954457283E+01	3.7160156250000000E+01
4.7452018141746521E+01	3.7160156250000000E+01
4.7512005962431431E+01	3.7160156250000000E+01
4.7571840792894363E+01	3.7160156250000000E+01
4.7631706811487675E+01	3.7160156250000000E+01
4.7691559813916683E+01	3.7160156250000000E+01
4.7751389808952808E+01	3.7160156250000000E+01
4.7811209924519062E+01	3.7160156250000000E+01
4.7871041193604469E+01	3.7160156250000000E+01
4.7930861659348011E+01	3.7160156250000000E+01
4.7990607410669327E+01	3.7160156250000000E+01
4.8050450496375561E+01	3.7160156250000000E+01
4.8110255017876625E+01	3.7160156250000000E+01
4.8170027971267700E+01	3.7160156250000000E+01
4.8229807756841183E+01	3.7160156250000000E+01
4.8289640232920647E+01	3.7160156250000000E+01
4.8349528327584267E+01	3.7160156250000000E+01
4.8409460678696632E+01	3.7160156250000000E+01
4.8469376161694527E+01	3.7160156250000000E+01
4.8529270470142365E+01	3.7160156250000000E+01
4.8589244455099106E+01	3.7160156250000000E+01
4.8649253614246845E+01	3.7160156250000000E+01
4.8709237769246101E+01	3.7160156250000000E+01
4.8769256591796875E+01	3.7160156250000000E+01
4.8829260192811489E+01	3.7160156250000000E+01
4.8889288298785686E+01	3.7160156250000000E+01
4.8949344687163830E+01	3.7160156250000000E+01
4.9009466499090195E+01	3.7160156250000000E+01
4.9069601036608219E+01	3.7160156250000000E+01
4.9129758000373840E+01	3.7160156250000000E+01
4.9189939916133881E+01	3.7160156250000000E+01
4.9250087730586529E+01	3.7160156250000000E+01
4.9310278214514256E+01	3.7160156250000000E+01
4.9370452128350735E+01	3.7160156250000000E+01
4.9430655531585217E+01	3.7160156250000000E+01
4.9490903221070766E+01	3.7160156250000000E+01
4.9551091812551022E+01	3.7160156250000000E+01
4.9611278474330902E+01	3.7160156250000000E+01
4.9671472840011120E+01	3.7160156250000000E+01
4.9731700800359249E+01	3.7160156250000000E+01
4.9791870594024658E+01	3.7160156250000000E+01
4.9852079994976521E+01	3.7160156250000000E+01
4.9912267588078976E+01	3.7160156250000000E+01
4.9972341723740101E+01	3.7160156250000000E+01
5.0032461419701576E+01	3.7160156250000000E+01
5.0092570394277573E+01	3.7160156250000000E+01
5.0152716964483261E+01	3.7160156250000000E+01
5.0212870232760906E+01	3.7160156250000000E+01
5.0273063257336617E+01	3.7160156250000000E+01
5.0333214871585369E+01	3.7160156250000000E+01
5.0393393658101559E+01	3.7160156250000000E+01
5.0453684404492378E+01	3.7160156250000000E+01
5.0513932369649410E+01	3.7160156250000000E+01
5.0574192896485329E+01	3.7160156250000000E+01
5.0634501710534096E+01	3.7160156250000000E+01
5.0694805659353733E+01	3.7160156250000000E+01
5.0755419552326202E+01	3.7160156250000000E+01
5.0815836764872074E+01	3.7160156250000000E+01
5.0876356437802315E+01	3.7160156250000000E+01
5.0936642602086067E+01	3.7160156250000000E+01
5.0996990948915482E+01	3.7160156250000000E+01
5.1057294018566608E+01	3.7160156250000000E+01
5.1117802649736404E+01	3.7160156250000000E+01
5.1178281970322132E+01	3.7160156250000000E+01
5.1238676726818085E+01	3.7160156250000000E+01
5.1299044929444790E+01	3.7160156250000000E+01
5.1359443806111813E+01	3.7160156250000000E+01
5.1419829644262791E+01	3.7160156250000000E+01
5.1480139143764973E+01	3.7160156250000000E+01
5.1540429323911667E+01	3.7160156250000000E+01
5.1600766055285931E+01	3.7160156250000000E+01
5.1661095567047596E+01	3.7160156250000000E+01
5.1721352875232697E+01	3.7160156250000000E+01
5.1781706511974335E+01	3.7160156250000000E+01
5.1842016823589802E+01	3.7160156250000000E+01
5.1902237102389336E+01	3.7160156250000000E+01
5.1962610766291618E+01	3.7160156250000000E+01
5.2023079894483089E+01	3.7160156250000000E+01
5.2083881281316280E+01	3.7160156250000000E+01
5.2144645355641842E+01	3.7160156250000000E+01
5.2205508209764957E+01	3.7160156250000000E+01
5.2266301363706589E+01	3.7160156250000000E+01
5.2327241905033588E+01	3.7160156250000000E+01
5.2388142555952072E+01	3.7160156250000000E+01
5.2449138581752777E+01	3.7160156250000000E+01
5.2510127291083336E+01	3.7160156250000000E+01
5.2571176387369633E+01	3.7160156250000000E+01
5.2632250092923641E+01	3.7160156250000000E+01
5.2693259321153164E+01	3.7160156250000000E+01
5.2754266299307346E+01	3.7160156250000000E+01
5.2815217755734921E+01	3.7160156250000000E+01
5.2876140579581261E+01	3.7160156250000000E+01
5.2936911568045616E+01	3.7160156250000000E+01
5.2997494772076607E+01	3.7160156250000000E+01
5.3058104075491428E+01	3.7160156250000000E+01
5.3118593037128448E+01	3.7160156250000000E+01
5.3178905770182610E+01	3.7160156250000000E+01
5.3239279337227345E+01	3.7160156250000000E+01
5.3299625404179096E+01	3.7160156250000000E+01
5.3359955541789532E+01	3.7160156250000000E+01
5.3420398026704788E+01	3.7160156250000000E+01
5.3480812981724739E+01	3.7160156250000000E+01
5.3541195899248123E+01	3.7160156250000000E+01
5.3601589247584343E+01	3.7160156250000000E+01
5.3661888197064400E+01	3.7160156250000000E+01
5.3722248904407024E+01	3.7160156250000000E+01
5.3782558687031269E+01	3.7160156250000000E+01
5.3842798411846161E+01	3.7160156250000000E+01
5.3903078280389309E+01	3.7160156250000000E+01
5.3963297940790653E+01	3.7160156250000000E+01
5.4023473158478737E+01	3.7160156250000000E+01
5.4083590395748615E+01	3.7160156250000000E+01
5.4143607795238495E+01	3.7160156250000000E+01
5.4203624539077282E+01	3.7160156250000000E+01
5.4263629972934723E+01	3.7160156250000000E+01
5.4323592215776443E+01	3.7160156250000000E+01
5.4383564010262489E+01	3.7160156250000000E+01
5.4443566046655178E+01	3.7160156250000000E+01
5.4503546550869942E+01	3.7160156250000000E+01
5.4563592419028282E+01	3.7160156250000000E+01
5.4623582988977432E+01	3.7160156250000000E+01
5.4683584593236446E+01	3.7160156250000000E+01
5.4743571706116199E+01	3.7160156250000000E+01
5.4803537622094154E+01	3.7160156250000000E+01
5.4863513126969337E+01	3.7160156250000000E+01
5.4923434041440487E+01	3.7160156250000000E+01
5.4983298823237419E+01	3.7160156250000000E+01
5.5043119326233864E+01	3.7160156250000000E+01
5.5102900452911854E+01	3.7160156250000000E+01
5.5162650197744370E+01	3.7160156250000000E+01
5.5222513839602470E+01	3.7160156250000000E+01
5.5282326228916645E+01	3.7160156250000000E+01
5.5342193499207497E+01	3.7160156250000000E+01
5.5402088575065136E+01	3.7160156250000000E+01
5.5462007999420166E+01	3.7160156250000000E+01
5.5522002324461937E+01	3.7160156250000000E+01
5.5581983298063278E+01	3.7160156250000000E+01
5.5641917087137699E+01	3.7160156250000000E+01
5.5701838344335556E+01	3.7160156250000000E+01
5.5761890158057213E+01	3.7160156250000000E+01
5.5822123847901821E+01	3.7160156250000000E+01
5.5882370807230473E+01	3.7160156250000000E+01
5.5942449145019054E+01	3.7160156250000000E+01
5.6002613797783852E+01	3.7160156250000000E+01
5.6062756694853306E+01	3.7160156250000000E+01
5.6122926376760006E+01	3.7160156250000000E+01
5.6183067858219147E+01	3.7160156250000000E+01
5.6243266716599464E+01	3.7160156250000000E+01
5.6303465984761715E+01	3.7160156250000000E+01
5.6363767094910145E+01	3.7160156250000000E+01
5.6424004994332790E+01	3.7160156250000000E+01
5.6484259724617004E+01	3.7160156250000000E+01
5.6544522263109684E+01	3.7160156250000000E+01
5.6604793980717659E+01	3.7160156250000000E+01
5.6665035098791122E+01	3.7160156250000000E+01
5.6725245833396912E+01	3.7160156250000000E+01
5.6785521723330021E+01	3.7160156250000000E+01
5.6845793589949608E+01	3.7160156250000000E+01
5.6906096242368221E+01	3.7160156250000000E+01
5.6966266781091690E+01	3.7160156250000000E+01
5.7026354581117630E+01	3.7160156250000000E+01
5.7086648747324944E+01	3.7160156250000000E+01
5.7147311627864838E+01	3.7160156250000000E+01
5.7208065539598465E+01	3.7160156250000000E+01
5.7268805369734764E+01	3.7160156250000000E+01
5.7329546131193638E+01	3.7160156250000000E+01
5.7390216499567032E+01	3.7160156250000000E+01
5.7450844183564186E+01	3.7160156250000000E+01
5.7511577814817429E+01	3.7160156250000000E+01
5.7572345547378063E+01	3.7160156250000000E+01
5.7633135825395584E+01	3.7160156250000000E+01
5.7693838052451611E+01	3.7160156250000000E+01
5.7754604309797287E+01	3.7160156250000000E+01
5.7815392240881920E+01	3.7160156250000000E+01
5.7876023247838020E+01	3.7160156250000000E+01
5.7936654537916183E+01	3.7160156250000000E+01
5.7997331015765667E+01	3.7160156250000000E+01
5.8057803496718407E+01	3.7160156250000000E+01
5.8118205331265926E+01	3.7160156250000000E+01
5.8178537510335445E+01	3.7160156250000000E+01
5.8238653503358364E+01	3.7160156250000000E+01
5.8298619978129864E+01	3.7160156250000000E+01
5.8358562909066677E+01	3.7160156250000000E+01
5.8418631225824356E+01	3.7160156250000000E+01
5.8478686094284058E+01	3.7160156250000000E+01
5.8538775824010372E+01	3.7160156250000000E+01
5.8598836965858936E+01	3.7160156250000000E+01
5.8658902242779732E+01	3.7160156250000000E+01
5.8718986012041569E+01	3.7160156250000000E+01
5.8779031783342361E+01	3.7160156250000000E+01
5.8839093819260597E+01	3.7160156250000000E+01
5.8899051360785961E+01	3.7160156250000000E+01
5.8959047622978687E+01	3.7160156250000000E+01
5.9018937095999718E+01	3.7160156250000000E+01
5.9078863583505154E+01	3.7160156250000000E+01
5.9138749353587627E+01	3.7160156250000000E+01
5.9198582343757153E+01	3.7160156250000000E+01
5.9258439034223557E+01	3.7160156250000000E+01
5.9318300634622574E+01	3.7160156250000000E+01
