1.6754294931888580E-01	3.7011718750000000E+01
2.3161767423152924E-01	3.7011718750000000E+01
2.9580798745155334E-01	3.7011718750000000E+01
3.5809630155563354E-01	3.7011718750000000E+01
4.2239730060100555E-01	3.7011718750000000E+01
4.8466955125331879E-01	3.7011718750000000E+01
5.4488148540258408E-01	3.7011718750000000E+01
6.1117172986268997E-01	3.7011718750000000E+01
6.7551374435424805E-01	3.7011718750000000E+01
7.3788622021675110E-01	3.7011718750000000E+01
8.0017008632421494E-01	3.7011718750000000E+01
8.6048602312803268E-01	3.7011718750000000E+01
9.1879437118768692E-01	3.7011718750000000E+01
9.7704923152923584E-01	3.7011718750000000E+01
1.0352982282638550E+00	3.7011718750000000E+01
1.0935737192630768E+00	3.7011718750000000E+01
1.1525813341140747E+00	3.7148437500000000E+01
1.2110602334141731E+00	3.7148437500000000E+01
1.2692967504262924E+00	3.7148437500000000E+01
1.3275854215025902E+00	3.7148437500000000E+01
1.3859127983450890E+00	3.7148437500000000E+01
1.4441808760166168E+00	3.7148437500000000E+01
1.5024615898728371E+00	3.7148437500000000E+01
1.5607624650001526E+00	3.7148437500000000E+01
1.6190390661358833E+00	3.7148437500000000E+01
1.6773446276783943E+00	3.7148437500000000E+01
1.7356027439236641E+00	3.7148437500000000E+01
1.7937902212142944E+00	3.7148437500000000E+01
1.8520754277706146E+00	3.7148437500000000E+01
1.9103831499814987E+00	3.7148437500000000E+01
1.9687108770012856E+00	3.7148437500000000E+01
2.0270740538835526E+00	3.7148437500000000E+01
2.0852922648191452E+00	3.7148437500000000E+01
2.1435285806655884E+00	3.7148437500000000E+01
2.2017785385251045E+00	3.7148437500000000E+01
2.2600107416510582E+00	3.7148437500000000E+01
2.3182702660560608E+00	3.7148437500000000E+01
2.3765008673071861E+00	3.7148437500000000E+01
2.4347653836011887E+00	3.7148437500000000E+01
2.4930084347724915E+00	3.7148437500000000E+01
2.5511900410056114E+00	3.7148437500000000E+01
2.6094005852937698E+00	3.7148437500000000E+01
2.6675477474927902E+00	3.7148437500000000E+01
2.7257422581315041E+00	3.7148437500000000E+01
2.7839926853775978E+00	3.7148437500000000E+01
2.8422260507941246E+00	3.7148437500000000E+01
2.9004206433892250E+00	3.7148437500000000E+01
2.9586552530527115E+00	3.7148437500000000E+01
3.0169015005230904E+00	3.7148437500000000E+01
3.0751419365406036E+00	3.7148437500000000E+01
3.1340268999338150E+00	3.7160156250000000E+01
3.1924778819084167E+00	3.7160156250000000E+01
3.2507903948426247E+00	3.7160156250000000E+01
3.3090516105294228E+00	3.7160156250000000E+01
3.3673717156052589E+00	3.7160156250000000E+01
3.4256920963525772E+00	3.7160156250000000E+01
3.4840294420719147E+00	3.7160156250000000E+01
3.5423194915056229E+00	3.7160156250000000E+01
3.6006238162517548E+00	3.7160156250000000E+01
3.6589155718684196E+00	3.7160156250000000E+01
3.7171794995665550E+00	3.7160156250000000E+01
3.7754253223538399E+00	3.7160156250000000E+01
3.8337039351463318E+00	3.7160156250000000E+01
3.8918707370758057E+00	3.7160156250000000E+01
3.9500937983393669E+00	3.7160156250000000E+01
4.0082860291004181E+00	3.7160156250000000E+01
4.0665340349078178E+00	3.7160156250000000E+01
4.1247642189264297E+00	3.7160156250000000E+01
4.1830553337931633E+00	3.7160156250000000E+01
4.2412701174616814E+00	3.7160156250000000E+01
4.2994754239916801E+00	3.7160156250000000E+01
4.3578365221619606E+00	3.7160156250000000E+01
4.4161306992173195E+00	3.7160156250000000E+01
4.4744528457522392E+00	3.7160156250000000E+01
4.5328423455357552E+00	3.7160156250000000E+01
4.5911056026816368E+00	3.7160156250000000E+01
4.6497007980942726E+00	3.7160156250000000E+01
4.7080030366778374E+00	3.7160156250000000E+01
4.7662834599614143E+00	3.7160156250000000E+01
4.8246192410588264E+00	3.7160156250000000E+01
4.8829359337687492E+00	3.7160156250000000E+01
4.9412680044770241E+00	3.7160156250000000E+01
4.9996092244982719E+00	3.7160156250000000E+01
5.0579298511147499E+00	3.7160156250000000E+01
5.1161591559648514E+00	3.7160156250000000E+01
5.1744812056422234E+00	3.7160156250000000E+01
5.2329235374927521E+00	3.7160156250000000E+01
5.2913391217589378E+00	3.7160156250000000E+01
5.3496850132942200E+00	3.7160156250000000E+01
5.4080525636672974E+00	3.7160156250000000E+01
5.4664027690887451E+00	3.7160156250000000E+01
5.5247553288936615E+00	3.7160156250000000E+01
5.5831271931529045E+00	3.7160156250000000E+01
5.6414883956313133E+00	3.7160156250000000E+01
5.6997851431369781E+00	3.7160156250000000E+01
5.7580766603350639E+00	3.7160156250000000E+01
5.8162859231233597E+00	3.7160156250000000E+01
5.8745922967791557E+00	3.7160156250000000E+01
5.9333264902234077E+00	3.7160156250000000E+01
5.9920780658721924E+00	3.7160156250000000E+01
6.0508044511079788E+00	3.7160156250000000E+01
6.1095414608716965E+00	3.7160156250000000E+01
6.1682486087083817E+00	3.7160156250000000E+01
6.2269951552152634E+00	3.7160156250000000E+01
6.2857490107417107E+00	3.7160156250000000E+01
6.3445627242326736E+00	3.7160156250000000E+01
6.4033403694629669E+00	3.7160156250000000E+01
6.4620501697063446E+00	3.7160156250000000E+01
6.5208129212260246E+00	3.7160156250000000E+01
6.5802166461944580E+00	3.7160156250000000E+01
6.6392129212617874E+00	3.7160156250000000E+01
6.6979482620954514E+00	3.7160156250000000E+01
6.7565910890698433E+00	3.7160156250000000E+01
6.8151477128267288E+00	3.7160156250000000E+01
6.8736383691430092E+00	3.7160156250000000E+01
6.9320336431264877E+00	3.7160156250000000E+01
6.9903293251991272E+00	3.7160156250000000E+01
7.0485401004552841E+00	3.7160156250000000E+01
7.1066822260618210E+00	3.7160156250000000E+01
7.1649181097745895E+00	3.7160156250000000E+01
7.2231883853673935E+00	3.7160156250000000E+01
7.2814211174845695E+00	3.7160156250000000E+01
7.3396828696131706E+00	3.7160156250000000E+01
7.3979263752698898E+00	3.7160156250000000E+01
7.4562290087342262E+00	3.7160156250000000E+01
7.5146011784672737E+00	3.7160156250000000E+01
7.5729069784283638E+00	3.7160156250000000E+01
7.6312259808182716E+00	3.7160156250000000E+01
7.6895465403795242E+00	3.7160156250000000E+01
7.7479437142610550E+00	3.7160156250000000E+01
7.8062794879078865E+00	3.7160156250000000E+01
7.8646072298288345E+00	3.7160156250000000E+01
7.9229691922664642E+00	3.7160156250000000E+01
7.9811709001660347E+00	3.7160156250000000E+01
8.0394582003355026E+00	3.7160156250000000E+01
8.0977642759680748E+00	3.7160156250000000E+01
8.1560943201184273E+00	3.7160156250000000E+01
8.2144894450902939E+00	3.7160156250000000E+01
8.2728322371840477E+00	3.7160156250000000E+01
8.3311934918165207E+00	3.7160156250000000E+01
8.3895263150334358E+00	3.7160156250000000E+01
8.4478563517332077E+00	3.7160156250000000E+01
8.5062502920627594E+00	3.7160156250000000E+01
8.5646276324987411E+00	3.7160156250000000E+01
8.6230390220880508E+00	3.7160156250000000E+01
8.6814482808113098E+00	3.7160156250000000E+01
8.7398017272353172E+00	3.7160156250000000E+01
8.7981471568346024E+00	3.7160156250000000E+01
8.8564924672245979E+00	3.7160156250000000E+01
8.9148942977190018E+00	3.7160156250000000E+01
8.9733558669686317E+00	3.7160156250000000E+01
9.0318520963191986E+00	3.7160156250000000E+01
9.0902229771018028E+00	3.7160156250000000E+01
9.1487019211053848E+00	3.7160156250000000E+01
9.2070769891142845E+00	3.7160156250000000E+01
9.2655016481876373E+00	3.7160156250000000E+01
9.3240522593259811E+00	3.7160156250000000E+01
9.3826923519372940E+00	3.7160156250000000E+01
9.4414611682295799E+00	3.7160156250000000E+01
9.5000897422432899E+00	3.7160156250000000E+01
9.5588158220052719E+00	3.7160156250000000E+01
9.6173954084515572E+00	3.7160156250000000E+01
9.6761009469628334E+00	3.7160156250000000E+01
9.7349719330668449E+00	3.7160156250000000E+01
9.7939492687582970E+00	3.7160156250000000E+01
9.8529564365744591E+00	3.7160156250000000E+01
9.9119043424725533E+00	3.7160156250000000E+01
9.9709693491458893E+00	3.7160156250000000E+01
1.0029900170862675E+01	3.7160156250000000E+01
1.0088899932801723E+01	3.7160156250000000E+01
1.0147980280220509E+01	3.7160156250000000E+01
1.0207096181809902E+01	3.7160156250000000E+01
1.0266205266118050E+01	3.7160156250000000E+01
1.0325303629040718E+01	3.7160156250000000E+01
1.0384450793266296E+01	3.7160156250000000E+01
1.0443517461419106E+01	3.7160156250000000E+01
1.0502650618553162E+01	3.7160156250000000E+01
1.0561795428395271E+01	3.7160156250000000E+01
1.0620917305350304E+01	3.7160156250000000E+01
1.0679987877607346E+01	3.7160156250000000E+01
1.0739103473722935E+01	3.7160156250000000E+01
1.0798202857375145E+01	3.7160156250000000E+01
1.0857297554612160E+01	3.7160156250000000E+01
1.0916397564113140E+01	3.7160156250000000E+01
1.0975479818880558E+01	3.7160156250000000E+01
1.1034423455595970E+01	3.7160156250000000E+01
1.1093285404145718E+01	3.7160156250000000E+01
1.1152279324829578E+01	3.7160156250000000E+01
1.1211423397064209E+01	3.7160156250000000E+01
1.1270509503781796E+01	3.7160156250000000E+01
1.1329596377909184E+01	3.7160156250000000E+01
1.1388681560754776E+01	3.7160156250000000E+01
1.1447774179279804E+01	3.7160156250000000E+01
1.1506948843598366E+01	3.7160156250000000E+01
1.1566086098551750E+01	3.7160156250000000E+01
1.1625252105295658E+01	3.7160156250000000E+01
1.1684432402253151E+01	3.7160156250000000E+01
1.1743489712476730E+01	3.7160156250000000E+01
1.1802627913653851E+01	3.7160156250000000E+01
1.1861816927790642E+01	3.7160156250000000E+01
1.1920991234481335E+01	3.7160156250000000E+01
1.1980138346552849E+01	3.7160156250000000E+01
1.2039336271584034E+01	3.7160156250000000E+01
1.2098505578935146E+01	3.7160156250000000E+01
1.2157714754343033E+01	3.7160156250000000E+01
1.2216891758143902E+01	3.7160156250000000E+01
1.2276094980537891E+01	3.7160156250000000E+01
1.2335962004959583E+01	3.7160156250000000E+01
1.2395360894501209E+01	3.7160156250000000E+01
1.2454598322510719E+01	3.7160156250000000E+01
1.2513853810727596E+01	3.7160156250000000E+01
1.2573032632470131E+01	3.7160156250000000E+01
1.2632208026945591E+01	3.7160156250000000E+01
1.2691325977444649E+01	3.7160156250000000E+01
1.2750531218945980E+01	3.7160156250000000E+01
1.2809694960713387E+01	3.7160156250000000E+01
1.2868897736072540E+01	3.7160156250000000E+01
1.2928036287426949E+01	3.7160156250000000E+01
1.2987175032496452E+01	3.7160156250000000E+01
1.3046298556029797E+01	3.7160156250000000E+01
1.3105302840471268E+01	3.7160156250000000E+01
1.3164319813251495E+01	3.7160156250000000E+01
1.3223389193415642E+01	3.7160156250000000E+01
1.3282315120100975E+01	3.7160156250000000E+01
1.3341246508061886E+01	3.7160156250000000E+01
1.3400219291448593E+01	3.7160156250000000E+01
1.3459189832210541E+01	3.7160156250000000E+01
1.3518075786530972E+01	3.7160156250000000E+01
1.3577045388519764E+01	3.7160156250000000E+01
1.3636012189090252E+01	3.7160156250000000E+01
1.3695010721683502E+01	3.7160156250000000E+01
1.3754055395722389E+01	3.7160156250000000E+01
1.3812823243439198E+01	3.7160156250000000E+01
1.3871648371219635E+01	3.7160156250000000E+01
1.3930166371166706E+01	3.7160156250000000E+01
1.3988884218037128E+01	3.7160156250000000E+01
1.4047471776604652E+01	3.7160156250000000E+01
1.4106228388845921E+01	3.7160156250000000E+01
1.4165068067610264E+01	3.7160156250000000E+01
1.4223961547017097E+01	3.7160156250000000E+01
1.4282933600246906E+01	3.7160156250000000E+01
1.4341975629329681E+01	3.7160156250000000E+01
1.4400980353355408E+01	3.7160156250000000E+01
1.4460045553743839E+01	3.7160156250000000E+01
1.4518933244049549E+01	3.7160156250000000E+01
1.4577795028686523E+01	3.7160156250000000E+01
1.4636530555784702E+01	3.7160156250000000E+01
1.4695139594376087E+01	3.7160156250000000E+01
1.4753611527383327E+01	3.7160156250000000E+01
1.4812282346189022E+01	3.7160156250000000E+01
1.4870840772986412E+01	3.7160156250000000E+01
1.4929359920322895E+01	3.7160156250000000E+01
1.4988009981811047E+01	3.7160156250000000E+01
1.5046746104955673E+01	3.7160156250000000E+01
1.5105656236410141E+01	3.7160156250000000E+01
1.5164587378501892E+01	3.7160156250000000E+01
1.5223746784031391E+01	3.7160156250000000E+01
1.5282752282917500E+01	3.7160156250000000E+01
1.5341791756451130E+01	3.7160156250000000E+01
1.5401018321514130E+01	3.7160156250000000E+01
1.5460382141172886E+01	3.7160156250000000E+01
1.5519794166088104E+01	3.7160156250000000E+01
1.5579030081629753E+01	3.7160156250000000E+01
1.5638414360582829E+01	3.7160156250000000E+01
1.5697646975517273E+01	3.7160156250000000E+01
1.5756856448948383E+01	3.7160156250000000E+01
1.5816172085702419E+01	3.7160156250000000E+01
1.5875385507941246E+01	3.7160156250000000E+01
1.5934402167797089E+01	3.7160156250000000E+01
1.5993306368589401E+01	3.7160156250000000E+01
1.6052245169878006E+01	3.7160156250000000E+01
1.6111231915652752E+01	3.7160156250000000E+01
1.6169904813170433E+01	3.7160156250000000E+01
1.6228379629552364E+01	3.7160156250000000E+01
1.6286931030452251E+01	3.7160156250000000E+01
1.6345526278018951E+01	3.7160156250000000E+01
1.6403915502130985E+01	3.7160156250000000E+01
1.6462412804365158E+01	3.7160156250000000E+01
1.6520823135972023E+01	3.7160156250000000E+01
1.6579168833792210E+01	3.7160156250000000E+01
1.6637471787631512E+01	3.7160156250000000E+01
1.6695769824087620E+01	3.7160156250000000E+01
1.6754068754613400E+01	3.7160156250000000E+01
1.6812358416616917E+01	3.7160156250000000E+01
1.6870598621666431E+01	3.7160156250000000E+01
1.6928842037916183E+01	3.7160156250000000E+01
1.6987058490514755E+01	3.7160156250000000E+01
1.7045279681682587E+01	3.7160156250000000E+01
1.7103494524955750E+01	3.7160156250000000E+01
1.7161743387579918E+01	3.7160156250000000E+01
1.7219943515956402E+01	3.7160156250000000E+01
1.7278108261525631E+01	3.7160156250000000E+01
1.7336359165608883E+01	3.7160156250000000E+01
1.7394660808146000E+01	3.7160156250000000E+01
1.7452978312969208E+01	3.7160156250000000E+01
1.7511253781616688E+01	3.7160156250000000E+01
1.7569538675248623E+01	3.7160156250000000E+01
1.7627840816974640E+01	3.7160156250000000E+01
1.7686285279691219E+01	3.7160156250000000E+01
1.7744645781815052E+01	3.7160156250000000E+01
1.7802994675934315E+01	3.7160156250000000E+01
1.7861365616321564E+01	3.7160156250000000E+01
1.7919682741165161E+01	3.7160156250000000E+01
1.7978042431175709E+01	3.7160156250000000E+01
1.8036400206387043E+01	3.7160156250000000E+01
1.8094733797013760E+01	3.7160156250000000E+01
1.8153058335185051E+01	3.7160156250000000E+01
1.8211345933377743E+01	3.7160156250000000E+01
1.8269676499068737E+01	3.7160156250000000E+01
1.8328047603368759E+01	3.7160156250000000E+01
1.8386340998113155E+01	3.7160156250000000E+01
1.8444544501602650E+01	3.7160156250000000E+01
1.8502843715250492E+01	3.7160156250000000E+01
1.8561086691915989E+01	3.7160156250000000E+01
1.8619461834430695E+01	3.7160156250000000E+01
1.8677857585251331E+01	3.7160156250000000E+01
1.8736275717616081E+01	3.7160156250000000E+01
1.8794610932469368E+01	3.7160156250000000E+01
1.8852817311882973E+01	3.7160156250000000E+01
1.8911202825605869E+01	3.7160156250000000E+01
1.8969910442829132E+01	3.7160156250000000E+01
1.9028563201427460E+01	3.7160156250000000E+01
1.9087218768894672E+01	3.7160156250000000E+01
1.9145972989499569E+01	3.7160156250000000E+01
1.9204828858375549E+01	3.7160156250000000E+01
1.9263521261513233E+01	3.7160156250000000E+01
1.9322125993669033E+01	3.7160156250000000E+01
1.9380901545286179E+01	3.7160156250000000E+01
1.9439628072082996E+01	3.7160156250000000E+01
1.9498358793556690E+01	3.7160156250000000E+01
1.9557070665061474E+01	3.7160156250000000E+01
1.9615856423974037E+01	3.7160156250000000E+01
1.9674515068531036E+01	3.7160156250000000E+01
1.9733231633901596E+01	3.7160156250000000E+01
1.9791788399219513E+01	3.7160156250000000E+01
1.9850449644029140E+01	3.7160156250000000E+01
1.9908965602517128E+01	3.7160156250000000E+01
1.9967428788542747E+01	3.7160156250000000E+01
2.0025736950337887E+01	3.7160156250000000E+01
2.0083970934152603E+01	3.7160156250000000E+01
2.0142113119363785E+01	3.7160156250000000E+01
2.0200335696339607E+01	3.7160156250000000E+01
2.0258603446185589E+01	3.7160156250000000E+01
2.0316797591745853E+01	3.7160156250000000E+01
2.0374985992908478E+01	3.7160156250000000E+01
2.0433158390223980E+01	3.7160156250000000E+01
2.0491412922739983E+01	3.7160156250000000E+01
2.0549700871109962E+01	3.7160156250000000E+01
2.0608020462095737E+01	3.7160156250000000E+01
2.0666279330849648E+01	3.7160156250000000E+01
2.0724583871662617E+01	3.7160156250000000E+01
2.0782888241112232E+01	3.7160156250000000E+01
2.0841170355677605E+01	3.7160156250000000E+01
2.0899411119520664E+01	3.7160156250000000E+01
2.0957701042294502E+01	3.7160156250000000E+01
2.1015928857028484E+01	3.7160156250000000E+01
2.1074184320867062E+01	3.7160156250000000E+01
2.1132484659552574E+01	3.7160156250000000E+01
2.1190744131803513E+01	3.7160156250000000E+01
2.1248981513082981E+01	3.7160156250000000E+01
2.1307293452322483E+01	3.7160156250000000E+01
2.1365541249513626E+01	3.7160156250000000E+01
2.1423803776502609E+01	3.7160156250000000E+01
2.1482035189867020E+01	3.7160156250000000E+01
2.1540294781327248E+01	3.7160156250000000E+01
2.1598594017326832E+01	3.7160156250000000E+01
2.1656868197023869E+01	3.7160156250000000E+01
2.1715141996741295E+01	3.7160156250000000E+01
2.1773343309760094E+01	3.7160156250000000E+01
2.1831637099385262E+01	3.7160156250000000E+01
2.1889858655631542E+01	3.7160156250000000E+01
2.1948046281933784E+01	3.7160156250000000E+01
2.2006273895502090E+01	3.7160156250000000E+01
2.2064504608511925E+01	3.7160156250000000E+01
2.2122955240309238E+01	3.7160156250000000E+01
2.2181852430105209E+01	3.7160156250000000E+01
2.2240228228271008E+01	3.7160156250000000E+01
2.2298497796058655E+01	3.7160156250000000E+01
2.2356676369905472E+01	3.7160156250000000E+01
2.2414928413927555E+01	3.7160156250000000E+01
2.2473197497427464E+01	3.7160156250000000E+01
2.2531463354825974E+01	3.7160156250000000E+01
2.2589785188436508E+01	3.7160156250000000E+01
2.2648061543703079E+01	3.7160156250000000E+01
2.2706363439559937E+01	3.7160156250000000E+01
2.2764643013477325E+01	3.7160156250000000E+01
2.2822913400828838E+01	3.7160156250000000E+01
2.2881163433194160E+01	3.7160156250000000E+01
2.2939443424344063E+01	3.7160156250000000E+01
2.2997697375714779E+01	3.7160156250000000E+01
2.3056054010987282E+01	3.7160156250000000E+01
2.3114402189850807E+01	3.7160156250000000E+01
2.3172713428735733E+01	3.7160156250000000E+01
2.3231002740561962E+01	3.7160156250000000E+01
2.3289250239729881E+01	3.7160156250000000E+01
2.3347506165504456E+01	3.7160156250000000E+01
2.3405755288898945E+01	3.7160156250000000E+01
2.3464017637073994E+01	3.7160156250000000E+01
2.3522256560623646E+01	3.7160156250000000E+01
2.3580544412136078E+01	3.7160156250000000E+01
2.3642835885286331E+01	3.7160156250000000E+01
2.3707261480391026E+01	3.7160156250000000E+01
2.3765953645110130E+01	3.7160156250000000E+01
2.3830978453159332E+01	3.7160156250000000E+01
2.3892488211393356E+01	3.7160156250000000E+01
2.3960686840116978E+01	3.7160156250000000E+01
2.4023047462105751E+01	3.7160156250000000E+01
2.4085400834679604E+01	3.7160156250000000E+01
2.4149716556072235E+01	3.7160156250000000E+01
2.4212041646242142E+01	3.7160156250000000E+01
2.4272374831140041E+01	3.7160156250000000E+01
2.4330621346831322E+01	3.7160156250000000E+01
2.4388932645320892E+01	3.7160156250000000E+01
2.4447164140641689E+01	3.7160156250000000E+01
2.4505429379642010E+01	3.7160156250000000E+01
2.4563785552978516E+01	3.7160156250000000E+01
2.4622053645551205E+01	3.7160156250000000E+01
2.4680251501500607E+01	3.7160156250000000E+01
2.4738443471491337E+01	3.7160156250000000E+01
2.4796535491943359E+01	3.7160156250000000E+01
2.4854705400764942E+01	3.7160156250000000E+01
2.4912927970290184E+01	3.7160156250000000E+01
2.4971105180680752E+01	3.7160156250000000E+01
2.5029283680021763E+01	3.7160156250000000E+01
2.5087544277310371E+01	3.7160156250000000E+01
2.5145786456763744E+01	3.7160156250000000E+01
2.5203981481492519E+01	3.7160156250000000E+01
2.5262244500219822E+01	3.7160156250000000E+01
2.5320532560348511E+01	3.7160156250000000E+01
2.5378849141299725E+01	3.7160156250000000E+01
2.5437182970345020E+01	3.7160156250000000E+01
2.5495497196912766E+01	3.7160156250000000E+01
2.5553872391581535E+01	3.7160156250000000E+01
2.5612181968986988E+01	3.7160156250000000E+01
2.5670402616262436E+01	3.7160156250000000E+01
2.5728716671466827E+01	3.7160156250000000E+01
2.5787082292139530E+01	3.7160156250000000E+01
2.5845529608428478E+01	3.7160156250000000E+01
2.5904120802879333E+01	3.7160156250000000E+01
2.5962835334241390E+01	3.7160156250000000E+01
2.6021408386528492E+01	3.7160156250000000E+01
2.6080195285379887E+01	3.7160156250000000E+01
2.6138953536748886E+01	3.7160156250000000E+01
2.6197530128061771E+01	3.7160156250000000E+01
2.6255974940955639E+01	3.7160156250000000E+01
2.6314339905977249E+01	3.7160156250000000E+01
2.6372848749160767E+01	3.7160156250000000E+01
2.6431271374225616E+01	3.7160156250000000E+01
2.6489861786365509E+01	3.7160156250000000E+01
2.6548395149409771E+01	3.7160156250000000E+01
2.6606818258762360E+01	3.7160156250000000E+01
2.6665206804871559E+01	3.7160156250000000E+01
2.6723697394132614E+01	3.7160156250000000E+01
2.6782197788357735E+01	3.7160156250000000E+01
2.6840797722339630E+01	3.7160156250000000E+01
2.6899294264614582E+01	3.7160156250000000E+01
2.6957692213356495E+01	3.7160156250000000E+01
2.7016045503318310E+01	3.7160156250000000E+01
2.7074303150177002E+01	3.7160156250000000E+01
2.7132525883615017E+01	3.7160156250000000E+01
2.7190890967845917E+01	3.7160156250000000E+01
2.7249340936541557E+01	3.7160156250000000E+01
2.7307765379548073E+01	3.7160156250000000E+01
2.7366162486374378E+01	3.7160156250000000E+01
2.7424637980759144E+01	3.7160156250000000E+01
2.7483287878334522E+01	3.7160156250000000E+01
2.7541872687637806E+01	3.7160156250000000E+01
2.7600515425205231E+01	3.7160156250000000E+01
2.7659325897693634E+01	3.7160156250000000E+01
2.7718184709548950E+01	3.7160156250000000E+01
2.7777143172919750E+01	3.7160156250000000E+01
2.7836171455681324E+01	3.7160156250000000E+01
2.7895140737295151E+01	3.7160156250000000E+01
2.7954180471599102E+01	3.7160156250000000E+01
2.8013254083693027E+01	3.7160156250000000E+01
2.8072143346071243E+01	3.7160156250000000E+01
2.8130887240171432E+01	3.7160156250000000E+01
2.8189529620110989E+01	3.7160156250000000E+01
2.8248388648033142E+01	3.7160156250000000E+01
2.8307113625109196E+01	3.7160156250000000E+01
2.8365955784916878E+01	3.7160156250000000E+01
2.8424903705716133E+01	3.7160156250000000E+01
2.8483890973031521E+01	3.7160156250000000E+01
2.8542930498719215E+01	3.7160156250000000E+01
2.8602024473249912E+01	3.7160156250000000E+01
2.8661079697310925E+01	3.7160156250000000E+01
2.8720239907503128E+01	3.7160156250000000E+01
2.8779480934143066E+01	3.7160156250000000E+01
2.8838749319314957E+01	3.7160156250000000E+01
2.8897949390113354E+01	3.7160156250000000E+01
2.8957200244069099E+01	3.7160156250000000E+01
2.9016420535743237E+01	3.7160156250000000E+01
2.9075683712959290E+01	3.7160156250000000E+01
2.9134943097829819E+01	3.7160156250000000E+01
2.9194270394742489E+01	3.7160156250000000E+01
2.9253596521914005E+01	3.7160156250000000E+01
2.9312942035496235E+01	3.7160156250000000E+01
2.9372334457933903E+01	3.7160156250000000E+01
2.9431601665914059E+01	3.7160156250000000E+01
2.9490884676575661E+01	3.7160156250000000E+01
2.9550140552222729E+01	3.7160156250000000E+01
2.9609664931893349E+01	3.7160156250000000E+01
2.9668976560235023E+01	3.7160156250000000E+01
2.9728323578834534E+01	3.7160156250000000E+01
2.9787659630179405E+01	3.7160156250000000E+01
2.9847033262252808E+01	3.7160156250000000E+01
2.9906443707644939E+01	3.7160156250000000E+01
2.9965847142040730E+01	3.7160156250000000E+01
3.0025231570005417E+01	3.7160156250000000E+01
3.0084649018943310E+01	3.7160156250000000E+01
3.0144075997173786E+01	3.7160156250000000E+01
3.0203469917178154E+01	3.7160156250000000E+01
3.0262850120663643E+01	3.7160156250000000E+01
3.0322243519127369E+01	3.7160156250000000E+01
3.0381630800664425E+01	3.7160156250000000E+01
3.0441082224249840E+01	3.7160156250000000E+01
3.0500510834157467E+01	3.7160156250000000E+01
3.0559906430542469E+01	3.7160156250000000E+01
3.0619307555258274E+01	3.7160156250000000E+01
3.0678715609014034E+01	3.7160156250000000E+01
3.0738116383552551E+01	3.7160156250000000E+01
3.0797546565532684E+01	3.7160156250000000E+01
3.0856969289481640E+01	3.7160156250000000E+01
3.0916387833654881E+01	3.7160156250000000E+01
3.0975785709917545E+01	3.7160156250000000E+01
3.1035133801400661E+01	3.7160156250000000E+01
3.1094520710408688E+01	3.7160156250000000E+01
3.1153901465237141E+01	3.7160156250000000E+01
3.1213267557322979E+01	3.7160156250000000E+01
3.1272680260241032E+01	3.7160156250000000E+01
3.1332035765051842E+01	3.7160156250000000E+01
3.1391396351158619E+01	3.7160156250000000E+01
3.1450816236436367E+01	3.7160156250000000E+01
3.1510094560682774E+01	3.7160156250000000E+01
3.1569454148411751E+01	3.7160156250000000E+01
3.1628819316625595E+01	3.7160156250000000E+01
3.1688134342432022E+01	3.7160156250000000E+01
3.1747531026601791E+01	3.7160156250000000E+01
3.1806951761245728E+01	3.7160156250000000E+01
3.1866328820586205E+01	3.7160156250000000E+01
3.1925677791237831E+01	3.7160156250000000E+01
3.1985049724578857E+01	3.7160156250000000E+01
3.2044383659958839E+01	3.7160156250000000E+01
3.2103785701096058E+01	3.7160156250000000E+01
3.2163148738443851E+01	3.7160156250000000E+01
3.2222505807876587E+01	3.7160156250000000E+01
3.2281904391944408E+01	3.7160156250000000E+01
3.2341273218393326E+01	3.7160156250000000E+01
3.2400637984275818E+01	3.7160156250000000E+01
3.2460059702396393E+01	3.7160156250000000E+01
3.2519431538879871E+01	3.7160156250000000E+01
3.2578742191195488E+01	3.7160156250000000E+01
3.2638108812272549E+01	3.7160156250000000E+01
3.2697480618953705E+01	3.7160156250000000E+01
3.2756819352507591E+01	3.7160156250000000E+01
3.2816178344190121E+01	3.7160156250000000E+01
3.2875546880066395E+01	3.7160156250000000E+01
3.2934893034398556E+01	3.7160156250000000E+01
3.2994293123483658E+01	3.7160156250000000E+01
3.3053625538945198E+01	3.7160156250000000E+01
3.3112946778535843E+01	3.7160156250000000E+01
3.3172309257090092E+01	3.7160156250000000E+01
3.3231689557433128E+01	3.7160156250000000E+01
3.3291058138012886E+01	3.7160156250000000E+01
3.3350418291985989E+01	3.7160156250000000E+01
3.3409875839948654E+01	3.7160156250000000E+01
3.3469247110188007E+01	3.7160156250000000E+01
3.3528602331876755E+01	3.7160156250000000E+01
3.3587964415550232E+01	3.7160156250000000E+01
3.3647333160042763E+01	3.7160156250000000E+01
3.3706710986793041E+01	3.7160156250000000E+01
3.3766057908535004E+01	3.7160156250000000E+01
3.3825385019183159E+01	3.7160156250000000E+01
3.3884782448410988E+01	3.7160156250000000E+01
3.3944182001054287E+01	3.7160156250000000E+01
3.4003579109907150E+01	3.7160156250000000E+01
3.4063020363450050E+01	3.7160156250000000E+01
3.4122341513633728E+01	3.7160156250000000E+01
3.4181649923324585E+01	3.7160156250000000E+01
3.4241011120378971E+01	3.7160156250000000E+01
3.4300371743738651E+01	3.7160156250000000E+01
3.4359703913331032E+01	3.7160156250000000E+01
3.4419067285954952E+01	3.7160156250000000E+01
3.4478449724614620E+01	3.7160156250000000E+01
3.4537832520902157E+01	3.7160156250000000E+01
3.4597207061946392E+01	3.7160156250000000E+01
3.4656520515680313E+01	3.7160156250000000E+01
3.4715804338455200E+01	3.7160156250000000E+01
3.4775105059146881E+01	3.7160156250000000E+01
3.4834350511431694E+01	3.7160156250000000E+01
3.4893641225993633E+01	3.7160156250000000E+01
3.4952978968620300E+01	3.7160156250000000E+01
3.5012304745614529E+01	3.7160156250000000E+01
3.5071677535772324E+01	3.7160156250000000E+01
3.5131110794842243E+01	3.7160156250000000E+01
3.5190475121140480E+01	3.7160156250000000E+01
3.5249875821173191E+01	3.7160156250000000E+01
3.5309218555688858E+01	3.7160156250000000E+01
3.5368645258247852E+01	3.7160156250000000E+01
3.5428107231855392E+01	3.7160156250000000E+01
3.5487688787281513E+01	3.7160156250000000E+01
3.5547112956643105E+01	3.7160156250000000E+01
3.5606533735990524E+01	3.7160156250000000E+01
3.5665920153260231E+01	3.7160156250000000E+01
3.5725322321057320E+01	3.7160156250000000E+01
3.5784758739173412E+01	3.7160156250000000E+01
3.5844198569655418E+01	3.7160156250000000E+01
3.5903636433184147E+01	3.7160156250000000E+01
3.5963037140667439E+01	3.7160156250000000E+01
3.6022414147853851E+01	3.7160156250000000E+01
3.6081838950514793E+01	3.7160156250000000E+01
3.6141283951699734E+01	3.7160156250000000E+01
3.6200750812888145E+01	3.7160156250000000E+01
3.6260159023106098E+01	3.7160156250000000E+01
3.6319543518126011E+01	3.7160156250000000E+01
3.6378970429301262E+01	3.7160156250000000E+01
3.6438390418887138E+01	3.7160156250000000E+01
3.6497834093868732E+01	3.7160156250000000E+01
3.6557200588285923E+01	3.7160156250000000E+01
3.6616592615842819E+01	3.7160156250000000E+01
3.6676109343767166E+01	3.7160156250000000E+01
3.6735685683786869E+01	3.7160156250000000E+01
3.6795440636575222E+01	3.7160156250000000E+01
3.6855216994881630E+01	3.7160156250000000E+01
3.6914961904287338E+01	3.7160156250000000E+01
3.6974744826555252E+01	3.7160156250000000E+01
3.7034540317952633E+01	3.7160156250000000E+01
3.7094435408711433E+01	3.7160156250000000E+01
3.7154213860630989E+01	3.7160156250000000E+01
3.7214057072997093E+01	3.7160156250000000E+01
3.7273941673338413E+01	3.7160156250000000E+01
3.7333786316215992E+01	3.7160156250000000E+01
3.7393643923103809E+01	3.7160156250000000E+01
3.7453528612852097E+01	3.7160156250000000E+01
3.7513311088085175E+01	3.7160156250000000E+01
3.7573048219084740E+01	3.7160156250000000E+01
3.7632737345993519E+01	3.7160156250000000E+01
3.7692362911999226E+01	3.7160156250000000E+01
3.7751937441527843E+01	3.7160156250000000E+01
3.7811461739242077E+01	3.7160156250000000E+01
3.7870841480791569E+01	3.7160156250000000E+01
3.7930120632052422E+01	3.7160156250000000E+01
3.7989476069808006E+01	3.7160156250000000E+01
3.8048840619623661E+01	3.7160156250000000E+01
3.8108165107667446E+01	3.7160156250000000E+01
3.8167567536234856E+01	3.7160156250000000E+01
3.8227217942476273E+01	3.7160156250000000E+01
3.8286674246191978E+01	3.7160156250000000E+01
3.8346197359263897E+01	3.7160156250000000E+01
3.8405752241611481E+01	3.7160156250000000E+01
3.8465283103287220E+01	3.7160156250000000E+01
3.8524885088205338E+01	3.7160156250000000E+01
3.8584452539682388E+01	3.7160156250000000E+01
3.8643989644944668E+01	3.7160156250000000E+01
3.8703463904559612E+01	3.7160156250000000E+01
3.8763029292225838E+01	3.7160156250000000E+01
3.8822576560080051E+01	3.7160156250000000E+01
3.8882146976888180E+01	3.7160156250000000E+01
3.8942285932600498E+01	3.7160156250000000E+01
3.9001957513391972E+01	3.7160156250000000E+01
3.9061451874673367E+01	3.7160156250000000E+01
3.9121032290160656E+01	3.7160156250000000E+01
3.9180597528815269E+01	3.7160156250000000E+01
3.9240217402577400E+01	3.7160156250000000E+01
3.9299844339489937E+01	3.7160156250000000E+01
3.9359483651816845E+01	3.7160156250000000E+01
3.9419189028441906E+01	3.7160156250000000E+01
3.9478964231908321E+01	3.7160156250000000E+01
3.9538615383207798E+01	3.7160156250000000E+01
3.9598360523581505E+01	3.7160156250000000E+01
3.9658062584698200E+01	3.7160156250000000E+01
3.9717729210853577E+01	3.7160156250000000E+01
3.9777408257126808E+01	3.7160156250000000E+01
3.9837101489305496E+01	3.7160156250000000E+01
3.9896750010550022E+01	3.7160156250000000E+01
3.9956354998052120E+01	3.7160156250000000E+01
4.0015988916158676E+01	3.7160156250000000E+01
4.0075616173446178E+01	3.7160156250000000E+01
4.0135344855487347E+01	3.7160156250000000E+01
4.0195072747766972E+01	3.7160156250000000E+01
4.0254848875105381E+01	3.7160156250000000E+01
4.0314659275114536E+01	3.7160156250000000E+01
4.0374491378664970E+01	3.7160156250000000E+01
4.0434249438345432E+01	3.7160156250000000E+01
4.0493991971015930E+01	3.7160156250000000E+01
4.0553756229579449E+01	3.7160156250000000E+01
4.0613524369895458E+01	3.7160156250000000E+01
4.0673282660543919E+01	3.7160156250000000E+01
4.0733081832528114E+01	3.7160156250000000E+01
4.0792814776301384E+01	3.7160156250000000E+01
4.0852506108582020E+01	3.7160156250000000E+01
4.0912268243730068E+01	3.7160156250000000E+01
4.0972080312669277E+01	3.7160156250000000E+01
4.1031860910356045E+01	3.7160156250000000E+01
4.1091631591320038E+01	3.7160156250000000E+01
4.1151399075984955E+01	3.7160156250000000E+01
4.1211272262036800E+01	3.7160156250000000E+01
4.1271064259111881E+01	3.7160156250000000E+01
4.1330846093595028E+01	3.7160156250000000E+01
4.1390587635338306E+01	3.7160156250000000E+01
4.1450396165251732E+01	3.7160156250000000E+01
4.1510186173021793E+01	3.7160156250000000E+01
4.1570023149251938E+01	3.7160156250000000E+01
4.1629773296415806E+01	3.7160156250000000E+01
4.1689556717872620E+01	3.7160156250000000E+01
4.1749403968453407E+01	3.7160156250000000E+01
4.1809192918241024E+01	3.7160156250000000E+01
4.1868951261043549E+01	3.7160156250000000E+01
4.1928742401301861E+01	3.7160156250000000E+01
4.1988526344299316E+01	3.7160156250000000E+01
4.2048234358429909E+01	3.7160156250000000E+01
4.2107979357242584E+01	3.7160156250000000E+01
4.2167785972356796E+01	3.7160156250000000E+01
4.2227584913372993E+01	3.7160156250000000E+01
4.2287386171519756E+01	3.7160156250000000E+01
4.2347214177250862E+01	3.7160156250000000E+01
4.2406976103782654E+01	3.7160156250000000E+01
4.2466760560870171E+01	3.7160156250000000E+01
4.2526526488363743E+01	3.7160156250000000E+01
4.2586260810494423E+01	3.7160156250000000E+01
4.2646021187305450E+01	3.7160156250000000E+01
4.2705796413123608E+01	3.7160156250000000E+01
4.2765512816607952E+01	3.7160156250000000E+01
4.2825339384377003E+01	3.7160156250000000E+01
4.2885054290294647E+01	3.7160156250000000E+01
4.2944864749908447E+01	3.7160156250000000E+01
4.3004752635955811E+01	3.7160156250000000E+01
4.3064648769795895E+01	3.7160156250000000E+01
4.3124401904642582E+01	3.7160156250000000E+01
4.3184199154376984E+01	3.7160156250000000E+01
4.3246042937040329E+01	3.7160156250000000E+01
4.3311989076435566E+01	3.7160156250000000E+01
4.3374019205570221E+01	3.7160156250000000E+01
4.3438364386558533E+01	3.7160156250000000E+01
4.3498106136918068E+01	3.7160156250000000E+01
4.3557804457843304E+01	3.7160156250000000E+01
4.3617658339440823E+01	3.7160156250000000E+01
4.3677505157887936E+01	3.7160156250000000E+01
4.3737474918365479E+01	3.7160156250000000E+01
4.3797428183257580E+01	3.7160156250000000E+01
4.3857385367155075E+01	3.7160156250000000E+01
4.3917318783700466E+01	3.7160156250000000E+01
4.3977244630455971E+01	3.7160156250000000E+01
4.4037191823124886E+01	3.7160156250000000E+01
4.4097117893397808E+01	3.7160156250000000E+01
4.4156984619796276E+01	3.7160156250000000E+01
4.4216863714158535E+01	3.7160156250000000E+01
4.4276781857013702E+01	3.7160156250000000E+01
4.4336687497794628E+01	3.7160156250000000E+01
4.4396623991429806E+01	3.7160156250000000E+01
4.4456530198454857E+01	3.7160156250000000E+01
4.4516377985477448E+01	3.7160156250000000E+01
4.4576232068240643E+01	3.7160156250000000E+01
4.4636118292808533E+01	3.7160156250000000E+01
4.4695900805294514E+01	3.7160156250000000E+01
4.4755703166127205E+01	3.7160156250000000E+01
4.4815500400960445E+01	3.7160156250000000E+01
4.4875327162444592E+01	3.7160156250000000E+01
4.4935419008135796E+01	3.7160156250000000E+01
4.4995192989706993E+01	3.7160156250000000E+01
4.5054983906447887E+01	3.7160156250000000E+01
4.5114733204245567E+01	3.7160156250000000E+01
4.5174497045576572E+01	3.7160156250000000E+01
4.5234241485595703E+01	3.7160156250000000E+01
4.5294015802443027E+01	3.7160156250000000E+01
4.5353758767247200E+01	3.7160156250000000E+01
4.5413546308875084E+01	3.7160156250000000E+01
4.5473346956074238E+01	3.7160156250000000E+01
4.5533192075788975E+01	3.7160156250000000E+01
4.5593042448163033E+01	3.7160156250000000E+01
4.5652820661664009E+01	3.7160156250000000E+01
4.5712648108601570E+01	3.7160156250000000E+01
4.5772512242197990E+01	3.7160156250000000E+01
4.5832295328378677E+01	3.7160156250000000E+01
4.5892049603164196E+01	3.7160156250000000E+01
4.5951877139508724E+01	3.7160156250000000E+01
4.6011651031672955E+01	3.7160156250000000E+01
4.6071383476257324E+01	3.7160156250000000E+01
4.6131174087524414E+01	3.7160156250000000E+01
4.6191133968532085E+01	3.7160156250000000E+01
4.6251258239150047E+01	3.7160156250000000E+01
4.6311351582407951E+01	3.7160156250000000E+01
4.6371445119380951E+01	3.7160156250000000E+01
4.6431624993681908E+01	3.7160156250000000E+01
4.6491784632205963E+01	3.7160156250000000E+01
4.6551890812814236E+01	3.7160156250000000E+01
4.6612107127904892E+01	3.7160156250000000E+01
4.6672338157892227E+01	3.7160156250000000E+01
4.6732564650475979E+01	3.7160156250000000E+01
4.6792936138808727E+01	3.7160156250000000E+01
4.6853136718273163E+01	3.7160156250000000E+01
4.6913310252130032E+01	3.7160156250000000E+01
4.6973339848220348E+01	3.7160156250000000E+01
4.7033506564795971E+01	3.7160156250000000E+01
4.7093811720609665E+01	3.7160156250000000E+01
4.7153661474585533E+01	3.7160156250000000E+01
4.7213492877781391E+01	3.7160156250000000E+01
4.7273201972246170E+01	3.7160156250000000E+01
4.7332811363041401E+01	3.7160156250000000E+01
4.7392394073307514E+01	3.7160156250000000E+01
4.7452072605490685E+01	3.7160156250000000E+01
4.7512019440531731E+01	3.7160156250000000E+01
4.7571854434907436E+01	3.7160156250000000E+01
4.7631761215627193E+01	3.7160156250000000E+01
4.7691614232957363E+01	3.7160156250000000E+01
4.7751443408429623E+01	3.7160156250000000E+01
4.7811262592673302E+01	3.7160156250000000E+01
4.7871094614267349E+01	3.7160156250000000E+01
4.7930916085839272E+01	3.7160156250000000E+01
4.7990719415247440E+01	3.7160156250000000E+01
4.8050505235791206E+01	3.7160156250000000E+01
4.8110308833420277E+01	3.7160156250000000E+01
4.8170026168227196E+01	3.7160156250000000E+01
4.8229850158095360E+01	3.7160156250000000E+01
4.8289693295955658E+01	3.7160156250000000E+01
4.8349581718444824E+01	3.7160156250000000E+01
4.8409465007483959E+01	3.7160156250000000E+01
4.8469379357993603E+01	3.7160156250000000E+01
4.8529332846403122E+01	3.7160156250000000E+01
4.8589296475052834E+01	3.7160156250000000E+01
4.8649307459592819E+01	3.7160156250000000E+01
4.8709291793406010E+01	3.7160156250000000E+01
4.8769299812614918E+01	3.7160156250000000E+01
4.8829279653728008E+01	3.7160156250000000E+01
4.8889314807951450E+01	3.7160156250000000E+01
4.8949399240314960E+01	3.7160156250000000E+01
4.9009520627558231E+01	3.7160156250000000E+01
4.9069654688239098E+01	3.7160156250000000E+01
4.9129811167716980E+01	3.7160156250000000E+01
4.9189987801015377E+01	3.7160156250000000E+01
4.9250141456723213E+01	3.7160156250000000E+01
4.9310332842171192E+01	3.7160156250000000E+01
4.9370506420731544E+01	3.7160156250000000E+01
4.9430708959698677E+01	3.7160156250000000E+01
4.9490957625210285E+01	3.7160156250000000E+01
4.9551144637167454E+01	3.7160156250000000E+01
4.9611332900822163E+01	3.7160156250000000E+01
4.9671526975929737E+01	3.7160156250000000E+01
4.9731753811240196E+01	3.7160156250000000E+01
4.9791920490562916E+01	3.7160156250000000E+01
4.9852134384214878E+01	3.7160156250000000E+01
4.9912322022020817E+01	3.7160156250000000E+01
4.9972396150231361E+01	3.7160156250000000E+01
5.0032492898404598E+01	3.7160156250000000E+01
5.0092624627053738E+01	3.7160156250000000E+01
5.0152771368622780E+01	3.7160156250000000E+01
5.0212924487888813E+01	3.7160156250000000E+01
5.0273117065429688E+01	3.7160156250000000E+01
5.0333267331123352E+01	3.7160156250000000E+01
5.0393447265028954E+01	3.7160156250000000E+01
5.0453738860785961E+01	3.7160156250000000E+01
5.0513972744345665E+01	3.7160156250000000E+01
5.0574195317924023E+01	3.7160156250000000E+01
5.0634509496390820E+01	3.7160156250000000E+01
5.0694859720766544E+01	3.7160156250000000E+01
5.0755472637712955E+01	3.7160156250000000E+01
5.0815890245139599E+01	3.7160156250000000E+01
5.0876314140856266E+01	3.7160156250000000E+01
5.0936684451997280E+01	3.7160156250000000E+01
5.0997043676674366E+01	3.7160156250000000E+01
5.1057347856462002E+01	3.7160156250000000E+01
5.1117855764925480E+01	3.7160156250000000E+01
5.1178336396813393E+01	3.7160156250000000E+01
5.1238731041550636E+01	3.7160156250000000E+01
5.1299099236726761E+01	3.7160156250000000E+01
5.1359480999410152E+01	3.7160156250000000E+01
5.1419882811605930E+01	3.7160156250000000E+01
5.1480262428522110E+01	3.7160156250000000E+01
5.1540567539632320E+01	3.7160156250000000E+01
5.1600820481777191E+01	3.7160156250000000E+01
5.1661143273115158E+01	3.7160156250000000E+01
5.1721407331526279E+01	3.7160156250000000E+01
5.1781760945916176E+01	3.7160156250000000E+01
5.1842070333659649E+01	3.7160156250000000E+01
5.1902290649712086E+01	3.7160156250000000E+01
5.1962663874030113E+01	3.7160156250000000E+01
5.2023132741451263E+01	3.7160156250000000E+01
5.2083934724330902E+01	3.7160156250000000E+01
5.2144702501595020E+01	3.7160156250000000E+01
5.2205561339855194E+01	3.7160156250000000E+01
5.2266355030238628E+01	3.7160156250000000E+01
5.2327252581715584E+01	3.7160156250000000E+01
5.2388197347521782E+01	3.7160156250000000E+01
5.2449192412197590E+01	3.7160156250000000E+01
5.2510168522596359E+01	3.7160156250000000E+01
5.2571232765913010E+01	3.7160156250000000E+01
5.2632297851145267E+01	3.7160156250000000E+01
5.2693313129246235E+01	3.7160156250000000E+01
5.2754319988191128E+01	3.7160156250000000E+01
5.2815271444618702E+01	3.7160156250000000E+01
5.2876195013523102E+01	3.7160156250000000E+01
5.2936967000365257E+01	3.7160156250000000E+01
5.2997617989778519E+01	3.7160156250000000E+01
5.3058158017694950E+01	3.7160156250000000E+01
5.3118603296577930E+01	3.7160156250000000E+01
5.3178960084915161E+01	3.7160156250000000E+01
5.3239265784621239E+01	3.7160156250000000E+01
5.3299679838120937E+01	3.7160156250000000E+01
5.3360027000308037E+01	3.7160156250000000E+01
5.3420450121164322E+01	3.7160156250000000E+01
5.3480866804718971E+01	3.7160156250000000E+01
5.3541250556707382E+01	3.7160156250000000E+01
5.3601643703877926E+01	3.7160156250000000E+01
5.3661942489445210E+01	3.7160156250000000E+01
5.3722303234040737E+01	3.7160156250000000E+01
5.3782611921429634E+01	3.7160156250000000E+01
5.3842930078506470E+01	3.7160156250000000E+01
5.3903146967291832E+01	3.7160156250000000E+01
5.3963393174111843E+01	3.7160156250000000E+01
5.4023527577519417E+01	3.7160156250000000E+01
5.4083644852042198E+01	3.7160156250000000E+01
5.4143661804497242E+01	3.7160156250000000E+01
5.4203678771853447E+01	3.7160156250000000E+01
5.4263683035969734E+01	3.7160156250000000E+01
5.4323646232485771E+01	3.7160156250000000E+01
5.4383618265390396E+01	3.7160156250000000E+01
5.4443620495498180E+01	3.7160156250000000E+01
5.4503600247204304E+01	3.7160156250000000E+01
5.4563639797270298E+01	3.7160156250000000E+01
5.4623636610805988E+01	3.7160156250000000E+01
5.4683640144765377E+01	3.7160156250000000E+01
5.4743626095354557E+01	3.7160156250000000E+01
5.4803599804639816E+01	3.7160156250000000E+01
5.4863578297197819E+01	3.7160156250000000E+01
5.4923488445580006E+01	3.7160156250000000E+01
5.4983373977243900E+01	3.7160156250000000E+01
5.5043137095868587E+01	3.7160156250000000E+01
5.5102908745408058E+01	3.7160156250000000E+01
5.5162707656621933E+01	3.7160156250000000E+01
5.5222567632794380E+01	3.7160156250000000E+01
5.5282374165952206E+01	3.7160156250000000E+01
5.5342244207859039E+01	3.7160156250000000E+01
5.5402142904698849E+01	3.7160156250000000E+01
5.5462062425911427E+01	3.7160156250000000E+01
5.5522044815123081E+01	3.7160156250000000E+01
5.5581961952149868E+01	3.7160156250000000E+01
5.5641935050487518E+01	3.7160156250000000E+01
5.5701886832714081E+01	3.7160156250000000E+01
5.5761870615184307E+01	3.7160156250000000E+01
5.5822110354900360E+01	3.7160156250000000E+01
5.5882342211902142E+01	3.7160156250000000E+01
5.5942501567304134E+01	3.7160156250000000E+01
5.6002668194472790E+01	3.7160156250000000E+01
5.6062788613140583E+01	3.7160156250000000E+01
5.6122979767620564E+01	3.7160156250000000E+01
5.6183122158050537E+01	3.7160156250000000E+01
5.6243303768336773E+01	3.7160156250000000E+01
5.6303520433604717E+01	3.7160156250000000E+01
5.6363821424543858E+01	3.7160156250000000E+01
5.6424057781696320E+01	3.7160156250000000E+01
5.6484313651919365E+01	3.7160156250000000E+01
5.6544575542211533E+01	3.7160156250000000E+01
5.6604848057031631E+01	3.7160156250000000E+01
5.6665089480578899E+01	3.7160156250000000E+01
5.6725303485989571E+01	3.7160156250000000E+01
5.6785576172173023E+01	3.7160156250000000E+01
5.6845843516290188E+01	3.7160156250000000E+01
5.6906150795519352E+01	3.7160156250000000E+01
5.6966320969164371E+01	3.7160156250000000E+01
5.7026408106088638E+01	3.7160156250000000E+01
5.7086703173816204E+01	3.7160156250000000E+01
5.7147365897893906E+01	3.7160156250000000E+01
5.7208119668066502E+01	3.7160156250000000E+01
5.7268859282135963E+01	3.7160156250000000E+01
5.7329600013792515E+01	3.7160156250000000E+01
5.7390271089971066E+01	3.7160156250000000E+01
5.7450898468494415E+01	3.7160156250000000E+01
5.7511632241308689E+01	3.7160156250000000E+01
5.7572399422526360E+01	3.7160156250000000E+01
5.7633175805211067E+01	3.7160156250000000E+01
5.7693892456591129E+01	3.7160156250000000E+01
5.7754658728837967E+01	3.7160156250000000E+01
5.7815445616841316E+01	3.7160156250000000E+01
5.7876077204942703E+01	3.7160156250000000E+01
5.7936708942055702E+01	3.7160156250000000E+01
5.7997362188994884E+01	3.7160156250000000E+01
5.8057857304811478E+01	3.7160156250000000E+01
5.8118259377777576E+01	3.7160156250000000E+01
5.8178591787815094E+01	3.7160156250000000E+01
5.8238707929849625E+01	3.7160156250000000E+01
5.8298671856522560E+01	3.7160156250000000E+01
5.8358629889786243E+01	3.7160156250000000E+01
5.8418684266507626E+01	3.7160156250000000E+01
5.8478740520775318E+01	3.7160156250000000E+01
5.8538830004632473E+01	3.7160156250000000E+01
5.8598891377449036E+01	3.7160156250000000E+01
5.8658954843878746E+01	3.7160156250000000E+01
5.8719037853181362E+01	3.7160156250000000E+01
5.8779086135327816E+01	3.7160156250000000E+01
5.8839148245751858E+01	3.7160156250000000E+01
5.8899121791124344E+01	3.7160156250000000E+01
5.8959104180335999E+01	3.7160156250000000E+01
5.9019010595977306E+01	3.7160156250000000E+01
5.9078945316374302E+01	3.7160156250000000E+01
5.9138803347945213E+01	3.7160156250000000E+01
5.9198627345263958E+01	3.7160156250000000E+01
5.9258493088185787E+01	3.7160156250000000E+01
5.9318355090916157E+01	3.7160156250000000E+01
5.9378517292439938E+01	3.7160156250000000E+01
5.9440584041178226E+01	3.7160156250000000E+01
