2.7265813946723938E-01	3.7320312500000000E+01
3.3921200037002563E-01	3.7578125000000000E+01
4.0500488132238388E-01	3.7578125000000000E+01
4.7127622365951538E-01	3.7578125000000000E+01
5.3714396804571152E-01	3.7578125000000000E+01
6.0413306951522827E-01	3.7597656250000000E+01
6.7013268172740936E-01	3.7597656250000000E+01
7.3600646108388901E-01	3.7597656250000000E+01
8.0192192643880844E-01	3.7597656250000000E+01
8.6817465722560883E-01	3.7597656250000000E+01
9.3412452191114426E-01	3.7597656250000000E+01
1.0000538751482964E+00	3.7597656250000000E+01
1.0659824535250664E+00	3.7597656250000000E+01
1.1319395899772644E+00	3.7597656250000000E+01
1.1985580623149872E+00	3.7597656250000000E+01
1.2645209655165672E+00	3.7597656250000000E+01
1.3304926902055740E+00	3.7597656250000000E+01
1.3967491984367371E+00	3.7597656250000000E+01
1.4628415554761887E+00	3.7597656250000000E+01
1.5291264876723289E+00	3.7597656250000000E+01
1.5952558740973473E+00	3.7597656250000000E+01
1.6613330766558647E+00	3.7597656250000000E+01
1.7273268178105354E+00	3.7597656250000000E+01
1.7936557233333588E+00	3.7597656250000000E+01
1.8596085011959076E+00	3.7597656250000000E+01
1.9256091415882111E+00	3.7597656250000000E+01
1.9916053637862206E+00	3.7597656250000000E+01
2.0576048642396927E+00	3.7597656250000000E+01
2.1235628053545952E+00	3.7597656250000000E+01
2.1898881345987320E+00	3.7597656250000000E+01
2.2558405846357346E+00	3.7597656250000000E+01
2.3225920051336288E+00	3.7597656250000000E+01
2.3891592770814896E+00	3.7597656250000000E+01
2.4557054862380028E+00	3.7597656250000000E+01
2.5222452655434608E+00	3.7597656250000000E+01
2.5894928202033043E+00	3.7605468750000000E+01
2.6562917828559875E+00	3.7605468750000000E+01
2.7227870002388954E+00	3.7605468750000000E+01
2.7893266081809998E+00	3.7605468750000000E+01
2.8559233844280243E+00	3.7605468750000000E+01
2.9224291294813156E+00	3.7605468750000000E+01
2.9886267334222794E+00	3.7605468750000000E+01
3.0550846830010414E+00	3.7605468750000000E+01
3.1218711286783218E+00	3.7605468750000000E+01
3.1886150613427162E+00	3.7605468750000000E+01
3.2550920546054840E+00	3.7605468750000000E+01
3.3217385634779930E+00	3.7605468750000000E+01
3.3882197812199593E+00	3.7605468750000000E+01
3.4545318260788918E+00	3.7605468750000000E+01
3.5211623683571815E+00	3.7605468750000000E+01
3.5876823142170906E+00	3.7605468750000000E+01
3.6546407118439674E+00	3.7605468750000000E+01
3.7212160453200340E+00	3.7605468750000000E+01
3.7878683879971504E+00	3.7605468750000000E+01
3.8543557226657867E+00	3.7605468750000000E+01
3.9209925979375839E+00	3.7605468750000000E+01
3.9874867871403694E+00	3.7605468750000000E+01
4.0540493205189705E+00	3.7605468750000000E+01
4.1206290423870087E+00	3.7605468750000000E+01
4.1872917339205742E+00	3.7605468750000000E+01
4.2532389312982559E+00	3.7605468750000000E+01
4.3191522061824799E+00	3.7605468750000000E+01
4.3854091167449951E+00	3.7605468750000000E+01
4.4513338729739189E+00	3.7605468750000000E+01
4.5172528848052025E+00	3.7605468750000000E+01
4.5832069516181946E+00	3.7605468750000000E+01
4.6491390764713287E+00	3.7605468750000000E+01
4.7156365364789963E+00	3.7605468750000000E+01
4.7815955504775047E+00	3.7605468750000000E+01
4.8475666195154190E+00	3.7605468750000000E+01
4.9135994613170624E+00	3.7605468750000000E+01
4.9800481349229813E+00	3.7605468750000000E+01
5.0461272820830345E+00	3.7605468750000000E+01
5.1122184917330742E+00	3.7605468750000000E+01
5.1785249859094620E+00	3.7605468750000000E+01
5.2444791868329048E+00	3.7605468750000000E+01
5.3104686364531517E+00	3.7605468750000000E+01
5.3765294477343559E+00	3.7605468750000000E+01
5.4425286725163460E+00	3.7605468750000000E+01
5.5084902495145798E+00	3.7605468750000000E+01
5.5744940191507339E+00	3.7605468750000000E+01
5.6404919400811195E+00	3.7605468750000000E+01
5.7064719870686531E+00	3.7605468750000000E+01
5.7724643051624298E+00	3.7605468750000000E+01
5.8388338908553123E+00	3.7605468750000000E+01
5.9048181027173996E+00	3.7605468750000000E+01
5.9708650559186935E+00	3.7605468750000000E+01
6.0381607711315155E+00	3.7605468750000000E+01
6.1042994856834412E+00	3.7605468750000000E+01
6.1702883690595627E+00	3.7605468750000000E+01
6.2363165616989136E+00	3.7605468750000000E+01
6.3023203462362289E+00	3.7605468750000000E+01
6.3683264106512070E+00	3.7605468750000000E+01
6.4344322532415390E+00	3.7605468750000000E+01
6.5004132464528084E+00	3.7605468750000000E+01
6.5664347186684608E+00	3.7605468750000000E+01
6.6324579641222954E+00	3.7605468750000000E+01
6.6984645873308182E+00	3.7605468750000000E+01
6.7644814103841782E+00	3.7605468750000000E+01
6.8312242627143860E+00	3.7605468750000000E+01
6.8972300812602043E+00	3.7605468750000000E+01
6.9632311016321182E+00	3.7605468750000000E+01
7.0291924178600311E+00	3.7605468750000000E+01
7.0955082327127457E+00	3.7605468750000000E+01
7.1615398228168488E+00	3.7605468750000000E+01
7.2276061624288559E+00	3.7605468750000000E+01
7.2948183268308640E+00	3.7605468750000000E+01
7.3616750389337540E+00	3.7605468750000000E+01
7.4281590282917023E+00	3.7605468750000000E+01
7.4947587102651596E+00	3.7605468750000000E+01
7.5614636540412903E+00	3.7605468750000000E+01
7.6286680102348328E+00	3.7605468750000000E+01
7.6959976330399513E+00	3.7605468750000000E+01
7.7627289295196533E+00	3.7605468750000000E+01
7.8295199498534203E+00	3.7605468750000000E+01
7.8961649760603905E+00	3.7605468750000000E+01
7.9632908254861832E+00	3.7605468750000000E+01
8.0300472527742386E+00	3.7605468750000000E+01
8.0967494249343872E+00	3.7605468750000000E+01
8.1634945645928383E+00	3.7605468750000000E+01
8.2302302196621895E+00	3.7605468750000000E+01
8.2970045134425163E+00	3.7605468750000000E+01
8.3636926189064980E+00	3.7605468750000000E+01
8.4304260611534119E+00	3.7605468750000000E+01
8.4971150755882263E+00	3.7605468750000000E+01
8.5638404861092567E+00	3.7605468750000000E+01
8.6305443495512009E+00	3.7605468750000000E+01
8.6979420930147171E+00	3.7605468750000000E+01
8.7646268010139465E+00	3.7605468750000000E+01
8.8312842026352882E+00	3.7605468750000000E+01
8.8980199545621872E+00	3.7605468750000000E+01
8.9647019654512405E+00	3.7605468750000000E+01
9.0315590277314186E+00	3.7605468750000000E+01
9.0982736945152283E+00	3.7605468750000000E+01
9.1650048419833183E+00	3.7605468750000000E+01
9.2317007333040237E+00	3.7605468750000000E+01
9.2989314347505569E+00	3.7605468750000000E+01
9.3654947131872177E+00	3.7605468750000000E+01
9.4320670962333679E+00	3.7605468750000000E+01
9.4987479224801064E+00	3.7605468750000000E+01
9.5654917210340500E+00	3.7605468750000000E+01
9.6322411075234413E+00	3.7605468750000000E+01
9.6990074738860130E+00	3.7605468750000000E+01
9.7660814523696899E+00	3.7605468750000000E+01
9.8337087407708168E+00	3.7605468750000000E+01
9.9005742222070694E+00	3.7605468750000000E+01
9.9674487337470055E+00	3.7605468750000000E+01
1.0034422405064106E+01	3.7605468750000000E+01
1.0101611539721489E+01	3.7605468750000000E+01
1.0168548747897148E+01	3.7605468750000000E+01
1.0235426582396030E+01	3.7605468750000000E+01
1.0302302658557892E+01	3.7605468750000000E+01
1.0369151249527931E+01	3.7605468750000000E+01
1.0436034157872200E+01	3.7605468750000000E+01
1.0503107182681561E+01	3.7605468750000000E+01
1.0569987691938877E+01	3.7605468750000000E+01
1.0637000277638435E+01	3.7605468750000000E+01
1.0704117476940155E+01	3.7605468750000000E+01
1.0771645411849022E+01	3.7605468750000000E+01
1.0838529132306576E+01	3.7605468750000000E+01
1.0905385315418243E+01	3.7605468750000000E+01
1.0972241297364235E+01	3.7605468750000000E+01
1.1039120994508266E+01	3.7605468750000000E+01
1.1105979174375534E+01	3.7605468750000000E+01
1.1172935858368874E+01	3.7605468750000000E+01
1.1239808164536953E+01	3.7605468750000000E+01
1.1306678153574467E+01	3.7605468750000000E+01
1.1373973444104195E+01	3.7605468750000000E+01
1.1441493518650532E+01	3.7605468750000000E+01
1.1508322469890118E+01	3.7605468750000000E+01
1.1575172789394855E+01	3.7605468750000000E+01
1.1641939572989941E+01	3.7605468750000000E+01
1.1708698891103268E+01	3.7605468750000000E+01
1.1776324242353439E+01	3.7609375000000000E+01
1.1843279518187046E+01	3.7609375000000000E+01
1.1910095185041428E+01	3.7609375000000000E+01
1.1976963728666306E+01	3.7609375000000000E+01
1.2043877221643925E+01	3.7609375000000000E+01
1.2110696770250797E+01	3.7609375000000000E+01
1.2178189307451248E+01	3.7609375000000000E+01
1.2245064824819565E+01	3.7609375000000000E+01
1.2311953805387020E+01	3.7609375000000000E+01
1.2378786243498325E+01	3.7609375000000000E+01
1.2445623569190502E+01	3.7609375000000000E+01
1.2512439824640751E+01	3.7609375000000000E+01
1.2579300232231617E+01	3.7609375000000000E+01
1.2646724618971348E+01	3.7609375000000000E+01
1.2713514387607574E+01	3.7609375000000000E+01
1.2780390173196793E+01	3.7609375000000000E+01
1.2847784996032715E+01	3.7609375000000000E+01
1.2915319457650185E+01	3.7609375000000000E+01
1.2982932910323143E+01	3.7609375000000000E+01
1.3050472050905228E+01	3.7609375000000000E+01
1.3118133001029491E+01	3.7609375000000000E+01
1.3185746565461159E+01	3.7609375000000000E+01
1.3253295265138149E+01	3.7609375000000000E+01
1.3320829465985298E+01	3.7609375000000000E+01
1.3388236746191978E+01	3.7609375000000000E+01
1.3455735176801682E+01	3.7609375000000000E+01
1.3523119166493416E+01	3.7609375000000000E+01
1.3590336531400681E+01	3.7609375000000000E+01
1.3657470576465130E+01	3.7609375000000000E+01
1.3724783577024937E+01	3.7609375000000000E+01
1.3792257763445377E+01	3.7609375000000000E+01
1.3859602108597755E+01	3.7609375000000000E+01
1.3926743991672993E+01	3.7609375000000000E+01
1.3994129881262779E+01	3.7609375000000000E+01
1.4061519652605057E+01	3.7609375000000000E+01
1.4128993555903435E+01	3.7609375000000000E+01
1.4196514032781124E+01	3.7609375000000000E+01
1.4263953797519207E+01	3.7609375000000000E+01
1.4331451930105686E+01	3.7609375000000000E+01
1.4398813076317310E+01	3.7609375000000000E+01
1.4465454757213593E+01	3.7609375000000000E+01
1.4532022573053837E+01	3.7609375000000000E+01
1.4598793394863605E+01	3.7609375000000000E+01
1.4665474772453308E+01	3.7609375000000000E+01
1.4732464231550694E+01	3.7609375000000000E+01
1.4798979438841343E+01	3.7609375000000000E+01
1.4865450404584408E+01	3.7609375000000000E+01
1.4932697981595993E+01	3.7609375000000000E+01
1.4999372459948063E+01	3.7609375000000000E+01
1.5066059812903404E+01	3.7609375000000000E+01
1.5133832566440105E+01	3.7609375000000000E+01
1.5200489260256290E+01	3.7609375000000000E+01
1.5267032220959663E+01	3.7609375000000000E+01
1.5333722114562988E+01	3.7609375000000000E+01
1.5400409214198589E+01	3.7609375000000000E+01
1.5467089392244816E+01	3.7609375000000000E+01
1.5534295715391636E+01	3.7609375000000000E+01
1.5600988052785397E+01	3.7609375000000000E+01
1.5667614825069904E+01	3.7609375000000000E+01
1.5734814696013927E+01	3.7609375000000000E+01
1.5801862567663193E+01	3.7609375000000000E+01
1.5868586748838425E+01	3.7609375000000000E+01
1.5935240425169468E+01	3.7609375000000000E+01
1.6001964189112186E+01	3.7609375000000000E+01
1.6069133087992668E+01	3.7609375000000000E+01
1.6135848589241505E+01	3.7609375000000000E+01
1.6202498614788055E+01	3.7609375000000000E+01
1.6269137576222420E+01	3.7609375000000000E+01
1.6335867136716843E+01	3.7609375000000000E+01
1.6402611427009106E+01	3.7609375000000000E+01
1.6469423398375511E+01	3.7609375000000000E+01
1.6536292180418968E+01	3.7609375000000000E+01
1.6603137329220772E+01	3.7609375000000000E+01
1.6670650817453861E+01	3.7609375000000000E+01
1.6737511694431305E+01	3.7609375000000000E+01
1.6804338000714779E+01	3.7609375000000000E+01
1.6871187500655651E+01	3.7609375000000000E+01
1.6938035212457180E+01	3.7609375000000000E+01
1.7005539938807487E+01	3.7609375000000000E+01
1.7072410501539707E+01	3.7609375000000000E+01
1.7139295257627964E+01	3.7609375000000000E+01
1.7206555373966694E+01	3.7609375000000000E+01
1.7273753330111504E+01	3.7609375000000000E+01
1.7340607792139053E+01	3.7609375000000000E+01
1.7407460547983646E+01	3.7609375000000000E+01
1.7474317766726017E+01	3.7609375000000000E+01
1.7541182294487953E+01	3.7609375000000000E+01
1.7608029179275036E+01	3.7609375000000000E+01
1.7675316862761974E+01	3.7609375000000000E+01
1.7742673240602016E+01	3.7609375000000000E+01
1.7809557594358921E+01	3.7609375000000000E+01
1.7876668058335781E+01	3.7609375000000000E+01
1.7943552918732166E+01	3.7609375000000000E+01
1.8010444834828377E+01	3.7609375000000000E+01
1.8077363349497318E+01	3.7609375000000000E+01
1.8144260637462139E+01	3.7609375000000000E+01
1.8211155764758587E+01	3.7609375000000000E+01
1.8278086610138416E+01	3.7609375000000000E+01
1.8344973981380463E+01	3.7609375000000000E+01
1.8411868155002594E+01	3.7609375000000000E+01
1.8478901162743568E+01	3.7609375000000000E+01
1.8545790649950504E+01	3.7609375000000000E+01
1.8612675398588181E+01	3.7609375000000000E+01
1.8679572105407715E+01	3.7609375000000000E+01
1.8746473371982574E+01	3.7609375000000000E+01
1.8813489019870758E+01	3.7609375000000000E+01
1.8880422502756119E+01	3.7609375000000000E+01
1.8947336904704571E+01	3.7609375000000000E+01
1.9014229089021683E+01	3.7609375000000000E+01
1.9081523813307285E+01	3.7609375000000000E+01
1.9148511506617069E+01	3.7609375000000000E+01
1.9215805001556873E+01	3.7609375000000000E+01
1.9282717332243919E+01	3.7609375000000000E+01
1.9349634706974030E+01	3.7609375000000000E+01
1.9416561350226402E+01	3.7609375000000000E+01
1.9483450911939144E+01	3.7609375000000000E+01
1.9550755172967911E+01	3.7609375000000000E+01
1.9618053555488586E+01	3.7609375000000000E+01
1.9684966102242470E+01	3.7609375000000000E+01
1.9751861140131950E+01	3.7609375000000000E+01
1.9819152355194092E+01	3.7609375000000000E+01
1.9886465139687061E+01	3.7609375000000000E+01
1.9953396245837212E+01	3.7609375000000000E+01
2.0020401589572430E+01	3.7609375000000000E+01
2.0087315380573273E+01	3.7609375000000000E+01
2.0154222823679447E+01	3.7609375000000000E+01
2.0221123404800892E+01	3.7609375000000000E+01
2.0288048878312111E+01	3.7609375000000000E+01
2.0354940049350262E+01	3.7609375000000000E+01
2.0421874485909939E+01	3.7609375000000000E+01
2.0489150695502758E+01	3.7609375000000000E+01
2.0556073427200317E+01	3.7609375000000000E+01
2.0622980244457722E+01	3.7609375000000000E+01
2.0689884498715401E+01	3.7609375000000000E+01
2.0756798714399338E+01	3.7609375000000000E+01
2.0823706477880478E+01	3.7609375000000000E+01
2.0890576675534248E+01	3.7609375000000000E+01
2.0957465313374996E+01	3.7609375000000000E+01
2.1024375468492508E+01	3.7609375000000000E+01
2.1091946460306644E+01	3.7609375000000000E+01
2.1159409746527672E+01	3.7609375000000000E+01
2.1226329945027828E+01	3.7609375000000000E+01
2.1293820939958096E+01	3.7609375000000000E+01
2.1361397571861744E+01	3.7609375000000000E+01
2.1428302884101868E+01	3.7609375000000000E+01
2.1495185606181622E+01	3.7609375000000000E+01
2.1562055423855782E+01	3.7609375000000000E+01
2.1630049698054790E+01	3.7609375000000000E+01
2.1697630085051060E+01	3.7609375000000000E+01
2.1764523863792419E+01	3.7609375000000000E+01
2.1831410281360149E+01	3.7609375000000000E+01
2.1898283764719963E+01	3.7609375000000000E+01
2.1965167790651321E+01	3.7609375000000000E+01
2.2032039187848568E+01	3.7609375000000000E+01
2.2098927430808544E+01	3.7609375000000000E+01
2.2165830850601196E+01	3.7609375000000000E+01
2.2232700020074844E+01	3.7609375000000000E+01
2.2299589224159718E+01	3.7609375000000000E+01
2.2366483852267265E+01	3.7609375000000000E+01
2.2433408826589584E+01	3.7609375000000000E+01
2.2500308409333229E+01	3.7609375000000000E+01
2.2567221291363239E+01	3.7609375000000000E+01
2.2634123250842094E+01	3.7609375000000000E+01
2.2701048739254475E+01	3.7609375000000000E+01
2.2768012419342995E+01	3.7609375000000000E+01
2.2834919467568398E+01	3.7609375000000000E+01
2.2901824489235878E+01	3.7609375000000000E+01
2.2969422198832035E+01	3.7609375000000000E+01
2.3036308176815510E+01	3.7609375000000000E+01
2.3103716157376766E+01	3.7609375000000000E+01
2.3170764863491058E+01	3.7609375000000000E+01
2.3237657032907009E+01	3.7609375000000000E+01
2.3304519765079021E+01	3.7609375000000000E+01
2.3371418952941895E+01	3.7609375000000000E+01
2.3438309900462627E+01	3.7609375000000000E+01
2.3505167290568352E+01	3.7609375000000000E+01
2.3572681203484535E+01	3.7609375000000000E+01
2.3639520190656185E+01	3.7609375000000000E+01
2.3706326916813850E+01	3.7609375000000000E+01
2.3773175038397312E+01	3.7609375000000000E+01
2.3840035066008568E+01	3.7609375000000000E+01
2.3906862318515778E+01	3.7609375000000000E+01
2.3974384225904942E+01	3.7609375000000000E+01
2.4041250228881836E+01	3.7609375000000000E+01
2.4108109138906002E+01	3.7609375000000000E+01
2.4174940906465054E+01	3.7609375000000000E+01
2.4241801932454109E+01	3.7609375000000000E+01
2.4308667235076427E+01	3.7609375000000000E+01
2.4375480428338051E+01	3.7609375000000000E+01
2.4442284852266312E+01	3.7609375000000000E+01
2.4509714074432850E+01	3.7609375000000000E+01
2.4576518043875694E+01	3.7609375000000000E+01
2.4643466591835022E+01	3.7609375000000000E+01
2.4710124410688877E+01	3.7609375000000000E+01
2.4776820421218872E+01	3.7609375000000000E+01
2.4843558825552464E+01	3.7609375000000000E+01
2.4910235658288002E+01	3.7609375000000000E+01
2.4977163352072239E+01	3.7609375000000000E+01
2.5043843485414982E+01	3.7609375000000000E+01
2.5110574483871460E+01	3.7609375000000000E+01
2.5177490897476673E+01	3.7609375000000000E+01
2.5244177237153053E+01	3.7609375000000000E+01
2.5311015926301479E+01	3.7609375000000000E+01
2.5377802468836308E+01	3.7609375000000000E+01
2.5444901682436466E+01	3.7609375000000000E+01
2.5512245118618011E+01	3.7609375000000000E+01
2.5579078741371632E+01	3.7609375000000000E+01
2.5645951345562935E+01	3.7609375000000000E+01
2.5712815590202808E+01	3.7609375000000000E+01
2.5779677771031857E+01	3.7609375000000000E+01
2.5846546806395054E+01	3.7609375000000000E+01
2.5913394704461098E+01	3.7609375000000000E+01
2.5980292402207851E+01	3.7609375000000000E+01
2.6047495938837528E+01	3.7609375000000000E+01
2.6114394307136536E+01	3.7609375000000000E+01
2.6181287258863449E+01	3.7609375000000000E+01
2.6248178459703922E+01	3.7609375000000000E+01
2.6315060414373875E+01	3.7609375000000000E+01
2.6381994917988777E+01	3.7609375000000000E+01
2.6449220970273018E+01	3.7609375000000000E+01
2.6516063414514065E+01	3.7609375000000000E+01
2.6582901954650879E+01	3.7609375000000000E+01
2.6649758756160736E+01	3.7609375000000000E+01
2.6716653436422348E+01	3.7609375000000000E+01
2.6783535920083523E+01	3.7609375000000000E+01
2.6850404612720013E+01	3.7609375000000000E+01
2.6917306020855904E+01	3.7609375000000000E+01
2.6984273210167885E+01	3.7609375000000000E+01
2.7051506966352463E+01	3.7609375000000000E+01
2.7118377909064293E+01	3.7609375000000000E+01
2.7185297764837742E+01	3.7609375000000000E+01
2.7252212584018707E+01	3.7609375000000000E+01
2.7319132305681705E+01	3.7609375000000000E+01
2.7386060938239098E+01	3.7609375000000000E+01
2.7452952116727829E+01	3.7609375000000000E+01
2.7519998453557491E+01	3.7609375000000000E+01
2.7587316773831844E+01	3.7609375000000000E+01
2.7654256582260132E+01	3.7609375000000000E+01
2.7721556067466736E+01	3.7609375000000000E+01
2.7788445040583611E+01	3.7609375000000000E+01
2.7855361171066761E+01	3.7609375000000000E+01
2.7922586373984814E+01	3.7609375000000000E+01
2.7990038856863976E+01	3.7609375000000000E+01
2.8056990996003151E+01	3.7609375000000000E+01
2.8124307930469513E+01	3.7609375000000000E+01
2.8191224843263626E+01	3.7609375000000000E+01
2.8258168563246727E+01	3.7609375000000000E+01
2.8325129732489586E+01	3.7609375000000000E+01
2.8392431989312172E+01	3.7609375000000000E+01
2.8459622584283352E+01	3.7609375000000000E+01
2.8526589691638947E+01	3.7609375000000000E+01
2.8593539230525494E+01	3.7609375000000000E+01
2.8660452648997307E+01	3.7609375000000000E+01
2.8727825067937374E+01	3.7609375000000000E+01
2.8795465253293514E+01	3.7609375000000000E+01
2.8862405940890312E+01	3.7609375000000000E+01
2.8929565325379372E+01	3.7609375000000000E+01
2.8996499761939049E+01	3.7609375000000000E+01
2.9063460230827332E+01	3.7609375000000000E+01
2.9130391895771027E+01	3.7609375000000000E+01
2.9197364009916782E+01	3.7609375000000000E+01
2.9264313168823719E+01	3.7609375000000000E+01
2.9331244647502899E+01	3.7609375000000000E+01
2.9398194685578346E+01	3.7609375000000000E+01
2.9465129986405373E+01	3.7609375000000000E+01
2.9532512694597244E+01	3.7609375000000000E+01
2.9599946789443493E+01	3.7609375000000000E+01
2.9666872128844261E+01	3.7609375000000000E+01
2.9733814738690853E+01	3.7609375000000000E+01
2.9800719149410725E+01	3.7609375000000000E+01
2.9867641314864159E+01	3.7609375000000000E+01
2.9934569448232651E+01	3.7609375000000000E+01
3.0001467026770115E+01	3.7609375000000000E+01
3.0068387120962143E+01	3.7609375000000000E+01
3.0135451413691044E+01	3.7609375000000000E+01
3.0202393092215061E+01	3.7609375000000000E+01
3.0269987195730209E+01	3.7609375000000000E+01
3.0336891926825047E+01	3.7609375000000000E+01
3.0404213078320026E+01	3.7609375000000000E+01
3.0471122048795223E+01	3.7609375000000000E+01
3.0538023971021175E+01	3.7609375000000000E+01
3.0604984417557716E+01	3.7609375000000000E+01
3.0672135524451733E+01	3.7609375000000000E+01
3.0739367969334126E+01	3.7609375000000000E+01
3.0806606836616993E+01	3.7609375000000000E+01
3.0873857848346233E+01	3.7609375000000000E+01
3.0941160425543785E+01	3.7609375000000000E+01
3.1008436881005764E+01	3.7609375000000000E+01
3.1075730249285698E+01	3.7609375000000000E+01
3.1143065474927425E+01	3.7609375000000000E+01
3.1210488349199295E+01	3.7609375000000000E+01
3.1277828544378281E+01	3.7609375000000000E+01
3.1345139198005199E+01	3.7609375000000000E+01
3.1413057699799538E+01	3.7609375000000000E+01
3.1480448760092258E+01	3.7609375000000000E+01
3.1547852836549282E+01	3.7609375000000000E+01
3.1615252405405045E+01	3.7609375000000000E+01
3.1682724155485630E+01	3.7609375000000000E+01
3.1750118523836136E+01	3.7609375000000000E+01
3.1817568525671959E+01	3.7609375000000000E+01
3.1885056652128696E+01	3.7609375000000000E+01
3.1952518060803413E+01	3.7609375000000000E+01
3.2020538240671158E+01	3.7609375000000000E+01
3.2087988860905170E+01	3.7609375000000000E+01
3.2155428469181061E+01	3.7609375000000000E+01
3.2222958371043205E+01	3.7609375000000000E+01
3.2290506966412067E+01	3.7609375000000000E+01
3.2358087994158268E+01	3.7609375000000000E+01
3.2425727173686028E+01	3.7609375000000000E+01
3.2493461027741432E+01	3.7609375000000000E+01
3.2561175465583801E+01	3.7609375000000000E+01
3.2629297800362110E+01	3.7609375000000000E+01
3.2697107568383217E+01	3.7609375000000000E+01
3.2765291221439838E+01	3.7609375000000000E+01
3.2833147376775742E+01	3.7609375000000000E+01
3.2901134230196476E+01	3.7609375000000000E+01
3.2969319850206375E+01	3.7609375000000000E+01
3.3037398435175419E+01	3.7609375000000000E+01
3.3105429023504257E+01	3.7609375000000000E+01
3.3173479266464710E+01	3.7609375000000000E+01
3.3241581238806248E+01	3.7609375000000000E+01
3.3309688925743103E+01	3.7609375000000000E+01
3.3377752594649792E+01	3.7609375000000000E+01
3.3445857509970665E+01	3.7609375000000000E+01
3.3513946391642094E+01	3.7609375000000000E+01
3.3582011051476002E+01	3.7609375000000000E+01
3.3650074683129787E+01	3.7609375000000000E+01
3.3718127220869064E+01	3.7609375000000000E+01
3.3786879763007164E+01	3.7609375000000000E+01
3.3854930326342583E+01	3.7609375000000000E+01
3.3922995127737522E+01	3.7609375000000000E+01
3.3991064369678497E+01	3.7609375000000000E+01
3.4059105366468430E+01	3.7609375000000000E+01
3.4127173505723476E+01	3.7609375000000000E+01
3.4195248551666737E+01	3.7609375000000000E+01
3.4263366021215916E+01	3.7609375000000000E+01
3.4331431269645691E+01	3.7609375000000000E+01
3.4399506628513336E+01	3.7609375000000000E+01
3.4467563703656197E+01	3.7609375000000000E+01
3.4536194823682308E+01	3.7609375000000000E+01
3.4604225948452950E+01	3.7609375000000000E+01
3.4672451086342335E+01	3.7609375000000000E+01
3.4740447461605072E+01	3.7609375000000000E+01
3.4808473922312260E+01	3.7609375000000000E+01
3.4876495838165283E+01	3.7609375000000000E+01
3.4945118799805641E+01	3.7609375000000000E+01
3.5013154841959476E+01	3.7609375000000000E+01
3.5081425406038761E+01	3.7609375000000000E+01
3.5149443797767162E+01	3.7609375000000000E+01
3.5217443294823170E+01	3.7609375000000000E+01
3.5285471543669701E+01	3.7609375000000000E+01
3.5353441298007965E+01	3.7609375000000000E+01
3.5421461634337902E+01	3.7609375000000000E+01
3.5489434227347374E+01	3.7609375000000000E+01
3.5557377412915230E+01	3.7609375000000000E+01
3.5625383764505386E+01	3.7609375000000000E+01
3.5693341396749020E+01	3.7609375000000000E+01
3.5761573590338230E+01	3.7609375000000000E+01
3.5830171696841717E+01	3.7609375000000000E+01
3.5898085474967957E+01	3.7609375000000000E+01
3.5966035492718220E+01	3.7609375000000000E+01
3.6033938445150852E+01	3.7609375000000000E+01
3.6101851738989353E+01	3.7609375000000000E+01
3.6169797062873840E+01	3.7609375000000000E+01
3.6237699739634991E+01	3.7609375000000000E+01
3.6305593170225620E+01	3.7609375000000000E+01
3.6374139368534088E+01	3.7609375000000000E+01
3.6442118048667908E+01	3.7609375000000000E+01
3.6510628491640091E+01	3.7609375000000000E+01
3.6578651189804077E+01	3.7609375000000000E+01
3.6646693341434002E+01	3.7609375000000000E+01
3.6714670270681381E+01	3.7609375000000000E+01
3.6782678015530109E+01	3.7609375000000000E+01
3.6850685134530067E+01	3.7609375000000000E+01
3.6918718636035919E+01	3.7609375000000000E+01
3.6987012773752213E+01	3.7609375000000000E+01
3.7055051438510418E+01	3.7609375000000000E+01
3.7123086370527744E+01	3.7609375000000000E+01
3.7191147677600384E+01	3.7609375000000000E+01
3.7259202882647514E+01	3.7609375000000000E+01
3.7327922873198986E+01	3.7609375000000000E+01
3.7395947068929672E+01	3.7609375000000000E+01
3.7463999904692173E+01	3.7609375000000000E+01
3.7532033942639828E+01	3.7609375000000000E+01
3.7600069992244244E+01	3.7609375000000000E+01
3.7668139897286892E+01	3.7609375000000000E+01
3.7736202612519264E+01	3.7609375000000000E+01
3.7804291874170303E+01	3.7609375000000000E+01
3.7872386150062084E+01	3.7609375000000000E+01
3.7940440170466900E+01	3.7609375000000000E+01
3.8008483387529850E+01	3.7609375000000000E+01
3.8076546899974346E+01	3.7609375000000000E+01
3.8144627273082733E+01	3.7609375000000000E+01
3.8212697252631187E+01	3.7609375000000000E+01
3.8280853666365147E+01	3.7609375000000000E+01
3.8350154414772987E+01	3.7609375000000000E+01
3.8418403699994087E+01	3.7609375000000000E+01
3.8486567288637161E+01	3.7609375000000000E+01
3.8554639905691147E+01	3.7609375000000000E+01
3.8622749827802181E+01	3.7609375000000000E+01
3.8690856896340847E+01	3.7609375000000000E+01
3.8759253829717636E+01	3.7609375000000000E+01
3.8827704265713692E+01	3.7609375000000000E+01
3.8895782403647900E+01	3.7609375000000000E+01
3.8964528650045395E+01	3.7609375000000000E+01
3.9032593622803688E+01	3.7609375000000000E+01
3.9100682839751244E+01	3.7609375000000000E+01
3.9168766856193542E+01	3.7609375000000000E+01
3.9237534992396832E+01	3.7609375000000000E+01
3.9305613465607166E+01	3.7609375000000000E+01
3.9373703137040138E+01	3.7609375000000000E+01
3.9441841661930084E+01	3.7609375000000000E+01
3.9509953640401363E+01	3.7609375000000000E+01
3.9578078851103783E+01	3.7609375000000000E+01
3.9646855793893337E+01	3.7609375000000000E+01
3.9714966274797916E+01	3.7609375000000000E+01
3.9783084481954575E+01	3.7609375000000000E+01
3.9851447708904743E+01	3.7609375000000000E+01
3.9919585123658180E+01	3.7609375000000000E+01
3.9987735375761986E+01	3.7609375000000000E+01
4.0055888421833515E+01	3.7609375000000000E+01
4.0124019004404545E+01	3.7609375000000000E+01
4.0192236483097076E+01	3.7609375000000000E+01
4.0260425150394440E+01	3.7609375000000000E+01
4.0328612774610519E+01	3.7609375000000000E+01
4.0396774403750896E+01	3.7609375000000000E+01
4.0464939758181572E+01	3.7609375000000000E+01
4.0533086739480495E+01	3.7609375000000000E+01
4.0601218484342098E+01	3.7609375000000000E+01
4.0669392921030521E+01	3.7609375000000000E+01
4.0737549886107445E+01	3.7609375000000000E+01
4.0806054845452309E+01	3.7609375000000000E+01
4.0874259531497955E+01	3.7609375000000000E+01
4.0942489601671696E+01	3.7609375000000000E+01
4.1010724313557148E+01	3.7609375000000000E+01
4.1078954622149467E+01	3.7609375000000000E+01
4.1147187232971191E+01	3.7609375000000000E+01
4.1215424142777920E+01	3.7609375000000000E+01
4.1283672258257866E+01	3.7609375000000000E+01
4.1351911522448063E+01	3.7609375000000000E+01
4.1420139208436012E+01	3.7609375000000000E+01
4.1488339893519878E+01	3.7609375000000000E+01
4.1557167559862137E+01	3.7609375000000000E+01
4.1625465266406536E+01	3.7609375000000000E+01
4.1693777225911617E+01	3.7609375000000000E+01
4.1762157984077930E+01	3.7609375000000000E+01
4.1831028282642365E+01	3.7609375000000000E+01
4.1899667926132679E+01	3.7609375000000000E+01
4.1968131877481937E+01	3.7609375000000000E+01
4.2036595813930035E+01	3.7609375000000000E+01
4.2105018272995949E+01	3.7609375000000000E+01
4.2173653617501259E+01	3.7609375000000000E+01
4.2242476999759674E+01	3.7609375000000000E+01
4.2310948066413403E+01	3.7609375000000000E+01
4.2379445962607861E+01	3.7609375000000000E+01
4.2447929218411446E+01	3.7609375000000000E+01
4.2516400814056396E+01	3.7609375000000000E+01
4.2585240833461285E+01	3.7609375000000000E+01
4.2654418796300888E+01	3.7609375000000000E+01
4.2722875341773033E+01	3.7609375000000000E+01
4.2791388899087906E+01	3.7609375000000000E+01
4.2859968982636929E+01	3.7609375000000000E+01
4.2928509756922722E+01	3.7609375000000000E+01
4.2997108384966850E+01	3.7609375000000000E+01
4.3065771669149399E+01	3.7609375000000000E+01
4.3134441122412682E+01	3.7609375000000000E+01
4.3203692607581615E+01	3.7609375000000000E+01
4.3272352106869221E+01	3.7609375000000000E+01
4.3340948462486267E+01	3.7609375000000000E+01
4.3409632667899132E+01	3.7609375000000000E+01
4.3478901989758015E+01	3.7609375000000000E+01
4.3548058830201626E+01	3.7609375000000000E+01
4.3617264792323112E+01	3.7609375000000000E+01
4.3686304546892643E+01	3.7609375000000000E+01
4.3755455948412418E+01	3.7609375000000000E+01
4.3824602909386158E+01	3.7609375000000000E+01
4.3893804274499416E+01	3.7609375000000000E+01
4.3962865240871906E+01	3.7609375000000000E+01
4.4031654536724091E+01	3.7609375000000000E+01
4.4100807793438435E+01	3.7609375000000000E+01
4.4170190997421741E+01	3.7609375000000000E+01
4.4239337518811226E+01	3.7609375000000000E+01
4.4308565728366375E+01	3.7609375000000000E+01
4.4377768017351627E+01	3.7609375000000000E+01
4.4446892753243446E+01	3.7609375000000000E+01
4.4515830568969250E+01	3.7609375000000000E+01
4.4585013613104820E+01	3.7609375000000000E+01
4.4654158756136894E+01	3.7609375000000000E+01
4.4723185777664185E+01	3.7609375000000000E+01
4.4792228281497955E+01	3.7609375000000000E+01
4.4861241623759270E+01	3.7609375000000000E+01
4.4930210821330547E+01	3.7609375000000000E+01
4.4999255515635014E+01	3.7609375000000000E+01
4.5067952878773212E+01	3.7609375000000000E+01
4.5137008361518383E+01	3.7609375000000000E+01
4.5205841720104218E+01	3.7609375000000000E+01
4.5274690970778465E+01	3.7609375000000000E+01
4.5343371793627739E+01	3.7609375000000000E+01
4.5412459142506123E+01	3.7609375000000000E+01
4.5481033027172089E+01	3.7609375000000000E+01
4.5550141625106335E+01	3.7609375000000000E+01
4.5619011715054512E+01	3.7609375000000000E+01
4.5687777563929558E+01	3.7609375000000000E+01
4.5756578356027603E+01	3.7609375000000000E+01
4.5825415171682835E+01	3.7609375000000000E+01
4.5894049748778343E+01	3.7609375000000000E+01
4.5962873741984367E+01	3.7609375000000000E+01
4.6031608901917934E+01	3.7609375000000000E+01
4.6099750377237797E+01	3.7609375000000000E+01
4.6168195709586143E+01	3.7609375000000000E+01
4.6236674807965755E+01	3.7609375000000000E+01
4.6304816760122776E+01	3.7609375000000000E+01
4.6372881598770618E+01	3.7609375000000000E+01
4.6440974555909634E+01	3.7609375000000000E+01
4.6509063735604286E+01	3.7609375000000000E+01
4.6577143713831902E+01	3.7609375000000000E+01
4.6645226269960403E+01	3.7609375000000000E+01
4.6713356293737888E+01	3.7609375000000000E+01
4.6781455673277378E+01	3.7609375000000000E+01
4.6849501445889473E+01	3.7609375000000000E+01
4.6917585588991642E+01	3.7609375000000000E+01
4.6986182980239391E+01	3.7609375000000000E+01
4.7054213032126427E+01	3.7609375000000000E+01
4.7122273258864880E+01	3.7609375000000000E+01
4.7190787665545940E+01	3.7609375000000000E+01
4.7258810549974442E+01	3.7609375000000000E+01
4.7326777666807175E+01	3.7609375000000000E+01
4.7394687302410603E+01	3.7609375000000000E+01
4.7462579540908337E+01	3.7609375000000000E+01
4.7530505366623402E+01	3.7609375000000000E+01
4.7598434589803219E+01	3.7609375000000000E+01
4.7666651003062725E+01	3.7609375000000000E+01
4.7734407588839531E+01	3.7609375000000000E+01
4.7802126236259937E+01	3.7609375000000000E+01
4.7869950324296951E+01	3.7609375000000000E+01
4.7937626361846924E+01	3.7609375000000000E+01
4.8005818277597427E+01	3.7609375000000000E+01
4.8073718801140785E+01	3.7609375000000000E+01
4.8141658328473568E+01	3.7609375000000000E+01
4.8209646068513393E+01	3.7609375000000000E+01
4.8277564361691475E+01	3.7609375000000000E+01
4.8345572456717491E+01	3.7609375000000000E+01
4.8413502275943756E+01	3.7609375000000000E+01
4.8481414593756199E+01	3.7609375000000000E+01
4.8549115516245365E+01	3.7609375000000000E+01
4.8616793058812618E+01	3.7609375000000000E+01
4.8685413934290409E+01	3.7609375000000000E+01
4.8753090389072895E+01	3.7609375000000000E+01
4.8820705026388168E+01	3.7609375000000000E+01
4.8888980172574520E+01	3.7609375000000000E+01
4.8956572160124779E+01	3.7609375000000000E+01
4.9023907057940960E+01	3.7609375000000000E+01
4.9091903232038021E+01	3.7609375000000000E+01
4.9159336633980274E+01	3.7609375000000000E+01
4.9226665489375591E+01	3.7609375000000000E+01
4.9293832272291183E+01	3.7609375000000000E+01
4.9360936775803566E+01	3.7609375000000000E+01
4.9428141571581364E+01	3.7609375000000000E+01
4.9495361305773258E+01	3.7609375000000000E+01
4.9562574736773968E+01	3.7609375000000000E+01
4.9630165956914425E+01	3.7609375000000000E+01
4.9697948500514030E+01	3.7609375000000000E+01
4.9765712805092335E+01	3.7609375000000000E+01
4.9833460435271263E+01	3.7609375000000000E+01
4.9901157744228840E+01	3.7609375000000000E+01
4.9969120979309082E+01	3.7609375000000000E+01
5.0037208229303360E+01	3.7609375000000000E+01
5.0105319544672966E+01	3.7609375000000000E+01
5.0173375725746155E+01	3.7609375000000000E+01
5.0241580896079540E+01	3.7609375000000000E+01
5.0309894345700741E+01	3.7609375000000000E+01
5.0378335461020470E+01	3.7609375000000000E+01
5.0447053655982018E+01	3.7609375000000000E+01
5.0515654511749744E+01	3.7609375000000000E+01
5.0584371700882912E+01	3.7609375000000000E+01
5.0653019979596138E+01	3.7609375000000000E+01
5.0721696391701698E+01	3.7609375000000000E+01
5.0790419861674309E+01	3.7609375000000000E+01
5.0859117306768894E+01	3.7609375000000000E+01
5.0927875429391861E+01	3.7609375000000000E+01
5.0996877923607826E+01	3.7609375000000000E+01
5.1065618850290775E+01	3.7609375000000000E+01
5.1134369730949402E+01	3.7609375000000000E+01
5.1203080728650093E+01	3.7609375000000000E+01
5.1271786108613014E+01	3.7609375000000000E+01
5.1340528674423695E+01	3.7609375000000000E+01
5.1409306101500988E+01	3.7609375000000000E+01
5.1478098556399345E+01	3.7609375000000000E+01
5.1547374874353409E+01	3.7609375000000000E+01
5.1616182886064053E+01	3.7609375000000000E+01
5.1685010984539986E+01	3.7609375000000000E+01
5.1753929704427719E+01	3.7609375000000000E+01
5.1822760373353958E+01	3.7609375000000000E+01
5.1891591936349869E+01	3.7609375000000000E+01
5.1960578955709934E+01	3.7609375000000000E+01
5.2029422372579575E+01	3.7609375000000000E+01
5.2098262317478657E+01	3.7609375000000000E+01
5.2167774841189384E+01	3.7609375000000000E+01
5.2236605919897556E+01	3.7609375000000000E+01
5.2305489011108875E+01	3.7609375000000000E+01
5.2374459631741047E+01	3.7609375000000000E+01
5.2443307034671307E+01	3.7609375000000000E+01
5.2512631900608540E+01	3.7609375000000000E+01
5.2581510148942471E+01	3.7609375000000000E+01
5.2650426141917706E+01	3.7609375000000000E+01
5.2719325192272663E+01	3.7609375000000000E+01
5.2788239918649197E+01	3.7609375000000000E+01
5.2857125699520111E+01	3.7609375000000000E+01
5.2926023885607719E+01	3.7609375000000000E+01
5.2995252817869186E+01	3.7609375000000000E+01
5.3064160004258156E+01	3.7609375000000000E+01
5.3133049152791500E+01	3.7609375000000000E+01
5.3201937355101109E+01	3.7609375000000000E+01
5.3270836852490902E+01	3.7609375000000000E+01
5.3339726433157921E+01	3.7609375000000000E+01
5.3408626616001129E+01	3.7609375000000000E+01
5.3477499723434448E+01	3.7609375000000000E+01
5.3546348892152309E+01	3.7609375000000000E+01
5.3615168891847134E+01	3.7609375000000000E+01
5.3684012934565544E+01	3.7609375000000000E+01
5.3753645770251751E+01	3.7609375000000000E+01
5.3822460308670998E+01	3.7609375000000000E+01
5.3891723319888115E+01	3.7609375000000000E+01
5.3960479110479355E+01	3.7609375000000000E+01
5.4029200866818428E+01	3.7609375000000000E+01
5.4097849495708942E+01	3.7609375000000000E+01
5.4166481345891953E+01	3.7609375000000000E+01
5.4235116891562939E+01	3.7609375000000000E+01
5.4304344400763512E+01	3.7609375000000000E+01
5.4372844494879246E+01	3.7609375000000000E+01
5.4441359683871269E+01	3.7609375000000000E+01
5.4509859070181847E+01	3.7609375000000000E+01
5.4578326001763344E+01	3.7609375000000000E+01
5.4646726794540882E+01	3.7609375000000000E+01
5.4715200588107109E+01	3.7609375000000000E+01
5.4783583164215088E+01	3.7609375000000000E+01
5.4851890377700329E+01	3.7609375000000000E+01
5.4920214660465717E+01	3.7609375000000000E+01
5.4988532125949860E+01	3.7609375000000000E+01
5.5056831702589989E+01	3.7609375000000000E+01
5.5125150054693222E+01	3.7609375000000000E+01
5.5194057151675224E+01	3.7609375000000000E+01
5.5262340977787971E+01	3.7609375000000000E+01
5.5330620072782040E+01	3.7609375000000000E+01
5.5398900568485260E+01	3.7609375000000000E+01
5.5467173524200916E+01	3.7609375000000000E+01
5.5535385720431805E+01	3.7609375000000000E+01
5.5603610701858997E+01	3.7609375000000000E+01
5.5672552146017551E+01	3.7609375000000000E+01
5.5740760006010532E+01	3.7609375000000000E+01
5.5809305548667908E+01	3.7609375000000000E+01
5.5877522505819798E+01	3.7609375000000000E+01
5.5945767052471638E+01	3.7609375000000000E+01
5.6014422930777073E+01	3.7609375000000000E+01
5.6082640968263149E+01	3.7609375000000000E+01
5.6150854147970676E+01	3.7609375000000000E+01
5.6219083033502102E+01	3.7609375000000000E+01
5.6287256255745888E+01	3.7609375000000000E+01
5.6355473972856998E+01	3.7609375000000000E+01
5.6423667460680008E+01	3.7609375000000000E+01
5.6491811297833920E+01	3.7609375000000000E+01
5.6560296609997749E+01	3.7609375000000000E+01
5.6628594011068344E+01	3.7609375000000000E+01
5.6696748949587345E+01	3.7609375000000000E+01
5.6764882415533066E+01	3.7609375000000000E+01
5.6833713635802269E+01	3.7609375000000000E+01
5.6901829980313778E+01	3.7609375000000000E+01
5.6969993077218533E+01	3.7609375000000000E+01
5.7038163118064404E+01	3.7609375000000000E+01
5.7106323577463627E+01	3.7609375000000000E+01
5.7174463570117950E+01	3.7609375000000000E+01
5.7242598034441471E+01	3.7609375000000000E+01
5.7311113625764847E+01	3.7609375000000000E+01
5.7379323273897171E+01	3.7609375000000000E+01
5.7447531431913376E+01	3.7609375000000000E+01
5.7515769667923450E+01	3.7609375000000000E+01
5.7584041312336922E+01	3.7609375000000000E+01
5.7652393363416195E+01	3.7609375000000000E+01
5.7721184484660625E+01	3.7609375000000000E+01
5.7789633758366108E+01	3.7609375000000000E+01
5.7858047120273113E+01	3.7609375000000000E+01
5.7926502272486687E+01	3.7609375000000000E+01
5.7995042666792870E+01	3.7609375000000000E+01
5.8063605792820454E+01	3.7609375000000000E+01
5.8132202833890915E+01	3.7609375000000000E+01
5.8200819931924343E+01	3.7609375000000000E+01
5.8269483946263790E+01	3.7609375000000000E+01
5.8338212929666042E+01	3.7609375000000000E+01
5.8406893566250801E+01	3.7609375000000000E+01
5.8475610904395580E+01	3.7609375000000000E+01
5.8544344484806061E+01	3.7609375000000000E+01
5.8613534912467003E+01	3.7609375000000000E+01
5.8682445406913757E+01	3.7609375000000000E+01
5.8751293264329433E+01	3.7609375000000000E+01
5.8820151180028915E+01	3.7609375000000000E+01
5.8889015533030033E+01	3.7609375000000000E+01
5.8957957513630390E+01	3.7609375000000000E+01
5.9027066566050053E+01	3.7609375000000000E+01
5.9095952592790127E+01	3.7609375000000000E+01
5.9164831630885601E+01	3.7609375000000000E+01
5.9233739919960499E+01	3.7609375000000000E+01
5.9302653096616268E+01	3.7609375000000000E+01
5.9371545791625977E+01	3.7609375000000000E+01
5.9440479330718517E+01	3.7609375000000000E+01
5.9509413845837116E+01	3.7609375000000000E+01
5.9578336209058762E+01	3.7609375000000000E+01
5.9647271886467934E+01	3.7609375000000000E+01
5.9716446861624718E+01	3.7609375000000000E+01
5.9785879649221897E+01	3.7609375000000000E+01
5.9854789644479752E+01	3.7609375000000000E+01
5.9923685818910599E+01	3.7609375000000000E+01
5.9992595642805099E+01	3.7609375000000000E+01
6.0061510682106018E+01	3.7609375000000000E+01
6.0131001845002174E+01	3.7609375000000000E+01
6.0199931398034096E+01	3.7609375000000000E+01
6.0268880166113377E+01	3.7609375000000000E+01
6.0337858147919178E+01	3.7609375000000000E+01
6.0406806483864784E+01	3.7609375000000000E+01
6.0475792273879051E+01	3.7609375000000000E+01
6.0545055821537971E+01	3.7609375000000000E+01
6.0613987453281879E+01	3.7609375000000000E+01
6.0683092236518860E+01	3.7609375000000000E+01
6.0752014137804508E+01	3.7609375000000000E+01
6.0820964686572552E+01	3.7609375000000000E+01
6.0889907009899616E+01	3.7609375000000000E+01
6.0958854630589485E+01	3.7609375000000000E+01
6.1028456754982471E+01	3.7609375000000000E+01
6.1097767472267151E+01	3.7609375000000000E+01
6.1166753634810448E+01	3.7609375000000000E+01
6.1235674388706684E+01	3.7609375000000000E+01
6.1304589346051216E+01	3.7609375000000000E+01
6.1373518377542496E+01	3.7609375000000000E+01
6.1442545771598816E+01	3.7609375000000000E+01
6.1511460736393929E+01	3.7609375000000000E+01
6.1580392047762871E+01	3.7609375000000000E+01
6.1649444818496704E+01	3.7609375000000000E+01
6.1718360073864460E+01	3.7609375000000000E+01
6.1787300027906895E+01	3.7609375000000000E+01
6.1856210067868233E+01	3.7609375000000000E+01
6.1925104789435863E+01	3.7609375000000000E+01
6.1994023934006691E+01	3.7609375000000000E+01
6.2062932886183262E+01	3.7609375000000000E+01
6.2132072165608406E+01	3.7609375000000000E+01
6.2200954273343086E+01	3.7609375000000000E+01
6.2269846670329571E+01	3.7609375000000000E+01
6.2338750988245010E+01	3.7609375000000000E+01
6.2408300004899502E+01	3.7609375000000000E+01
6.2477186053991318E+01	3.7609375000000000E+01
6.2546743147075176E+01	3.7609375000000000E+01
6.2615608714520931E+01	3.7609375000000000E+01
6.2684740416705608E+01	3.7609375000000000E+01
6.2753718510270119E+01	3.7609375000000000E+01
6.2822603791952133E+01	3.7609375000000000E+01
6.2891416393220425E+01	3.7609375000000000E+01
6.2960665144026279E+01	3.7609375000000000E+01
6.3029448181390762E+01	3.7609375000000000E+01
6.3098194740712643E+01	3.7609375000000000E+01
6.3166898012161255E+01	3.7609375000000000E+01
6.3236201725900173E+01	3.7609375000000000E+01
6.3304825074970722E+01	3.7609375000000000E+01
6.3373489141464233E+01	3.7609375000000000E+01
6.3442143842577934E+01	3.7609375000000000E+01
6.3511402472853661E+01	3.7609375000000000E+01
6.3580060511827469E+01	3.7609375000000000E+01
6.3648642331361771E+01	3.7609375000000000E+01
6.3717816673219204E+01	3.7609375000000000E+01
6.3786285474896431E+01	3.7609375000000000E+01
6.3854704186320305E+01	3.7609375000000000E+01
6.3923058301210403E+01	3.7609375000000000E+01
6.3991435542702675E+01	3.7609375000000000E+01
6.4059758864343166E+01	3.7609375000000000E+01
6.4128050193190575E+01	3.7609375000000000E+01
6.4196308054029942E+01	3.7609375000000000E+01
6.4264567092061043E+01	3.7609375000000000E+01
6.4332761876285076E+01	3.7609375000000000E+01
6.4401312470436096E+01	3.7609375000000000E+01
6.4469504974782467E+01	3.7609375000000000E+01
6.4537650145590305E+01	3.7609375000000000E+01
6.4605796523392200E+01	3.7609375000000000E+01
6.4674053072929382E+01	3.7609375000000000E+01
6.4742412172257900E+01	3.7609375000000000E+01
6.4810617215931416E+01	3.7609375000000000E+01
6.4878768175840378E+01	3.7609375000000000E+01
6.4946918994188309E+01	3.7609375000000000E+01
6.5015038453042507E+01	3.7609375000000000E+01
6.5083841763436794E+01	3.7609375000000000E+01
6.5151982754468918E+01	3.7609375000000000E+01
6.5220082886517048E+01	3.7609375000000000E+01
6.5288470491766930E+01	3.7609375000000000E+01
6.5356557063758373E+01	3.7609375000000000E+01
6.5424672931432724E+01	3.7609375000000000E+01
6.5493118561804295E+01	3.7609375000000000E+01
6.5561211854219437E+01	3.7609375000000000E+01
6.5629998169839382E+01	3.7609375000000000E+01
6.5698121115565300E+01	3.7609375000000000E+01
6.5766413703560829E+01	3.7609375000000000E+01
6.5834552720189095E+01	3.7609375000000000E+01
6.5902706213295460E+01	3.7609375000000000E+01
6.5970881596207619E+01	3.7609375000000000E+01
6.6039686776697636E+01	3.7609375000000000E+01
6.6108321204781532E+01	3.7609375000000000E+01
6.6176455870270729E+01	3.7609375000000000E+01
6.6244631297886372E+01	3.7609375000000000E+01
6.6312796980142593E+01	3.7609375000000000E+01
6.6381413914263248E+01	3.7609375000000000E+01
6.6449592858552933E+01	3.7609375000000000E+01
6.6517745591700077E+01	3.7609375000000000E+01
6.6585891470313072E+01	3.7609375000000000E+01
6.6654081672430038E+01	3.7609375000000000E+01
6.6722932793200016E+01	3.7609375000000000E+01
6.6791251942515373E+01	3.7609375000000000E+01
6.6859917253255844E+01	3.7609375000000000E+01
6.6928134508430958E+01	3.7609375000000000E+01
6.6997003592550755E+01	3.7609375000000000E+01
6.7065242059528828E+01	3.7609375000000000E+01
6.7133519828319550E+01	3.7609375000000000E+01
6.7252792209386826E+01	3.7699218750000000E+01
6.7370655670762062E+01	3.7699218750000000E+01
6.7480990737676620E+01	3.7699218750000000E+01
6.7574813410639763E+01	3.7699218750000000E+01
6.7633739434182644E+01	3.7699218750000000E+01
6.7660527192056179E+01	3.7699218750000000E+01
6.7687311723828316E+01	3.7699218750000000E+01
6.7714168272912502E+01	3.7699218750000000E+01
6.7740757465362549E+01	3.7699218750000000E+01
6.7767249718308449E+01	3.7699218750000000E+01
6.7793877720832825E+01	3.7699218750000000E+01
