0.0000000000000000E+00	3.3436215847158252E-01
9.2092092092092093E+02	3.3440008320251902E-01
1.8418418418418419E+03	3.3443789630443371E-01
2.7627627627627626E+03	3.3447558840094982E-01
3.6836836836836837E+03	3.3451315011592486E-01
4.6046046046046049E+03	3.3455057228737400E-01
5.5255255255255252E+03	3.3458785602204122E-01
6.4464464464464463E+03	3.3462501700717451E-01
7.3673673673673675E+03	3.3466207204007387E-01
8.2882882882882877E+03	3.3469903791826966E-01
9.2092092092092098E+03	3.3473593143906172E-01
1.0130130130130130E+04	3.3477276939982670E-01
1.1051051051051050E+04	3.3480956859786537E-01
1.1971971971971972E+04	3.3484634583070655E-01
1.2892892892892893E+04	3.3488311789565101E-01
1.3813813813813815E+04	3.3491990159007540E-01
1.4734734734734735E+04	3.3495671371135638E-01
1.5655655655655655E+04	3.3499357105679439E-01
1.6576576576576575E+04	3.3503049042391880E-01
1.7497497497497498E+04	3.3506748861003000E-01
1.8418418418418420E+04	3.3510458241250485E-01
1.9339339339339338E+04	3.3514178862872002E-01
2.0260260260260260E+04	3.3517912405597472E-01
2.1181181181181182E+04	3.3521660476784237E-01
2.2102102102102101E+04	3.3525423891320588E-01
2.3023023023023023E+04	3.3529202975259637E-01
2.3943943943943945E+04	3.3532998047449519E-01
2.4864864864864867E+04	3.3536809426761921E-01
2.5785785785785785E+04	3.3540637432045006E-01
2.6706706706706707E+04	3.3544482382154761E-01
2.7627627627627629E+04	3.3548344595947172E-01
2.8548548548548548E+04	3.3552224392270164E-01
2.9469469469469470E+04	3.3556122089995810E-01
3.0390390390390392E+04	3.3560038007972087E-01
3.1311311311311310E+04	3.3563972465054964E-01
3.2232232232232232E+04	3.3567925780100455E-01
3.3153153153153151E+04	3.3571898271956285E-01
3.4074074074074073E+04	3.3575890259494917E-01
3.4994994994994995E+04	3.3579902061564099E-01
3.5915915915915917E+04	3.3583933997019849E-01
3.6836836836836839E+04	3.3587986384070989E-01
3.7757757757757761E+04	3.3592059115944184E-01
3.8678678678678676E+04	3.3596150927683510E-01
3.9599599599599598E+04	3.3600260358832706E-01
4.0520520520520520E+04	3.3604385948943927E-01
4.1441441441441442E+04	3.3608526237560754E-01
4.2362362362362364E+04	3.3612679764252490E-01
4.3283283283283286E+04	3.3616845068562745E-01
4.4204204204204201E+04	3.3621020690043668E-01
4.5125125125125123E+04	3.3625205168247435E-01
4.6046046046046045E+04	3.3629397042717502E-01
4.6966966966966967E+04	3.3633594853023402E-01
4.7887887887887890E+04	3.3637797138708631E-01
4.8808808808808812E+04	3.3642002439325330E-01
4.9729729729729734E+04	3.3646209294425672E-01
5.0650650650650648E+04	3.3650416243553100E-01
5.1571571571571571E+04	3.3654621826277203E-01
5.2492492492492493E+04	3.3658824582141433E-01
5.3413413413413415E+04	3.3663023095782263E-01
5.4334334334334337E+04	3.3667216543254208E-01
5.5255255255255259E+04	3.3671404516811543E-01
5.6176176176176174E+04	3.3675586617353476E-01
5.7097097097097096E+04	3.3679762445787947E-01
5.8018018018018018E+04	3.3683931603022876E-01
5.8938938938938940E+04	3.3688093689957560E-01
5.9859859859859862E+04	3.3692248307517164E-01
6.0780780780780784E+04	3.3696395056600986E-01
6.1701701701701706E+04	3.3700533538116928E-01
6.2622622622622621E+04	3.3704663352972919E-01
6.3543543543543543E+04	3.3708784102068351E-01
6.4464464464464465E+04	3.3712895386328218E-01
6.5385385385385387E+04	3.3716996806651900E-01
6.6306306306306302E+04	3.3721087963947283E-01
6.7227227227227224E+04	3.3725168459122329E-01
6.8148148148148146E+04	3.3729237893076519E-01
6.9069069069069068E+04	3.3733295868394814E-01
6.9989989989989990E+04	3.3737342442050439E-01
7.0910910910910912E+04	3.3741378740521816E-01
7.1831831831831834E+04	3.3745406044024467E-01
7.2752752752752756E+04	3.3749425632798918E-01
7.3673673673673678E+04	3.3753438787060669E-01
7.4594594594594600E+04	3.3757446787033596E-01
7.5515515515515523E+04	3.3761450912941537E-01
7.6436436436436445E+04	3.3765452445000060E-01
7.7357357357357352E+04	3.3769452663449595E-01
7.8278278278278274E+04	3.3773452848505725E-01
7.9199199199199196E+04	3.3777454280392272E-01
8.0120120120120118E+04	3.3781458239333118E-01
8.1041041041041040E+04	3.3785466005543796E-01
8.1961961961961963E+04	3.3789478859264777E-01
8.2882882882882885E+04	3.3793498080711593E-01
8.3803803803803807E+04	3.3797524950108115E-01
8.4724724724724729E+04	3.3801560747669840E-01
8.5645645645645651E+04	3.3805606585341402E-01
8.6566566566566573E+04	3.3809662332358154E-01
8.7487487487487495E+04	3.3813727301429991E-01
8.8408408408408402E+04	3.3817800802651077E-01
8.9329329329329325E+04	3.3821882146107135E-01
9.0250250250250247E+04	3.3825970641909231E-01
9.1171171171171169E+04	3.3830065600143094E-01
9.2092092092092091E+04	3.3834166330902904E-01
9.3013013013013013E+04	3.3838272144282827E-01
9.3933933933933935E+04	3.3842382350368511E-01
9.4854854854854857E+04	3.3846496259271169E-01
9.5775775775775779E+04	3.3850613181076461E-01
9.6696696696696701E+04	3.3854732425878542E-01
9.7617617617617623E+04	3.3858853303771613E-01
9.8538538538538545E+04	3.3862975124841277E-01
9.9459459459459467E+04	3.3867097199198803E-01
1.0038038038038037E+05	3.3871218836929823E-01
1.0130130130130130E+05	3.3875339357215062E-01
1.0222222222222222E+05	3.3879458330318823E-01
1.0314314314314314E+05	3.3883575603511318E-01
1.0406406406406406E+05	3.3887691038317014E-01
1.0498498498498499E+05	3.3891804496268924E-01
1.0590590590590591E+05	3.3895915838900054E-01
1.0682682682682683E+05	3.3900024927734901E-01
1.0774774774774775E+05	3.3904131624323486E-01
1.0866866866866867E+05	3.3908235790190300E-01
1.0958958958958960E+05	3.3912337286868355E-01
1.1051051051051052E+05	3.3916435975890641E-01
1.1143143143143144E+05	3.3920531718781710E-01
1.1235235235235235E+05	3.3924624377091511E-01
1.1327327327327327E+05	3.3928713812344563E-01
1.1419419419419419E+05	3.3932799886073883E-01
1.1511511511511511E+05	3.3936882459804019E-01
1.1603603603603604E+05	3.3940961395084879E-01
1.1695695695695696E+05	3.3945036553729613E-01
1.1787787787787788E+05	3.3949107966674497E-01
1.1879879879879880E+05	3.3953176118287232E-01
1.1971971971971972E+05	3.3957241568127516E-01
1.2064064064064065E+05	3.3961304875780307E-01
1.2156156156156157E+05	3.3965366600805302E-01
1.2248248248248249E+05	3.3969427302770616E-01
1.2340340340340341E+05	3.3973487541244374E-01
1.2432432432432432E+05	3.3977547875786285E-01
1.2524524524524524E+05	3.3981608865981278E-01
1.2616616616616616E+05	3.3985671071389062E-01
1.2708708708708709E+05	3.3989735051577763E-01
1.2800800800800801E+05	3.3993801366115500E-01
1.2892892892892893E+05	3.3997870574561950E-01
1.2984984984984985E+05	3.4001943236502102E-01
1.3077077077077077E+05	3.4006019911495627E-01
1.3169169169169170E+05	3.4010101159110673E-01
1.3261261261261260E+05	3.4014187538906854E-01
1.3353353353353354E+05	3.4018279498774501E-01
1.3445445445445445E+05	3.4022376744446747E-01
1.3537537537537538E+05	3.4026478679071404E-01
1.3629629629629629E+05	3.4030584704906103E-01
1.3721721721721723E+05	3.4034694224199985E-01
1.3813813813813814E+05	3.4038806639227714E-01
1.3905905905905907E+05	3.4042921352238448E-01
1.3997997997997998E+05	3.4047037765489818E-01
1.4090090090090092E+05	3.4051155281239476E-01
1.4182182182182182E+05	3.4055273301736555E-01
1.4274274274274273E+05	3.4059391229255748E-01
1.4366366366366367E+05	3.4063508466046177E-01
1.4458458458458458E+05	3.4067624414365494E-01
1.4550550550550551E+05	3.4071738476462826E-01
1.4642642642642642E+05	3.4075850054612866E-01
1.4734734734734736E+05	3.4079958551064748E-01
1.4826826826826826E+05	3.4084063368076106E-01
1.4918918918918920E+05	3.4088163956716072E-01
1.5011011011011011E+05	3.4092260587993284E-01
1.5103103103103105E+05	3.4096354213343577E-01
1.5195195195195195E+05	3.4100445804774682E-01
1.5287287287287289E+05	3.4104536334302843E-01
1.5379379379379380E+05	3.4108626773944289E-01
1.5471471471471470E+05	3.4112718095706801E-01
1.5563563563563564E+05	3.4116811271623532E-01
1.5655655655655655E+05	3.4120907273702261E-01
1.5747747747747749E+05	3.4125007073959213E-01
1.5839839839839839E+05	3.4129111644402138E-01
1.5931931931931933E+05	3.4133221957064247E-01
1.6024024024024024E+05	3.4137338983953286E-01
1.6116116116116117E+05	3.4141463697085495E-01
1.6208208208208208E+05	3.4145597068477113E-01
1.6300300300300302E+05	3.4149740070135781E-01
1.6392392392392393E+05	3.4153893674094887E-01
1.6484484484484486E+05	3.4158058828852472E-01
1.6576576576576577E+05	3.4162235322413648E-01
1.6668668668668668E+05	3.4166421274721925E-01
1.6760760760760761E+05	3.4170614676483096E-01
1.6852852852852852E+05	3.4174813518429020E-01
1.6944944944944946E+05	3.4179015791265505E-01
1.7037037037037036E+05	3.4183219485707039E-01
1.7129129129129130E+05	3.4187422592468103E-01
1.7221221221221221E+05	3.4191623102254487E-01
1.7313313313313315E+05	3.4195819005798084E-01
1.7405405405405405E+05	3.4200008293804668E-01
1.7497497497497499E+05	3.4204188956988729E-01
1.7589589589589590E+05	3.4208358986056114E-01
1.7681681681681680E+05	3.4212516371738605E-01
1.7773773773773774E+05	3.4216659104742020E-01
1.7865865865865865E+05	3.4220785175780871E-01
1.7957957957957959E+05	3.4224892575569610E-01
1.8050050050050049E+05	3.4228979299432849E-01
1.8142142142142143E+05	3.4233044451551164E-01
1.8234234234234234E+05	3.4237089676974097E-01
1.8326326326326327E+05	3.4241116975180114E-01
1.8418418418418418E+05	3.4245128345647668E-01
1.8510510510510512E+05	3.4249125787846968E-01
1.8602602602602603E+05	3.4253111301273009E-01
1.8694694694694696E+05	3.4257086885395954E-01
1.8786786786786787E+05	3.4261054539694286E-01
1.8878878878878878E+05	3.4265016263638237E-01
1.8970970970970971E+05	3.4268974056722684E-01
1.9063063063063062E+05	3.4272929918417872E-01
1.9155155155155156E+05	3.4276885848202260E-01
1.9247247247247247E+05	3.4280843845554315E-01
1.9339339339339340E+05	3.4284805909944271E-01
1.9431431431431431E+05	3.4288774040867009E-01
1.9523523523523525E+05	3.4292750237792768E-01
1.9615615615615615E+05	3.4296736499672748E-01
1.9707707707707709E+05	3.4300734307247921E-01
1.9799799799799800E+05	3.4304743652992287E-01
1.9891891891891893E+05	3.4308764263886204E-01
1.9983983983983984E+05	3.4312795866885143E-01
2.0076076076076075E+05	3.4316838188952836E-01
2.0168168168168169E+05	3.4320890957053046E-01
2.0260260260260259E+05	3.4324953898141092E-01
2.0352352352352353E+05	3.4329026739197549E-01
2.0444444444444444E+05	3.4333109207177764E-01
2.0536536536536537E+05	3.4337201029045489E-01
2.0628628628628628E+05	3.4341301931755974E-01
2.0720720720720722E+05	3.4345411642289941E-01
2.0812812812812813E+05	3.4349529887602670E-01
2.0904904904904906E+05	3.4353656394657905E-01
2.0996996996996997E+05	3.4357790890419393E-01
2.1089089089089091E+05	3.4361933101842301E-01
2.1181181181181181E+05	3.4366082755571659E-01
2.1273273273273272E+05	3.4370239372818773E-01
2.1365365365365366E+05	3.4374401920630743E-01
2.1457457457457457E+05	3.4378569273532361E-01
2.1549549549549550E+05	3.4382740306039761E-01
2.1641641641641641E+05	3.4386913892694998E-01
2.1733733733733735E+05	3.4391088908014200E-01
2.1825825825825825E+05	3.4395264226522171E-01
2.1917917917917919E+05	3.4399438722735015E-01
2.2010010010010010E+05	3.4403611271194823E-01
2.2102102102102104E+05	3.4407780746417721E-01
2.2194194194194194E+05	3.4411946022928475E-01
2.2286286286286288E+05	3.4416105975251865E-01
2.2378378378378379E+05	3.4420259477904075E-01
2.2470470470470469E+05	3.4424405405427089E-01
2.2562562562562563E+05	3.4428542632337072E-01
2.2654654654654654E+05	3.4432670033158813E-01
2.2746746746746748E+05	3.4436786487422710E-01
2.2838838838838838E+05	3.4440891648955257E-01
2.2930930930930932E+05	3.4444986775918984E-01
2.3023023023023023E+05	3.4449073325621948E-01
2.3115115115115116E+05	3.4453152755380723E-01
2.3207207207207207E+05	3.4457226522511897E-01
2.3299299299299301E+05	3.4461296084323595E-01
2.3391391391391392E+05	3.4465362898149260E-01
2.3483483483483485E+05	3.4469428421297027E-01
2.3575575575575576E+05	3.4473494111083475E-01
2.3667667667667667E+05	3.4477561424816761E-01
2.3759759759759760E+05	3.4481631819830277E-01
2.3851851851851851E+05	3.4485706753432199E-01
2.3943943943943945E+05	3.4489787682939088E-01
2.4036036036036036E+05	3.4493876065667528E-01
2.4128128128128129E+05	3.4497973358925593E-01
2.4220220220220220E+05	3.4502081020046815E-01
2.4312312312312314E+05	3.4506200483109689E-01
2.4404404404404404E+05	3.4510332399787341E-01
2.4496496496496498E+05	3.4514476470124816E-01
2.4588588588588589E+05	3.4518632336678801E-01
2.4680680680680682E+05	3.4522799642031843E-01
2.4772772772772773E+05	3.4526978028740674E-01
2.4864864864864864E+05	3.4531167139370617E-01
2.4956956956956958E+05	3.4535366616478286E-01
2.5049049049049048E+05	3.4539576102646408E-01
2.5141141141141142E+05	3.4543795240431607E-01
2.5233233233233233E+05	3.4548023672399231E-01
2.5325325325325326E+05	3.4552261041114596E-01
2.5417417417417417E+05	3.4556506989134211E-01
2.5509509509509511E+05	3.4560761159041009E-01
2.5601601601601602E+05	3.4565023193391514E-01
2.5693693693693695E+05	3.4569292734751050E-01
2.5785785785785786E+05	3.4573569425684958E-01
2.5877877877877880E+05	3.4577852898524225E-01
2.5969969969969970E+05	3.4582142683886319E-01
2.6062062062062061E+05	3.4586438254036761E-01
2.6154154154154155E+05	3.4590739080559235E-01
2.6246246246246248E+05	3.4595044635037453E-01
2.6338338338338339E+05	3.4599354389046177E-01
2.6430430430430430E+05	3.4603667814186978E-01
2.6522522522522521E+05	3.4607984382034612E-01
2.6614614614614617E+05	3.4612303564172781E-01
2.6706706706706708E+05	3.4616624832176252E-01
2.6798798798798799E+05	3.4620947657646611E-01
2.6890890890890890E+05	3.4625271512158606E-01
2.6982982982982986E+05	3.4629595867295954E-01
2.7075075075075077E+05	3.4633920194642331E-01
2.7167167167167168E+05	3.4638243965772497E-01
2.7259259259259258E+05	3.4642566652288059E-01
2.7351351351351349E+05	3.4646887725767539E-01
2.7443443443443446E+05	3.4651206697991521E-01
2.7535535535535536E+05	3.4655523220180556E-01
2.7627627627627627E+05	3.4659836973764679E-01
2.7719719719719718E+05	3.4664147640200693E-01
2.7811811811811815E+05	3.4668454900918638E-01
2.7903903903903905E+05	3.4672758437357448E-01
2.7995995995995996E+05	3.4677057930947197E-01
2.8088088088088087E+05	3.4681353063144627E-01
2.8180180180180183E+05	3.4685643515379783E-01
2.8272272272272274E+05	3.4689928969091627E-01
2.8364364364364365E+05	3.4694209105719115E-01
2.8456456456456456E+05	3.4698483606692343E-01
2.8548548548548546E+05	3.4702752153467969E-01
2.8640640640640643E+05	3.4707014427476085E-01
2.8732732732732734E+05	3.4711270110155656E-01
2.8824824824824824E+05	3.4715518882945634E-01
2.8916916916916915E+05	3.4719760436780500E-01
2.9009009009009012E+05	3.4723994769139865E-01
2.9101101101101103E+05	3.4728222242637347E-01
2.9193193193193193E+05	3.4732443241240774E-01
2.9285285285285284E+05	3.4736658148917976E-01
2.9377377377377381E+05	3.4740867349628057E-01
2.9469469469469471E+05	3.4745071227356300E-01
2.9561561561561562E+05	3.4749270166061796E-01
2.9653653653653653E+05	3.4753464549712382E-01
2.9745745745745744E+05	3.4757654762267209E-01
2.9837837837837840E+05	3.4761841187711462E-01
2.9929929929929931E+05	3.4766024210004282E-01
3.0022022022022022E+05	3.4770204213113504E-01
3.0114114114114112E+05	3.4774381581006952E-01
3.0206206206206209E+05	3.4778556697643820E-01
3.0298298298298300E+05	3.4782729947009217E-01
3.0390390390390391E+05	3.4786901713062329E-01
3.0482482482482481E+05	3.4791072419134039E-01
3.0574574574574578E+05	3.4795242700611556E-01
3.0666666666666669E+05	3.4799413263966777E-01
3.0758758758758759E+05	3.4803584815749194E-01
3.0850850850850850E+05	3.4807758062482391E-01
3.0942942942942941E+05	3.4811933710698573E-01
3.1035035035035037E+05	3.4816112466921317E-01
3.1127127127127128E+05	3.4820295037700122E-01
3.1219219219219219E+05	3.4824482129558582E-01
3.1311311311311310E+05	3.4828674449028896E-01
3.1403403403403406E+05	3.4832872702643281E-01
3.1495495495495497E+05	3.4837077596925248E-01
3.1587587587587588E+05	3.4841289838424411E-01
3.1679679679679679E+05	3.4845510133664304E-01
3.1771771771771775E+05	3.4849739189177137E-01
3.1863863863863866E+05	3.4853977711495115E-01
3.1955955955955957E+05	3.4858226391480879E-01
3.2048048048048047E+05	3.4862485471927984E-01
3.2140140140140138E+05	3.4866754692441843E-01
3.2232232232232235E+05	3.4871033765916171E-01
3.2324324324324325E+05	3.4875322405244702E-01
3.2416416416416416E+05	3.4879620323312260E-01
3.2508508508508507E+05	3.4883927233030376E-01
3.2600600600600604E+05	3.4888242847283879E-01
3.2692692692692694E+05	3.4892566878966513E-01
3.2784784784784785E+05	3.4896899040963020E-01
3.2876876876876876E+05	3.4901239046185079E-01
3.2968968968968972E+05	3.4905586607517441E-01
3.3061061061061063E+05	3.4909941437853859E-01
3.3153153153153154E+05	3.4914303250088047E-01
3.3245245245245245E+05	3.4918671757104680E-01
3.3337337337337335E+05	3.4923046671815594E-01
3.3429429429429432E+05	3.4927427707091047E-01
3.3521521521521523E+05	3.4931814487778434E-01
3.3613613613613613E+05	3.4936206342538773E-01
3.3705705705705704E+05	3.4940602537799370E-01
3.3797797797797801E+05	3.4945002340014847E-01
3.3889889889889891E+05	3.4949405015612506E-01
3.3981981981981982E+05	3.4953809831028759E-01
3.4074074074074073E+05	3.4958216052690899E-01
3.4166166166166170E+05	3.4962622947053573E-01
3.4258258258258260E+05	3.4967029780544068E-01
3.4350350350350351E+05	3.4971435819598812E-01
3.4442442442442442E+05	3.4975840330654195E-01
3.4534534534534533E+05	3.4980242580137516E-01
3.4626626626626629E+05	3.4984641834503427E-01
3.4718718718718720E+05	3.4989037360179209E-01
3.4810810810810811E+05	3.4993428423601269E-01
3.4902902902902901E+05	3.4997814291206036E-01
3.4994994994994998E+05	3.5002194238615214E-01
3.5087087087087089E+05	3.5006567638849001E-01
3.5179179179179179E+05	3.5010933923479676E-01
3.5271271271271270E+05	3.5015292524890945E-01
3.5363363363363361E+05	3.5019642875466528E-01
3.5455455455455458E+05	3.5023984407581127E-01
3.5547547547547548E+05	3.5028316553636429E-01
3.5639639639639639E+05	3.5032638746007155E-01
3.5731731731731730E+05	3.5036950417076984E-01
3.5823823823823826E+05	3.5041250999220735E-01
3.5915915915915917E+05	3.5045539924839925E-01
3.6008008008008008E+05	3.5049816626309332E-01
3.6100100100100099E+05	3.5054080536012677E-01
3.6192192192192195E+05	3.5058331086333633E-01
3.6284284284284286E+05	3.5062567709647180E-01
3.6376376376376377E+05	3.5066789838354528E-01
3.6468468468468467E+05	3.5070996938293192E-01
3.6560560560560558E+05	3.5075189853786887E-01
3.6652652652652655E+05	3.5079371266095732E-01
3.6744744744744746E+05	3.5083543984001564E-01
3.6836836836836836E+05	3.5087710816312168E-01
3.6928928928928927E+05	3.5091874571809378E-01
3.7021021021021024E+05	3.5096038059283685E-01
3.7113113113113114E+05	3.5100204087516951E-01
3.7205205205205205E+05	3.5104375465316917E-01
3.7297297297297296E+05	3.5108555001465447E-01
3.7389389389389392E+05	3.5112745504753035E-01
3.7481481481481483E+05	3.5116949783970175E-01
3.7573573573573574E+05	3.5121170647898597E-01
3.7665665665665665E+05	3.5125410905346266E-01
3.7757757757757755E+05	3.5129673365094954E-01
3.7849849849849852E+05	3.5133960835935152E-01
3.7941941941941943E+05	3.5138276121601075E-01
3.8034034034034034E+05	3.5142620601954322E-01
3.8126126126126124E+05	3.5146992286861634E-01
3.8218218218218221E+05	3.5151388698649433E-01
3.8310310310310312E+05	3.5155807359653085E-01
3.8402402402402402E+05	3.5160245792207978E-01
3.8494494494494493E+05	3.5164701518640235E-01
3.8586586586586590E+05	3.5169172061303694E-01
3.8678678678678680E+05	3.5173654942524524E-01
3.8770770770770771E+05	3.5178147684638095E-01
3.8862862862862862E+05	3.5182647809970480E-01
3.8954954954954953E+05	3.5187152840875663E-01
3.9047047047047049E+05	3.5191660299679733E-01
3.9139139139139140E+05	3.5196167708718062E-01
3.9231231231231231E+05	3.5200672590326021E-01
3.9323323323323322E+05	3.5205172466829687E-01
3.9415415415415418E+05	3.5209664860583062E-01
3.9507507507507509E+05	3.5214147754560654E-01
3.9599599599599600E+05	3.5218620976900250E-01
3.9691691691691690E+05	3.5223084817669043E-01
3.9783783783783787E+05	3.5227539566925020E-01
3.9875875875875878E+05	3.5231985514753855E-01
3.9967967967967968E+05	3.5236422951213492E-01
4.0060060060060059E+05	3.5240852166371156E-01
4.0152152152152150E+05	3.5245273450284892E-01
4.0244244244244247E+05	3.5249687093040216E-01
4.0336336336336337E+05	3.5254093384695179E-01
4.0428428428428428E+05	3.5258492615316978E-01
4.0520520520520519E+05	3.5262885074972816E-01
4.0612612612612615E+05	3.5267271053720833E-01
4.0704704704704706E+05	3.5271650841646379E-01
4.0796796796796797E+05	3.5276024728807581E-01
4.0888888888888888E+05	3.5280393005271649E-01
4.0980980980980984E+05	3.5284755831442222E-01
4.1073073073073075E+05	3.5289112583544974E-01
4.1165165165165166E+05	3.5293462344547250E-01
4.1257257257257256E+05	3.5297804196879262E-01
4.1349349349349347E+05	3.5302137222980268E-01
4.1441441441441444E+05	3.5306460505289528E-01
4.1533533533533535E+05	3.5310773126237377E-01
4.1625625625625625E+05	3.5315074168280935E-01
4.1717717717717716E+05	3.5319362713850500E-01
4.1809809809809813E+05	3.5323637845385347E-01
4.1901901901901903E+05	3.5327898645315908E-01
4.1993993993993994E+05	3.5332144196099091E-01
4.2086086086086085E+05	3.5336373580165320E-01
4.2178178178178181E+05	3.5340585879953834E-01
4.2270270270270272E+05	3.5344780177903901E-01
4.2362362362362363E+05	3.5348955556446127E-01
4.2454454454454454E+05	3.5353111440331714E-01
4.2546546546546544E+05	3.5357249669986363E-01
4.2638638638638641E+05	3.5361373125489454E-01
4.2730730730730732E+05	3.5365484690968824E-01
4.2822822822822822E+05	3.5369587250543794E-01
4.2914914914914913E+05	3.5373683688359203E-01
4.3007007007007010E+05	3.5377776888534362E-01
4.3099099099099101E+05	3.5381869735197108E-01
4.3191191191191191E+05	3.5385965112466777E-01
4.3283283283283282E+05	3.5390065904488160E-01
4.3375375375375379E+05	3.5394174995380612E-01
4.3467467467467469E+05	3.5398295269271957E-01
4.3559559559559560E+05	3.5402429610290026E-01
4.3651651651651651E+05	3.5406580902554030E-01
4.3743743743743742E+05	3.5410752030208997E-01
4.3835835835835838E+05	3.5414945877374160E-01
4.3927927927927929E+05	3.5419164978806428E-01
4.4020020020020020E+05	3.5423409752653651E-01
4.4112112112112110E+05	3.5427679824132485E-01
4.4204204204204207E+05	3.5431974817091971E-01
4.4296296296296298E+05	3.5436294355354586E-01
4.4388388388388389E+05	3.5440638062751662E-01
4.4480480480480479E+05	3.5445005563114523E-01
4.4572572572572576E+05	3.5449396480265360E-01
4.4664664664664667E+05	3.5453810438053701E-01
4.4756756756756757E+05	3.5458247060301790E-01
4.4848848848848848E+05	3.5462705970840941E-01
4.4940940940940939E+05	3.5467186793493177E-01
4.5033033033033035E+05	3.5471689152108382E-01
4.5125125125125126E+05	3.5476212670508628E-01
4.5217217217217217E+05	3.5480756972525218E-01
4.5309309309309308E+05	3.5485321681989485E-01
4.5401401401401404E+05	3.5489906062453030E-01
4.5493493493493495E+05	3.5494507877553161E-01
4.5585585585585586E+05	3.5499124500601376E-01
4.5677677677677677E+05	3.5503753304917773E-01
4.5769769769769773E+05	3.5508391663822447E-01
4.5861861861861864E+05	3.5513036950625859E-01
4.5953953953953955E+05	3.5517686538667353E-01
4.6046046046046045E+05	3.5522337801257409E-01
4.6138138138138136E+05	3.5526988111716107E-01
4.6230230230230233E+05	3.5531634843353932E-01
4.6322322322322323E+05	3.5536275369510240E-01
4.6414414414414414E+05	3.5540907063495475E-01
4.6506506506506505E+05	3.5545527298629731E-01
4.6598598598598602E+05	3.5550133448233123E-01
4.6690690690690692E+05	3.5554722885616225E-01
4.6782782782782783E+05	3.5559292986261265E-01
4.6874874874874874E+05	3.5563842171981047E-01
4.6966966966966970E+05	3.5568371593282705E-01
4.7059059059059061E+05	3.5572882839873787E-01
4.7151151151151152E+05	3.5577377501452584E-01
4.7243243243243243E+05	3.5581857167745268E-01
4.7335335335335333E+05	3.5586323428450073E-01
4.7427427427427430E+05	3.5590777873274571E-01
4.7519519519519521E+05	3.5595222091917134E-01
4.7611611611611611E+05	3.5599657674103730E-01
4.7703703703703702E+05	3.5604086209532709E-01
4.7795795795795799E+05	3.5608509287911627E-01
4.7887887887887890E+05	3.5612928498948077E-01
4.7979979979979980E+05	3.5617345432340447E-01
4.8072072072072071E+05	3.5621761677814606E-01
4.8164164164164168E+05	3.5626178825068977E-01
4.8256256256256258E+05	3.5630598452345330E-01
4.8348348348348349E+05	3.5635021561000868E-01
4.8440440440440440E+05	3.5639448316822592E-01
4.8532532532532531E+05	3.5643878820187802E-01
4.8624624624624627E+05	3.5648313171446294E-01
4.8716716716716718E+05	3.5652751470957028E-01
4.8808808808808809E+05	3.5657193819078969E-01
4.8900900900900899E+05	3.5661640316161863E-01
4.8992992992992996E+05	3.5666091062583094E-01
4.9085085085085087E+05	3.5670546158692412E-01
4.9177177177177178E+05	3.5675005704848789E-01
4.9269269269269268E+05	3.5679469801401936E-01
4.9361361361361365E+05	3.5683938548729288E-01
4.9453453453453456E+05	3.5688412047180590E-01
4.9545545545545546E+05	3.5692890397114796E-01
4.9637637637637637E+05	3.5697373698890850E-01
4.9729729729729728E+05	3.5701862076180069E-01
4.9821821821821824E+05	3.5706355959898906E-01
4.9913913913913915E+05	3.5710855997750413E-01
5.0006006006006006E+05	3.5715362841996728E-01
5.0098098098098097E+05	3.5719877144899992E-01
5.0190190190190193E+05	3.5724399558712949E-01
5.0282282282282284E+05	3.5728930735716496E-01
5.0374374374374375E+05	3.5733471328163391E-01
5.0466466466466465E+05	3.5738021988315782E-01
5.0558558558558562E+05	3.5742583368426339E-01
5.0650650650650653E+05	3.5747156120776108E-01
5.0742742742742744E+05	3.5751740897617779E-01
5.0834834834834834E+05	3.5756338351213496E-01
5.0926926926926925E+05	3.5760949133825387E-01
5.1019019019019022E+05	3.5765573897706004E-01
5.1111111111111112E+05	3.5770213295136638E-01
5.1203203203203203E+05	3.5774867420096768E-01
5.1295295295295294E+05	3.5779533709325628E-01
5.1387387387387390E+05	3.5784208809810586E-01
5.1479479479479481E+05	3.5788889368399995E-01
5.1571571571571572E+05	3.5793572031971332E-01
5.1663663663663663E+05	3.5798253447372974E-01
5.1755755755755759E+05	3.5802930261462984E-01
5.1847847847847850E+05	3.5807599121099437E-01
5.1939939939939941E+05	3.5812256673130777E-01
5.2032032032032032E+05	3.5816899564434362E-01
5.2124124124124122E+05	3.5821524441858599E-01
5.2216216216216219E+05	3.5826127952261561E-01
5.2308308308308310E+05	3.5830706742491863E-01
5.2400400400400400E+05	3.5835257459426550E-01
5.2492492492492497E+05	3.5839776749914176E-01
5.2584584584584588E+05	3.5844261288250273E-01
5.2676676676676678E+05	3.5848709858860156E-01
5.2768768768768769E+05	3.5853124815807591E-01
5.2860860860860860E+05	3.5857508858060017E-01
5.2952952952952951E+05	3.5861864684557426E-01
5.3045045045045041E+05	3.5866194994248968E-01
5.3137137137137132E+05	3.5870502486083822E-01
5.3229229229229235E+05	3.5874789859002254E-01
5.3321321321321325E+05	3.5879059811971209E-01
5.3413413413413416E+05	3.5883315043930936E-01
5.3505505505505507E+05	3.5887558253830593E-01
5.3597597597597598E+05	3.5891792140610584E-01
5.3689689689689688E+05	3.5896019403237589E-01
5.3781781781781779E+05	3.5900242740652011E-01
5.3873873873873870E+05	3.5904464851802997E-01
5.3965965965965972E+05	3.5908688435639702E-01
5.4058058058058063E+05	3.5912916045672916E-01
5.4150150150150154E+05	3.5917149064667764E-01
5.4242242242242245E+05	3.5921388310569230E-01
5.4334334334334335E+05	3.5925634597686740E-01
5.4426426426426426E+05	3.5929888740329702E-01
5.4518518518518517E+05	3.5934151552798699E-01
5.4610610610610608E+05	3.5938423849420809E-01
5.4702702702702698E+05	3.5942706444496642E-01
5.4794794794794801E+05	3.5947000152335584E-01
5.4886886886886891E+05	3.5951305787247079E-01
5.4978978978978982E+05	3.5955624163531580E-01
5.5071071071071073E+05	3.5959956095516393E-01
5.5163163163163164E+05	3.5964302397502018E-01
5.5255255255255254E+05	3.5968663883797847E-01
5.5347347347347345E+05	3.5973041368704228E-01
5.5439439439439436E+05	3.5977435647866168E-01
5.5531531531531527E+05	3.5981846640106480E-01
5.5623623623623629E+05	3.5986273029630633E-01
5.5715715715715720E+05	3.5990713407757025E-01
5.5807807807807811E+05	3.5995166365794806E-01
5.5899899899899901E+05	3.5999630495080837E-01
5.5991991991991992E+05	3.6004104386924279E-01
5.6084084084084083E+05	3.6008586632643569E-01
5.6176176176176174E+05	3.6013075823557067E-01
5.6268268268268264E+05	3.6017570550973871E-01
5.6360360360360367E+05	3.6022069406230994E-01
5.6452452452452458E+05	3.6026570980637529E-01
5.6544544544544548E+05	3.6031073865511887E-01
5.6636636636636639E+05	3.6035576652163109E-01
5.6728728728728730E+05	3.6040077931928266E-01
5.6820820820820821E+05	3.6044576296219927E-01
5.6912912912912911E+05	3.6049070947463213E-01
5.7005005005005002E+05	3.6053563139638695E-01
5.7097097097097093E+05	3.6058054556829278E-01
5.7189189189189195E+05	3.6062546883145807E-01
5.7281281281281286E+05	3.6067041802671207E-01
5.7373373373373377E+05	3.6071540999497725E-01
5.7465465465465467E+05	3.6076046157717584E-01
5.7557557557557558E+05	3.6080558961413667E-01
5.7649649649649649E+05	3.6085081094696886E-01
5.7741741741741740E+05	3.6089614241650153E-01
5.7833833833833830E+05	3.6094160086365690E-01
5.7925925925925921E+05	3.6098720312935717E-01
5.8018018018018024E+05	3.6103296605442992E-01
5.8110110110110114E+05	3.6107890647998697E-01
5.8202202202202205E+05	3.6112504124685607E-01
5.8294294294294296E+05	3.6117138394817855E-01
5.8386386386386387E+05	3.6121792468949965E-01
5.8478478478478477E+05	3.6126464324792357E-01
5.8570570570570568E+05	3.6131151935564926E-01
5.8662662662662659E+05	3.6135853274497226E-01
5.8754754754754761E+05	3.6140566314818773E-01
5.8846846846846852E+05	3.6145289029749328E-01
5.8938938938938943E+05	3.6150019392537980E-01
5.9031031031031033E+05	3.6154755376404507E-01
5.9123123123123124E+05	3.6159494954578425E-01
5.9215215215215215E+05	3.6164236100289282E-01
5.9307307307307306E+05	3.6168976786756785E-01
5.9399399399399396E+05	3.6173714987230121E-01
5.9491491491491487E+05	3.6178448674929004E-01
5.9583583583583590E+05	3.6183175823082958E-01
5.9675675675675680E+05	3.6187894535321630E-01
5.9767767767767771E+05	3.6192604851406174E-01
5.9859859859859862E+05	3.6197308293739822E-01
5.9951951951951953E+05	3.6202006422430411E-01
6.0044044044044043E+05	3.6206700797585800E-01
6.0136136136136134E+05	3.6211392979304124E-01
6.0228228228228225E+05	3.6216084527712650E-01
6.0320320320320316E+05	3.6220777002909516E-01
6.0412412412412418E+05	3.6225471965002559E-01
6.0504504504504509E+05	3.6230170974099624E-01
6.0596596596596600E+05	3.6234875590298826E-01
6.0688688688688690E+05	3.6239587373727472E-01
6.0780780780780781E+05	3.6244307884483690E-01
6.0872872872872872E+05	3.6249038682675316E-01
6.0964964964964963E+05	3.6253781328410201E-01
6.1057057057057053E+05	3.6258537312336026E-01
6.1149149149149156E+05	3.6263305907643539E-01
6.1241241241241246E+05	3.6268083758513392E-01
6.1333333333333337E+05	3.6272867356638760E-01
6.1425425425425428E+05	3.6277653193702886E-01
6.1517517517517519E+05	3.6282437761418762E-01
6.1609609609609609E+05	3.6287217551469630E-01
6.1701701701701700E+05	3.6291989055548662E-01
6.1793793793793791E+05	3.6296748765349013E-01
6.1885885885885882E+05	3.6301493172554034E-01
6.1977977977977984E+05	3.6306218768876547E-01
6.2070070070070075E+05	3.6310922045999877E-01
6.2162162162162166E+05	3.6315599495617173E-01
6.2254254254254256E+05	3.6320247609421602E-01
6.2346346346346347E+05	3.6324862879096798E-01
6.2438438438438438E+05	3.6329441840702886E-01
6.2530530530530529E+05	3.6333983982553769E-01
6.2622622622622619E+05	3.6338493544936451E-01
6.2714714714714710E+05	3.6342975198176114E-01
6.2806806806806813E+05	3.6347433612625779E-01
6.2898898898898903E+05	3.6351873458610606E-01
6.2990990990990994E+05	3.6356299406465037E-01
6.3083083083083085E+05	3.6360716126523535E-01
6.3175175175175176E+05	3.6365128289111420E-01
6.3267267267267266E+05	3.6369540564581415E-01
6.3359359359359357E+05	3.6373957623258835E-01
6.3451451451451448E+05	3.6378384135478148E-01
6.3543543543543550E+05	3.6382824771573796E-01
6.3635635635635641E+05	3.6387284201870990E-01
6.3727727727727732E+05	3.6391767096722649E-01
6.3819819819819822E+05	3.6396278090713513E-01
6.3911911911911913E+05	3.6400819107785920E-01
6.4004004004004004E+05	3.6405387507724535E-01
6.4096096096096095E+05	3.6409980212014098E-01
6.4188188188188185E+05	3.6414594142167933E-01
6.4280280280280276E+05	3.6419226219670825E-01
6.4372372372372379E+05	3.6423873366017062E-01
6.4464464464464469E+05	3.6428532502691269E-01
6.4556556556556560E+05	3.6433200551207040E-01
6.4648648648648651E+05	3.6437874433049017E-01
6.4740740740740742E+05	3.6442551069711471E-01
6.4832832832832832E+05	3.6447227382688702E-01
6.4924924924924923E+05	3.6451900293465311E-01
6.5017017017017014E+05	3.6456566723554945E-01
6.5109109109109105E+05	3.6461223594442216E-01
6.5201201201201207E+05	3.6465867863404139E-01
6.5293293293293298E+05	3.6470498237131904E-01
6.5385385385385389E+05	3.6475115927100965E-01
6.5477477477477479E+05	3.6479722337801818E-01
6.5569569569569570E+05	3.6484318873696253E-01
6.5661661661661661E+05	3.6488906939255639E-01
6.5753753753753752E+05	3.6493487938941876E-01
6.5845845845845842E+05	3.6498063277245296E-01
6.5937937937937945E+05	3.6502634358627789E-01
6.6030030030030035E+05	3.6507202587560716E-01
6.6122122122122126E+05	3.6511769368515451E-01
6.6214214214214217E+05	3.6516336105953912E-01
6.6306306306306308E+05	3.6520904204366378E-01
6.6398398398398398E+05	3.6525475068214763E-01
6.6490490490490489E+05	3.6530050101970435E-01
6.6582582582582580E+05	3.6534630687721298E-01
6.6674674674674671E+05	3.6539217709250310E-01
6.6766766766766773E+05	3.6543811561084438E-01
6.6858858858858864E+05	3.6548412617141096E-01
6.6950950950950955E+05	3.6553021251347179E-01
6.7043043043043045E+05	3.6557637837629592E-01
6.7135135135135136E+05	3.6562262749905639E-01
6.7227227227227227E+05	3.6566896362121365E-01
6.7319319319319318E+05	3.6571539048194113E-01
6.7411411411411408E+05	3.6576191182050766E-01
6.7503503503503499E+05	3.6580853137608565E-01
6.7595595595595601E+05	3.6585525288813714E-01
6.7687687687687692E+05	3.6590208009583458E-01
6.7779779779779783E+05	3.6594901673844699E-01
6.7871871871871874E+05	3.6599606655524330E-01
6.7963963963963964E+05	3.6604323302595487E-01
6.8056056056056055E+05	3.6609051707373025E-01
6.8148148148148146E+05	3.6613791816652885E-01
6.8240240240240237E+05	3.6618543575557660E-01
6.8332332332332339E+05	3.6623306929209942E-01
6.8424424424424430E+05	3.6628081822722430E-01
6.8516516516516521E+05	3.6632868201237484E-01
6.8608608608608611E+05	3.6637666009867831E-01
6.8700700700700702E+05	3.6642475193736052E-01
6.8792792792792793E+05	3.6647295697954752E-01
6.8884884884884884E+05	3.6652127467666484E-01
6.8976976976976974E+05	3.6656970447983889E-01
6.9069069069069065E+05	3.6661824584029529E-01
6.9161161161161168E+05	3.6666689820926007E-01
6.9253253253253258E+05	3.6671566103785824E-01
6.9345345345345349E+05	3.6676453035833234E-01
6.9437437437437440E+05	3.6681348601087538E-01
6.9529529529529531E+05	3.6686250304759704E-01
6.9621621621621621E+05	3.6691155651988688E-01
6.9713713713713712E+05	3.6696062147903274E-01
6.9805805805805803E+05	3.6700967297662723E-01
6.9897897897897894E+05	3.6705868606395814E-01
6.9989989989989996E+05	3.6710763579241495E-01
7.0082082082082087E+05	3.6715649721338706E-01
7.0174174174174177E+05	3.6720524537816301E-01
7.0266266266266268E+05	3.6725385533833421E-01
7.0358358358358359E+05	3.6730230214518900E-01
7.0450450450450450E+05	3.6735056085011686E-01
7.0542542542542540E+05	3.6739860650440787E-01
7.0634634634634631E+05	3.6744641422370733E-01
7.0726726726726722E+05	3.6749397170432208E-01
7.0818818818818824E+05	3.6754129423697257E-01
7.0910910910910915E+05	3.6758840077347632E-01
7.1003003003003006E+05	3.6763531026555385E-01
7.1095095095095097E+05	3.6768204166521679E-01
7.1187187187187187E+05	3.6772861392418543E-01
7.1279279279279278E+05	3.6777504599427707E-01
7.1371371371371369E+05	3.6782135682730921E-01
7.1463463463463460E+05	3.6786756537500359E-01
7.1555555555555562E+05	3.6791369058936918E-01
7.1647647647647653E+05	3.6795975142212767E-01
7.1739739739739744E+05	3.6800576682509634E-01
7.1831831831831834E+05	3.6805175574999749E-01
7.1923923923923925E+05	3.6809773714883903E-01
7.2016016016016016E+05	3.6814372975842136E-01
7.2108108108108107E+05	3.6818974813360672E-01
7.2200200200200197E+05	3.6823580303090425E-01
7.2292292292292288E+05	3.6828190506876463E-01
7.2384384384384390E+05	3.6832806486592468E-01
7.2476476476476481E+05	3.6837429304083519E-01
7.2568568568568572E+05	3.6842060021204215E-01
7.2660660660660663E+05	3.6846699699809166E-01
7.2752752752752753E+05	3.6851349401743333E-01
7.2844844844844844E+05	3.6856010188880600E-01
7.2936936936936935E+05	3.6860683123065935E-01
7.3029029029029026E+05	3.6865369266153958E-01
7.3121121121121116E+05	3.6870069679999262E-01
7.3213213213213219E+05	3.6874785426446693E-01
7.3305305305305310E+05	3.6879517567370373E-01
7.3397397397397400E+05	3.6884266676591043E-01
7.3489489489489491E+05	3.6889030965093333E-01
7.3581581581581582E+05	3.6893807929722588E-01
7.3673673673673673E+05	3.6898595067201639E-01
7.3765765765765763E+05	3.6903389874223652E-01
7.3857857857857854E+05	3.6908189847491679E-01
7.3949949949949956E+05	3.6912992483708762E-01
7.4042042042042047E+05	3.6917795279567989E-01
7.4134134134134138E+05	3.6922595731792318E-01
7.4226226226226229E+05	3.6927391337074844E-01
7.4318318318318320E+05	3.6932179592118608E-01
7.4410410410410410E+05	3.6936957993626662E-01
7.4502502502502501E+05	3.6941724038292190E-01
7.4594594594594592E+05	3.6946475222837988E-01
7.4686686686686683E+05	3.6951209097192489E-01
7.4778778778778785E+05	3.6955925323667588E-01
7.4870870870870876E+05	3.6960626333664692E-01
7.4962962962962966E+05	3.6965314746219596E-01
7.5055055055055057E+05	3.6969993180338862E-01
7.5147147147147148E+05	3.6974664255038808E-01
7.5239239239239239E+05	3.6979330589335763E-01
7.5331331331331329E+05	3.6983994802236370E-01
7.5423423423423420E+05	3.6988659512776273E-01
7.5515515515515511E+05	3.6993327339962123E-01
7.5607607607607613E+05	3.6998000902810252E-01
7.5699699699699704E+05	3.7002682820336968E-01
7.5791791791791795E+05	3.7007375711548862E-01
7.5883883883883886E+05	3.7012082195481677E-01
7.5975975975975976E+05	3.7016804891142036E-01
7.6068068068068067E+05	3.7021545807810463E-01
7.6160160160160158E+05	3.7026304059300741E-01
7.6252252252252249E+05	3.7031077900831261E-01
7.6344344344344351E+05	3.7035865587514788E-01
7.6436436436436442E+05	3.7040665374434478E-01
7.6528528528528532E+05	3.7045475516683313E-01
7.6620620620620623E+05	3.7050294269344314E-01
7.6712712712712714E+05	3.7055119887530436E-01
7.6804804804804805E+05	3.7059950626324700E-01
7.6896896896896895E+05	3.7064784740820123E-01
7.6988988988988986E+05	3.7069620486109695E-01
7.7081081081081077E+05	3.7074456117276394E-01
7.7173173173173179E+05	3.7079289889433265E-01
7.7265265265265270E+05	3.7084120057663289E-01
7.7357357357357361E+05	3.7088944977163740E-01
7.7449449449449452E+05	3.7093764899638659E-01
7.7541541541541542E+05	3.7098581771934280E-01
7.7633633633633633E+05	3.7103397600601051E-01
7.7725725725725724E+05	3.7108214392159483E-01
7.7817817817817815E+05	3.7113034153140062E-01
7.7909909909909905E+05	3.7117858890063288E-01
7.8002002002002008E+05	3.7122690609479631E-01
7.8094094094094099E+05	3.7127531317909596E-01
7.8186186186186189E+05	3.7132383021883675E-01
7.8278278278278280E+05	3.7137247727932365E-01
7.8370370370370371E+05	3.7142127442576023E-01
7.8462462462462462E+05	3.7147024172365356E-01
7.8554554554554552E+05	3.7151939923820770E-01
7.8646646646646643E+05	3.7156876698701963E-01
7.8738738738738745E+05	3.7161835035091534E-01
7.8830830830830836E+05	3.7166811949058948E-01
7.8922922922922927E+05	3.7171803937713394E-01
7.9015015015015018E+05	3.7176807498133152E-01
7.9107107107107108E+05	3.7181819127406773E-01
7.9199199199199199E+05	3.7186835322612449E-01
7.9291291291291290E+05	3.7191852580859519E-01
7.9383383383383381E+05	3.7196867399226180E-01
7.9475475475475471E+05	3.7201876274800988E-01
7.9567567567567574E+05	3.7206875704672510E-01
7.9659659659659665E+05	3.7211862185918992E-01
7.9751751751751755E+05	3.7216832215649692E-01
7.9843843843843846E+05	3.7221782290942795E-01
7.9935935935935937E+05	3.7226708908886896E-01
8.0028028028028028E+05	3.7231609132219157E-01
8.0120120120120118E+05	3.7236483739442938E-01
8.0212212212212209E+05	3.7241335008595261E-01
8.0304304304304300E+05	3.7246165221848049E-01
8.0396396396396402E+05	3.7250976661383306E-01
8.0488488488488493E+05	3.7255771609383098E-01
8.0580580580580584E+05	3.7260552348019554E-01
8.0672672672672675E+05	3.7265321159494524E-01
8.0764764764764765E+05	3.7270080325980104E-01
8.0856856856856856E+05	3.7274832129658347E-01
8.0948948948948947E+05	3.7279578852701450E-01
8.1041041041041038E+05	3.7284322777311130E-01
8.1133133133133140E+05	3.7289066185659553E-01
8.1225225225225231E+05	3.7293811359928775E-01
8.1317317317317321E+05	3.7298560586325719E-01
8.1409409409409412E+05	3.7303316221343830E-01
8.1501501501501503E+05	3.7308080681283851E-01
8.1593593593593594E+05	3.7312856384320792E-01
8.1685685685685684E+05	3.7317645748639522E-01
8.1777777777777775E+05	3.7322451192424910E-01
8.1869869869869866E+05	3.7327275133851817E-01
8.1961961961961968E+05	3.7332119991125079E-01
8.2054054054054059E+05	3.7336988182419595E-01
8.2146146146146150E+05	3.7341882125920217E-01
8.2238238238238241E+05	3.7346804239801606E-01
8.2330330330330331E+05	3.7351756942269004E-01
8.2422422422422422E+05	3.7356742651497110E-01
8.2514514514514513E+05	3.7361763785670787E-01
8.2606606606606604E+05	3.7366822712648123E-01
8.2698698698698694E+05	3.7371919119194025E-01
8.2790790790790797E+05	3.7377048720204353E-01
8.2882882882882887E+05	3.7382206909486282E-01
8.2974974974974978E+05	3.7387389080857525E-01
8.3067067067067069E+05	3.7392590628135786E-01
8.3159159159159160E+05	3.7397806945127943E-01
8.3251251251251251E+05	3.7403033425673310E-01
8.3343343343343341E+05	3.7408265463578799E-01
8.3435435435435432E+05	3.7413498452662119E-01
8.3527527527527534E+05	3.7418727786740968E-01
8.3619619619619625E+05	3.7423948859622236E-01
8.3711711711711716E+05	3.7429157065145280E-01
8.3803803803803807E+05	3.7434347797116951E-01
8.3895895895895897E+05	3.7439516454635252E-01
8.3987987987987988E+05	3.7444660355131598E-01
8.4080080080080079E+05	3.7449781577435265E-01
8.4172172172172170E+05	3.7454882926454286E-01
8.4264264264264260E+05	3.7459967207107364E-01
8.4356356356356363E+05	3.7465037224313213E-01
8.4448448448448454E+05	3.7470095782980073E-01
8.4540540540540544E+05	3.7475145688047590E-01
8.4632632632632635E+05	3.7480189744423997E-01
8.4724724724724726E+05	3.7485230757028004E-01
8.4816816816816817E+05	3.7490271530778319E-01
8.4908908908908907E+05	3.7495314870583185E-01
8.5001001001000998E+05	3.7500363581382218E-01
8.5093093093093089E+05	3.7505420468083667E-01
8.5185185185185191E+05	3.7510488335606251E-01
8.5277277277277282E+05	3.7515569157433648E-01
8.5369369369369373E+05	3.7520661517401488E-01
8.5461461461461463E+05	3.7525763135592027E-01
8.5553553553553554E+05	3.7530871732097798E-01
8.5645645645645645E+05	3.7535985027011348E-01
8.5737737737737736E+05	3.7541100740414624E-01
8.5829829829829826E+05	3.7546216592421350E-01
8.5921921921921929E+05	3.7551330303113462E-01
8.6014014014014020E+05	3.7556439592583524E-01
8.6106106106106110E+05	3.7561542180924057E-01
8.6198198198198201E+05	3.7566635788217068E-01
8.6290290290290292E+05	3.7571718134576210E-01
8.6382382382382383E+05	3.7576786940083440E-01
8.6474474474474473E+05	3.7581839924831317E-01
8.6566566566566564E+05	3.7586875181419743E-01
8.6658658658658655E+05	3.7591893149837552E-01
8.6750750750750757E+05	3.7596895182099299E-01
8.6842842842842848E+05	3.7601882632215056E-01
8.6934934934934939E+05	3.7606856854205306E-01
8.7027027027027030E+05	3.7611819202080271E-01
8.7119119119119120E+05	3.7616771029880985E-01
8.7211211211211211E+05	3.7621713691617642E-01
8.7303303303303302E+05	3.7626648541310714E-01
8.7395395395395393E+05	3.7631576932980704E-01
8.7487487487487483E+05	3.7636500220637875E-01
8.7579579579579586E+05	3.7641419758323141E-01
8.7671671671671676E+05	3.7646336900046745E-01
8.7763763763763767E+05	3.7651252999829193E-01
8.7855855855855858E+05	3.7656169308609849E-01
8.7947947947947949E+05	3.7661086219294870E-01
8.8040040040040039E+05	3.7666003699098921E-01
8.8132132132132130E+05	3.7670921712140137E-01
8.8224224224224221E+05	3.7675840222546819E-01
8.8316316316316323E+05	3.7680759194437058E-01
8.8408408408408414E+05	3.7685678591959543E-01
8.8500500500500505E+05	3.7690598379232365E-01
8.8592592592592596E+05	3.7695518520383847E-01
8.8684684684684686E+05	3.7700438979542267E-01
8.8776776776776777E+05	3.7705359720825737E-01
8.8868868868868868E+05	3.7710280708382937E-01
8.8960960960960959E+05	3.7715201906331985E-01
8.9053053053053049E+05	3.7720123278801160E-01
8.9145145145145152E+05	3.7725044708334227E-01
8.9237237237237243E+05	3.7729965366332774E-01
8.9329329329329333E+05	3.7734884057628537E-01
8.9421421421421424E+05	3.7739799583979672E-01
8.9513513513513515E+05	3.7744710747154525E-01
8.9605605605605606E+05	3.7749616348921439E-01
8.9697697697697696E+05	3.7754515191038623E-01
8.9789789789789787E+05	3.7759406075294727E-01
8.9881881881881878E+05	3.7764287803447921E-01
8.9973973973973980E+05	3.7769159177266576E-01
9.0066066066066071E+05	3.7774018998508979E-01
9.0158158158158162E+05	3.7778866068963601E-01
9.0250250250250252E+05	3.7783699190388720E-01
9.0342342342342343E+05	3.7788517164552676E-01
9.0434434434434434E+05	3.7793319413870496E-01
9.0526526526526525E+05	3.7798109608152120E-01
9.0618618618618615E+05	3.7802893195735271E-01
9.0710710710710718E+05	3.7807675630958060E-01
9.0802802802802809E+05	3.7812462368168498E-01
9.0894894894894899E+05	3.7817258861714642E-01
9.0986986986986990E+05	3.7822070565934524E-01
9.1079079079079081E+05	3.7826902935196099E-01
9.1171171171171172E+05	3.7831761423837451E-01
9.1263263263263262E+05	3.7836651486206629E-01
9.1355355355355353E+05	3.7841578576641399E-01
9.1447447447447444E+05	3.7846548149510201E-01
9.1539539539539546E+05	3.7851565659150899E-01
9.1631631631631637E+05	3.7856636559911533E-01
9.1723723723723728E+05	3.7861764380472851E-01
9.1815815815815818E+05	3.7866944122009066E-01
9.1907907907907909E+05	3.7872168426032787E-01
9.2000000000000000E+05	3.7877429933941387E-01
