1.1397227644920349E-03	3.6136718750000000E+01
6.3454046845436096E-02	3.6203125000000000E+01
1.2496672570705414E-01	3.6203125000000000E+01
1.8651329725980759E-01	3.6203125000000000E+01
2.4806612730026245E-01	3.6203125000000000E+01
3.0765035003423691E-01	3.6203125000000000E+01
3.6928840726613998E-01	3.6203125000000000E+01
4.3084812164306641E-01	3.6203125000000000E+01
4.9246896058320999E-01	3.6203125000000000E+01
5.5404067039489746E-01	3.6203125000000000E+01
6.1562341451644897E-01	3.6203125000000000E+01
6.7528889328241348E-01	3.6203125000000000E+01
7.3681731522083282E-01	3.6203125000000000E+01
7.9434554278850555E-01	3.6203125000000000E+01
8.5184174031019211E-01	3.6203125000000000E+01
9.0933664888143539E-01	3.6203125000000000E+01
9.6685111522674561E-01	3.6203125000000000E+01
1.0244081169366837E+00	3.6203125000000000E+01
1.0819194689393044E+00	3.6203125000000000E+01
1.1394389048218727E+00	3.6203125000000000E+01
1.1969619244337082E+00	3.6203125000000000E+01
1.2544924989342690E+00	3.6203125000000000E+01
1.3120188191533089E+00	3.6203125000000000E+01
1.3695475831627846E+00	3.6203125000000000E+01
1.4270896390080452E+00	3.6203125000000000E+01
1.4845964014530182E+00	3.6203125000000000E+01
1.5421440452337265E+00	3.6203125000000000E+01
1.5996209681034088E+00	3.6203125000000000E+01
1.6571394577622414E+00	3.6203125000000000E+01
1.7146564349532127E+00	3.6203125000000000E+01
1.7721955031156540E+00	3.6203125000000000E+01
1.8296976014971733E+00	3.6203125000000000E+01
1.8872539177536964E+00	3.6203125000000000E+01
1.9447795003652573E+00	3.6203125000000000E+01
2.0029376372694969E+00	3.6230468750000000E+01
2.0605433881282806E+00	3.6230468750000000E+01
2.1179803311824799E+00	3.6230468750000000E+01
2.1753735989332199E+00	3.6230468750000000E+01
2.2328077629208565E+00	3.6230468750000000E+01
2.2902828976511955E+00	3.6230468750000000E+01
2.3477663919329643E+00	3.6230468750000000E+01
2.4052835106849670E+00	3.6230468750000000E+01
2.4628065899014473E+00	3.6230468750000000E+01
2.5203458294272423E+00	3.6230468750000000E+01
2.5778758823871613E+00	3.6230468750000000E+01
2.6354058310389519E+00	3.6230468750000000E+01
2.6929242536425591E+00	3.6230468750000000E+01
2.7504157796502113E+00	3.6230468750000000E+01
2.8078821823000908E+00	3.6230468750000000E+01
2.8653371185064316E+00	3.6230468750000000E+01
2.9227934703230858E+00	3.6230468750000000E+01
2.9802628606557846E+00	3.6230468750000000E+01
3.0377330109477043E+00	3.6230468750000000E+01
3.0953491777181625E+00	3.6230468750000000E+01
3.1525740697979927E+00	3.6230468750000000E+01
3.2098163366317749E+00	3.6230468750000000E+01
3.2671012431383133E+00	3.6230468750000000E+01
3.3243243023753166E+00	3.6230468750000000E+01
3.3815278336405754E+00	3.6230468750000000E+01
3.4387650862336159E+00	3.6230468750000000E+01
3.4959736466407776E+00	3.6230468750000000E+01
3.5531823337078094E+00	3.6230468750000000E+01
3.6103905588388443E+00	3.6230468750000000E+01
3.6676175966858864E+00	3.6230468750000000E+01
3.7248451039195061E+00	3.6230468750000000E+01
3.7820636779069901E+00	3.6230468750000000E+01
3.8392730504274368E+00	3.6230468750000000E+01
3.8964965566992760E+00	3.6230468750000000E+01
3.9537151306867599E+00	3.6230468750000000E+01
4.0109207928180695E+00	3.6230468750000000E+01
4.0681427046656609E+00	3.6230468750000000E+01
4.1253504976630211E+00	3.6230468750000000E+01
4.1825920939445496E+00	3.6230468750000000E+01
4.2398300096392632E+00	3.6230468750000000E+01
4.2970406711101532E+00	3.6230468750000000E+01
4.3542675077915192E+00	3.6230468750000000E+01
4.4114620611071587E+00	3.6230468750000000E+01
4.4687012434005737E+00	3.6230468750000000E+01
4.5259260460734367E+00	3.6230468750000000E+01
4.5831439271569252E+00	3.6230468750000000E+01
4.6403629705309868E+00	3.6230468750000000E+01
4.6975721418857574E+00	3.6230468750000000E+01
4.7547919675707817E+00	3.6230468750000000E+01
4.8120233416557312E+00	3.6230468750000000E+01
4.8692403733730316E+00	3.6230468750000000E+01
4.9264628961682320E+00	3.6230468750000000E+01
4.9836704283952713E+00	3.6230468750000000E+01
5.0409109592437744E+00	3.6230468750000000E+01
5.0981120839715004E+00	3.6230468750000000E+01
5.1553288623690605E+00	3.6230468750000000E+01
5.2125461697578430E+00	3.6230468750000000E+01
5.2697470113635063E+00	3.6230468750000000E+01
5.3269618451595306E+00	3.6230468750000000E+01
5.3847904205322266E+00	3.6230468750000000E+01
5.4421394988894463E+00	3.6230468750000000E+01
5.4994073882699013E+00	3.6230468750000000E+01
5.5566472783684731E+00	3.6230468750000000E+01
5.6139016970992088E+00	3.6230468750000000E+01
5.6711353585124016E+00	3.6230468750000000E+01
5.7283706888556480E+00	3.6230468750000000E+01
5.7856258079409599E+00	3.6230468750000000E+01
5.8428122922778130E+00	3.6230468750000000E+01
5.9001004025340080E+00	3.6230468750000000E+01
5.9573131650686264E+00	3.6230468750000000E+01
6.0145566314458847E+00	3.6230468750000000E+01
6.0718126744031906E+00	3.6230468750000000E+01
6.1290634796023369E+00	3.6230468750000000E+01
6.1863240376114845E+00	3.6230468750000000E+01
6.2435678094625473E+00	3.6230468750000000E+01
6.3008212223649025E+00	3.6230468750000000E+01
6.3580805584788322E+00	3.6230468750000000E+01
6.4153455719351768E+00	3.6230468750000000E+01
6.4726137593388557E+00	3.6230468750000000E+01
6.5298724398016930E+00	3.6230468750000000E+01
6.5871234908699989E+00	3.6230468750000000E+01
6.6443632617592812E+00	3.6230468750000000E+01
6.7016290873289108E+00	3.6230468750000000E+01
6.7588804885745049E+00	3.6230468750000000E+01
6.8161252811551094E+00	3.6230468750000000E+01
6.8733517155051231E+00	3.6230468750000000E+01
6.9306232035160065E+00	3.6230468750000000E+01
6.9879051446914673E+00	3.6230468750000000E+01
7.0451459512114525E+00	3.6230468750000000E+01
7.1023880466818810E+00	3.6230468750000000E+01
7.1596553921699524E+00	3.6230468750000000E+01
7.2168925032019615E+00	3.6230468750000000E+01
7.2741571664810181E+00	3.6230468750000000E+01
7.3313876017928123E+00	3.6230468750000000E+01
7.3886274024844170E+00	3.6230468750000000E+01
7.4458980038762093E+00	3.6230468750000000E+01
7.5031332597136497E+00	3.6230468750000000E+01
7.5603902488946915E+00	3.6230468750000000E+01
7.6176636889576912E+00	3.6230468750000000E+01
7.6749473437666893E+00	3.6230468750000000E+01
7.7321846783161163E+00	3.6230468750000000E+01
7.7894041389226913E+00	3.6230468750000000E+01
7.8466469123959541E+00	3.6230468750000000E+01
7.9038911312818527E+00	3.6230468750000000E+01
7.9611431211233139E+00	3.6230468750000000E+01
8.0183688476681709E+00	3.6230468750000000E+01
8.0756080299615860E+00	3.6230468750000000E+01
8.1328286379575729E+00	3.6230468750000000E+01
8.1900609806180000E+00	3.6230468750000000E+01
8.2472755536437035E+00	3.6230468750000000E+01
8.3044898882508278E+00	3.6230468750000000E+01
8.3616689518094063E+00	3.6230468750000000E+01
8.4189081639051437E+00	3.6230468750000000E+01
8.4760943725705147E+00	3.6230468750000000E+01
8.5332926511764526E+00	3.6230468750000000E+01
8.5905238762497902E+00	3.6230468750000000E+01
8.6477473452687263E+00	3.6230468750000000E+01
8.7049653008580208E+00	3.6230468750000000E+01
8.7621712163090706E+00	3.6230468750000000E+01
8.8194788619875908E+00	3.6230468750000000E+01
8.8768505528569221E+00	3.6230468750000000E+01
8.9342292323708534E+00	3.6230468750000000E+01
8.9916150867938995E+00	3.6230468750000000E+01
9.0490176081657410E+00	3.6230468750000000E+01
9.1063858866691589E+00	3.6230468750000000E+01
9.1637642234563828E+00	3.6230468750000000E+01
9.2211539372801781E+00	3.6230468750000000E+01
9.2785149663686752E+00	3.6230468750000000E+01
9.3358960747718811E+00	3.6230468750000000E+01
9.3932505324482918E+00	3.6230468750000000E+01
9.4506238922476768E+00	3.6230468750000000E+01
9.5079682469367981E+00	3.6230468750000000E+01
9.5653434768319130E+00	3.6230468750000000E+01
9.6227030605077744E+00	3.6230468750000000E+01
9.6800910830497742E+00	3.6230468750000000E+01
9.7374500855803490E+00	3.6230468750000000E+01
9.7948198541998863E+00	3.6230468750000000E+01
9.8521864563226700E+00	3.6230468750000000E+01
9.9095816686749458E+00	3.6230468750000000E+01
9.9669636636972427E+00	3.6230468750000000E+01
1.0024284042418003E+01	3.6230468750000000E+01
1.0081662029027939E+01	3.6230468750000000E+01
1.0139081150293350E+01	3.6230468750000000E+01
1.0196444898843765E+01	3.6230468750000000E+01
1.0253839485347271E+01	3.6230468750000000E+01
1.0311237022280693E+01	3.6230468750000000E+01
1.0368821345269680E+01	3.6230468750000000E+01
1.0426215291023254E+01	3.6230468750000000E+01
1.0483579196035862E+01	3.6230468750000000E+01
1.0540951065719128E+01	3.6230468750000000E+01
1.0598349228501320E+01	3.6230468750000000E+01
1.0655723527073860E+01	3.6230468750000000E+01
1.0713346764445305E+01	3.6230468750000000E+01
1.0770726948976517E+01	3.6230468750000000E+01
1.0828114740550518E+01	3.6230468750000000E+01
1.0885501198470592E+01	3.6230468750000000E+01
1.0942904859781265E+01	3.6230468750000000E+01
1.1000287041068077E+01	3.6230468750000000E+01
1.1057660594582558E+01	3.6230468750000000E+01
1.1115066893398762E+01	3.6230468750000000E+01
1.1173105530440807E+01	3.6230468750000000E+01
1.1230652250349522E+01	3.6230468750000000E+01
1.1288053736090660E+01	3.6230468750000000E+01
1.1345442026853561E+01	3.6230468750000000E+01
1.1402812235057354E+01	3.6230468750000000E+01
1.1460199877619743E+01	3.6230468750000000E+01
1.1517581351101398E+01	3.6230468750000000E+01
1.1574978388845921E+01	3.6230468750000000E+01
1.1632340334355831E+01	3.6230468750000000E+01
1.1689650267362595E+01	3.6230468750000000E+01
1.1746857903897762E+01	3.6230468750000000E+01
1.1804099738597870E+01	3.6230468750000000E+01
1.1861323334276676E+01	3.6230468750000000E+01
1.1918553486466408E+01	3.6230468750000000E+01
1.1975782021880150E+01	3.6230468750000000E+01
1.2033039838075638E+01	3.6230468750000000E+01
1.2090246967971325E+01	3.6230468750000000E+01
1.2147464469075203E+01	3.6230468750000000E+01
1.2204673707485199E+01	3.6230468750000000E+01
1.2261882208287716E+01	3.6230468750000000E+01
1.2319342836737633E+01	3.6230468750000000E+01
1.2376546703279018E+01	3.6230468750000000E+01
1.2433755293488503E+01	3.6230468750000000E+01
1.2490972079336643E+01	3.6230468750000000E+01
1.2548174113035202E+01	3.6230468750000000E+01
1.2605388678610325E+01	3.6230468750000000E+01
1.2662657871842384E+01	3.6230468750000000E+01
1.2719894930720329E+01	3.6230468750000000E+01
1.2777117669582367E+01	3.6230468750000000E+01
1.2834348171949387E+01	3.6230468750000000E+01
1.2891561441123486E+01	3.6230468750000000E+01
1.2948793679475784E+01	3.6230468750000000E+01
1.3006037972867489E+01	3.6230468750000000E+01
1.3063274405896664E+01	3.6230468750000000E+01
1.3120507888495922E+01	3.6230468750000000E+01
1.3177738659083843E+01	3.6230468750000000E+01
1.3234983734786510E+01	3.6230468750000000E+01
1.3292210161685944E+01	3.6230468750000000E+01
1.3349468804895878E+01	3.6230468750000000E+01
1.3406728319823742E+01	3.6230468750000000E+01
1.3463959738612175E+01	3.6230468750000000E+01
1.3521213486790657E+01	3.6230468750000000E+01
1.3578449748456478E+01	3.6230468750000000E+01
1.3635707013309002E+01	3.6230468750000000E+01
1.3692933641374111E+01	3.6230468750000000E+01
1.3750182539224625E+01	3.6230468750000000E+01
1.3807452589273453E+01	3.6230468750000000E+01
1.3864743255078793E+01	3.6230468750000000E+01
1.3921987630426884E+01	3.6230468750000000E+01
1.3979233928024769E+01	3.6230468750000000E+01
1.4036483697593212E+01	3.6230468750000000E+01
1.4093741044402122E+01	3.6230468750000000E+01
1.4150989115238190E+01	3.6230468750000000E+01
1.4208246745169163E+01	3.6230468750000000E+01
1.4265515990555286E+01	3.6230468750000000E+01
1.4322794392704964E+01	3.6230468750000000E+01
1.4380088649690151E+01	3.6230468750000000E+01
1.4437346436083317E+01	3.6230468750000000E+01
1.4494616143405437E+01	3.6230468750000000E+01
1.4551911152899265E+01	3.6230468750000000E+01
1.4609166257083416E+01	3.6230468750000000E+01
1.4666438050568104E+01	3.6230468750000000E+01
1.4723732918500900E+01	3.6230468750000000E+01
1.4781004332005978E+01	3.6230468750000000E+01
1.4838279418647289E+01	3.6230468750000000E+01
1.4895561724901199E+01	3.6230468750000000E+01
1.4952878721058369E+01	3.6230468750000000E+01
1.5010150134563446E+01	3.6230468750000000E+01
1.5067462496459484E+01	3.6230468750000000E+01
1.5124777704477310E+01	3.6230468750000000E+01
1.5182064630091190E+01	3.6230468750000000E+01
1.5239363670349121E+01	3.6230468750000000E+01
1.5296631574630737E+01	3.6230468750000000E+01
1.5353923536837101E+01	3.6230468750000000E+01
1.5411243021488190E+01	3.6230468750000000E+01
1.5468518204987049E+01	3.6230468750000000E+01
1.5525844283401966E+01	3.6230468750000000E+01
1.5583136357367039E+01	3.6230468750000000E+01
1.5640412531793118E+01	3.6230468750000000E+01
1.5697688631713390E+01	3.6230468750000000E+01
1.5754948429763317E+01	3.6230468750000000E+01
1.5812245324254036E+01	3.6230468750000000E+01
1.5869523763656616E+01	3.6230468750000000E+01
1.5926801770925522E+01	3.6230468750000000E+01
1.5984088160097599E+01	3.6230468750000000E+01
1.6041394859552383E+01	3.6230468750000000E+01
1.6098643869161606E+01	3.6230468750000000E+01
1.6155945681035519E+01	3.6230468750000000E+01
1.6213209606707096E+01	3.6230468750000000E+01
1.6270474635064602E+01	3.6230468750000000E+01
1.6327805489301682E+01	3.6230468750000000E+01
1.6385128721594810E+01	3.6230468750000000E+01
1.6442421764135361E+01	3.6230468750000000E+01
1.6499733135104179E+01	3.6230468750000000E+01
1.6557072401046753E+01	3.6230468750000000E+01
1.6614364720880985E+01	3.6230468750000000E+01
1.6671654000878334E+01	3.6230468750000000E+01
1.6728947751224041E+01	3.6230468750000000E+01
1.6786272369325161E+01	3.6230468750000000E+01
1.6843547806143761E+01	3.6230468750000000E+01
1.6900847598910332E+01	3.6230468750000000E+01
1.6958125032484531E+01	3.6230468750000000E+01
1.7015364021062851E+01	3.6230468750000000E+01
1.7072645626962185E+01	3.6230468750000000E+01
1.7129979982972145E+01	3.6230468750000000E+01
1.7187282167375088E+01	3.6230468750000000E+01
1.7244550183415413E+01	3.6230468750000000E+01
1.7301848091185093E+01	3.6230468750000000E+01
1.7359159536659718E+01	3.6230468750000000E+01
1.7416436396539211E+01	3.6230468750000000E+01
1.7473693206906319E+01	3.6230468750000000E+01
1.7530984207987785E+01	3.6230468750000000E+01
1.7588269852101803E+01	3.6230468750000000E+01
1.7645639218389988E+01	3.6230468750000000E+01
1.7702954471111298E+01	3.6230468750000000E+01
1.7760274887084961E+01	3.6230468750000000E+01
1.7817568242549896E+01	3.6230468750000000E+01
1.7874843932688236E+01	3.6230468750000000E+01
1.7932137437164783E+01	3.6230468750000000E+01
1.7989422932267189E+01	3.6230468750000000E+01
1.8046729259192944E+01	3.6230468750000000E+01
1.8104053512215614E+01	3.6230468750000000E+01
1.8161362551152706E+01	3.6230468750000000E+01
1.8218669503927231E+01	3.6230468750000000E+01
1.8276071228086948E+01	3.6230468750000000E+01
1.8333485499024391E+01	3.6230468750000000E+01
1.8390977323055267E+01	3.6230468750000000E+01
1.8448464244604111E+01	3.6230468750000000E+01
1.8505960889160633E+01	3.6230468750000000E+01
1.8563383929431438E+01	3.6230468750000000E+01
1.8620804585516453E+01	3.6230468750000000E+01
1.8678232856094837E+01	3.6230468750000000E+01
1.8735659219324589E+01	3.6230468750000000E+01
1.8793082028627396E+01	3.6230468750000000E+01
1.8850434921681881E+01	3.6230468750000000E+01
1.8907859683036804E+01	3.6230468750000000E+01
1.8965267315506935E+01	3.6230468750000000E+01
1.9022711507976055E+01	3.6230468750000000E+01
1.9080151021480560E+01	3.6230468750000000E+01
1.9137562051415443E+01	3.6230468750000000E+01
1.9194968961179256E+01	3.6230468750000000E+01
1.9252388097345829E+01	3.6230468750000000E+01
1.9309846043586731E+01	3.6230468750000000E+01
1.9367248438298702E+01	3.6230468750000000E+01
1.9424659870564938E+01	3.6230468750000000E+01
1.9482078790664673E+01	3.6230468750000000E+01
1.9539539039134979E+01	3.6230468750000000E+01
1.9596956722438335E+01	3.6230468750000000E+01
1.9654384210705757E+01	3.6230468750000000E+01
1.9711809754371643E+01	3.6230468750000000E+01
1.9769236735999584E+01	3.6230468750000000E+01
1.9826658457517624E+01	3.6230468750000000E+01
1.9883959561586380E+01	3.6230468750000000E+01
1.9941254571080208E+01	3.6230468750000000E+01
1.9998559467494488E+01	3.6230468750000000E+01
2.0055874288082123E+01	3.6230468750000000E+01
2.0113165341317654E+01	3.6230468750000000E+01
2.0170427791774273E+01	3.6230468750000000E+01
2.0227728582918644E+01	3.6230468750000000E+01
2.0285056889057159E+01	3.6230468750000000E+01
2.0342331528663635E+01	3.6230468750000000E+01
2.0399665966629982E+01	3.6230468750000000E+01
2.0456983402371407E+01	3.6230468750000000E+01
2.0514304094016552E+01	3.6230468750000000E+01
2.0571592710912228E+01	3.6230468750000000E+01
2.0628899261355400E+01	3.6230468750000000E+01
2.0686211779713631E+01	3.6230468750000000E+01
2.0743526838719845E+01	3.6230468750000000E+01
2.0800822496414185E+01	3.6230468750000000E+01
2.0858111888170242E+01	3.6230468750000000E+01
2.0915439695119858E+01	3.6230468750000000E+01
2.0972720123827457E+01	3.6230468750000000E+01
2.1030595101416111E+01	3.6230468750000000E+01
2.1088066868484020E+01	3.6230468750000000E+01
2.1145359240472317E+01	3.6230468750000000E+01
2.1202688217163086E+01	3.6230468750000000E+01
2.1260010495781898E+01	3.6230468750000000E+01
2.1317306302487850E+01	3.6230468750000000E+01
2.1374611757695675E+01	3.6230468750000000E+01
2.1431911073625088E+01	3.6230468750000000E+01
2.1489240519702435E+01	3.6230468750000000E+01
2.1546576060354710E+01	3.6230468750000000E+01
2.1603855594992638E+01	3.6230468750000000E+01
2.1661181606352329E+01	3.6230468750000000E+01
2.1718461051583290E+01	3.6230468750000000E+01
2.1775759458541870E+01	3.6230468750000000E+01
2.1833057768642902E+01	3.6230468750000000E+01
2.1890324987471104E+01	3.6230468750000000E+01
2.1947625078260899E+01	3.6230468750000000E+01
2.2004889644682407E+01	3.6230468750000000E+01
2.2062153376638889E+01	3.6230468750000000E+01
2.2119440972805023E+01	3.6230468750000000E+01
2.2176706418395042E+01	3.6230468750000000E+01
2.2234022051095963E+01	3.6230468750000000E+01
2.2291613437235355E+01	3.6230468750000000E+01
2.2348868004977703E+01	3.6230468750000000E+01
2.2406168639659882E+01	3.6230468750000000E+01
2.2463468305766582E+01	3.6230468750000000E+01
2.2520763956010342E+01	3.6230468750000000E+01
2.2578063346445560E+01	3.6230468750000000E+01
2.2635362908244133E+01	3.6230468750000000E+01
2.2692621491849422E+01	3.6230468750000000E+01
2.2749923989176750E+01	3.6230468750000000E+01
2.2807212777435780E+01	3.6230468750000000E+01
2.2864476561546326E+01	3.6230468750000000E+01
2.2921801760792732E+01	3.6230468750000000E+01
2.2979105688631535E+01	3.6230468750000000E+01
2.3036392956972122E+01	3.6230468750000000E+01
2.3093646712601185E+01	3.6230468750000000E+01
2.3150937542319298E+01	3.6230468750000000E+01
2.3208239614963531E+01	3.6230468750000000E+01
2.3265504792332649E+01	3.6230468750000000E+01
2.3322802156209946E+01	3.6230468750000000E+01
2.3380066171288490E+01	3.6230468750000000E+01
2.3437336087226868E+01	3.6230468750000000E+01
2.3494617246091366E+01	3.6230468750000000E+01
2.3551862590014935E+01	3.6230468750000000E+01
2.3609129995107651E+01	3.6230468750000000E+01
2.3666416339576244E+01	3.6230468750000000E+01
2.3723707132041454E+01	3.6230468750000000E+01
2.3780971281230450E+01	3.6230468750000000E+01
2.3838258177042007E+01	3.6230468750000000E+01
2.3895531214773655E+01	3.6230468750000000E+01
2.3952803798019886E+01	3.6230468750000000E+01
2.4010107852518559E+01	3.6230468750000000E+01
2.4067379228770733E+01	3.6230468750000000E+01
2.4124641269445419E+01	3.6230468750000000E+01
2.4181953229010105E+01	3.6230468750000000E+01
2.4239213891327381E+01	3.6230468750000000E+01
2.4296488046646118E+01	3.6230468750000000E+01
2.4353769525885582E+01	3.6230468750000000E+01
2.4411043591797352E+01	3.6230468750000000E+01
2.4468324624001980E+01	3.6230468750000000E+01
2.4525606140494347E+01	3.6230468750000000E+01
2.4582862272858620E+01	3.6230468750000000E+01
2.4640147991478443E+01	3.6230468750000000E+01
2.4697415463626385E+01	3.6230468750000000E+01
2.4754639647901058E+01	3.6230468750000000E+01
2.4811914101243019E+01	3.6230468750000000E+01
2.4869159631431103E+01	3.6230468750000000E+01
2.4926411896944046E+01	3.6230468750000000E+01
2.4983685173094273E+01	3.6230468750000000E+01
2.5040936052799225E+01	3.6230468750000000E+01
2.5098203614354134E+01	3.6230468750000000E+01
2.5155495405197144E+01	3.6230468750000000E+01
2.5212759435176849E+01	3.6230468750000000E+01
2.5270021967589855E+01	3.6230468750000000E+01
2.5327317461371422E+01	3.6230468750000000E+01
2.5384624011814594E+01	3.6230468750000000E+01
2.5441907465457916E+01	3.6230468750000000E+01
2.5499204941093922E+01	3.6230468750000000E+01
2.5556495040655136E+01	3.6230468750000000E+01
2.5613795310258865E+01	3.6230468750000000E+01
2.5671088978648186E+01	3.6230468750000000E+01
2.5728338897228241E+01	3.6230468750000000E+01
2.5785632580518723E+01	3.6230468750000000E+01
2.5842899151146412E+01	3.6230468750000000E+01
2.5900148130953312E+01	3.6230468750000000E+01
2.5957423791289330E+01	3.6230468750000000E+01
2.6014701850712299E+01	3.6230468750000000E+01
2.6071954920887947E+01	3.6230468750000000E+01
2.6129207238554955E+01	3.6230468750000000E+01
2.6186491943895817E+01	3.6230468750000000E+01
2.6243770435452461E+01	3.6230468750000000E+01
2.6301054395735264E+01	3.6230468750000000E+01
2.6358358167111874E+01	3.6230468750000000E+01
2.6415653161704540E+01	3.6230468750000000E+01
2.6472931951284409E+01	3.6230468750000000E+01
2.6530201248824596E+01	3.6230468750000000E+01
2.6587481886148453E+01	3.6230468750000000E+01
2.6644767217338085E+01	3.6230468750000000E+01
2.6702057428658009E+01	3.6230468750000000E+01
2.6759326018393040E+01	3.6230468750000000E+01
2.6816635817289352E+01	3.6230468750000000E+01
2.6873960837721825E+01	3.6230468750000000E+01
2.6931276045739651E+01	3.6230468750000000E+01
2.6988559983670712E+01	3.6230468750000000E+01
2.7045887127518654E+01	3.6230468750000000E+01
2.7103189878165722E+01	3.6230468750000000E+01
2.7160493977367878E+01	3.6230468750000000E+01
2.7217757508158684E+01	3.6230468750000000E+01
2.7275056369602680E+01	3.6230468750000000E+01
2.7332364566624165E+01	3.6230468750000000E+01
2.7389682896435261E+01	3.6230468750000000E+01
2.7446984708309174E+01	3.6230468750000000E+01
2.7504282504320145E+01	3.6230468750000000E+01
2.7561605341732502E+01	3.6230468750000000E+01
2.7618907339870930E+01	3.6230468750000000E+01
2.7676232285797596E+01	3.6230468750000000E+01
2.7733534410595894E+01	3.6230468750000000E+01
2.7790847502648830E+01	3.6230468750000000E+01
2.7848168864846230E+01	3.6230468750000000E+01
2.7905526325106621E+01	3.6230468750000000E+01
2.7962828710675240E+01	3.6230468750000000E+01
2.8020118318498135E+01	3.6230468750000000E+01
2.8077400408685207E+01	3.6230468750000000E+01
2.8134714201092720E+01	3.6230468750000000E+01
2.8192013099789619E+01	3.6230468750000000E+01
2.8249314837157726E+01	3.6230468750000000E+01
2.8306827329099178E+01	3.6230468750000000E+01
2.8364190414547920E+01	3.6230468750000000E+01
2.8421533294022083E+01	3.6230468750000000E+01
2.8478833623230457E+01	3.6230468750000000E+01
2.8536157898604870E+01	3.6230468750000000E+01
2.8593420080840588E+01	3.6230468750000000E+01
2.8650702252984047E+01	3.6230468750000000E+01
2.8708020955324173E+01	3.6230468750000000E+01
2.8765330664813519E+01	3.6230468750000000E+01
2.8822608761489391E+01	3.6230468750000000E+01
2.8879897952079773E+01	3.6230468750000000E+01
2.8937170460820198E+01	3.6230468750000000E+01
2.8994491748511791E+01	3.6230468750000000E+01
2.9051761798560619E+01	3.6230468750000000E+01
2.9109077133238316E+01	3.6230468750000000E+01
2.9166377402842045E+01	3.6230468750000000E+01
2.9223675087094307E+01	3.6230468750000000E+01
2.9280941694974899E+01	3.6230468750000000E+01
2.9338288217782974E+01	3.6230468750000000E+01
2.9395609043538570E+01	3.6230468750000000E+01
2.9452889859676361E+01	3.6230468750000000E+01
2.9510176301002502E+01	3.6230468750000000E+01
2.9567469172179699E+01	3.6230468750000000E+01
2.9624757729470730E+01	3.6230468750000000E+01
2.9682057350873947E+01	3.6230468750000000E+01
2.9739371597766876E+01	3.6230468750000000E+01
2.9796661943197250E+01	3.6230468750000000E+01
2.9853981219232082E+01	3.6230468750000000E+01
2.9911285817623138E+01	3.6230468750000000E+01
2.9968614205718040E+01	3.6230468750000000E+01
3.0025956287980080E+01	3.6230468750000000E+01
3.0083284877240658E+01	3.6230468750000000E+01
3.0140598639845848E+01	3.6230468750000000E+01
3.0197899855673313E+01	3.6230468750000000E+01
3.0255200393497944E+01	3.6230468750000000E+01
3.0312493942677975E+01	3.6230468750000000E+01
3.0369829617440701E+01	3.6230468750000000E+01
3.0427114404737949E+01	3.6230468750000000E+01
3.0484412312507629E+01	3.6230468750000000E+01
3.0541720025241375E+01	3.6230468750000000E+01
3.0599047362804413E+01	3.6230468750000000E+01
3.0656362302601337E+01	3.6230468750000000E+01
3.0713698334991932E+01	3.6230468750000000E+01
3.0771010562777519E+01	3.6230468750000000E+01
3.0828300572931767E+01	3.6230468750000000E+01
3.0885596379637718E+01	3.6230468750000000E+01
3.0942898876965046E+01	3.6230468750000000E+01
3.1000234290957451E+01	3.6230468750000000E+01
3.1057543486356735E+01	3.6230468750000000E+01
3.1114861190319061E+01	3.6230468750000000E+01
3.1172148093581200E+01	3.6230468750000000E+01
3.1229458712041378E+01	3.6230468750000000E+01
3.1286791965365410E+01	3.6230468750000000E+01
3.1344122871756554E+01	3.6230468750000000E+01
3.1401436999440193E+01	3.6230468750000000E+01
3.1458751387894154E+01	3.6230468750000000E+01
3.1516059011220932E+01	3.6230468750000000E+01
3.1573352552950382E+01	3.6230468750000000E+01
3.1630645632743835E+01	3.6230468750000000E+01
3.1687965460121632E+01	3.6230468750000000E+01
3.1745295569300652E+01	3.6230468750000000E+01
3.1802611432969570E+01	3.6230468750000000E+01
3.1859900690615177E+01	3.6230468750000000E+01
3.1917191736400127E+01	3.6230468750000000E+01
3.1974522456526756E+01	3.6230468750000000E+01
3.2031813472509384E+01	3.6230468750000000E+01
3.2089132294058800E+01	3.6230468750000000E+01
3.2146420568227768E+01	3.6230468750000000E+01
3.2203733563423157E+01	3.6230468750000000E+01
3.2261026926338673E+01	3.6230468750000000E+01
3.2318317577242851E+01	3.6230468750000000E+01
3.2375650435686111E+01	3.6230468750000000E+01
3.2432974219322205E+01	3.6230468750000000E+01
3.2490291133522987E+01	3.6230468750000000E+01
3.2547590851783752E+01	3.6230468750000000E+01
3.2604877978563309E+01	3.6230468750000000E+01
3.2662225782871246E+01	3.6230468750000000E+01
3.2719510413706303E+01	3.6230468750000000E+01
3.2776780299842358E+01	3.6230468750000000E+01
3.2834080062806606E+01	3.6230468750000000E+01
3.2891364052891731E+01	3.6230468750000000E+01
3.2948627360165119E+01	3.6230468750000000E+01
3.3005888968706131E+01	3.6230468750000000E+01
3.3063158251345158E+01	3.6230468750000000E+01
3.3120475985109806E+01	3.6230468750000000E+01
3.3177754357457161E+01	3.6230468750000000E+01
3.3235041998326778E+01	3.6230468750000000E+01
3.3292359292507172E+01	3.6230468750000000E+01
3.3349656939506531E+01	3.6230468750000000E+01
3.3406943164765835E+01	3.6230468750000000E+01
3.3464265055954456E+01	3.6230468750000000E+01
3.3521549306809902E+01	3.6230468750000000E+01
3.3578839287161827E+01	3.6230468750000000E+01
3.3636163860559464E+01	3.6230468750000000E+01
3.3693488501012325E+01	3.6230468750000000E+01
3.3750787772238255E+01	3.6230468750000000E+01
3.3808058142662048E+01	3.6230468750000000E+01
3.3865336209535599E+01	3.6230468750000000E+01
3.3922619484364986E+01	3.6230468750000000E+01
3.3979907050728798E+01	3.6230468750000000E+01
3.4037203863263130E+01	3.6230468750000000E+01
3.4094525754451752E+01	3.6230468750000000E+01
3.4151829659938812E+01	3.6230468750000000E+01
3.4209144152700901E+01	3.6230468750000000E+01
3.4266466706991196E+01	3.6230468750000000E+01
3.4323773719370365E+01	3.6230468750000000E+01
3.4381049916148186E+01	3.6230468750000000E+01
3.4438367560505867E+01	3.6230468750000000E+01
3.4495666742324829E+01	3.6230468750000000E+01
3.4552979610860348E+01	3.6230468750000000E+01
3.4610285088419914E+01	3.6230468750000000E+01
3.4667530655860901E+01	3.6230468750000000E+01
3.4724833741784096E+01	3.6230468750000000E+01
3.4782134920358658E+01	3.6230468750000000E+01
3.4839431099593639E+01	3.6230468750000000E+01
3.4896704807877541E+01	3.6230468750000000E+01
3.4953987821936607E+01	3.6230468750000000E+01
3.5011314272880554E+01	3.6230468750000000E+01
3.5068585544824600E+01	3.6230468750000000E+01
3.5125873491168022E+01	3.6230468750000000E+01
3.5183210887014866E+01	3.6230468750000000E+01
3.5240481920540333E+01	3.6230468750000000E+01
3.5297760561108589E+01	3.6230468750000000E+01
3.5355055049061775E+01	3.6230468750000000E+01
3.5412346191704273E+01	3.6230468750000000E+01
3.5469617828726768E+01	3.6230468750000000E+01
3.5526900760829449E+01	3.6230468750000000E+01
3.5584168784320354E+01	3.6230468750000000E+01
3.5641436554491520E+01	3.6230468750000000E+01
3.5698680050671101E+01	3.6230468750000000E+01
3.5755909338593483E+01	3.6230468750000000E+01
3.5813172705471516E+01	3.6230468750000000E+01
3.5870405152440071E+01	3.6230468750000000E+01
3.5927663847804070E+01	3.6230468750000000E+01
3.5984891772270203E+01	3.6230468750000000E+01
3.6042118877172470E+01	3.6230468750000000E+01
3.6099346168339252E+01	3.6230468750000000E+01
3.6156612686812878E+01	3.6230468750000000E+01
3.6213906593620777E+01	3.6230468750000000E+01
3.6271167621016502E+01	3.6230468750000000E+01
3.6328404963016510E+01	3.6230468750000000E+01
3.6385662786662579E+01	3.6230468750000000E+01
3.6442897915840149E+01	3.6230468750000000E+01
3.6500146932899952E+01	3.6230468750000000E+01
3.6557387344539165E+01	3.6230468750000000E+01
3.6614615336060524E+01	3.6230468750000000E+01
3.6671855606138706E+01	3.6230468750000000E+01
3.6729094877839088E+01	3.6230468750000000E+01
3.6786445841193199E+01	3.6230468750000000E+01
3.6843835182487965E+01	3.6230468750000000E+01
3.6901231713593006E+01	3.6230468750000000E+01
3.6958630479872227E+01	3.6230468750000000E+01
3.7016023434698582E+01	3.6230468750000000E+01
3.7073420822620392E+01	3.6230468750000000E+01
3.7130826622247696E+01	3.6230468750000000E+01
3.7188191771507263E+01	3.6230468750000000E+01
3.7245578177273273E+01	3.6230468750000000E+01
3.7302953131496906E+01	3.6230468750000000E+01
3.7360357508063316E+01	3.6230468750000000E+01
3.7417716428637505E+01	3.6230468750000000E+01
3.7475116208195686E+01	3.6230468750000000E+01
3.7532486818730831E+01	3.6230468750000000E+01
3.7589756719768047E+01	3.6230468750000000E+01
3.7646946758031845E+01	3.6230468750000000E+01
3.7704707562923431E+01	3.6230468750000000E+01
3.7762042045593262E+01	3.6230468750000000E+01
3.7819267734885216E+01	3.6230468750000000E+01
3.7876498363912106E+01	3.6230468750000000E+01
3.7933727733790874E+01	3.6230468750000000E+01
3.7990922942757607E+01	3.6230468750000000E+01
3.8048122659325600E+01	3.6230468750000000E+01
3.8105338454246521E+01	3.6230468750000000E+01
3.8163037665188313E+01	3.6230468750000000E+01
3.8220401860773563E+01	3.6230468750000000E+01
3.8277807526290417E+01	3.6230468750000000E+01
3.8335153438150883E+01	3.6230468750000000E+01
3.8392514199018478E+01	3.6230468750000000E+01
3.8449869208037853E+01	3.6230468750000000E+01
3.8507260240614414E+01	3.6230468750000000E+01
3.8564676515758038E+01	3.6230468750000000E+01
3.8622079499065876E+01	3.6230468750000000E+01
3.8679370626807213E+01	3.6230468750000000E+01
3.8736635379493237E+01	3.6230468750000000E+01
3.8793906398117542E+01	3.6230468750000000E+01
3.8851184330880642E+01	3.6230468750000000E+01
3.8908475928008556E+01	3.6230468750000000E+01
3.8965785264968872E+01	3.6230468750000000E+01
3.9023100517690182E+01	3.6230468750000000E+01
3.9080351278185844E+01	3.6230468750000000E+01
3.9137581139802933E+01	3.6230468750000000E+01
3.9194826319813728E+01	3.6230468750000000E+01
3.9252080075442791E+01	3.6230468750000000E+01
3.9309306949377060E+01	3.6230468750000000E+01
3.9366558894515038E+01	3.6230468750000000E+01
3.9423779964447021E+01	3.6230468750000000E+01
3.9481032893061638E+01	3.6230468750000000E+01
3.9538268640637398E+01	3.6230468750000000E+01
3.9595523104071617E+01	3.6230468750000000E+01
3.9652730844914913E+01	3.6230468750000000E+01
3.9710012800991535E+01	3.6230468750000000E+01
3.9767238631844521E+01	3.6230468750000000E+01
3.9824479162693024E+01	3.6230468750000000E+01
3.9881697870790958E+01	3.6230468750000000E+01
3.9938942372798920E+01	3.6230468750000000E+01
3.9996147274971008E+01	3.6230468750000000E+01
4.0053339980542660E+01	3.6230468750000000E+01
4.0110553726553917E+01	3.6230468750000000E+01
4.0167754150927067E+01	3.6230468750000000E+01
4.0224979303777218E+01	3.6230468750000000E+01
4.0282163560390472E+01	3.6230468750000000E+01
4.0339331597089767E+01	3.6230468750000000E+01
4.0396526575088501E+01	3.6230468750000000E+01
4.0453728757798672E+01	3.6230468750000000E+01
4.0510922871530056E+01	3.6230468750000000E+01
4.0568128637969494E+01	3.6230468750000000E+01
4.0625338204205036E+01	3.6230468750000000E+01
4.0682505436241627E+01	3.6230468750000000E+01
4.0739684060215950E+01	3.6230468750000000E+01
4.0796872623264790E+01	3.6230468750000000E+01
4.0854097835719585E+01	3.6230468750000000E+01
4.0911275900900364E+01	3.6230468750000000E+01
4.0968479067087173E+01	3.6230468750000000E+01
4.1025643207132816E+01	3.6230468750000000E+01
4.1082832761108875E+01	3.6230468750000000E+01
4.1140011623501778E+01	3.6230468750000000E+01
4.1197169482707977E+01	3.6230468750000000E+01
4.1254388444125652E+01	3.6230468750000000E+01
4.1311573117971420E+01	3.6230468750000000E+01
4.1368764623999596E+01	3.6230468750000000E+01
4.1426026135683060E+01	3.6230468750000000E+01
4.1483246229588985E+01	3.6230468750000000E+01
4.1540493547916412E+01	3.6230468750000000E+01
4.1597699463367462E+01	3.6230468750000000E+01
4.1654944106936455E+01	3.6230468750000000E+01
4.1712207265198231E+01	3.6230468750000000E+01
4.1769426554441452E+01	3.6230468750000000E+01
4.1826666504144669E+01	3.6230468750000000E+01
4.1883914813399315E+01	3.6230468750000000E+01
4.1941156484186649E+01	3.6230468750000000E+01
4.1998411327600479E+01	3.6230468750000000E+01
4.2055619835853577E+01	3.6230468750000000E+01
4.2112862072885036E+01	3.6230468750000000E+01
4.2170091539621353E+01	3.6230468750000000E+01
4.2227350965142250E+01	3.6230468750000000E+01
4.2284597143530846E+01	3.6230468750000000E+01
4.2341814555227757E+01	3.6230468750000000E+01
4.2399081699550152E+01	3.6230468750000000E+01
4.2456355839967728E+01	3.6230468750000000E+01
4.2513606727123260E+01	3.6230468750000000E+01
4.2570843167603016E+01	3.6230468750000000E+01
4.2628109246492386E+01	3.6230468750000000E+01
4.2685356363654137E+01	3.6230468750000000E+01
4.2742606766521931E+01	3.6230468750000000E+01
4.2799883201718330E+01	3.6230468750000000E+01
4.2857132993638515E+01	3.6230468750000000E+01
4.2914374463260174E+01	3.6230468750000000E+01
4.2971600629389286E+01	3.6230468750000000E+01
4.3028845869004726E+01	3.6230468750000000E+01
4.3086124211549759E+01	3.6230468750000000E+01
4.3143384426832199E+01	3.6230468750000000E+01
4.3200604654848576E+01	3.6230468750000000E+01
4.3257857650518417E+01	3.6230468750000000E+01
4.3315055377781391E+01	3.6230468750000000E+01
4.3372294925153255E+01	3.6230468750000000E+01
4.3429534181952477E+01	3.6230468750000000E+01
4.3486770994961262E+01	3.6230468750000000E+01
4.3544018819928169E+01	3.6230468750000000E+01
4.3601270727813244E+01	3.6230468750000000E+01
4.3658527143299580E+01	3.6230468750000000E+01
4.3715797670185566E+01	3.6230468750000000E+01
4.3773055315017700E+01	3.6230468750000000E+01
4.3830279357731342E+01	3.6230468750000000E+01
4.3887509554624557E+01	3.6230468750000000E+01
4.3944760650396347E+01	3.6230468750000000E+01
4.4002205640077591E+01	3.6230468750000000E+01
4.4059447787702084E+01	3.6230468750000000E+01
4.4116701230406761E+01	3.6230468750000000E+01
4.4173927173018456E+01	3.6230468750000000E+01
4.4231178022921085E+01	3.6230468750000000E+01
4.4288406334817410E+01	3.6230468750000000E+01
4.4345660403370857E+01	3.6230468750000000E+01
4.4402874141931534E+01	3.6230468750000000E+01
4.4460106879472733E+01	3.6230468750000000E+01
4.4517342135310173E+01	3.6230468750000000E+01
4.4574562363326550E+01	3.6230468750000000E+01
4.4631795719265938E+01	3.6230468750000000E+01
4.4689007617533207E+01	3.6230468750000000E+01
4.4746226817369461E+01	3.6230468750000000E+01
4.4803432285785675E+01	3.6230468750000000E+01
4.4860656872391701E+01	3.6230468750000000E+01
4.4917856529355049E+01	3.6230468750000000E+01
4.4975107803940773E+01	3.6230468750000000E+01
4.5032340444624424E+01	3.6230468750000000E+01
4.5089562989771366E+01	3.6230468750000000E+01
4.5146782904863358E+01	3.6230468750000000E+01
4.5204026907682419E+01	3.6230468750000000E+01
4.5261258304119110E+01	3.6230468750000000E+01
4.5318459674715996E+01	3.6230468750000000E+01
4.5375675164163113E+01	3.6230468750000000E+01
4.5432873293757439E+01	3.6230468750000000E+01
4.5490142546594143E+01	3.6230468750000000E+01
4.5547370202839375E+01	3.6230468750000000E+01
4.5604598529636860E+01	3.6230468750000000E+01
4.5661806643009186E+01	3.6230468750000000E+01
4.5719047747552395E+01	3.6230468750000000E+01
4.5776296816766262E+01	3.6230468750000000E+01
4.5833511553704739E+01	3.6230468750000000E+01
4.5890728548169136E+01	3.6230468750000000E+01
4.5947969876229763E+01	3.6230468750000000E+01
4.6005200661718845E+01	3.6230468750000000E+01
4.6062436103820801E+01	3.6230468750000000E+01
4.6119632735848427E+01	3.6230468750000000E+01
4.6176870137453079E+01	3.6230468750000000E+01
4.6234118938446045E+01	3.6230468750000000E+01
4.6291328974068165E+01	3.6230468750000000E+01
4.6348553746938705E+01	3.6230468750000000E+01
4.6405790328979492E+01	3.6230468750000000E+01
4.6463031984865665E+01	3.6230468750000000E+01
4.6520265512168407E+01	3.6230468750000000E+01
4.6577499359846115E+01	3.6230468750000000E+01
4.6634720861911774E+01	3.6230468750000000E+01
4.6691963419318199E+01	3.6230468750000000E+01
4.6749187931418419E+01	3.6230468750000000E+01
4.6806423164904118E+01	3.6230468750000000E+01
4.6863658636808395E+01	3.6230468750000000E+01
4.6920865304768085E+01	3.6230468750000000E+01
4.6978094443678856E+01	3.6230468750000000E+01
4.7035313464701176E+01	3.6230468750000000E+01
4.7092763602733612E+01	3.6230468750000000E+01
4.7149989530444145E+01	3.6230468750000000E+01
4.7207216270267963E+01	3.6230468750000000E+01
4.7264455422759056E+01	3.6230468750000000E+01
4.7321678854525089E+01	3.6230468750000000E+01
4.7378917284309864E+01	3.6230468750000000E+01
4.7436158120632172E+01	3.6230468750000000E+01
4.7493387371301651E+01	3.6230468750000000E+01
4.7550585314631462E+01	3.6230468750000000E+01
4.7607775576412678E+01	3.6230468750000000E+01
4.7665011726319790E+01	3.6230468750000000E+01
4.7722220338881016E+01	3.6230468750000000E+01
4.7779561124742031E+01	3.6230468750000000E+01
4.7836930736899376E+01	3.6230468750000000E+01
4.7894297756254673E+01	3.6230468750000000E+01
4.7951644413173199E+01	3.6230468750000000E+01
4.8008985243737698E+01	3.6230468750000000E+01
4.8066356509923935E+01	3.6230468750000000E+01
4.8123737230896950E+01	3.6230468750000000E+01
4.8181131623685360E+01	3.6230468750000000E+01
4.8238484911620617E+01	3.6230468750000000E+01
4.8295875839889050E+01	3.6230468750000000E+01
4.8353275895118713E+01	3.6230468750000000E+01
4.8410670988261700E+01	3.6230468750000000E+01
4.8468070007860661E+01	3.6230468750000000E+01
4.8525462456047535E+01	3.6230468750000000E+01
4.8582894027233124E+01	3.6230468750000000E+01
4.8640278428792953E+01	3.6230468750000000E+01
4.8697666443884373E+01	3.6230468750000000E+01
4.8755041815340519E+01	3.6230468750000000E+01
4.8812393106520176E+01	3.6230468750000000E+01
4.8869750671088696E+01	3.6230468750000000E+01
4.8927116304636002E+01	3.6230468750000000E+01
4.8984474413096905E+01	3.6230468750000000E+01
4.9041827052831650E+01	3.6230468750000000E+01
4.9099231280386448E+01	3.6230468750000000E+01
4.9156593777239323E+01	3.6230468750000000E+01
4.9213972248136997E+01	3.6230468750000000E+01
4.9271399840712547E+01	3.6230468750000000E+01
4.9328794918954372E+01	3.6230468750000000E+01
4.9386163033545017E+01	3.6230468750000000E+01
4.9443545036017895E+01	3.6230468750000000E+01
4.9500938117504120E+01	3.6230468750000000E+01
4.9558340854942799E+01	3.6230468750000000E+01
4.9615693837404251E+01	3.6230468750000000E+01
4.9673087872564793E+01	3.6230468750000000E+01
4.9730491973459721E+01	3.6230468750000000E+01
4.9787877969443798E+01	3.6230468750000000E+01
4.9845273308455944E+01	3.6230468750000000E+01
4.9902655683457851E+01	3.6230468750000000E+01
4.9960072547197342E+01	3.6230468750000000E+01
5.0017490193247795E+01	3.6230468750000000E+01
5.0074892759323120E+01	3.6230468750000000E+01
5.0132308594882488E+01	3.6230468750000000E+01
5.0189700275659561E+01	3.6230468750000000E+01
5.0247083649039268E+01	3.6230468750000000E+01
5.0304480597376823E+01	3.6230468750000000E+01
5.0361866399645805E+01	3.6230468750000000E+01
5.0419285900890827E+01	3.6230468750000000E+01
5.0476643323898315E+01	3.6230468750000000E+01
5.0533909253776073E+01	3.6230468750000000E+01
5.0591152280569077E+01	3.6230468750000000E+01
5.0648374892771244E+01	3.6230468750000000E+01
5.0705638416111469E+01	3.6230468750000000E+01
5.0762871101498604E+01	3.6230468750000000E+01
5.0820111662149429E+01	3.6230468750000000E+01
5.0877372860908508E+01	3.6230468750000000E+01
5.0934623077511787E+01	3.6230468750000000E+01
5.0991861470043659E+01	3.6230468750000000E+01
5.1049134001135826E+01	3.6230468750000000E+01
5.1106382220983505E+01	3.6230468750000000E+01
5.1163594141602516E+01	3.6230468750000000E+01
5.1220841504633427E+01	3.6230468750000000E+01
5.1278063930571079E+01	3.6230468750000000E+01
5.1335317023098469E+01	3.6230468750000000E+01
5.1392542749643326E+01	3.6230468750000000E+01
5.1449831560254097E+01	3.6230468750000000E+01
5.1507102943956852E+01	3.6230468750000000E+01
5.1564336210489273E+01	3.6230468750000000E+01
5.1621589452028275E+01	3.6230468750000000E+01
5.1678811147809029E+01	3.6230468750000000E+01
5.1736096054315567E+01	3.6230468750000000E+01
5.1793338224291801E+01	3.6230468750000000E+01
5.1850569717586040E+01	3.6230468750000000E+01
5.1907813221216202E+01	3.6230468750000000E+01
5.1965064361691475E+01	3.6230468750000000E+01
5.2022307075560093E+01	3.6230468750000000E+01
5.2079593777656555E+01	3.6230468750000000E+01
5.2136821903288364E+01	3.6230468750000000E+01
5.2194090031087399E+01	3.6230468750000000E+01
5.2251348771154881E+01	3.6230468750000000E+01
5.2308593288064003E+01	3.6230468750000000E+01
5.2365961492061615E+01	3.6230468750000000E+01
5.2423212110996246E+01	3.6230468750000000E+01
5.2480434872210026E+01	3.6230468750000000E+01
5.2537665016949177E+01	3.6230468750000000E+01
5.2594913415610790E+01	3.6230468750000000E+01
5.2652162626385689E+01	3.6230468750000000E+01
5.2709392428398132E+01	3.6230468750000000E+01
5.2766620606184006E+01	3.6230468750000000E+01
5.2823874019086361E+01	3.6230468750000000E+01
5.2881127327680588E+01	3.6230468750000000E+01
5.2938384577631950E+01	3.6230468750000000E+01
5.2995650693774223E+01	3.6230468750000000E+01
5.3052872128784657E+01	3.6230468750000000E+01
5.3110117077827454E+01	3.6230468750000000E+01
5.3167340576648712E+01	3.6230468750000000E+01
5.3224567532539368E+01	3.6230468750000000E+01
5.3281796224415302E+01	3.6230468750000000E+01
5.3339029759168625E+01	3.6230468750000000E+01
5.3396453611552715E+01	3.6230468750000000E+01
5.3453712828457355E+01	3.6230468750000000E+01
5.3510975189507008E+01	3.6230468750000000E+01
5.3568234972655773E+01	3.6230468750000000E+01
5.3625448480248451E+01	3.6230468750000000E+01
5.3682669863104820E+01	3.6230468750000000E+01
5.3739878177642822E+01	3.6230468750000000E+01
5.3797118164598942E+01	3.6230468750000000E+01
5.3854414299130440E+01	3.6230468750000000E+01
5.3911685295403004E+01	3.6230468750000000E+01
5.3968925282359123E+01	3.6230468750000000E+01
5.4026161462068558E+01	3.6230468750000000E+01
5.4083388723433018E+01	3.6230468750000000E+01
5.4140641868114471E+01	3.6230468750000000E+01
5.4197879217565060E+01	3.6230468750000000E+01
5.4255119420588017E+01	3.6230468750000000E+01
5.4312354832887650E+01	3.6230468750000000E+01
5.4369603790342808E+01	3.6230468750000000E+01
5.4426807291805744E+01	3.6230468750000000E+01
5.4484052062034607E+01	3.6230468750000000E+01
5.4541281558573246E+01	3.6230468750000000E+01
5.4598497465252876E+01	3.6230468750000000E+01
5.4655723124742508E+01	3.6230468750000000E+01
5.4712932012975216E+01	3.6230468750000000E+01
5.4770150676369667E+01	3.6230468750000000E+01
5.4827363751828671E+01	3.6230468750000000E+01
5.4884578265249729E+01	3.6230468750000000E+01
5.4941789261996746E+01	3.6230468750000000E+01
5.4999025039374828E+01	3.6230468750000000E+01
5.5056247912347317E+01	3.6230468750000000E+01
5.5113550424575806E+01	3.6230468750000000E+01
5.5170860417187214E+01	3.6230468750000000E+01
5.5228142350912094E+01	3.6230468750000000E+01
5.5285403169691563E+01	3.6230468750000000E+01
5.5342719018459320E+01	3.6230468750000000E+01
5.5399950213730335E+01	3.6230468750000000E+01
5.5457232594490051E+01	3.6230468750000000E+01
5.5514494739472866E+01	3.6230468750000000E+01
5.5571762390434742E+01	3.6230468750000000E+01
5.5629041694104671E+01	3.6230468750000000E+01
5.5686314880847931E+01	3.6230468750000000E+01
5.5743576899170876E+01	3.6230468750000000E+01
5.5800892934203148E+01	3.6230468750000000E+01
5.5858226321637630E+01	3.6230468750000000E+01
5.5915509022772312E+01	3.6230468750000000E+01
5.5972781211137772E+01	3.6230468750000000E+01
5.6030081085860729E+01	3.6230468750000000E+01
5.6087339691817760E+01	3.6230468750000000E+01
5.6144629664719105E+01	3.6230468750000000E+01
5.6201903656125069E+01	3.6230468750000000E+01
5.6259206846356392E+01	3.6230468750000000E+01
5.6316486902534962E+01	3.6230468750000000E+01
5.6373769745230675E+01	3.6230468750000000E+01
5.6431088134646416E+01	3.6230468750000000E+01
5.6488442800939083E+01	3.6230468750000000E+01
5.6545753911137581E+01	3.6230468750000000E+01
5.6603046953678131E+01	3.6230468750000000E+01
5.6660352699458599E+01	3.6230468750000000E+01
5.6717636831104755E+01	3.6230468750000000E+01
5.6774945527315140E+01	3.6230468750000000E+01
5.6832212828099728E+01	3.6230468750000000E+01
5.6889508865773678E+01	3.6230468750000000E+01
5.6946789503097534E+01	3.6230468750000000E+01
5.7004075072705746E+01	3.6230468750000000E+01
5.7061614051461220E+01	3.6230468750000000E+01
5.7118878804147243E+01	3.6230468750000000E+01
5.7176255039870739E+01	3.6230468750000000E+01
5.7233703635632992E+01	3.6230468750000000E+01
5.7291297167539597E+01	3.6230468750000000E+01
