1.0897219181060791E-03	3.6015625000000000E+01
6.7986145615577698E-02	3.6015625000000000E+01
1.3410513103008270E-01	3.6015625000000000E+01
2.0021407306194305E-01	3.6015625000000000E+01
2.6696428656578064E-01	3.6015625000000000E+01
3.3305773138999939E-01	3.6015625000000000E+01
3.9985252171754837E-01	3.6015625000000000E+01
4.6596110612154007E-01	3.6015625000000000E+01
5.3275422006845474E-01	3.6250000000000000E+01
5.9904026985168457E-01	3.6250000000000000E+01
6.6518024355173111E-01	3.6250000000000000E+01
7.3162499815225601E-01	3.6250000000000000E+01
7.9845971614122391E-01	3.6250000000000000E+01
8.6522652953863144E-01	3.6250000000000000E+01
9.3201749771833420E-01	3.6250000000000000E+01
9.9889110028743744E-01	3.6250000000000000E+01
1.0656549036502838E+00	3.6250000000000000E+01
1.1325001344084740E+00	3.6250000000000000E+01
1.1990748867392540E+00	3.6250000000000000E+01
1.2658925428986549E+00	3.6250000000000000E+01
1.3327270746231079E+00	3.6250000000000000E+01
1.3995720967650414E+00	3.6250000000000000E+01
1.4663252979516983E+00	3.6250000000000000E+01
1.5331577807664871E+00	3.6250000000000000E+01
1.5993860363960266E+00	3.6250000000000000E+01
1.6654635816812515E+00	3.6250000000000000E+01
1.7315598800778389E+00	3.6250000000000000E+01
1.7976653873920441E+00	3.6250000000000000E+01
1.8637763336300850E+00	3.6250000000000000E+01
1.9298684075474739E+00	3.6250000000000000E+01
1.9962683394551277E+00	3.6250000000000000E+01
2.0623979717493057E+00	3.6250000000000000E+01
2.1284915357828140E+00	3.6250000000000000E+01
2.1946290209889412E+00	3.6250000000000000E+01
2.2607634812593460E+00	3.6250000000000000E+01
2.3268555328249931E+00	3.6250000000000000E+01
2.3934583887457848E+00	3.6250000000000000E+01
2.4595351070165634E+00	3.6250000000000000E+01
2.5261856541037560E+00	3.6261718750000000E+01
2.5924272239208221E+00	3.6261718750000000E+01
2.6585322916507721E+00	3.6261718750000000E+01
2.7246532663702965E+00	3.6261718750000000E+01
2.7907475829124451E+00	3.6261718750000000E+01
2.8568390458822250E+00	3.6261718750000000E+01
2.9229679480195045E+00	3.6261718750000000E+01
2.9892091229557991E+00	3.6261718750000000E+01
3.0558451637625694E+00	3.6261718750000000E+01
3.1219740286469460E+00	3.6261718750000000E+01
3.1883427053689957E+00	3.6261718750000000E+01
3.2544493898749352E+00	3.6261718750000000E+01
3.3212065100669861E+00	3.6261718750000000E+01
3.3872968479990959E+00	3.6261718750000000E+01
3.4534517228603363E+00	3.6261718750000000E+01
3.5195780918002129E+00	3.6261718750000000E+01
3.5856698453426361E+00	3.6261718750000000E+01
3.6517603322863579E+00	3.6261718750000000E+01
3.7181910499930382E+00	3.6261718750000000E+01
3.7842693477869034E+00	3.6261718750000000E+01
3.8504044786095619E+00	3.6261718750000000E+01
3.9165205955505371E+00	3.6261718750000000E+01
3.9826233312487602E+00	3.6261718750000000E+01
4.0487333312630653E+00	3.6261718750000000E+01
4.1149024367332458E+00	3.6261718750000000E+01
4.1809983253479004E+00	3.6261718750000000E+01
4.2471026778221130E+00	3.6261718750000000E+01
4.3133455291390419E+00	3.6261718750000000E+01
4.3794762045145035E+00	3.6261718750000000E+01
4.4456140547990799E+00	3.6261718750000000E+01
4.5117159485816956E+00	3.6261718750000000E+01
4.5779698789119720E+00	3.6261718750000000E+01
4.6440749540925026E+00	3.6261718750000000E+01
4.7102498412132263E+00	3.6261718750000000E+01
4.7763658016920090E+00	3.6261718750000000E+01
4.8424740731716156E+00	3.6261718750000000E+01
4.9085750430822372E+00	3.6261718750000000E+01
4.9746526852250099E+00	3.6261718750000000E+01
5.0407650768756866E+00	3.6261718750000000E+01
5.1068384274840355E+00	3.6261718750000000E+01
5.1729571744799614E+00	3.6261718750000000E+01
5.2390921786427498E+00	3.6261718750000000E+01
5.3052022680640221E+00	3.6261718750000000E+01
5.3713047280907631E+00	3.6261718750000000E+01
5.4373956024646759E+00	3.6261718750000000E+01
5.5035116448998451E+00	3.6261718750000000E+01
5.5696291998028755E+00	3.6261718750000000E+01
5.6357346698641777E+00	3.6261718750000000E+01
5.7021970823407173E+00	3.6261718750000000E+01
5.7687054350972176E+00	3.6261718750000000E+01
5.8348161727190018E+00	3.6261718750000000E+01
5.9009416699409485E+00	3.6261718750000000E+01
5.9674741774797440E+00	3.6265625000000000E+01
6.0337303951382637E+00	3.6265625000000000E+01
6.0998309999704361E+00	3.6265625000000000E+01
6.1660378575325012E+00	3.6265625000000000E+01
6.2327343225479126E+00	3.6265625000000000E+01
6.2989784330129623E+00	3.6265625000000000E+01
6.3650958016514778E+00	3.6265625000000000E+01
6.4311861544847488E+00	3.6265625000000000E+01
6.4972893670201302E+00	3.6265625000000000E+01
6.5634247064590454E+00	3.6265625000000000E+01
6.6296494528651237E+00	3.6265625000000000E+01
6.6957869306206703E+00	3.6265625000000000E+01
6.7623064815998077E+00	3.6265625000000000E+01
6.8283966928720474E+00	3.6265625000000000E+01
6.8945495858788490E+00	3.6265625000000000E+01
6.9606948718428612E+00	3.6265625000000000E+01
7.0268479809165001E+00	3.6265625000000000E+01
7.0929889678955078E+00	3.6265625000000000E+01
7.1590905040502548E+00	3.6265625000000000E+01
7.2252109274268150E+00	3.6265625000000000E+01
7.2914534360170364E+00	3.6265625000000000E+01
7.3575598374009132E+00	3.6265625000000000E+01
7.4236859530210495E+00	3.6265625000000000E+01
7.4898581653833389E+00	3.6265625000000000E+01
7.5560307577252388E+00	3.6265625000000000E+01
7.6221801936626434E+00	3.6265625000000000E+01
7.6883107647299767E+00	3.6265625000000000E+01
7.7546539232134819E+00	3.6265625000000000E+01
7.8207570761442184E+00	3.6265625000000000E+01
7.8868877664208412E+00	3.6265625000000000E+01
7.9530228450894356E+00	3.6265625000000000E+01
8.0191523358225822E+00	3.6265625000000000E+01
8.0852793082594872E+00	3.6265625000000000E+01
8.1514410302042961E+00	3.6265625000000000E+01
8.2176169306039810E+00	3.6265625000000000E+01
8.2837374433875084E+00	3.6265625000000000E+01
8.3498591929674149E+00	3.6265625000000000E+01
8.4159961864352226E+00	3.6265625000000000E+01
8.4825926944613457E+00	3.6265625000000000E+01
8.5488415434956551E+00	3.6265625000000000E+01
8.6151186600327492E+00	3.6265625000000000E+01
8.6818992346525192E+00	3.6265625000000000E+01
8.7480019405484200E+00	3.6265625000000000E+01
8.8141946420073509E+00	3.6265625000000000E+01
8.8805064260959625E+00	3.6265625000000000E+01
8.9466504156589508E+00	3.6265625000000000E+01
9.0129798203706741E+00	3.6265625000000000E+01
9.0791532695293427E+00	3.6265625000000000E+01
9.1453023701906204E+00	3.6265625000000000E+01
9.2114375382661819E+00	3.6265625000000000E+01
9.2780151739716530E+00	3.6265625000000000E+01
9.3441420122981071E+00	3.6265625000000000E+01
9.4103756099939346E+00	3.6265625000000000E+01
9.4764898121356964E+00	3.6265625000000000E+01
9.5426160022616386E+00	3.6265625000000000E+01
9.6091639101505280E+00	3.6265625000000000E+01
9.6754132509231567E+00	3.6265625000000000E+01
9.7415304258465767E+00	3.6265625000000000E+01
9.8076389208436012E+00	3.6265625000000000E+01
9.8740659728646278E+00	3.6265625000000000E+01
9.9401763975620270E+00	3.6265625000000000E+01
1.0007031269371510E+01	3.6265625000000000E+01
1.0074388854205608E+01	3.6265625000000000E+01
1.0142684802412987E+01	3.6265625000000000E+01
1.0210921145975590E+01	3.6265625000000000E+01
1.0279170364141464E+01	3.6265625000000000E+01
1.0347743391990662E+01	3.6265625000000000E+01
1.0416001603007317E+01	3.6265625000000000E+01
1.0484269186854362E+01	3.6265625000000000E+01
1.0552545256912708E+01	3.6265625000000000E+01
1.0620800636708736E+01	3.6265625000000000E+01
1.0689002394676208E+01	3.6265625000000000E+01
1.0757201425731182E+01	3.6265625000000000E+01
1.0825423397123814E+01	3.6265625000000000E+01
1.0893845915794373E+01	3.6265625000000000E+01
1.0962035767734051E+01	3.6265625000000000E+01
1.1030634641647339E+01	3.6265625000000000E+01
1.1099384956061840E+01	3.6265625000000000E+01
1.1167596258223057E+01	3.6265625000000000E+01
1.1235884420573711E+01	3.6265625000000000E+01
1.1304321013391018E+01	3.6265625000000000E+01
1.1372645251452923E+01	3.6265625000000000E+01
1.1440844155848026E+01	3.6265625000000000E+01
1.1508996441960335E+01	3.6265625000000000E+01
1.1577190220355988E+01	3.6265625000000000E+01
1.1645450130105019E+01	3.6265625000000000E+01
1.1714031130075455E+01	3.6265625000000000E+01
1.1782673627138138E+01	3.6265625000000000E+01
1.1850871175527573E+01	3.6265625000000000E+01
1.1919053241610527E+01	3.6265625000000000E+01
1.1987338513135910E+01	3.6265625000000000E+01
1.2055560894310474E+01	3.6265625000000000E+01
1.2123745419085026E+01	3.6265625000000000E+01
1.2192402854561806E+01	3.6265625000000000E+01
1.2260613061487675E+01	3.6265625000000000E+01
1.2328822188079357E+01	3.6265625000000000E+01
1.2397658653557301E+01	3.6265625000000000E+01
1.2466259025037289E+01	3.6265625000000000E+01
1.2534487552940845E+01	3.6265625000000000E+01
1.2603089325129986E+01	3.6265625000000000E+01
1.2671348676085472E+01	3.6265625000000000E+01
1.2739626914262772E+01	3.6265625000000000E+01
1.2807864569127560E+01	3.6265625000000000E+01
1.2876752994954586E+01	3.6265625000000000E+01
1.2945003770291805E+01	3.6265625000000000E+01
1.3013404853641987E+01	3.6265625000000000E+01
1.3081622250378132E+01	3.6265625000000000E+01
1.3149893850088120E+01	3.6265625000000000E+01
1.3218793042004108E+01	3.6265625000000000E+01
1.3287522755563259E+01	3.6265625000000000E+01
1.3355771005153656E+01	3.6265625000000000E+01
1.3424683056771755E+01	3.6265625000000000E+01
1.3492905393242836E+01	3.6265625000000000E+01
1.3561159044504166E+01	3.6265625000000000E+01
1.3629377141594887E+01	3.6265625000000000E+01
1.3697579801082611E+01	3.6265625000000000E+01
1.3766241066157818E+01	3.6265625000000000E+01
1.3834479354321957E+01	3.6265625000000000E+01
1.3902691148221493E+01	3.6265625000000000E+01
1.3971285320818424E+01	3.6265625000000000E+01
1.4039509870111942E+01	3.6265625000000000E+01
1.4107790842652321E+01	3.6265625000000000E+01
1.4175967097282410E+01	3.6265625000000000E+01
1.4244176983833313E+01	3.6265625000000000E+01
1.4312407940626144E+01	3.6265625000000000E+01
1.4380600929260254E+01	3.6265625000000000E+01
1.4448796436190605E+01	3.6265625000000000E+01
1.4517265155911446E+01	3.6265625000000000E+01
1.4585489287972450E+01	3.6265625000000000E+01
1.4653694905340672E+01	3.6265625000000000E+01
1.4721884384751320E+01	3.6265625000000000E+01
1.4790097393095493E+01	3.6265625000000000E+01
1.4858310014009476E+01	3.6265625000000000E+01
1.4926535539329052E+01	3.6265625000000000E+01
1.4994761735200882E+01	3.6265625000000000E+01
1.5062944293022156E+01	3.6265625000000000E+01
1.5131826981902122E+01	3.6265625000000000E+01
1.5200048573315144E+01	3.6265625000000000E+01
1.5268264099955559E+01	3.6265625000000000E+01
1.5336512133479118E+01	3.6265625000000000E+01
1.5404775686562061E+01	3.6265625000000000E+01
1.5473005622625351E+01	3.6265625000000000E+01
1.5541242904961109E+01	3.6265625000000000E+01
1.5609521195292473E+01	3.6265625000000000E+01
1.5677794665098190E+01	3.6265625000000000E+01
1.5746041491627693E+01	3.6265625000000000E+01
1.5814252287149429E+01	3.6265625000000000E+01
1.5882522977888584E+01	3.6265625000000000E+01
1.5950974285602570E+01	3.6265625000000000E+01
1.6019189998507500E+01	3.6265625000000000E+01
1.6087951414287090E+01	3.6265625000000000E+01
1.6156212031841278E+01	3.6265625000000000E+01
1.6224466726183891E+01	3.6265625000000000E+01
1.6292737282812595E+01	3.6265625000000000E+01
1.6360967800021172E+01	3.6265625000000000E+01
1.6429165154695511E+01	3.6265625000000000E+01
1.6497386865317822E+01	3.6265625000000000E+01
1.6565622724592686E+01	3.6265625000000000E+01
1.6633905842900276E+01	3.6265625000000000E+01
1.6702145054936409E+01	3.6265625000000000E+01
1.6770915836095810E+01	3.6265625000000000E+01
1.6839637689292431E+01	3.6265625000000000E+01
1.6907920859754086E+01	3.6265625000000000E+01
1.6976207107305527E+01	3.6265625000000000E+01
1.7044999919831753E+01	3.6265625000000000E+01
1.7113946646451950E+01	3.6265625000000000E+01
1.7182287395000458E+01	3.6265625000000000E+01
1.7250742033123970E+01	3.6265625000000000E+01
1.7319035023450851E+01	3.6265625000000000E+01
1.7387373298406601E+01	3.6265625000000000E+01
1.7455680862069130E+01	3.6265625000000000E+01
1.7523982711136341E+01	3.6265625000000000E+01
1.7592293910682201E+01	3.6265625000000000E+01
1.7661227285861969E+01	3.6265625000000000E+01
1.7729598037898540E+01	3.6265625000000000E+01
1.7797989718616009E+01	3.6265625000000000E+01
1.7866296283900738E+01	3.6265625000000000E+01
1.7934564068913460E+01	3.6265625000000000E+01
1.8002875424921513E+01	3.6265625000000000E+01
1.8071173511445522E+01	3.6265625000000000E+01
1.8139442734420300E+01	3.6265625000000000E+01
1.8207709938287735E+01	3.6265625000000000E+01
1.8276281714439392E+01	3.6265625000000000E+01
1.8344583109021187E+01	3.6265625000000000E+01
1.8412907466292381E+01	3.6265625000000000E+01
1.8481223776936531E+01	3.6265625000000000E+01
1.8549926079809666E+01	3.6265625000000000E+01
1.8618857741355896E+01	3.6265625000000000E+01
1.8687866672873497E+01	3.6265625000000000E+01
1.8756885401904583E+01	3.6265625000000000E+01
1.8825942412018776E+01	3.6265625000000000E+01
1.8894991725683212E+01	3.6265625000000000E+01
1.8963986590504646E+01	3.6265625000000000E+01
1.9032806597650051E+01	3.6265625000000000E+01
1.9101870261132717E+01	3.6265625000000000E+01
1.9170765846967697E+01	3.6265625000000000E+01
1.9239782527089119E+01	3.6265625000000000E+01
1.9308760337531567E+01	3.6265625000000000E+01
1.9377754755318165E+01	3.6265625000000000E+01
1.9446716561913490E+01	3.6265625000000000E+01
1.9515652365982533E+01	3.6265625000000000E+01
1.9584590435028076E+01	3.6265625000000000E+01
1.9653607010841370E+01	3.6265625000000000E+01
1.9722692228853703E+01	3.6265625000000000E+01
1.9791706874966621E+01	3.6265625000000000E+01
1.9860622294247150E+01	3.6265625000000000E+01
1.9929623141884804E+01	3.6265625000000000E+01
1.9998606696724892E+01	3.6265625000000000E+01
2.0067651495337486E+01	3.6265625000000000E+01
2.0136647209525108E+01	3.6265625000000000E+01
2.0205579474568367E+01	3.6265625000000000E+01
2.0274597398936749E+01	3.6265625000000000E+01
2.0343063659965992E+01	3.6265625000000000E+01
2.0411777690052986E+01	3.6265625000000000E+01
2.0480054460465908E+01	3.6265625000000000E+01
2.0548448659479618E+01	3.6265625000000000E+01
2.0616726078093052E+01	3.6265625000000000E+01
2.0685054689645767E+01	3.6265625000000000E+01
2.0753835096955299E+01	3.6265625000000000E+01
2.0822726979851723E+01	3.6265625000000000E+01
2.0891069158911705E+01	3.6265625000000000E+01
2.0959394261240959E+01	3.6265625000000000E+01
2.1027906745672226E+01	3.6265625000000000E+01
2.1096354238688946E+01	3.6265625000000000E+01
2.1164664797484875E+01	3.6265625000000000E+01
2.1232983492314816E+01	3.6265625000000000E+01
2.1301942914724350E+01	3.6265625000000000E+01
2.1370257370173931E+01	3.6265625000000000E+01
2.1438701815903187E+01	3.6265625000000000E+01
2.1507023297250271E+01	3.6265625000000000E+01
2.1575930714607239E+01	3.6265625000000000E+01
2.1644469246268272E+01	3.6265625000000000E+01
2.1712811373174191E+01	3.6265625000000000E+01
2.1781264215707779E+01	3.6265625000000000E+01
2.1849580399692059E+01	3.6265625000000000E+01
2.1918132185935974E+01	3.6265625000000000E+01
2.1986431591212749E+01	3.6265625000000000E+01
2.2054707132279873E+01	3.6265625000000000E+01
2.2123382665216923E+01	3.6265625000000000E+01
2.2191700674593449E+01	3.6265625000000000E+01
2.2260029546916485E+01	3.6265625000000000E+01
2.2328357972204685E+01	3.6265625000000000E+01
2.2396638944745064E+01	3.6265625000000000E+01
2.2464923419058323E+01	3.6265625000000000E+01
2.2533262416720390E+01	3.6265625000000000E+01
2.2601576052606106E+01	3.6265625000000000E+01
2.2669906370341778E+01	3.6265625000000000E+01
2.2738228745758533E+01	3.6265625000000000E+01
2.2806863322854042E+01	3.6265625000000000E+01
2.2875167861580849E+01	3.6265625000000000E+01
2.2943473994731903E+01	3.6265625000000000E+01
2.3012076526880264E+01	3.6265625000000000E+01
2.3080415397882462E+01	3.6265625000000000E+01
2.3148747257888317E+01	3.6265625000000000E+01
2.3217083327472210E+01	3.6265625000000000E+01
2.3285398446023464E+01	3.6265625000000000E+01
2.3353709205985069E+01	3.6265625000000000E+01
2.3422016821801662E+01	3.6265625000000000E+01
2.3490308538079262E+01	3.6265625000000000E+01
2.3558617241680622E+01	3.6265625000000000E+01
2.3627039805054665E+01	3.6265625000000000E+01
2.3695445887744427E+01	3.6265625000000000E+01
2.3763900861144066E+01	3.6265625000000000E+01
2.3832243002951145E+01	3.6265625000000000E+01
2.3900616019964218E+01	3.6265625000000000E+01
2.3969200477004051E+01	3.6265625000000000E+01
2.4038035921752453E+01	3.6265625000000000E+01
2.4106376484036446E+01	3.6265625000000000E+01
2.4175357349216938E+01	3.6265625000000000E+01
2.4244381271302700E+01	3.6265625000000000E+01
2.4312732085585594E+01	3.6265625000000000E+01
2.4381042756140232E+01	3.6265625000000000E+01
2.4449379332363605E+01	3.6265625000000000E+01
2.4518394954502583E+01	3.6265625000000000E+01
2.4586730703711510E+01	3.6265625000000000E+01
2.4655064351856709E+01	3.6265625000000000E+01
2.4723405435681343E+01	3.6265625000000000E+01
2.4792481683194637E+01	3.6265625000000000E+01
2.4860823430120945E+01	3.6265625000000000E+01
2.4929163649678230E+01	3.6265625000000000E+01
2.4997726529836655E+01	3.6265625000000000E+01
2.5066077820956707E+01	3.6265625000000000E+01
2.5134398505091667E+01	3.6265625000000000E+01
2.5202716514468193E+01	3.6265625000000000E+01
2.5271382316946983E+01	3.6265625000000000E+01
2.5339747145771980E+01	3.6265625000000000E+01
2.5408103562891483E+01	3.6265625000000000E+01
2.5476443953812122E+01	3.6265625000000000E+01
2.5544774740934372E+01	3.6265625000000000E+01
2.5613094687461853E+01	3.6265625000000000E+01
2.5681439340114594E+01	3.6265625000000000E+01
2.5749791860580444E+01	3.6265625000000000E+01
2.5818108938634396E+01	3.6265625000000000E+01
2.5886427678167820E+01	3.6265625000000000E+01
2.5955343969166279E+01	3.6265625000000000E+01
2.6023667261004448E+01	3.6265625000000000E+01
2.6092000313103199E+01	3.6265625000000000E+01
2.6160720482468605E+01	3.6265625000000000E+01
2.6229049153625965E+01	3.6265625000000000E+01
2.6297427758574486E+01	3.6265625000000000E+01
2.6365787006914616E+01	3.6265625000000000E+01
2.6434098578989506E+01	3.6265625000000000E+01
2.6502441622316837E+01	3.6265625000000000E+01
2.6570764556527138E+01	3.6265625000000000E+01
2.6639238893985748E+01	3.6265625000000000E+01
2.6708009570837021E+01	3.6265625000000000E+01
2.6776934869587421E+01	3.6265625000000000E+01
2.6845284067094326E+01	3.6265625000000000E+01
2.6913638502359390E+01	3.6265625000000000E+01
2.6981988333165646E+01	3.6265625000000000E+01
2.7050344139337540E+01	3.6265625000000000E+01
2.7118693530559540E+01	3.6265625000000000E+01
2.7187055230140686E+01	3.6265625000000000E+01
2.7255411215126514E+01	3.6265625000000000E+01
2.7323707021772861E+01	3.6265625000000000E+01
2.7392441011965275E+01	3.6265625000000000E+01
2.7460745818912983E+01	3.6265625000000000E+01
2.7529578052461147E+01	3.6265625000000000E+01
2.7598505042493343E+01	3.6265625000000000E+01
2.7666832670569420E+01	3.6265625000000000E+01
2.7735266715288162E+01	3.6265625000000000E+01
2.7803712397813797E+01	3.6265625000000000E+01
2.7872093684971333E+01	3.6265625000000000E+01
2.7940443083643913E+01	3.6265625000000000E+01
2.8008730232715607E+01	3.6265625000000000E+01
2.8077016413211823E+01	3.6265625000000000E+01
2.8145690627396107E+01	3.6265625000000000E+01
2.8214346945285797E+01	3.6265625000000000E+01
2.8282686345279217E+01	3.6265625000000000E+01
2.8351011462509632E+01	3.6265625000000000E+01
2.8419409841299057E+01	3.6265625000000000E+01
2.8487727433443069E+01	3.6265625000000000E+01
2.8556016303598881E+01	3.6265625000000000E+01
2.8624435424804688E+01	3.6265625000000000E+01
2.8692718699574471E+01	3.6265625000000000E+01
2.8761032879352570E+01	3.6265625000000000E+01
2.8829457461833954E+01	3.6265625000000000E+01
2.8898157753050327E+01	3.6265625000000000E+01
2.8966539241373539E+01	3.6265625000000000E+01
2.9035073913633823E+01	3.6265625000000000E+01
2.9103789009153843E+01	3.6265625000000000E+01
2.9172195181250572E+01	3.6265625000000000E+01
2.9240521572530270E+01	3.6265625000000000E+01
2.9308791950345039E+01	3.6265625000000000E+01
2.9377177231013775E+01	3.6265625000000000E+01
2.9445462860167027E+01	3.6265625000000000E+01
2.9513761579990387E+01	3.6265625000000000E+01
2.9582013979554176E+01	3.6265625000000000E+01
2.9650271758437157E+01	3.6265625000000000E+01
2.9718519710004330E+01	3.6265625000000000E+01
2.9786840952932835E+01	3.6265625000000000E+01
2.9855157762765884E+01	3.6265625000000000E+01
2.9923746295273304E+01	3.6265625000000000E+01
2.9992352209985256E+01	3.6265625000000000E+01
3.0060715995728970E+01	3.6265625000000000E+01
3.0129558071494102E+01	3.6265625000000000E+01
3.0197881966829300E+01	3.6265625000000000E+01
3.0266192235052586E+01	3.6265625000000000E+01
3.0334781095385551E+01	3.6265625000000000E+01
3.0403123155236244E+01	3.6265625000000000E+01
3.0471429996192455E+01	3.6265625000000000E+01
3.0539738431572914E+01	3.6265625000000000E+01
3.0608077354729176E+01	3.6265625000000000E+01
3.0676452025771141E+01	3.6265625000000000E+01
3.0744752556085587E+01	3.6265625000000000E+01
3.0813056722283363E+01	3.6265625000000000E+01
3.0881834492087364E+01	3.6265625000000000E+01
3.0950671121478081E+01	3.6265625000000000E+01
3.1019525200128555E+01	3.6265625000000000E+01
3.1088080935180187E+01	3.6265625000000000E+01
3.1156665697693825E+01	3.6265625000000000E+01
3.1225263521075249E+01	3.6265625000000000E+01
3.1293570525944233E+01	3.6265625000000000E+01
3.1361886680126190E+01	3.6265625000000000E+01
3.1430163569748402E+01	3.6265625000000000E+01
3.1498757682740688E+01	3.6265625000000000E+01
3.1567214965820312E+01	3.6265625000000000E+01
3.1635498054325581E+01	3.6265625000000000E+01
3.1703797526657581E+01	3.6265625000000000E+01
3.1772095948457718E+01	3.6265625000000000E+01
3.1840412914752960E+01	3.6265625000000000E+01
3.1908705994486809E+01	3.6265625000000000E+01
3.1977013163268566E+01	3.6265625000000000E+01
3.2045338504016399E+01	3.6265625000000000E+01
3.2113829180598259E+01	3.6265625000000000E+01
3.2182320781052113E+01	3.6265625000000000E+01
3.2250618271529675E+01	3.6265625000000000E+01
3.2318928897380829E+01	3.6265625000000000E+01
3.2387215547263622E+01	3.6265625000000000E+01
3.2455495059490204E+01	3.6265625000000000E+01
3.2524111509323120E+01	3.6265625000000000E+01
3.2592446699738503E+01	3.6265625000000000E+01
3.2660782404243946E+01	3.6265625000000000E+01
3.2729124106466770E+01	3.6265625000000000E+01
3.2797454662621021E+01	3.6265625000000000E+01
3.2865765608847141E+01	3.6265625000000000E+01
3.2934085234999657E+01	3.6265625000000000E+01
3.3002407781779766E+01	3.6265625000000000E+01
3.3070713214576244E+01	3.6265625000000000E+01
3.3139049798250198E+01	3.6265625000000000E+01
3.3207392178475857E+01	3.6265625000000000E+01
3.3276091828942299E+01	3.6265625000000000E+01
3.3344436764717102E+01	3.6265625000000000E+01
3.3412709794938564E+01	3.6265625000000000E+01
3.3481129214167595E+01	3.6265625000000000E+01
3.3549443334341049E+01	3.6265625000000000E+01
3.3617738604545593E+01	3.6265625000000000E+01
3.3686006143689156E+01	3.6265625000000000E+01
3.3754328019917011E+01	3.6265625000000000E+01
3.3822633810341358E+01	3.6265625000000000E+01
3.3890916727483273E+01	3.6265625000000000E+01
3.3959597714245319E+01	3.6265625000000000E+01
3.4027884528040886E+01	3.6265625000000000E+01
3.4096359886229038E+01	3.6265625000000000E+01
3.4164709381759167E+01	3.6265625000000000E+01
3.4233664438128471E+01	3.6265625000000000E+01
3.4302005261182785E+01	3.6265625000000000E+01
3.4370320647954941E+01	3.6265625000000000E+01
3.4438645690679550E+01	3.6265625000000000E+01
3.4507244326174259E+01	3.6265625000000000E+01
3.4575917266309261E+01	3.6265625000000000E+01
3.4644862040877342E+01	3.6265625000000000E+01
3.4713155351579189E+01	3.6265625000000000E+01
3.4781498879194260E+01	3.6265625000000000E+01
3.4849838145077229E+01	3.6265625000000000E+01
3.4918807670474052E+01	3.6265625000000000E+01
3.4987124130129814E+01	3.6265625000000000E+01
3.5055463656783104E+01	3.6265625000000000E+01
3.5123821377754211E+01	3.6265625000000000E+01
3.5192251406610012E+01	3.6265625000000000E+01
3.5260608315467834E+01	3.6265625000000000E+01
3.5329335235059261E+01	3.6265625000000000E+01
3.5397810854017735E+01	3.6265625000000000E+01
3.5466106146574020E+01	3.6265625000000000E+01
3.5534431919455528E+01	3.6265625000000000E+01
3.5602872051298618E+01	3.6265625000000000E+01
3.5671198643743992E+01	3.6265625000000000E+01
3.5739506319165230E+01	3.6265625000000000E+01
3.5807829834520817E+01	3.6265625000000000E+01
3.5876154132187366E+01	3.6265625000000000E+01
3.5944451525807381E+01	3.6265625000000000E+01
3.6012727677822113E+01	3.6265625000000000E+01
3.6081023156642914E+01	3.6265625000000000E+01
3.6149712711572647E+01	3.6265625000000000E+01
3.6218494519591331E+01	3.6265625000000000E+01
3.6286792434751987E+01	3.6265625000000000E+01
3.6355109751224518E+01	3.6265625000000000E+01
3.6424014210700989E+01	3.6265625000000000E+01
3.6492285922169685E+01	3.6265625000000000E+01
3.6560842402279377E+01	3.6265625000000000E+01
3.6629144340753555E+01	3.6265625000000000E+01
3.6697783343493938E+01	3.6265625000000000E+01
3.6766266897320747E+01	3.6265625000000000E+01
3.6834588013589382E+01	3.6265625000000000E+01
3.6903063371777534E+01	3.6265625000000000E+01
3.6971375428140163E+01	3.6265625000000000E+01
3.7039676979184151E+01	3.6265625000000000E+01
3.7107965119183064E+01	3.6265625000000000E+01
3.7176533818244934E+01	3.6265625000000000E+01
3.7244922392070293E+01	3.6265625000000000E+01
3.7313245847821236E+01	3.6265625000000000E+01
3.7381555378437042E+01	3.6265625000000000E+01
3.7449856668710709E+01	3.6265625000000000E+01
3.7518657855689526E+01	3.6265625000000000E+01
3.7586964517831802E+01	3.6265625000000000E+01
3.7655728213489056E+01	3.6265625000000000E+01
3.7724030114710331E+01	3.6265625000000000E+01
3.7792362362146378E+01	3.6265625000000000E+01
3.7860630862414837E+01	3.6265625000000000E+01
3.7928951978683472E+01	3.6265625000000000E+01
3.7997252643108368E+01	3.6265625000000000E+01
3.8065752133727074E+01	3.6265625000000000E+01
3.8134037941694260E+01	3.6265625000000000E+01
3.8202663801610470E+01	3.6265625000000000E+01
3.8271365106105804E+01	3.6269531250000000E+01
3.8340455055236816E+01	3.6269531250000000E+01
3.8408770196139812E+01	3.6269531250000000E+01
3.8477209702134132E+01	3.6269531250000000E+01
3.8545511089265347E+01	3.6269531250000000E+01
3.8613847047090530E+01	3.6269531250000000E+01
3.8682119846343994E+01	3.6269531250000000E+01
3.8750423155725002E+01	3.6269531250000000E+01
3.8818719848990440E+01	3.6269531250000000E+01
3.8887654125690460E+01	3.6269531250000000E+01
3.8956671655178070E+01	3.6269531250000000E+01
3.9025738693773746E+01	3.6269531250000000E+01
3.9094713345170021E+01	3.6269531250000000E+01
3.9163680851459503E+01	3.6269531250000000E+01
3.9232707947492599E+01	3.6269531250000000E+01
3.9301661543548107E+01	3.6269531250000000E+01
3.9370597757399082E+01	3.6269531250000000E+01
3.9439621932804585E+01	3.6269531250000000E+01
3.9508511863648891E+01	3.6269531250000000E+01
3.9577494069933891E+01	3.6269531250000000E+01
3.9646468453109264E+01	3.6269531250000000E+01
3.9715527042746544E+01	3.6269531250000000E+01
3.9784517124295235E+01	3.6269531250000000E+01
3.9853409364819527E+01	3.6269531250000000E+01
3.9922422297298908E+01	3.6269531250000000E+01
3.9991467237472534E+01	3.6269531250000000E+01
4.0060550890862942E+01	3.6269531250000000E+01
4.0129577219486237E+01	3.6269531250000000E+01
4.0198589578270912E+01	3.6269531250000000E+01
4.0267537996172905E+01	3.6269531250000000E+01
4.0336609095335007E+01	3.6269531250000000E+01
4.0405726939439774E+01	3.6269531250000000E+01
4.0474855206906796E+01	3.6269531250000000E+01
4.0543908476829529E+01	3.6269531250000000E+01
4.0612954176962376E+01	3.6269531250000000E+01
4.0682167649269104E+01	3.6269531250000000E+01
4.0751269906759262E+01	3.6269531250000000E+01
4.0820322625339031E+01	3.6269531250000000E+01
4.0889305517077446E+01	3.6269531250000000E+01
4.0958467580378056E+01	3.6269531250000000E+01
4.1027479916810989E+01	3.6269531250000000E+01
4.1096401460468769E+01	3.6269531250000000E+01
4.1165450833737850E+01	3.6269531250000000E+01
4.1234481588006020E+01	3.6269531250000000E+01
4.1303505115211010E+01	3.6269531250000000E+01
4.1372081533074379E+01	3.6269531250000000E+01
4.1440405786037445E+01	3.6269531250000000E+01
4.1508749864995480E+01	3.6269531250000000E+01
4.1577362895011902E+01	3.6269531250000000E+01
4.1645701453089714E+01	3.6269531250000000E+01
4.1714015573263168E+01	3.6269531250000000E+01
4.1782970279455185E+01	3.6269531250000000E+01
4.1851497478783131E+01	3.6269531250000000E+01
4.1919795870780945E+01	3.6269531250000000E+01
4.1988597273826599E+01	3.6269531250000000E+01
4.2056879431009293E+01	3.6269531250000000E+01
4.2125955395400524E+01	3.6269531250000000E+01
4.2194298028945923E+01	3.6269531250000000E+01
4.2263053566217422E+01	3.6269531250000000E+01
4.2331744261085987E+01	3.6269531250000000E+01
4.2400396920740604E+01	3.6269531250000000E+01
4.2468964979052544E+01	3.6269531250000000E+01
4.2537264294922352E+01	3.6269531250000000E+01
4.2605530820786953E+01	3.6269531250000000E+01
4.2673836953938007E+01	3.6269531250000000E+01
4.2742107443511486E+01	3.6269531250000000E+01
4.2810466066002846E+01	3.6269531250000000E+01
4.2879180230200291E+01	3.6269531250000000E+01
4.2947463750839233E+01	3.6269531250000000E+01
4.3015767179429531E+01	3.6269531250000000E+01
4.3084073156118393E+01	3.6269531250000000E+01
4.3152845978736877E+01	3.6269531250000000E+01
4.3221146441996098E+01	3.6269531250000000E+01
4.3290025129914284E+01	3.6269531250000000E+01
4.3358338549733162E+01	3.6269531250000000E+01
4.3426637634634972E+01	3.6269531250000000E+01
4.3495386309921741E+01	3.6269531250000000E+01
4.3563703417778015E+01	3.6269531250000000E+01
4.3632661767303944E+01	3.6269531250000000E+01
4.3701410204172134E+01	3.6269531250000000E+01
4.3769729360938072E+01	3.6269531250000000E+01
4.3837974108755589E+01	3.6269531250000000E+01
4.3906620353460312E+01	3.6269531250000000E+01
4.3974939338862896E+01	3.6269531250000000E+01
4.4043329045176506E+01	3.6269531250000000E+01
4.4111596629023552E+01	3.6269531250000000E+01
4.4179898910224438E+01	3.6269531250000000E+01
4.4248193539679050E+01	3.6269531250000000E+01
4.4316477939486504E+01	3.6269531250000000E+01
4.4384796969592571E+01	3.6269531250000000E+01
4.4453075610101223E+01	3.6269531250000000E+01
4.4521392919123173E+01	3.6269531250000000E+01
4.4589693047106266E+01	3.6269531250000000E+01
4.4657975241541862E+01	3.6269531250000000E+01
4.4726379476487637E+01	3.6269531250000000E+01
4.4794649183750153E+01	3.6269531250000000E+01
4.4862915463745594E+01	3.6269531250000000E+01
4.4931541517376900E+01	3.6269531250000000E+01
4.5000079452991486E+01	3.6269531250000000E+01
4.5068449564278126E+01	3.6269531250000000E+01
4.5136745333671570E+01	3.6269531250000000E+01
4.5205008424818516E+01	3.6269531250000000E+01
4.5273706033825874E+01	3.6269531250000000E+01
4.5341993078589439E+01	3.6269531250000000E+01
4.5410285040736198E+01	3.6269531250000000E+01
4.5478592097759247E+01	3.6269531250000000E+01
4.5547327943146229E+01	3.6269531250000000E+01
4.5615585781633854E+01	3.6269531250000000E+01
4.5684184268116951E+01	3.6269531250000000E+01
4.5752486713230610E+01	3.6269531250000000E+01
4.5820789113640785E+01	3.6269531250000000E+01
4.5889054149389267E+01	3.6269531250000000E+01
4.5957318581640720E+01	3.6269531250000000E+01
4.6025612756609917E+01	3.6269531250000000E+01
4.6093881279230118E+01	3.6269531250000000E+01
4.6162244290113449E+01	3.6269531250000000E+01
4.6230705060064793E+01	3.6269531250000000E+01
4.6298984803259373E+01	3.6269531250000000E+01
4.6367258749902248E+01	3.6269531250000000E+01
4.6435551770031452E+01	3.6269531250000000E+01
4.6503857649862766E+01	3.6269531250000000E+01
4.6572790555655956E+01	3.6269531250000000E+01
4.6641098730266094E+01	3.6269531250000000E+01
4.6709462933242321E+01	3.6269531250000000E+01
4.6777990795671940E+01	3.6269531250000000E+01
4.6846397355198860E+01	3.6269531250000000E+01
4.6914675645530224E+01	3.6269531250000000E+01
4.6982996754348278E+01	3.6269531250000000E+01
4.7051269941031933E+01	3.6269531250000000E+01
4.7119618073105812E+01	3.6269531250000000E+01
4.7188260935246944E+01	3.6269531250000000E+01
4.7257072187960148E+01	3.6269531250000000E+01
4.7325843706727028E+01	3.6269531250000000E+01
4.7394182331860065E+01	3.6269531250000000E+01
4.7462478920817375E+01	3.6269531250000000E+01
4.7530748926103115E+01	3.6269531250000000E+01
4.7599027402698994E+01	3.6269531250000000E+01
4.7667281284928322E+01	3.6269531250000000E+01
4.7735563807189465E+01	3.6269531250000000E+01
4.7803894162178040E+01	3.6269531250000000E+01
4.7872125923633575E+01	3.6269531250000000E+01
4.7940495759248734E+01	3.6269531250000000E+01
4.8009446524083614E+01	3.6269531250000000E+01
4.8078540794551373E+01	3.6269531250000000E+01
4.8147564277052879E+01	3.6269531250000000E+01
4.8216478034853935E+01	3.6269531250000000E+01
4.8285456180572510E+01	3.6269531250000000E+01
4.8354504927992821E+01	3.6269531250000000E+01
4.8423436731100082E+01	3.6269531250000000E+01
4.8492488995194435E+01	3.6269531250000000E+01
4.8561281941831112E+01	3.6269531250000000E+01
4.8630308926105499E+01	3.6269531250000000E+01
4.8699264481663704E+01	3.6269531250000000E+01
4.8768276169896126E+01	3.6269531250000000E+01
4.8837337553501129E+01	3.6269531250000000E+01
4.8906386405229568E+01	3.6269531250000000E+01
4.8975377395749092E+01	3.6269531250000000E+01
4.9044489525258541E+01	3.6269531250000000E+01
4.9113655522465706E+01	3.6269531250000000E+01
4.9182726107537746E+01	3.6269531250000000E+01
4.9251653999090195E+01	3.6269531250000000E+01
4.9320701234042645E+01	3.6269531250000000E+01
4.9389665856957436E+01	3.6269531250000000E+01
4.9458624087274075E+01	3.6269531250000000E+01
4.9527669712901115E+01	3.6269531250000000E+01
4.9596737757325172E+01	3.6269531250000000E+01
4.9665774561464787E+01	3.6269531250000000E+01
4.9734775036573410E+01	3.6269531250000000E+01
4.9803798131644726E+01	3.6269531250000000E+01
4.9872945651412010E+01	3.6269531250000000E+01
4.9941960670053959E+01	3.6269531250000000E+01
5.0010536149144173E+01	3.6269531250000000E+01
5.0078886605799198E+01	3.6269531250000000E+01
5.0147214241325855E+01	3.6269531250000000E+01
5.0215764701366425E+01	3.6269531250000000E+01
5.0284104801714420E+01	3.6269531250000000E+01
5.0352412901818752E+01	3.6269531250000000E+01
5.0420790657401085E+01	3.6269531250000000E+01
5.0489137999713421E+01	3.6269531250000000E+01
5.0557557553052902E+01	3.6269531250000000E+01
5.0625892311334610E+01	3.6269531250000000E+01
5.0694617748260498E+01	3.6269531250000000E+01
5.0762976750731468E+01	3.6269531250000000E+01
5.0831683449447155E+01	3.6269531250000000E+01
5.0900745972990990E+01	3.6269531250000000E+01
5.0969090998172760E+01	3.6269531250000000E+01
5.1038103826344013E+01	3.6269531250000000E+01
5.1106401175260544E+01	3.6269531250000000E+01
5.1174706391990185E+01	3.6269531250000000E+01
5.1243032284080982E+01	3.6269531250000000E+01
5.1311392523348331E+01	3.6269531250000000E+01
5.1379718199372292E+01	3.6269531250000000E+01
5.1448035091161728E+01	3.6269531250000000E+01
5.1516367532312870E+01	3.6269531250000000E+01
5.1584717854857445E+01	3.6269531250000000E+01
5.1653063163161278E+01	3.6269531250000000E+01
5.1721377655863762E+01	3.6269531250000000E+01
5.1789688616991043E+01	3.6269531250000000E+01
5.1857965908944607E+01	3.6269531250000000E+01
5.1926273070275784E+01	3.6269531250000000E+01
5.1994890004396439E+01	3.6269531250000000E+01
5.2063185267150402E+01	3.6269531250000000E+01
5.2131517626345158E+01	3.6269531250000000E+01
5.2199813351035118E+01	3.6269531250000000E+01
5.2268279291689396E+01	3.6269531250000000E+01
5.2336591318249702E+01	3.6269531250000000E+01
5.2404890209436417E+01	3.6269531250000000E+01
5.2473186656832695E+01	3.6269531250000000E+01
5.2541474565863609E+01	3.6269531250000000E+01
5.2609777286648750E+01	3.6269531250000000E+01
5.2678049765527248E+01	3.6269531250000000E+01
5.2746425203979015E+01	3.6269531250000000E+01
5.2814991764724255E+01	3.6269531250000000E+01
5.2883304804563522E+01	3.6269531250000000E+01
5.2951683759689331E+01	3.6269531250000000E+01
5.3020001709461212E+01	3.6269531250000000E+01
5.3088859207928181E+01	3.6269531250000000E+01
5.3157749012112617E+01	3.6269531250000000E+01
5.3226050354540348E+01	3.6269531250000000E+01
5.3295290753245354E+01	3.6269531250000000E+01
5.3363582260906696E+01	3.6269531250000000E+01
5.3431903049349785E+01	3.6269531250000000E+01
5.3500274404883385E+01	3.6269531250000000E+01
5.3568577334284782E+01	3.6269531250000000E+01
5.3636851251125336E+01	3.6269531250000000E+01
5.3705394163727760E+01	3.6269531250000000E+01
5.3773698844015598E+01	3.6269531250000000E+01
5.3842019408941269E+01	3.6269531250000000E+01
5.3910922087728977E+01	3.6269531250000000E+01
5.3979213401675224E+01	3.6269531250000000E+01
5.4047601066529751E+01	3.6269531250000000E+01
5.4116307884454727E+01	3.6269531250000000E+01
5.4184616893529892E+01	3.6269531250000000E+01
5.4252903267741203E+01	3.6269531250000000E+01
5.4321804463863373E+01	3.6269531250000000E+01
5.4390161015093327E+01	3.6269531250000000E+01
5.4458449400961399E+01	3.6269531250000000E+01
5.4526740334928036E+01	3.6269531250000000E+01
5.4595053374767303E+01	3.6269531250000000E+01
5.4663361318409443E+01	3.6269531250000000E+01
5.4731619514524937E+01	3.6269531250000000E+01
5.4800155937671661E+01	3.6269531250000000E+01
5.4868440754711628E+01	3.6269531250000000E+01
5.4936723642051220E+01	3.6269531250000000E+01
5.5005025781691074E+01	3.6269531250000000E+01
5.5073578402400017E+01	3.6269531250000000E+01
5.5141874559223652E+01	3.6269531250000000E+01
5.5210520461201668E+01	3.6269531250000000E+01
5.5279378026723862E+01	3.6269531250000000E+01
5.5347728505730629E+01	3.6269531250000000E+01
5.5416007101535797E+01	3.6269531250000000E+01
5.5484248146414757E+01	3.6269531250000000E+01
5.5552538394927979E+01	3.6269531250000000E+01
5.5620825938880444E+01	3.6269531250000000E+01
5.5689462929964066E+01	3.6269531250000000E+01
5.5757903613150120E+01	3.6269531250000000E+01
5.5826173014938831E+01	3.6269531250000000E+01
5.5894455745816231E+01	3.6269531250000000E+01
5.5963115587830544E+01	3.6269531250000000E+01
5.6031375467777252E+01	3.6269531250000000E+01
5.6099642969667912E+01	3.6269531250000000E+01
5.6168396227061749E+01	3.6269531250000000E+01
5.6237206406891346E+01	3.6269531250000000E+01
5.6305804111063480E+01	3.6269531250000000E+01
5.6374097853899002E+01	3.6269531250000000E+01
5.6442389450967312E+01	3.6269531250000000E+01
5.6510693199932575E+01	3.6269531250000000E+01
5.6578965820372105E+01	3.6269531250000000E+01
5.6647244729101658E+01	3.6269531250000000E+01
5.6715498320758343E+01	3.6269531250000000E+01
5.6783772096037865E+01	3.6269531250000000E+01
5.6852017089724541E+01	3.6269531250000000E+01
5.6920756988227367E+01	3.6269531250000000E+01
5.6989675343036652E+01	3.6269531250000000E+01
5.7057945698499680E+01	3.6269531250000000E+01
5.7126239381730556E+01	3.6269531250000000E+01
5.7194886185228825E+01	3.6269531250000000E+01
5.7263536468148232E+01	3.6269531250000000E+01
5.7331895455718040E+01	3.6269531250000000E+01
5.7400184057652950E+01	3.6269531250000000E+01
5.7468472264707088E+01	3.6269531250000000E+01
5.7536722399294376E+01	3.6269531250000000E+01
5.7605004563927650E+01	3.6269531250000000E+01
5.7673295654356480E+01	3.6269531250000000E+01
5.7742071278393269E+01	3.6269531250000000E+01
5.7810376286506653E+01	3.6269531250000000E+01
5.7878806672990322E+01	3.6269531250000000E+01
5.7947077974677086E+01	3.6269531250000000E+01
5.8015379533171654E+01	3.6269531250000000E+01
5.8084055528044701E+01	3.6269531250000000E+01
5.8152320884168148E+01	3.6269531250000000E+01
5.8220625415444374E+01	3.6269531250000000E+01
5.8288965910673141E+01	3.6269531250000000E+01
5.8357255965471268E+01	3.6269531250000000E+01
5.8425699606537819E+01	3.6269531250000000E+01
5.8493947707116604E+01	3.6269531250000000E+01
5.8562209516763687E+01	3.6269531250000000E+01
5.8630453176796436E+01	3.6269531250000000E+01
5.8698733039200306E+01	3.6269531250000000E+01
5.8766999684274197E+01	3.6269531250000000E+01
5.8835274390876293E+01	3.6269531250000000E+01
5.8903565578162670E+01	3.6269531250000000E+01
5.8972216486930847E+01	3.6269531250000000E+01
5.9041039139032364E+01	3.6269531250000000E+01
5.9109873637557030E+01	3.6269531250000000E+01
5.9178361199796200E+01	3.6269531250000000E+01
5.9247077323496342E+01	3.6269531250000000E+01
5.9316104456782341E+01	3.6269531250000000E+01
5.9385140962898731E+01	3.6269531250000000E+01
5.9454082198441029E+01	3.6269531250000000E+01
5.9522693157196045E+01	3.6269531250000000E+01
5.9591621749103069E+01	3.6269531250000000E+01
5.9660525090992451E+01	3.6269531250000000E+01
5.9729433670639992E+01	3.6269531250000000E+01
5.9798284389078617E+01	3.6269531250000000E+01
5.9866716042160988E+01	3.6269531250000000E+01
5.9935564547777176E+01	3.6269531250000000E+01
6.0004360467195511E+01	3.6269531250000000E+01
6.0072793349623680E+01	3.6269531250000000E+01
6.0141655109822750E+01	3.6269531250000000E+01
6.0210588052868843E+01	3.6269531250000000E+01
6.0279369249939919E+01	3.6269531250000000E+01
6.0348153337836266E+01	3.6269531250000000E+01
6.0416907705366611E+01	3.6269531250000000E+01
6.0485787406563759E+01	3.6269531250000000E+01
6.0554768919944763E+01	3.6269531250000000E+01
6.0623814068734646E+01	3.6269531250000000E+01
6.0692277699708939E+01	3.6269531250000000E+01
6.0760866180062294E+01	3.6269531250000000E+01
6.0829893223941326E+01	3.6269531250000000E+01
6.0898648820817471E+01	3.6269531250000000E+01
6.0967581540346146E+01	3.6269531250000000E+01
6.1036288715898991E+01	3.6269531250000000E+01
6.1105028197169304E+01	3.6269531250000000E+01
6.1173906736075878E+01	3.6269531250000000E+01
6.1242562785744667E+01	3.6269531250000000E+01
6.1311529681086540E+01	3.6269531250000000E+01
6.1380264669656754E+01	3.6269531250000000E+01
6.1449184700846672E+01	3.6269531250000000E+01
6.1518013201653957E+01	3.6269531250000000E+01
6.1586845234036446E+01	3.6269531250000000E+01
6.1655741423368454E+01	3.6269531250000000E+01
6.1724554345011711E+01	3.6269531250000000E+01
6.1793320760130882E+01	3.6269531250000000E+01
6.1862340293824673E+01	3.6269531250000000E+01
6.1930936902761459E+01	3.6269531250000000E+01
6.1999823957681656E+01	3.6269531250000000E+01
6.2068719498813152E+01	3.6269531250000000E+01
6.2137926131486893E+01	3.6269531250000000E+01
6.2206797823309898E+01	3.6269531250000000E+01
6.2275942422449589E+01	3.6269531250000000E+01
6.2344798959791660E+01	3.6269531250000000E+01
6.2413579106330872E+01	3.6269531250000000E+01
6.2482597880065441E+01	3.6269531250000000E+01
6.2551537357270718E+01	3.6269531250000000E+01
6.2620210610330105E+01	3.6269531250000000E+01
6.2689070902764797E+01	3.6269531250000000E+01
6.2757963769137859E+01	3.6269531250000000E+01
6.2826900847256184E+01	3.6269531250000000E+01
6.2895859465003014E+01	3.6269531250000000E+01
6.2964810878038406E+01	3.6269531250000000E+01
6.3033459410071373E+01	3.6269531250000000E+01
6.3102255307137966E+01	3.6269531250000000E+01
6.3171147063374519E+01	3.6269531250000000E+01
6.3239961624145508E+01	3.6269531250000000E+01
6.3308861911296844E+01	3.6269531250000000E+01
6.3377526313066483E+01	3.6269531250000000E+01
6.3446298852562904E+01	3.6269531250000000E+01
6.3514837190508842E+01	3.6269531250000000E+01
6.3583252929151058E+01	3.6269531250000000E+01
6.3652126394212246E+01	3.6269531250000000E+01
6.3720761783421040E+01	3.6269531250000000E+01
6.3789649441838264E+01	3.6269531250000000E+01
6.3858499296009541E+01	3.6269531250000000E+01
6.3927006132900715E+01	3.6269531250000000E+01
6.3995727293193340E+01	3.6269531250000000E+01
6.4064490415155888E+01	3.6269531250000000E+01
6.4133276082575321E+01	3.6269531250000000E+01
6.4201994150876999E+01	3.6269531250000000E+01
6.4270785503089428E+01	3.6269531250000000E+01
6.4339778065681458E+01	3.6269531250000000E+01
6.4408580876886845E+01	3.6269531250000000E+01
6.4477499075233936E+01	3.6269531250000000E+01
6.4546380661427975E+01	3.6269531250000000E+01
6.4615258693695068E+01	3.6269531250000000E+01
6.4684142738580704E+01	3.6269531250000000E+01
6.4753067784011364E+01	3.6269531250000000E+01
6.4822040833532810E+01	3.6269531250000000E+01
6.4890760265290737E+01	3.6269531250000000E+01
6.4959873527288437E+01	3.6269531250000000E+01
6.5028675183653831E+01	3.6269531250000000E+01
6.5097362898290157E+01	3.6269531250000000E+01
6.5166130639612675E+01	3.6269531250000000E+01
6.5234801463782787E+01	3.6269531250000000E+01
6.5303964301943779E+01	3.6269531250000000E+01
6.5372928470373154E+01	3.6269531250000000E+01
6.5441772431135178E+01	3.6269531250000000E+01
6.5510787412524223E+01	3.6269531250000000E+01
6.5579621396958828E+01	3.6269531250000000E+01
6.5648027382791042E+01	3.6269531250000000E+01
6.5716392174363136E+01	3.6269531250000000E+01
6.5784702211618423E+01	3.6269531250000000E+01
6.5853023312985897E+01	3.6269531250000000E+01
6.5921318277716637E+01	3.6269531250000000E+01
6.5989603810012341E+01	3.6269531250000000E+01
6.6057921484112740E+01	3.6269531250000000E+01
6.6126217685639858E+01	3.6269531250000000E+01
6.6194546319544315E+01	3.6269531250000000E+01
6.6262866623699665E+01	3.6269531250000000E+01
6.6331163443624973E+01	3.6269531250000000E+01
6.6399474769830704E+01	3.6269531250000000E+01
6.6467793397605419E+01	3.6269531250000000E+01
6.6536169260740280E+01	3.6269531250000000E+01
6.6605195432901382E+01	3.6269531250000000E+01
6.6674365289509296E+01	3.6269531250000000E+01
6.6743327669799328E+01	3.6269531250000000E+01
6.6812083892524242E+01	3.6269531250000000E+01
6.6880226925015450E+01	3.6269531250000000E+01
6.6949213042855263E+01	3.6269531250000000E+01
6.7018355451524258E+01	3.6269531250000000E+01
6.7087434299290180E+01	3.6269531250000000E+01
6.7156342402100563E+01	3.6269531250000000E+01
6.7225678935647011E+01	3.6269531250000000E+01
6.7295179799199104E+01	3.6269531250000000E+01
6.7364821597933769E+01	3.6269531250000000E+01
6.7433944255113602E+01	3.6269531250000000E+01
6.7501650467514992E+01	3.6269531250000000E+01
6.7569244988262653E+01	3.6269531250000000E+01
6.7637986220419407E+01	3.6269531250000000E+01
6.7705353565514088E+01	3.6269531250000000E+01
6.7767540790140629E+01	3.6269531250000000E+01
6.7829512782394886E+01	3.6269531250000000E+01
6.7897922664880753E+01	3.6269531250000000E+01
6.7967170603573322E+01	3.6269531250000000E+01
6.8035732708871365E+01	3.6269531250000000E+01
6.8105703063309193E+01	3.6269531250000000E+01
