1.7211924493312836E-01	3.7011718750000000E+01
2.3051369935274124E-01	3.7011718750000000E+01
2.8814432770013809E-01	3.7011718750000000E+01
3.4582754969596863E-01	3.7011718750000000E+01
4.0344373136758804E-01	3.7011718750000000E+01
4.6108572930097580E-01	3.7011718750000000E+01
5.1875174790620804E-01	3.7011718750000000E+01
5.7719693332910538E-01	3.7144531250000000E+01
6.3503991067409515E-01	3.7144531250000000E+01
6.9279418140649796E-01	3.7144531250000000E+01
7.5049979984760284E-01	3.7144531250000000E+01
8.0822639167308807E-01	3.7144531250000000E+01
8.6595011502504349E-01	3.7144531250000000E+01
9.2367369681596756E-01	3.7144531250000000E+01
9.8142323642969131E-01	3.7144531250000000E+01
1.0391513854265213E+00	3.7144531250000000E+01
1.0968459546566010E+00	3.7144531250000000E+01
1.1546459719538689E+00	3.7144531250000000E+01
1.2123802378773689E+00	3.7144531250000000E+01
1.2701199203729630E+00	3.7144531250000000E+01
1.3278621360659599E+00	3.7144531250000000E+01
1.3855709955096245E+00	3.7144531250000000E+01
1.4433345049619675E+00	3.7144531250000000E+01
1.5010610520839691E+00	3.7144531250000000E+01
1.5587943792343140E+00	3.7144531250000000E+01
1.6165125519037247E+00	3.7144531250000000E+01
1.6742176562547684E+00	3.7144531250000000E+01
1.7319129556417465E+00	3.7144531250000000E+01
1.7896667197346687E+00	3.7144531250000000E+01
1.8474078923463821E+00	3.7144531250000000E+01
1.9052062332630157E+00	3.7144531250000000E+01
1.9629492834210396E+00	3.7144531250000000E+01
2.0206889808177948E+00	3.7144531250000000E+01
2.0784431472420692E+00	3.7144531250000000E+01
2.1362161785364151E+00	3.7144531250000000E+01
2.1939179524779320E+00	3.7144531250000000E+01
2.2516401335597038E+00	3.7144531250000000E+01
2.3093747496604919E+00	3.7144531250000000E+01
2.3671261370182037E+00	3.7144531250000000E+01
2.4248696714639664E+00	3.7144531250000000E+01
2.4825783446431160E+00	3.7144531250000000E+01
2.5408930107951164E+00	3.7160156250000000E+01
2.5987570807337761E+00	3.7160156250000000E+01
2.6564866453409195E+00	3.7160156250000000E+01
2.7142867147922516E+00	3.7160156250000000E+01
2.7720662280917168E+00	3.7160156250000000E+01
2.8298612982034683E+00	3.7160156250000000E+01
2.8876505121588707E+00	3.7160156250000000E+01
2.9454192668199539E+00	3.7160156250000000E+01
3.0031792372465134E+00	3.7160156250000000E+01
3.0609305873513222E+00	3.7160156250000000E+01
3.1185394674539566E+00	3.7160156250000000E+01
3.1761156991124153E+00	3.7160156250000000E+01
3.2336989492177963E+00	3.7160156250000000E+01
3.2912715896964073E+00	3.7160156250000000E+01
3.3488198444247246E+00	3.7160156250000000E+01
3.4064024761319160E+00	3.7160156250000000E+01
3.4639538303017616E+00	3.7160156250000000E+01
3.5215132310986519E+00	3.7160156250000000E+01
3.5790567174553871E+00	3.7160156250000000E+01
3.6366240829229355E+00	3.7160156250000000E+01
3.6941779032349586E+00	3.7160156250000000E+01
3.7517507076263428E+00	3.7160156250000000E+01
3.8092792406678200E+00	3.7160156250000000E+01
3.8668459132313728E+00	3.7160156250000000E+01
3.9243928492069244E+00	3.7160156250000000E+01
3.9819889664649963E+00	3.7160156250000000E+01
4.0395475998520851E+00	3.7160156250000000E+01
4.0971268191933632E+00	3.7160156250000000E+01
4.1546815112233162E+00	3.7160156250000000E+01
4.2122473865747452E+00	3.7160156250000000E+01
4.2698242962360382E+00	3.7160156250000000E+01
4.3274111002683640E+00	3.7160156250000000E+01
4.3849755972623825E+00	3.7160156250000000E+01
4.4425498172640800E+00	3.7160156250000000E+01
4.5001191794872284E+00	3.7160156250000000E+01
4.5576610714197159E+00	3.7160156250000000E+01
4.6152115389704704E+00	3.7160156250000000E+01
4.6727820411324501E+00	3.7160156250000000E+01
4.7303341478109360E+00	3.7160156250000000E+01
4.7879012450575829E+00	3.7160156250000000E+01
4.8454409167170525E+00	3.7160156250000000E+01
4.9030376821756363E+00	3.7160156250000000E+01
4.9605885595083237E+00	3.7160156250000000E+01
5.0181674510240555E+00	3.7160156250000000E+01
5.0756979957222939E+00	3.7160156250000000E+01
5.1332728192210197E+00	3.7160156250000000E+01
5.1908633112907410E+00	3.7160156250000000E+01
5.2484371289610863E+00	3.7160156250000000E+01
5.3060034438967705E+00	3.7160156250000000E+01
5.3635932132601738E+00	3.7160156250000000E+01
5.4211671203374863E+00	3.7160156250000000E+01
5.4787622615695000E+00	3.7160156250000000E+01
5.5363170802593231E+00	3.7160156250000000E+01
5.5938774347305298E+00	3.7160156250000000E+01
5.6514562740921974E+00	3.7160156250000000E+01
5.7090224474668503E+00	3.7160156250000000E+01
5.7665812373161316E+00	3.7160156250000000E+01
5.8241420686244965E+00	3.7160156250000000E+01
5.8817066103219986E+00	3.7160156250000000E+01
5.9398542642593384E+00	3.7160156250000000E+01
5.9975335448980331E+00	3.7160156250000000E+01
6.0551088303327560E+00	3.7160156250000000E+01
6.1126716136932373E+00	3.7160156250000000E+01
6.1702241823077202E+00	3.7160156250000000E+01
6.2278507500886917E+00	3.7160156250000000E+01
6.2854034975171089E+00	3.7160156250000000E+01
6.3429575040936470E+00	3.7160156250000000E+01
6.4005252569913864E+00	3.7160156250000000E+01
6.4581187739968300E+00	3.7160156250000000E+01
6.5157245770096779E+00	3.7160156250000000E+01
6.5732910335063934E+00	3.7160156250000000E+01
6.6308611184358597E+00	3.7160156250000000E+01
6.6884305998682976E+00	3.7160156250000000E+01
6.7460079714655876E+00	3.7160156250000000E+01
6.8035928234457970E+00	3.7160156250000000E+01
6.8611549362540245E+00	3.7160156250000000E+01
6.9187355339527130E+00	3.7160156250000000E+01
6.9763308688998222E+00	3.7160156250000000E+01
7.0339017733931541E+00	3.7160156250000000E+01
7.0914778932929039E+00	3.7160156250000000E+01
7.1490783765912056E+00	3.7160156250000000E+01
7.2066866457462311E+00	3.7160156250000000E+01
7.2643160521984100E+00	3.7160156250000000E+01
7.3218931183218956E+00	3.7160156250000000E+01
7.3795185387134552E+00	3.7160156250000000E+01
7.4371229112148285E+00	3.7160156250000000E+01
7.4947357103228569E+00	3.7160156250000000E+01
7.5523442775011063E+00	3.7160156250000000E+01
7.6099845692515373E+00	3.7160156250000000E+01
7.6676432341337204E+00	3.7160156250000000E+01
7.7252520322799683E+00	3.7160156250000000E+01
7.7828828692436218E+00	3.7160156250000000E+01
7.8404837250709534E+00	3.7160156250000000E+01
7.8980867192149162E+00	3.7160156250000000E+01
7.9557066038250923E+00	3.7160156250000000E+01
8.0133252218365669E+00	3.7160156250000000E+01
8.0710148438811302E+00	3.7160156250000000E+01
8.1286387443542480E+00	3.7160156250000000E+01
8.1862538903951645E+00	3.7160156250000000E+01
8.2438682466745377E+00	3.7160156250000000E+01
8.3014690801501274E+00	3.7160156250000000E+01
8.3591365665197372E+00	3.7160156250000000E+01
8.4168152436614037E+00	3.7160156250000000E+01
8.4745266437530518E+00	3.7160156250000000E+01
8.5321886315941811E+00	3.7160156250000000E+01
8.5898334905505180E+00	3.7160156250000000E+01
8.6474247053265572E+00	3.7160156250000000E+01
8.7050439566373825E+00	3.7160156250000000E+01
8.7627109289169312E+00	3.7160156250000000E+01
8.8204461634159088E+00	3.7160156250000000E+01
8.8782336264848709E+00	3.7160156250000000E+01
8.9359114393591881E+00	3.7160156250000000E+01
8.9936593025922775E+00	3.7160156250000000E+01
9.0513225197792053E+00	3.7160156250000000E+01
9.1090165674686432E+00	3.7160156250000000E+01
9.1668015643954277E+00	3.7160156250000000E+01
9.2247387468814850E+00	3.7160156250000000E+01
9.2827926948666573E+00	3.7160156250000000E+01
9.3406459167599678E+00	3.7160156250000000E+01
9.3986289948225021E+00	3.7160156250000000E+01
9.4564760997891426E+00	3.7160156250000000E+01
9.5144053399562836E+00	3.7160156250000000E+01
9.5724979192018509E+00	3.7160156250000000E+01
9.6307389512658119E+00	3.7160156250000000E+01
9.6890239864587784E+00	3.7160156250000000E+01
9.7472211271524429E+00	3.7160156250000000E+01
9.8055367693305016E+00	3.7160156250000000E+01
9.8637258037924767E+00	3.7160156250000000E+01
9.9219881072640419E+00	3.7160156250000000E+01
9.9802935719490051E+00	3.7160156250000000E+01
1.0038670524954796E+01	3.7160156250000000E+01
1.0097056828439236E+01	3.7160156250000000E+01
1.0155425064265728E+01	3.7160156250000000E+01
1.0213811196386814E+01	3.7160156250000000E+01
1.0272188358008862E+01	3.7160156250000000E+01
1.0330543860793114E+01	3.7160156250000000E+01
1.0388918086886406E+01	3.7160156250000000E+01
1.0447316691279411E+01	3.7160156250000000E+01
1.0505663141608238E+01	3.7160156250000000E+01
1.0564003318548203E+01	3.7160156250000000E+01
1.0622379884123802E+01	3.7160156250000000E+01
1.0680764980614185E+01	3.7160156250000000E+01
1.0739114843308926E+01	3.7160156250000000E+01
1.0797427155077457E+01	3.7160156250000000E+01
1.0855651870369911E+01	3.7160156250000000E+01
1.0913800060749054E+01	3.7160156250000000E+01
1.0972110055387020E+01	3.7160156250000000E+01
1.1030305415391922E+01	3.7160156250000000E+01
1.1088642656803131E+01	3.7160156250000000E+01
1.1146963976323605E+01	3.7160156250000000E+01
1.1205318965017796E+01	3.7160156250000000E+01
1.1263668976724148E+01	3.7160156250000000E+01
1.1322135142982006E+01	3.7160156250000000E+01
1.1380530856549740E+01	3.7160156250000000E+01
1.1438968695700169E+01	3.7160156250000000E+01
1.1497363708913326E+01	3.7160156250000000E+01
1.1555724196135998E+01	3.7160156250000000E+01
1.1614130914211273E+01	3.7160156250000000E+01
1.1672530196607113E+01	3.7160156250000000E+01
1.1731333218514919E+01	3.7160156250000000E+01
1.1789864331483841E+01	3.7160156250000000E+01
1.1848381958901882E+01	3.7160156250000000E+01
1.1906944021582603E+01	3.7160156250000000E+01
1.1965522721409798E+01	3.7160156250000000E+01
1.2024082779884338E+01	3.7160156250000000E+01
1.2082708559930325E+01	3.7160156250000000E+01
1.2141376592218876E+01	3.7160156250000000E+01
1.2200001783668995E+01	3.7160156250000000E+01
1.2258653387427330E+01	3.7160156250000000E+01
1.2317280746996403E+01	3.7160156250000000E+01
1.2375895038247108E+01	3.7160156250000000E+01
1.2434492200613022E+01	3.7160156250000000E+01
1.2493039175868034E+01	3.7160156250000000E+01
1.2551603160798550E+01	3.7160156250000000E+01
1.2610188044607639E+01	3.7160156250000000E+01
1.2668757557868958E+01	3.7160156250000000E+01
1.2727327682077885E+01	3.7160156250000000E+01
1.2785872399806976E+01	3.7160156250000000E+01
1.2844397693872452E+01	3.7160156250000000E+01
1.2902914673089981E+01	3.7160156250000000E+01
1.2961408898234367E+01	3.7160156250000000E+01
1.3019926957786083E+01	3.7160156250000000E+01
1.3078421495854855E+01	3.7160156250000000E+01
1.3136887848377228E+01	3.7160156250000000E+01
1.3195350810885429E+01	3.7160156250000000E+01
1.3253805078566074E+01	3.7160156250000000E+01
1.3312223002314568E+01	3.7160156250000000E+01
1.3370608411729336E+01	3.7160156250000000E+01
1.3429029911756516E+01	3.7160156250000000E+01
1.3487493678927422E+01	3.7160156250000000E+01
1.3545814178884029E+01	3.7160156250000000E+01
1.3603950180113316E+01	3.7160156250000000E+01
1.3661893606185913E+01	3.7160156250000000E+01
1.3719725571572781E+01	3.7160156250000000E+01
1.3777695164084435E+01	3.7160156250000000E+01
1.3835496284067631E+01	3.7160156250000000E+01
1.3893561378121376E+01	3.7160156250000000E+01
1.3951793298125267E+01	3.7160156250000000E+01
1.4010021142661572E+01	3.7160156250000000E+01
1.4068343669176102E+01	3.7160156250000000E+01
1.4126689225435257E+01	3.7160156250000000E+01
1.4184882760047913E+01	3.7160156250000000E+01
1.4243209347128868E+01	3.7160156250000000E+01
1.4301416434347630E+01	3.7160156250000000E+01
1.4359521381556988E+01	3.7160156250000000E+01
1.4417568244040012E+01	3.7160156250000000E+01
1.4475478939712048E+01	3.7160156250000000E+01
1.4533259272575378E+01	3.7160156250000000E+01
1.4591208532452583E+01	3.7160156250000000E+01
1.4648995675146580E+01	3.7160156250000000E+01
1.4706797972321510E+01	3.7160156250000000E+01
1.4764739491045475E+01	3.7160156250000000E+01
1.4822814472019672E+01	3.7160156250000000E+01
1.4880984261631966E+01	3.7160156250000000E+01
1.4938981927931309E+01	3.7160156250000000E+01
1.4997099824249744E+01	3.7160156250000000E+01
1.5055011235177517E+01	3.7160156250000000E+01
1.5113004133105278E+01	3.7160156250000000E+01
1.5171180650591850E+01	3.7160156250000000E+01
1.5229466632008553E+01	3.7160156250000000E+01
1.5287776269018650E+01	3.7160156250000000E+01
1.5345984205603600E+01	3.7160156250000000E+01
1.5404323078691959E+01	3.7160156250000000E+01
1.5462510995566845E+01	3.7160156250000000E+01
1.5520597517490387E+01	3.7160156250000000E+01
1.5578787758946419E+01	3.7160156250000000E+01
1.5636981494724751E+01	3.7160156250000000E+01
1.5695036463439465E+01	3.7160156250000000E+01
1.5753027372062206E+01	3.7160156250000000E+01
1.5810986615717411E+01	3.7160156250000000E+01
1.5869056120514870E+01	3.7160156250000000E+01
1.5927016273140907E+01	3.7160156250000000E+01
1.5984843730926514E+01	3.7160156250000000E+01
1.6042612336575985E+01	3.7160156250000000E+01
1.6100516930222511E+01	3.7160156250000000E+01
1.6158292055130005E+01	3.7160156250000000E+01
1.6216186724603176E+01	3.7160156250000000E+01
1.6273901522159576E+01	3.7160156250000000E+01
1.6331569828093052E+01	3.7160156250000000E+01
1.6389169216156006E+01	3.7160156250000000E+01
1.6446785740554333E+01	3.7160156250000000E+01
1.6504348471760750E+01	3.7160156250000000E+01
1.6561933122575283E+01	3.7160156250000000E+01
1.6619545862078667E+01	3.7160156250000000E+01
1.6677150085568428E+01	3.7160156250000000E+01
1.6734717056155205E+01	3.7160156250000000E+01
1.6792307093739510E+01	3.7160156250000000E+01
1.6849904470145702E+01	3.7160156250000000E+01
1.6907497376203537E+01	3.7160156250000000E+01
1.6965078197419643E+01	3.7160156250000000E+01
1.7022659473121166E+01	3.7160156250000000E+01
1.7080244183540344E+01	3.7160156250000000E+01
1.7137814708054066E+01	3.7160156250000000E+01
1.7195396438241005E+01	3.7160156250000000E+01
1.7252970658242702E+01	3.7160156250000000E+01
1.7310539893805981E+01	3.7160156250000000E+01
1.7368110939860344E+01	3.7160156250000000E+01
1.7425682865083218E+01	3.7160156250000000E+01
1.7483281835913658E+01	3.7160156250000000E+01
1.7540883868932724E+01	3.7160156250000000E+01
1.7598464123904705E+01	3.7160156250000000E+01
1.7656019538640976E+01	3.7160156250000000E+01
1.7713619634509087E+01	3.7160156250000000E+01
1.7771225824952126E+01	3.7160156250000000E+01
1.7828801549971104E+01	3.7160156250000000E+01
1.7886358544230461E+01	3.7160156250000000E+01
1.7943912252783775E+01	3.7160156250000000E+01
1.8001464754343033E+01	3.7160156250000000E+01
1.8059049375355244E+01	3.7160156250000000E+01
1.8116623908281326E+01	3.7160156250000000E+01
1.8174165338277817E+01	3.7160156250000000E+01
1.8231720596551895E+01	3.7160156250000000E+01
1.8289278998970985E+01	3.7160156250000000E+01
1.8346816584467888E+01	3.7160156250000000E+01
1.8404401347041130E+01	3.7160156250000000E+01
1.8461976960301399E+01	3.7160156250000000E+01
1.8519590198993683E+01	3.7160156250000000E+01
1.8577183797955513E+01	3.7160156250000000E+01
1.8634752318263054E+01	3.7160156250000000E+01
1.8692378602921963E+01	3.7160156250000000E+01
1.8749946765601635E+01	3.7160156250000000E+01
1.8807488135993481E+01	3.7160156250000000E+01
1.8865017235279083E+01	3.7160156250000000E+01
1.8922554984688759E+01	3.7160156250000000E+01
1.8980101831257343E+01	3.7160156250000000E+01
1.9037644989788532E+01	3.7160156250000000E+01
1.9095175109803677E+01	3.7160156250000000E+01
1.9152694188058376E+01	3.7160156250000000E+01
1.9210253320634365E+01	3.7160156250000000E+01
1.9267818309366703E+01	3.7160156250000000E+01
1.9325362086296082E+01	3.7160156250000000E+01
1.9382901974022388E+01	3.7160156250000000E+01
1.9440438404679298E+01	3.7160156250000000E+01
1.9497960872948170E+01	3.7160156250000000E+01
1.9555489771068096E+01	3.7160156250000000E+01
1.9613045908510685E+01	3.7160156250000000E+01
1.9670595884323120E+01	3.7160156250000000E+01
1.9728117235004902E+01	3.7160156250000000E+01
1.9785695627331734E+01	3.7160156250000000E+01
1.9843230128288269E+01	3.7160156250000000E+01
1.9900775022804737E+01	3.7160156250000000E+01
1.9958344116806984E+01	3.7160156250000000E+01
2.0015882454812527E+01	3.7160156250000000E+01
2.0073398157954216E+01	3.7160156250000000E+01
2.0130918271839619E+01	3.7160156250000000E+01
2.0188508369028568E+01	3.7160156250000000E+01
2.0246171526610851E+01	3.7160156250000000E+01
2.0303819753229618E+01	3.7160156250000000E+01
2.0361425340175629E+01	3.7160156250000000E+01
2.0419033527374268E+01	3.7160156250000000E+01
2.0476641900837421E+01	3.7160156250000000E+01
2.0534253440797329E+01	3.7160156250000000E+01
2.0591843634843826E+01	3.7160156250000000E+01
2.0649440199136734E+01	3.7160156250000000E+01
2.0707038916647434E+01	3.7160156250000000E+01
2.0764683954417706E+01	3.7160156250000000E+01
2.0822268784046173E+01	3.7160156250000000E+01
2.0879853352904320E+01	3.7160156250000000E+01
2.0937452144920826E+01	3.7160156250000000E+01
2.0995044246315956E+01	3.7160156250000000E+01
2.1052663087844849E+01	3.7160156250000000E+01
2.1110237404704094E+01	3.7160156250000000E+01
2.1167808346450329E+01	3.7160156250000000E+01
2.1225412242114544E+01	3.7160156250000000E+01
2.1283027321100235E+01	3.7160156250000000E+01
2.1340609282255173E+01	3.7160156250000000E+01
2.1398188039660454E+01	3.7160156250000000E+01
2.1455731846392155E+01	3.7160156250000000E+01
2.1513315677642822E+01	3.7160156250000000E+01
2.1571508355438709E+01	3.7160156250000000E+01
2.1629220552742481E+01	3.7160156250000000E+01
2.1686813920736313E+01	3.7160156250000000E+01
2.1744386859238148E+01	3.7160156250000000E+01
2.1801960363984108E+01	3.7160156250000000E+01
2.1859538763761520E+01	3.7160156250000000E+01
2.1917124018073082E+01	3.7160156250000000E+01
2.1974710211157799E+01	3.7160156250000000E+01
2.2032289452850819E+01	3.7160156250000000E+01
2.2089861802756786E+01	3.7160156250000000E+01
2.2147451236844063E+01	3.7160156250000000E+01
2.2205027267336845E+01	3.7160156250000000E+01
2.2262655675411224E+01	3.7160156250000000E+01
2.2320248574018478E+01	3.7160156250000000E+01
2.2377846568822861E+01	3.7160156250000000E+01
2.2435427926480770E+01	3.7160156250000000E+01
2.2492995947599411E+01	3.7160156250000000E+01
2.2550581477582455E+01	3.7160156250000000E+01
2.2608153901994228E+01	3.7160156250000000E+01
2.2665735699236393E+01	3.7160156250000000E+01
2.2723349869251251E+01	3.7160156250000000E+01
2.2780939772725105E+01	3.7160156250000000E+01
2.2838497005403042E+01	3.7160156250000000E+01
2.2896055772900581E+01	3.7160156250000000E+01
2.2953617207705975E+01	3.7160156250000000E+01
2.3011191397905350E+01	3.7160156250000000E+01
2.3068742103874683E+01	3.7160156250000000E+01
2.3126294568181038E+01	3.7160156250000000E+01
2.3183842733502388E+01	3.7160156250000000E+01
2.3241388328373432E+01	3.7160156250000000E+01
2.3298910334706306E+01	3.7160156250000000E+01
2.3356450594961643E+01	3.7160156250000000E+01
2.3413983844220638E+01	3.7160156250000000E+01
2.3471517875790596E+01	3.7160156250000000E+01
2.3529070228338242E+01	3.7160156250000000E+01
2.3586626335978508E+01	3.7160156250000000E+01
2.3644196830689907E+01	3.7160156250000000E+01
2.3701782390475273E+01	3.7160156250000000E+01
2.3759707123041153E+01	3.7160156250000000E+01
2.3817304708063602E+01	3.7160156250000000E+01
2.3874846614897251E+01	3.7160156250000000E+01
2.3932365149259567E+01	3.7160156250000000E+01
2.3989912755787373E+01	3.7160156250000000E+01
2.4047450311481953E+01	3.7160156250000000E+01
2.4104995377361774E+01	3.7160156250000000E+01
2.4162537895143032E+01	3.7160156250000000E+01
2.4220097258687019E+01	3.7160156250000000E+01
2.4277653202414513E+01	3.7160156250000000E+01
2.4335200078785419E+01	3.7160156250000000E+01
2.4392710030078888E+01	3.7160156250000000E+01
2.4450270183384418E+01	3.7160156250000000E+01
2.4507822580635548E+01	3.7160156250000000E+01
2.4565352886915207E+01	3.7160156250000000E+01
2.4622886233031750E+01	3.7160156250000000E+01
2.4680424973368645E+01	3.7160156250000000E+01
2.4737983651459217E+01	3.7160156250000000E+01
2.4795557938516140E+01	3.7160156250000000E+01
2.4853120990097523E+01	3.7160156250000000E+01
2.4910692229866982E+01	3.7160156250000000E+01
2.4968263857066631E+01	3.7160156250000000E+01
2.5025829933583736E+01	3.7160156250000000E+01
2.5083390995860100E+01	3.7160156250000000E+01
2.5140988782048225E+01	3.7160156250000000E+01
2.5198592901229858E+01	3.7160156250000000E+01
2.5256197720766068E+01	3.7160156250000000E+01
2.5313794940710068E+01	3.7160156250000000E+01
2.5371429190039635E+01	3.7160156250000000E+01
2.5429164037108421E+01	3.7160156250000000E+01
2.5487026937305927E+01	3.7160156250000000E+01
2.5545035451650620E+01	3.7160156250000000E+01
2.5602884940803051E+01	3.7160156250000000E+01
2.5660950928926468E+01	3.7160156250000000E+01
2.5718959845602512E+01	3.7160156250000000E+01
2.5776793301105499E+01	3.7160156250000000E+01
2.5834501609206200E+01	3.7160156250000000E+01
2.5892141573131084E+01	3.7160156250000000E+01
2.5949886955320835E+01	3.7160156250000000E+01
2.6007583014667034E+01	3.7160156250000000E+01
2.6065433956682682E+01	3.7160156250000000E+01
2.6123199254274368E+01	3.7160156250000000E+01
2.6180860728025436E+01	3.7160156250000000E+01
2.6238512240350246E+01	3.7160156250000000E+01
2.6296293959021568E+01	3.7160156250000000E+01
2.6354052163660526E+01	3.7160156250000000E+01
2.6411893464624882E+01	3.7160156250000000E+01
2.6469629839062691E+01	3.7160156250000000E+01
2.6527290597558022E+01	3.7160156250000000E+01
2.6584888942539692E+01	3.7160156250000000E+01
2.6642430983483791E+01	3.7160156250000000E+01
2.6700008742511272E+01	3.7160156250000000E+01
2.6757601596415043E+01	3.7160156250000000E+01
2.6815224885940552E+01	3.7160156250000000E+01
2.6872900359332561E+01	3.7160156250000000E+01
2.6930569916963577E+01	3.7160156250000000E+01
2.6988303318619728E+01	3.7160156250000000E+01
2.7046159364283085E+01	3.7160156250000000E+01
2.7103915803134441E+01	3.7160156250000000E+01
2.7161802619695663E+01	3.7160156250000000E+01
2.7219828583300114E+01	3.7160156250000000E+01
2.7277909316122532E+01	3.7160156250000000E+01
2.7336084090173244E+01	3.7160156250000000E+01
2.7394356794655323E+01	3.7160156250000000E+01
2.7452590174973011E+01	3.7160156250000000E+01
2.7510881297290325E+01	3.7160156250000000E+01
2.7569137766957283E+01	3.7160156250000000E+01
2.7627294339239597E+01	3.7160156250000000E+01
2.7685315519571304E+01	3.7160156250000000E+01
2.7743219174444675E+01	3.7160156250000000E+01
2.7801331833004951E+01	3.7160156250000000E+01
2.7859331808984280E+01	3.7160156250000000E+01
2.7917520232498646E+01	3.7160156250000000E+01
2.7975780352950096E+01	3.7160156250000000E+01
2.8034026794135571E+01	3.7160156250000000E+01
2.8092352360486984E+01	3.7160156250000000E+01
2.8150742188096046E+01	3.7160156250000000E+01
2.8209073543548584E+01	3.7160156250000000E+01
2.8267484657466412E+01	3.7160156250000000E+01
2.8325916312634945E+01	3.7160156250000000E+01
2.8384314611554146E+01	3.7160156250000000E+01
2.8442760780453682E+01	3.7160156250000000E+01
2.8501248709857464E+01	3.7160156250000000E+01
2.8559690594673157E+01	3.7160156250000000E+01
2.8618172883987427E+01	3.7160156250000000E+01
2.8676660813391209E+01	3.7160156250000000E+01
2.8735150262713432E+01	3.7160156250000000E+01
2.8793648049235344E+01	3.7160156250000000E+01
2.8852095812559128E+01	3.7160156250000000E+01
2.8910579286515713E+01	3.7160156250000000E+01
2.8969044692814350E+01	3.7160156250000000E+01
2.9027549572288990E+01	3.7160156250000000E+01
2.9086051732301712E+01	3.7160156250000000E+01
2.9144558690488338E+01	3.7160156250000000E+01
2.9203044205904007E+01	3.7160156250000000E+01
2.9261626802384853E+01	3.7160156250000000E+01
2.9320158436894417E+01	3.7160156250000000E+01
2.9378670856356621E+01	3.7160156250000000E+01
2.9437230370938778E+01	3.7160156250000000E+01
2.9495780751109123E+01	3.7160156250000000E+01
2.9554339438676834E+01	3.7160156250000000E+01
2.9612915262579918E+01	3.7160156250000000E+01
2.9671531528234482E+01	3.7160156250000000E+01
2.9730133049190044E+01	3.7160156250000000E+01
2.9788702011108398E+01	3.7160156250000000E+01
2.9847268387675285E+01	3.7160156250000000E+01
2.9905836693942547E+01	3.7160156250000000E+01
2.9964417614042759E+01	3.7160156250000000E+01
3.0022966600954533E+01	3.7160156250000000E+01
3.0081550993025303E+01	3.7160156250000000E+01
3.0140116602182388E+01	3.7160156250000000E+01
3.0198659546673298E+01	3.7160156250000000E+01
3.0257208548486233E+01	3.7160156250000000E+01
3.0315774187445641E+01	3.7160156250000000E+01
3.0374358102679253E+01	3.7160156250000000E+01
3.0432917349040508E+01	3.7160156250000000E+01
3.0491468645632267E+01	3.7160156250000000E+01
3.0549999102950096E+01	3.7160156250000000E+01
3.0608539253473282E+01	3.7160156250000000E+01
3.0667062141001225E+01	3.7160156250000000E+01
3.0725591339170933E+01	3.7160156250000000E+01
3.0784132122993469E+01	3.7160156250000000E+01
3.0842667140066624E+01	3.7160156250000000E+01
3.0901189640164375E+01	3.7160156250000000E+01
3.0959728971123695E+01	3.7160156250000000E+01
3.1018279366195202E+01	3.7160156250000000E+01
3.1076801814138889E+01	3.7160156250000000E+01
3.1135339140892029E+01	3.7160156250000000E+01
3.1193851172924042E+01	3.7160156250000000E+01
3.1252386979758739E+01	3.7160156250000000E+01
3.1310943365097046E+01	3.7160156250000000E+01
3.1369508393108845E+01	3.7160156250000000E+01
3.1428012467920780E+01	3.7160156250000000E+01
3.1486555941402912E+01	3.7160156250000000E+01
3.1545068897306919E+01	3.7160156250000000E+01
3.1603622525930405E+01	3.7160156250000000E+01
3.1662166662514210E+01	3.7160156250000000E+01
3.1720700502395630E+01	3.7160156250000000E+01
3.1779251813888550E+01	3.7160156250000000E+01
3.1837758094072342E+01	3.7160156250000000E+01
3.1896285079419613E+01	3.7160156250000000E+01
3.1954811297357082E+01	3.7160156250000000E+01
3.2013374887406826E+01	3.7160156250000000E+01
3.2071898423135281E+01	3.7160156250000000E+01
3.2130435347557068E+01	3.7160156250000000E+01
3.2188972987234592E+01	3.7160156250000000E+01
3.2247503183782101E+01	3.7160156250000000E+01
3.2306042261421680E+01	3.7160156250000000E+01
3.2364600501954556E+01	3.7160156250000000E+01
3.2423114500939846E+01	3.7160156250000000E+01
3.2481660284101963E+01	3.7160156250000000E+01
3.2540215432643890E+01	3.7160156250000000E+01
3.2598759584128857E+01	3.7160156250000000E+01
3.2657296828925610E+01	3.7160156250000000E+01
3.2715864025056362E+01	3.7160156250000000E+01
3.2774409547448158E+01	3.7160156250000000E+01
3.2832942493259907E+01	3.7160156250000000E+01
3.2891481325030327E+01	3.7160156250000000E+01
3.2950039580464363E+01	3.7160156250000000E+01
3.3008572109043598E+01	3.7160156250000000E+01
3.3067121133208275E+01	3.7160156250000000E+01
3.3125653773546219E+01	3.7160156250000000E+01
3.3184171788394451E+01	3.7160156250000000E+01
3.3242720246315002E+01	3.7160156250000000E+01
3.3301259920001030E+01	3.7160156250000000E+01
3.3359789036214352E+01	3.7160156250000000E+01
3.3418333746492863E+01	3.7160156250000000E+01
3.3476894721388817E+01	3.7160156250000000E+01
3.3535464100539684E+01	3.7160156250000000E+01
3.3594013407826424E+01	3.7160156250000000E+01
3.3652551144361496E+01	3.7160156250000000E+01
3.3711062148213387E+01	3.7160156250000000E+01
3.3769610285758972E+01	3.7160156250000000E+01
3.3828179247677326E+01	3.7160156250000000E+01
3.3886724911630154E+01	3.7160156250000000E+01
3.3945266783237457E+01	3.7160156250000000E+01
3.4003774642944336E+01	3.7160156250000000E+01
3.4062301747500896E+01	3.7160156250000000E+01
3.4120815746486187E+01	3.7160156250000000E+01
3.4179344989359379E+01	3.7160156250000000E+01
3.4237879514694214E+01	3.7160156250000000E+01
3.4296440333127975E+01	3.7160156250000000E+01
3.4354998521506786E+01	3.7160156250000000E+01
3.4413557082414627E+01	3.7160156250000000E+01
3.4472110375761986E+01	3.7160156250000000E+01
3.4530673466622829E+01	3.7160156250000000E+01
3.4589213870465755E+01	3.7160156250000000E+01
3.4647767156362534E+01	3.7160156250000000E+01
3.4706335306167603E+01	3.7160156250000000E+01
3.4764885559678078E+01	3.7160156250000000E+01
3.4823456272482872E+01	3.7160156250000000E+01
3.4882009558379650E+01	3.7160156250000000E+01
3.4940545991063118E+01	3.7160156250000000E+01
3.4999094150960445E+01	3.7160156250000000E+01
3.5057632446289062E+01	3.7160156250000000E+01
3.5116193354129791E+01	3.7160156250000000E+01
3.5174755483865738E+01	3.7160156250000000E+01
3.5233309522271156E+01	3.7160156250000000E+01
3.5291879534721375E+01	3.7160156250000000E+01
3.5350459799170494E+01	3.7160156250000000E+01
3.5409003764390945E+01	3.7160156250000000E+01
3.5467567451298237E+01	3.7160156250000000E+01
3.5526137575507164E+01	3.7160156250000000E+01
3.5584705322980881E+01	3.7160156250000000E+01
3.5643275067210197E+01	3.7160156250000000E+01
3.5701861299574375E+01	3.7160156250000000E+01
3.5760437272489071E+01	3.7160156250000000E+01
3.5819012038409710E+01	3.7160156250000000E+01
3.5877609193325043E+01	3.7160156250000000E+01
3.5936203815042973E+01	3.7160156250000000E+01
3.5994824260473251E+01	3.7160156250000000E+01
3.6053441897034645E+01	3.7160156250000000E+01
3.6112063616514206E+01	3.7160156250000000E+01
3.6170685112476349E+01	3.7160156250000000E+01
3.6229257889091969E+01	3.7160156250000000E+01
3.6287860631942749E+01	3.7160156250000000E+01
3.6346475675702095E+01	3.7160156250000000E+01
3.6405107282102108E+01	3.7160156250000000E+01
3.6463841803371906E+01	3.7160156250000000E+01
3.6522602811455727E+01	3.7160156250000000E+01
3.6581368766725063E+01	3.7160156250000000E+01
3.6640113323926926E+01	3.7160156250000000E+01
3.6698871828615665E+01	3.7160156250000000E+01
3.6757653981447220E+01	3.7160156250000000E+01
3.6816402107477188E+01	3.7160156250000000E+01
3.6875153683125973E+01	3.7160156250000000E+01
3.6933911122381687E+01	3.7160156250000000E+01
3.6992660753428936E+01	3.7160156250000000E+01
3.7051389716565609E+01	3.7160156250000000E+01
3.7110148340463638E+01	3.7160156250000000E+01
3.7168916039168835E+01	3.7160156250000000E+01
3.7227664165198803E+01	3.7160156250000000E+01
3.7286414526402950E+01	3.7160156250000000E+01
3.7345119990408421E+01	3.7160156250000000E+01
3.7403833352029324E+01	3.7160156250000000E+01
3.7462583020329475E+01	3.7160156250000000E+01
3.7521332450211048E+01	3.7160156250000000E+01
3.7580083847045898E+01	3.7160156250000000E+01
3.7638845123350620E+01	3.7160156250000000E+01
3.7697659112513065E+01	3.7160156250000000E+01
3.7756500266492367E+01	3.7160156250000000E+01
3.7815373227000237E+01	3.7160156250000000E+01
3.7874232918024063E+01	3.7160156250000000E+01
3.7933131448924541E+01	3.7160156250000000E+01
3.7991999529302120E+01	3.7160156250000000E+01
3.8050873503088951E+01	3.7160156250000000E+01
3.8109767653048038E+01	3.7160156250000000E+01
3.8168617300689220E+01	3.7160156250000000E+01
3.8227491617202759E+01	3.7160156250000000E+01
3.8286999799311161E+01	3.7160156250000000E+01
3.8345944173634052E+01	3.7160156250000000E+01
3.8404698714613914E+01	3.7160156250000000E+01
3.8463442474603653E+01	3.7160156250000000E+01
3.8522181674838066E+01	3.7160156250000000E+01
3.8580956198275089E+01	3.7160156250000000E+01
3.8639735311269760E+01	3.7160156250000000E+01
3.8698554925620556E+01	3.7160156250000000E+01
3.8757403835654259E+01	3.7160156250000000E+01
3.8816294573247433E+01	3.7160156250000000E+01
3.8875176727771759E+01	3.7160156250000000E+01
3.8933998204767704E+01	3.7160156250000000E+01
3.8992920778691769E+01	3.7160156250000000E+01
3.9051790021359921E+01	3.7160156250000000E+01
3.9110642038285732E+01	3.7160156250000000E+01
3.9169510751962662E+01	3.7160156250000000E+01
3.9228394038975239E+01	3.7160156250000000E+01
3.9287214756011963E+01	3.7160156250000000E+01
3.9346033975481987E+01	3.7160156250000000E+01
3.9404864750802517E+01	3.7160156250000000E+01
3.9463753826916218E+01	3.7160156250000000E+01
3.9522668294608593E+01	3.7160156250000000E+01
3.9581588380038738E+01	3.7160156250000000E+01
3.9640549473464489E+01	3.7160156250000000E+01
3.9699522815644741E+01	3.7160156250000000E+01
3.9758498884737492E+01	3.7160156250000000E+01
3.9817444533109665E+01	3.7160156250000000E+01
3.9876370266079903E+01	3.7160156250000000E+01
3.9935284852981567E+01	3.7160156250000000E+01
3.9994252182543278E+01	3.7160156250000000E+01
4.0053247399628162E+01	3.7160156250000000E+01
4.0112201571464539E+01	3.7160156250000000E+01
4.0171114847064018E+01	3.7160156250000000E+01
4.0230019904673100E+01	3.7160156250000000E+01
4.0288962520658970E+01	3.7160156250000000E+01
4.0347917407751083E+01	3.7160156250000000E+01
4.0406859435141087E+01	3.7160156250000000E+01
4.0465808942914009E+01	3.7160156250000000E+01
4.0524781033396721E+01	3.7160156250000000E+01
4.0583809502422810E+01	3.7160156250000000E+01
4.0642827138304710E+01	3.7160156250000000E+01
4.0701768882572651E+01	3.7160156250000000E+01
4.0760714493691921E+01	3.7160156250000000E+01
4.0819713778793812E+01	3.7160156250000000E+01
4.0878683455288410E+01	3.7160156250000000E+01
4.0937639728188515E+01	3.7160156250000000E+01
4.0996617279946804E+01	3.7160156250000000E+01
4.1055536240339279E+01	3.7160156250000000E+01
4.1114498943090439E+01	3.7160156250000000E+01
4.1173460170626640E+01	3.7160156250000000E+01
4.1232430391013622E+01	3.7160156250000000E+01
4.1291407071053982E+01	3.7160156250000000E+01
4.1350365400314331E+01	3.7160156250000000E+01
4.1409311570227146E+01	3.7160156250000000E+01
4.1468301482498646E+01	3.7160156250000000E+01
4.1527296438813210E+01	3.7160156250000000E+01
4.1586281552910805E+01	3.7160156250000000E+01
4.1645241960883141E+01	3.7160156250000000E+01
4.1704229168593884E+01	3.7160156250000000E+01
4.1763207584619522E+01	3.7160156250000000E+01
4.1822185620665550E+01	3.7160156250000000E+01
4.1881131835281849E+01	3.7160156250000000E+01
4.1940038703382015E+01	3.7160156250000000E+01
4.1998955763876438E+01	3.7160156250000000E+01
4.2057894669473171E+01	3.7160156250000000E+01
4.2116827756166458E+01	3.7160156250000000E+01
4.2175758421421051E+01	3.7160156250000000E+01
4.2234707772731781E+01	3.7160156250000000E+01
4.2293692998588085E+01	3.7160156250000000E+01
4.2352697424590588E+01	3.7160156250000000E+01
4.2411740735173225E+01	3.7160156250000000E+01
4.2470729403197765E+01	3.7160156250000000E+01
4.2529739700257778E+01	3.7160156250000000E+01
4.2588712900876999E+01	3.7160156250000000E+01
4.2647710584104061E+01	3.7160156250000000E+01
4.2706697598099709E+01	3.7160156250000000E+01
4.2765706911683083E+01	3.7160156250000000E+01
4.2824691087007523E+01	3.7160156250000000E+01
4.2883637510240078E+01	3.7160156250000000E+01
4.2942626237869263E+01	3.7160156250000000E+01
4.3001643970608711E+01	3.7160156250000000E+01
4.3060741938650608E+01	3.7160156250000000E+01
4.3119849912822247E+01	3.7160156250000000E+01
4.3179038047790527E+01	3.7160156250000000E+01
4.3238252215087414E+01	3.7160156250000000E+01
4.3297423563897610E+01	3.7160156250000000E+01
4.3356583774089813E+01	3.7160156250000000E+01
4.3415782719850540E+01	3.7160156250000000E+01
4.3474960692226887E+01	3.7160156250000000E+01
4.3534172341227531E+01	3.7160156250000000E+01
4.3593353912234306E+01	3.7160156250000000E+01
4.3652548573911190E+01	3.7160156250000000E+01
4.3711779318749905E+01	3.7160156250000000E+01
4.3770982116460800E+01	3.7160156250000000E+01
4.3830174118280411E+01	3.7160156250000000E+01
4.3889383323490620E+01	3.7160156250000000E+01
4.3948501974344254E+01	3.7160156250000000E+01
4.4007537499070168E+01	3.7160156250000000E+01
4.4066533364355564E+01	3.7160156250000000E+01
4.4125510580837727E+01	3.7160156250000000E+01
4.4184498161077499E+01	3.7160156250000000E+01
4.4243493802845478E+01	3.7160156250000000E+01
4.4302452035248280E+01	3.7160156250000000E+01
4.4361407011747360E+01	3.7160156250000000E+01
4.4420326255261898E+01	3.7160156250000000E+01
4.4479281604290009E+01	3.7160156250000000E+01
4.4538238227367401E+01	3.7160156250000000E+01
4.4597163118422031E+01	3.7160156250000000E+01
4.4656071975827217E+01	3.7160156250000000E+01
4.4715012326836586E+01	3.7160156250000000E+01
4.4773974232375622E+01	3.7160156250000000E+01
4.4832944370806217E+01	3.7160156250000000E+01
4.4891971863806248E+01	3.7160156250000000E+01
4.4950976602733135E+01	3.7160156250000000E+01
4.5009926959872246E+01	3.7160156250000000E+01
4.5068894021213055E+01	3.7160156250000000E+01
4.5127889744937420E+01	3.7160156250000000E+01
4.5186878189444542E+01	3.7160156250000000E+01
4.5245953507721424E+01	3.7160156250000000E+01
4.5304921157658100E+01	3.7160156250000000E+01
4.5363921925425529E+01	3.7160156250000000E+01
4.5422931440174580E+01	3.7160156250000000E+01
4.5481887668371201E+01	3.7160156250000000E+01
4.5540866062045097E+01	3.7160156250000000E+01
4.5599813811480999E+01	3.7160156250000000E+01
4.5658811219036579E+01	3.7160156250000000E+01
4.5717855744063854E+01	3.7160156250000000E+01
4.5776856787502766E+01	3.7160156250000000E+01
4.5835870839655399E+01	3.7160156250000000E+01
4.5894821792840958E+01	3.7160156250000000E+01
4.5953776679933071E+01	3.7160156250000000E+01
4.6012733027338982E+01	3.7160156250000000E+01
4.6071690775454044E+01	3.7160156250000000E+01
4.6130668446421623E+01	3.7160156250000000E+01
4.6189627416431904E+01	3.7160156250000000E+01
4.6248596616089344E+01	3.7160156250000000E+01
4.6307547569274902E+01	3.7160156250000000E+01
4.6366540953516960E+01	3.7160156250000000E+01
4.6425510317087173E+01	3.7160156250000000E+01
4.6484489142894745E+01	3.7160156250000000E+01
4.6543440237641335E+01	3.7160156250000000E+01
4.6602363929152489E+01	3.7160156250000000E+01
4.6661294355988503E+01	3.7160156250000000E+01
4.6720268636941910E+01	3.7160156250000000E+01
4.6779245913028717E+01	3.7160156250000000E+01
4.6838219292461872E+01	3.7160156250000000E+01
4.6897254250943661E+01	3.7160156250000000E+01
4.6956264533102512E+01	3.7160156250000000E+01
4.7015310488641262E+01	3.7160156250000000E+01
4.7074335254728794E+01	3.7160156250000000E+01
4.7133347190916538E+01	3.7160156250000000E+01
4.7192415542900562E+01	3.7160156250000000E+01
4.7251461036503315E+01	3.7160156250000000E+01
4.7310513451695442E+01	3.7160156250000000E+01
4.7369530037045479E+01	3.7160156250000000E+01
4.7428518854081631E+01	3.7160156250000000E+01
4.7487515360116959E+01	3.7160156250000000E+01
4.7546561375260353E+01	3.7160156250000000E+01
4.7605651646852493E+01	3.7160156250000000E+01
4.7664730392396450E+01	3.7160156250000000E+01
4.7723809964954853E+01	3.7160156250000000E+01
4.7782958902418613E+01	3.7160156250000000E+01
4.7842117570340633E+01	3.7160156250000000E+01
4.7901293747127056E+01	3.7160156250000000E+01
4.7960516966879368E+01	3.7160156250000000E+01
4.8019690006971359E+01	3.7160156250000000E+01
4.8078872755169868E+01	3.7160156250000000E+01
4.8138118870556355E+01	3.7160156250000000E+01
4.8197404190897942E+01	3.7160156250000000E+01
4.8256745375692844E+01	3.7160156250000000E+01
4.8316136486828327E+01	3.7160156250000000E+01
4.8375513575971127E+01	3.7160156250000000E+01
4.8434867829084396E+01	3.7160156250000000E+01
4.8494230791926384E+01	3.7160156250000000E+01
4.8553634487092495E+01	3.7160156250000000E+01
4.8613012440502644E+01	3.7160156250000000E+01
4.8672429442405701E+01	3.7160156250000000E+01
4.8731832936406136E+01	3.7160156250000000E+01
4.8791237741708755E+01	3.7160156250000000E+01
4.8850655518472195E+01	3.7160156250000000E+01
4.8910043925046921E+01	3.7160156250000000E+01
4.8969447396695614E+01	3.7160156250000000E+01
4.9028829328715801E+01	3.7160156250000000E+01
4.9088259667158127E+01	3.7160156250000000E+01
4.9147674456238747E+01	3.7160156250000000E+01
4.9207069382071495E+01	3.7160156250000000E+01
4.9266443714499474E+01	3.7160156250000000E+01
4.9325820006430149E+01	3.7160156250000000E+01
4.9385236807167530E+01	3.7160156250000000E+01
4.9444637753069401E+01	3.7160156250000000E+01
4.9504063077270985E+01	3.7160156250000000E+01
4.9563511095941067E+01	3.7160156250000000E+01
4.9622943319380283E+01	3.7160156250000000E+01
4.9682385124266148E+01	3.7160156250000000E+01
4.9741790950298309E+01	3.7160156250000000E+01
4.9801213942468166E+01	3.7160156250000000E+01
4.9860706672072411E+01	3.7160156250000000E+01
4.9920237049460411E+01	3.7160156250000000E+01
4.9979798078536987E+01	3.7160156250000000E+01
5.0039369150996208E+01	3.7160156250000000E+01
5.0098965220153332E+01	3.7160156250000000E+01
5.0158519335091114E+01	3.7160156250000000E+01
5.0218078792095184E+01	3.7160156250000000E+01
5.0277676008641720E+01	3.7160156250000000E+01
5.0337225906550884E+01	3.7160156250000000E+01
5.0396788269281387E+01	3.7160156250000000E+01
5.0456354424357414E+01	3.7160156250000000E+01
5.0515880942344666E+01	3.7160156250000000E+01
5.0575461216270924E+01	3.7160156250000000E+01
5.0635038726031780E+01	3.7160156250000000E+01
5.0694616951048374E+01	3.7160156250000000E+01
5.0754153624176979E+01	3.7160156250000000E+01
5.0813626661896706E+01	3.7160156250000000E+01
5.0873097293078899E+01	3.7160156250000000E+01
5.0932551801204681E+01	3.7160156250000000E+01
5.0992043621838093E+01	3.7160156250000000E+01
5.1051518425345421E+01	3.7160156250000000E+01
5.1110967330634594E+01	3.7160156250000000E+01
5.1170497551560402E+01	3.7160156250000000E+01
5.1230006553232670E+01	3.7160156250000000E+01
5.1289586253464222E+01	3.7160156250000000E+01
5.1349145933985710E+01	3.7160156250000000E+01
5.1408683180809021E+01	3.7160156250000000E+01
5.1468214966356754E+01	3.7160156250000000E+01
5.1527765162289143E+01	3.7160156250000000E+01
5.1587340705096722E+01	3.7160156250000000E+01
5.1646953836083412E+01	3.7160156250000000E+01
5.1706615760922432E+01	3.7160156250000000E+01
5.1766339637339115E+01	3.7160156250000000E+01
5.1826027907431126E+01	3.7160156250000000E+01
5.1885703593492508E+01	3.7160156250000000E+01
5.1945404380559921E+01	3.7160156250000000E+01
5.2005095981061459E+01	3.7160156250000000E+01
5.2064797870814800E+01	3.7160156250000000E+01
5.2124462485313416E+01	3.7160156250000000E+01
5.2184178218245506E+01	3.7160156250000000E+01
5.2243848375976086E+01	3.7160156250000000E+01
5.2303488746285439E+01	3.7160156250000000E+01
5.2363129533827305E+01	3.7160156250000000E+01
5.2422745555639267E+01	3.7160156250000000E+01
5.2482376471161842E+01	3.7160156250000000E+01
5.2542038194835186E+01	3.7160156250000000E+01
5.2601637080311775E+01	3.7160156250000000E+01
5.2661193810403347E+01	3.7160156250000000E+01
5.2720774419605732E+01	3.7160156250000000E+01
5.2780357062816620E+01	3.7160156250000000E+01
5.2839852295815945E+01	3.7160156250000000E+01
5.2899378180503845E+01	3.7160156250000000E+01
5.2958844020962715E+01	3.7160156250000000E+01
5.3018353097140789E+01	3.7160156250000000E+01
5.3077862210571766E+01	3.7160156250000000E+01
5.3137324944138527E+01	3.7160156250000000E+01
5.3196724779903889E+01	3.7160156250000000E+01
5.3256052114069462E+01	3.7160156250000000E+01
5.3315349832177162E+01	3.7160156250000000E+01
5.3374627515673637E+01	3.7160156250000000E+01
5.3433851234614849E+01	3.7160156250000000E+01
5.3493051983416080E+01	3.7160156250000000E+01
5.3552280828356743E+01	3.7160156250000000E+01
5.3611458756029606E+01	3.7160156250000000E+01
5.3670619577169418E+01	3.7160156250000000E+01
5.3729820117354393E+01	3.7160156250000000E+01
5.3789064414799213E+01	3.7160156250000000E+01
5.3848235599696636E+01	3.7160156250000000E+01
5.3907408490777016E+01	3.7160156250000000E+01
5.3966612592339516E+01	3.7160156250000000E+01
5.4025802247226238E+01	3.7160156250000000E+01
5.4084946945309639E+01	3.7160156250000000E+01
5.4144047006964684E+01	3.7160156250000000E+01
5.4203100293874741E+01	3.7160156250000000E+01
5.4262158982455730E+01	3.7160156250000000E+01
5.4321262620389462E+01	3.7160156250000000E+01
5.4380378223955631E+01	3.7160156250000000E+01
5.4439471364021301E+01	3.7160156250000000E+01
5.4498586967587471E+01	3.7160156250000000E+01
5.4557721666991711E+01	3.7160156250000000E+01
5.4616881236433983E+01	3.7160156250000000E+01
5.4676016651093960E+01	3.7160156250000000E+01
5.4735158659517765E+01	3.7160156250000000E+01
5.4794333800673485E+01	3.7160156250000000E+01
5.4853569284081459E+01	3.7160156250000000E+01
5.4912840127944946E+01	3.7160156250000000E+01
5.4972127959132195E+01	3.7160156250000000E+01
5.5031456448137760E+01	3.7160156250000000E+01
5.5090861529111862E+01	3.7160156250000000E+01
5.5150266796350479E+01	3.7160156250000000E+01
5.5209655843675137E+01	3.7160156250000000E+01
5.5269093655049801E+01	3.7160156250000000E+01
5.5328533232212067E+01	3.7160156250000000E+01
5.5387964442372322E+01	3.7160156250000000E+01
5.5447424121201038E+01	3.7160156250000000E+01
5.5506905384361744E+01	3.7160156250000000E+01
5.5566399462521076E+01	3.7160156250000000E+01
5.5625840343534946E+01	3.7160156250000000E+01
5.5685311205685139E+01	3.7160156250000000E+01
5.5744796991348267E+01	3.7160156250000000E+01
5.5804251044988632E+01	3.7160156250000000E+01
5.5863715857267380E+01	3.7160156250000000E+01
5.5923189871013165E+01	3.7160156250000000E+01
5.5982614181935787E+01	3.7160156250000000E+01
5.6042102895677090E+01	3.7160156250000000E+01
5.6101573206484318E+01	3.7160156250000000E+01
5.6161011800169945E+01	3.7160156250000000E+01
5.6220469862222672E+01	3.7160156250000000E+01
5.6279923215508461E+01	3.7160156250000000E+01
5.6339378200471401E+01	3.7160156250000000E+01
5.6398820623755455E+01	3.7160156250000000E+01
5.6458270259201527E+01	3.7160156250000000E+01
5.6517710983753204E+01	3.7160156250000000E+01
5.6577162086963654E+01	3.7160156250000000E+01
5.6636580429971218E+01	3.7160156250000000E+01
5.6696023531258106E+01	3.7160156250000000E+01
5.6755493134260178E+01	3.7160156250000000E+01
5.6814948104321957E+01	3.7160156250000000E+01
5.6874403327703476E+01	3.7160156250000000E+01
5.6933844566345215E+01	3.7160156250000000E+01
5.6993296727538109E+01	3.7160156250000000E+01
5.7052720837295055E+01	3.7160156250000000E+01
5.7112143270671368E+01	3.7160156250000000E+01
5.7171559467911720E+01	3.7160156250000000E+01
5.7230990804731846E+01	3.7160156250000000E+01
5.7290414728224277E+01	3.7160156250000000E+01
5.7349790327250957E+01	3.7160156250000000E+01
5.7409186847507954E+01	3.7160156250000000E+01
5.7468518652021885E+01	3.7160156250000000E+01
5.7527854397892952E+01	3.7160156250000000E+01
5.7587173961102962E+01	3.7160156250000000E+01
5.7646521836519241E+01	3.7160156250000000E+01
5.7705843068659306E+01	3.7160156250000000E+01
5.7765160374343395E+01	3.7160156250000000E+01
5.7824476912617683E+01	3.7160156250000000E+01
5.7883785396814346E+01	3.7160156250000000E+01
5.7943045780062675E+01	3.7160156250000000E+01
5.8002319507300854E+01	3.7160156250000000E+01
5.8061578087508678E+01	3.7160156250000000E+01
5.8120794214308262E+01	3.7160156250000000E+01
5.8179963894188404E+01	3.7160156250000000E+01
5.8239097669720650E+01	3.7160156250000000E+01
5.8298195004463196E+01	3.7160156250000000E+01
5.8357251428067684E+01	3.7160156250000000E+01
5.8416350737214088E+01	3.7160156250000000E+01
5.8475544080138206E+01	3.7160156250000000E+01
5.8534684479236603E+01	3.7160156250000000E+01
