0.0000000000000000E+00	1.5240000000000002E+00
9.2092092092092093E+02	1.5240477803443140E+00
1.8418418418418419E+03	1.5240716135524153E+00
2.7627627627627626E+03	1.5241071902418806E+00
3.6836836836836837E+03	1.5241204568415465E+00
4.6046046046046049E+03	1.5241653283661309E+00
5.5255255255255252E+03	1.5241906486553445E+00
6.4464464464464463E+03	1.5242193861315223E+00
7.3673673673673675E+03	1.5242530090400994E+00
8.2882882882882877E+03	1.5242824555446728E+00
9.2092092092092098E+03	1.5242956558258942E+00
1.0130130130130130E+04	1.5243380306395540E+00
1.1051051051051050E+04	1.5243724723367327E+00
1.1971971971971972E+04	1.5244007809304647E+00
1.2892892892892893E+04	1.5244275961518672E+00
1.3813813813813815E+04	1.5244566993421500E+00
1.4734734734734735E+04	1.5244841082531422E+00
1.5655655655655655E+04	1.5245145647791345E+00
1.6576576576576575E+04	1.5245443406160835E+00
1.7497497497497498E+04	1.5245734896152336E+00
1.8418418418418420E+04	1.5246033326924309E+00
1.9339339339339338E+04	1.5246339208060058E+00
2.0260260260260260E+04	1.5246651963689606E+00
2.1181181181181182E+04	1.5246964245749199E+00
2.2102102102102101E+04	1.5247246243741781E+00
2.3023023023023023E+04	1.5247406705404214E+00
2.3943943943943945E+04	1.5247825476554842E+00
2.4864864864864867E+04	1.5248138490926697E+00
2.5785785785785785E+04	1.5248411214815745E+00
2.6706706706706707E+04	1.5248692472700642E+00
2.7627627627627629E+04	1.5249044506101568E+00
2.8548548548548548E+04	1.5249218700972333E+00
2.9469469469469470E+04	1.5249631377895456E+00
3.0390390390390392E+04	1.5249879760470868E+00
3.1311311311311310E+04	1.5250201205721210E+00
3.2232232232232232E+04	1.5250459036362445E+00
3.3153153153153151E+04	1.5250824417314190E+00
3.4074074074074073E+04	1.5251060741551623E+00
3.4994994994994995E+04	1.5251414618770831E+00
3.5915915915915917E+04	1.5251712343166137E+00
3.6836836836836839E+04	1.5251965124197524E+00
3.7757757757757761E+04	1.5252299497521227E+00
3.8678678678678676E+04	1.5252612964653427E+00
3.9599599599599598E+04	1.5252853747561297E+00
4.0520520520520520E+04	1.5253069984433956E+00
4.1441441441441442E+04	1.5253452661237312E+00
4.2362362362362364E+04	1.5253764569685642E+00
4.3283283283283286E+04	1.5254063090935670E+00
4.4204204204204201E+04	1.5254394471455088E+00
4.5125125125125123E+04	1.5254672243721825E+00
4.6046046046046045E+04	1.5254991416251045E+00
4.6966966966966967E+04	1.5255263257554750E+00
4.7887887887887890E+04	1.5255579355737869E+00
4.8808808808808812E+04	1.5255850752828746E+00
4.9729729729729734E+04	1.5256010026827829E+00
5.0650650650650648E+04	1.5256447363043184E+00
5.1571571571571571E+04	1.5256783115221553E+00
5.2492492492492493E+04	1.5257094750494704E+00
5.3413413413413415E+04	1.5257338209861329E+00
5.4334334334334337E+04	1.5257590599848572E+00
5.5255255255255259E+04	1.5257978211959202E+00
5.6176176176176174E+04	1.5258246563467490E+00
5.7097097097097096E+04	1.5258548531414424E+00
5.8018018018018018E+04	1.5258890318700180E+00
5.8938938938938940E+04	1.5259136389046875E+00
5.9859859859859862E+04	1.5259473120902722E+00
6.0780780780780784E+04	1.5259637914808579E+00
6.1701701701701706E+04	1.5260094203547077E+00
6.2622622622622621E+04	1.5260339448075055E+00
6.3543543543543543E+04	1.5260652044986187E+00
6.4464464464464465E+04	1.5260975017086471E+00
6.5385385385385387E+04	1.5261201101633397E+00
6.6306306306306302E+04	1.5261542616647277E+00
6.7227227227227224E+04	1.5261888121403981E+00
6.8148148148148146E+04	1.5262162706485694E+00
6.9069069069069068E+04	1.5262441993983935E+00
6.9989989989989990E+04	1.5262738645391116E+00
7.0910910910910912E+04	1.5263046193610210E+00
7.1831831831831834E+04	1.5263359891117823E+00
7.2752752752752756E+04	1.5263676093392289E+00
7.3673673673673678E+04	1.5263987470320819E+00
7.4594594594594600E+04	1.5264268436722102E+00
7.5515515515515523E+04	1.5264588424486287E+00
7.6436436436436445E+04	1.5264871688849435E+00
7.7357357357357352E+04	1.5265173607303160E+00
7.8278278278278274E+04	1.5265464104825353E+00
7.9199199199199196E+04	1.5265758685871402E+00
8.0120120120120118E+04	1.5266074338329656E+00
8.1041041041041040E+04	1.5266413248221284E+00
8.1961961961961963E+04	1.5266709994578962E+00
8.2882882882882885E+04	1.5266857485225065E+00
8.3803803803803807E+04	1.5267313867657424E+00
8.4724724724724729E+04	1.5267600519702891E+00
8.5645645645645651E+04	1.5267888927058471E+00
8.6566566566566573E+04	1.5268230942233729E+00
8.7487487487487495E+04	1.5268411604553094E+00
8.8408408408408402E+04	1.5268847494376385E+00
8.9329329329329325E+04	1.5269101239972160E+00
9.0250250250250247E+04	1.5269428300123178E+00
9.1171171171171169E+04	1.5269594216017019E+00
9.2092092092092091E+04	1.5270046169157725E+00
9.3013013013013013E+04	1.5270331762721783E+00
9.3933933933933935E+04	1.5270531049356635E+00
9.4854854854854857E+04	1.5270953698509480E+00
9.5775775775775779E+04	1.5271262753319654E+00
9.6696696696696701E+04	1.5271512287066586E+00
9.7617617617617623E+04	1.5271819526400887E+00
9.8538538538538545E+04	1.5272170002765912E+00
9.9459459459459467E+04	1.5272475165817494E+00
1.0038038038038037E+05	1.5272796789587404E+00
1.0130130130130130E+05	1.5273107394681713E+00
1.0222222222222222E+05	1.5273402880318663E+00
1.0314314314314314E+05	1.5273713412250582E+00
1.0406406406406406E+05	1.5274001890840778E+00
1.0498498498498499E+05	1.5274323777767547E+00
1.0590590590590591E+05	1.5274638803159493E+00
1.0682682682682683E+05	1.5274908888277476E+00
1.0774774774774775E+05	1.5275170357807879E+00
1.0866866866866867E+05	1.5275492245701194E+00
1.0958958958958960E+05	1.5275838521313321E+00
1.1051051051051052E+05	1.5276164757678097E+00
1.1143143143143144E+05	1.5276421556351250E+00
1.1235235235235235E+05	1.5276684887292089E+00
1.1327327327327327E+05	1.5277060907782418E+00
1.1419419419419419E+05	1.5277344994519308E+00
1.1511511511511511E+05	1.5277677732087049E+00
1.1603603603603604E+05	1.5277988846487467E+00
1.1695695695695696E+05	1.5278258901652608E+00
1.1787787787787788E+05	1.5278583700186097E+00
1.1879879879879880E+05	1.5278897597607277E+00
1.1971971971971972E+05	1.5279181073286814E+00
1.2064064064064065E+05	1.5279516936779884E+00
1.2156156156156157E+05	1.5279788336602964E+00
1.2248248248248249E+05	1.5280121866247112E+00
1.2340340340340341E+05	1.5280444873816728E+00
1.2432432432432432E+05	1.5280725452266095E+00
1.2524524524524524E+05	1.5280915544973845E+00
1.2616616616616616E+05	1.5281367646811834E+00
1.2708708708708709E+05	1.5281689956902020E+00
1.2800800800800801E+05	1.5281984100521584E+00
1.2892892892892893E+05	1.5282282123142599E+00
1.2984984984984985E+05	1.5282583589591650E+00
1.3077077077077077E+05	1.5282890587221127E+00
1.3169169169169170E+05	1.5283194835488481E+00
1.3261261261261260E+05	1.5283496187284804E+00
1.3353353353353354E+05	1.5283823108524512E+00
1.3445445445445445E+05	1.5284155373693495E+00
1.3537537537537538E+05	1.5284465121146174E+00
1.3629629629629629E+05	1.5284757196179883E+00
1.3721721721721723E+05	1.5284934857024648E+00
1.3813813813813814E+05	1.5285349204584295E+00
1.3905905905905907E+05	1.5285689692890894E+00
1.3997997997997998E+05	1.5285976051899779E+00
1.4090090090090092E+05	1.5286275016920703E+00
1.4182182182182182E+05	1.5286624613261766E+00
1.4274274274274273E+05	1.5286908775053467E+00
1.4366366366366367E+05	1.5287233954528452E+00
1.4458458458458458E+05	1.5287536724535491E+00
1.4550550550550551E+05	1.5287813047123051E+00
1.4642642642642642E+05	1.5288177993004763E+00
1.4734734734734736E+05	1.5288481565403464E+00
1.4826826826826826E+05	1.5288752806618904E+00
1.4918918918918920E+05	1.5289113350905741E+00
1.5011011011011011E+05	1.5289327511503039E+00
1.5103103103103105E+05	1.5289691301018833E+00
1.5195195195195195E+05	1.5290053119461247E+00
1.5287287287287289E+05	1.5290356253742263E+00
1.5379379379379380E+05	1.5290618829892817E+00
1.5471471471471470E+05	1.5290897060061552E+00
1.5563563563563564E+05	1.5291261737938020E+00
1.5655655655655655E+05	1.5291612785505675E+00
1.5747747747747749E+05	1.5291913476727919E+00
1.5839839839839839E+05	1.5292217840124247E+00
1.5931931931931933E+05	1.5292545198473808E+00
1.6024024024024024E+05	1.5292845105679316E+00
1.6116116116116117E+05	1.5293158320993734E+00
1.6208208208208208E+05	1.5293474074543905E+00
1.6300300300300302E+05	1.5293759454582574E+00
1.6392392392392393E+05	1.5294025776977260E+00
1.6484484484484486E+05	1.5294353282180799E+00
1.6576576576576577E+05	1.5294697727091560E+00
1.6668668668668668E+05	1.5295020718613836E+00
1.6760760760760761E+05	1.5295298724646584E+00
1.6852852852852852E+05	1.5295555291086373E+00
1.6944944944944946E+05	1.5295973997930385E+00
1.7037037037037036E+05	1.5296246905767805E+00
1.7129129129129130E+05	1.5296578049639362E+00
1.7221221221221221E+05	1.5296921676015285E+00
1.7313313313313315E+05	1.5297170412481034E+00
1.7405405405405405E+05	1.5297522175135183E+00
1.7497497497497499E+05	1.5297827497513667E+00
1.7589589589589590E+05	1.5298129888073506E+00
1.7681681681681680E+05	1.5298466743637928E+00
1.7773773773773774E+05	1.5298744471786696E+00
1.7865865865865865E+05	1.5299080691704894E+00
1.7957957957957959E+05	1.5299423195485640E+00
1.8050050050050049E+05	1.5299682222562410E+00
1.8142142142142143E+05	1.5299915006241869E+00
1.8234234234234234E+05	1.5300361976424011E+00
1.8326326326326327E+05	1.5300686119074920E+00
1.8418418418418418E+05	1.5301001295157488E+00
1.8510510510510512E+05	1.5301290208046032E+00
1.8602602602602603E+05	1.5301608372188105E+00
1.8694694694694696E+05	1.5301912694764246E+00
1.8786786786786787E+05	1.5302229651884021E+00
1.8878878878878878E+05	1.5302553475555625E+00
1.8970970970970971E+05	1.5302880154095853E+00
1.9063063063063062E+05	1.5303208655966012E+00
1.9155155155155156E+05	1.5303526559547502E+00
1.9247247247247247E+05	1.5303784810199970E+00
1.9339339339339340E+05	1.5303995052164117E+00
1.9431431431431431E+05	1.5304468230317632E+00
1.9523523523523525E+05	1.5304778884713011E+00
1.9615615615615615E+05	1.5305060925619891E+00
1.9707707707707709E+05	1.5305378561021357E+00
1.9799799799799800E+05	1.5305743142164987E+00
1.9891891891891893E+05	1.5305876979778785E+00
1.9983983983983984E+05	1.5306370400410105E+00
2.0076076076076075E+05	1.5306641979553861E+00
2.0168168168168169E+05	1.5306991256795286E+00
2.0260260260260259E+05	1.5307184089220625E+00
2.0352352352352353E+05	1.5307633291539740E+00
2.0444444444444444E+05	1.5307897006738054E+00
2.0536536536536537E+05	1.5308251810995193E+00
2.0628628628628628E+05	1.5308600492287032E+00
2.0720720720720722E+05	1.5308854464024300E+00
2.0812812812812813E+05	1.5309135568767136E+00
2.0904904904904906E+05	1.5309517524582084E+00
2.0996996996996997E+05	1.5309862395270031E+00
2.1089089089089091E+05	1.5310177705132471E+00
2.1181181181181181E+05	1.5310438687244807E+00
2.1273273273273272E+05	1.5310690656624464E+00
2.1365365365365366E+05	1.5311079213441721E+00
2.1457457457457457E+05	1.5311279050121871E+00
2.1549549549549550E+05	1.5311706961861855E+00
2.1641641641641641E+05	1.5311935710030988E+00
2.1733733733733735E+05	1.5312367979959376E+00
2.1825825825825825E+05	1.5312709928358350E+00
2.1917917917917919E+05	1.5313027003876418E+00
2.2010010010010010E+05	1.5313364575069648E+00
2.2102102102102104E+05	1.5313662864506545E+00
2.2194194194194194E+05	1.5313951384394140E+00
2.2286286286286288E+05	1.5314326226013446E+00
2.2378378378378379E+05	1.5314653732472232E+00
2.2470470470470469E+05	1.5314911911529474E+00
2.2562562562562563E+05	1.5315282320836523E+00
2.2654654654654654E+05	1.5315595586802777E+00
2.2746746746746748E+05	1.5315888230117458E+00
2.2838838838838838E+05	1.5316230228691283E+00
2.2930930930930932E+05	1.5316507461752129E+00
2.3023023023023023E+05	1.5316877475771360E+00
2.3115115115115116E+05	1.5317181595203400E+00
2.3207207207207207E+05	1.5317474268960820E+00
2.3299299299299301E+05	1.5317839747754032E+00
2.3391391391391392E+05	1.5318153467708169E+00
2.3483483483483485E+05	1.5318340073062848E+00
2.3575575575575576E+05	1.5318793422792993E+00
2.3667667667667667E+05	1.5319115843702056E+00
2.3759759759759760E+05	1.5319412907725698E+00
2.3851851851851851E+05	1.5319712916819601E+00
2.3943943943943945E+05	1.5320032267408175E+00
2.4036036036036036E+05	1.5320372199705343E+00
2.4128128128128129E+05	1.5320695613969220E+00
2.4220220220220220E+05	1.5321011100386430E+00
2.4312312312312314E+05	1.5321341228378627E+00
2.4404404404404404E+05	1.5321639393176356E+00
2.4496496496496498E+05	1.5321979417364369E+00
2.4588588588588589E+05	1.5322304991686737E+00
2.4680680680680682E+05	1.5322631279029930E+00
2.4772772772772773E+05	1.5322987517844135E+00
2.4864864864864864E+05	1.5323306247850543E+00
2.4956956956956958E+05	1.5323482340614418E+00
2.5049049049049048E+05	1.5323932655584882E+00
2.5141141141141142E+05	1.5324274338252628E+00
2.5233233233233233E+05	1.5324566453371360E+00
2.5325325325325326E+05	1.5324910041539073E+00
2.5417417417417417E+05	1.5325241187271290E+00
2.5509509509509511E+05	1.5325547249525591E+00
2.5601601601601602E+05	1.5325875091918031E+00
2.5693693693693695E+05	1.5326182159361426E+00
2.5785785785785786E+05	1.5326533773800586E+00
2.5877877877877880E+05	1.5326881600285351E+00
2.5969969969969970E+05	1.5327146569582624E+00
2.6062062062062061E+05	1.5327524615403898E+00
2.6154154154154155E+05	1.5327850242680452E+00
2.6246246246246248E+05	1.5328125548033613E+00
2.6338338338338339E+05	1.5328441017582917E+00
2.6430430430430430E+05	1.5328791367053036E+00
2.6522522522522521E+05	1.5329143320650798E+00
2.6614614614614617E+05	1.5329474624898283E+00
2.6706706706706708E+05	1.5329758499051696E+00
2.6798798798798799E+05	1.5330069972792488E+00
2.6890890890890890E+05	1.5330406599050226E+00
2.6982982982982986E+05	1.5330702215475318E+00
2.7075075075075077E+05	1.5331043077226565E+00
2.7167167167167168E+05	1.5331404414283969E+00
2.7259259259259258E+05	1.5331712437011809E+00
2.7351351351351349E+05	1.5332070208296600E+00
2.7443443443443446E+05	1.5332403681725340E+00
2.7535535535535536E+05	1.5332685618286792E+00
2.7627627627627627E+05	1.5332956583461619E+00
2.7719719719719718E+05	1.5333361654250701E+00
2.7811811811811815E+05	1.5333683252974253E+00
2.7903903903903905E+05	1.5333875482427703E+00
2.7995995995995996E+05	1.5334343750005028E+00
2.8088088088088087E+05	1.5334646462040169E+00
2.8180180180180183E+05	1.5335011529194460E+00
2.8272272272272274E+05	1.5335326286852660E+00
2.8364364364364365E+05	1.5335635023114578E+00
2.8456456456456456E+05	1.5335954856294187E+00
2.8548548548548546E+05	1.5336332833635091E+00
2.8640640640640643E+05	1.5336486338535700E+00
2.8732732732732734E+05	1.5336974803110954E+00
2.8824824824824824E+05	1.5337282623058530E+00
2.8916916916916915E+05	1.5337587733409066E+00
2.9009009009009012E+05	1.5337913795190736E+00
2.9101101101101103E+05	1.5338271334648834E+00
2.9193193193193193E+05	1.5338625859048562E+00
2.9285285285285284E+05	1.5338942098347421E+00
2.9377377377377381E+05	1.5339229114575841E+00
2.9469469469469471E+05	1.5339493029949041E+00
2.9561561561561562E+05	1.5339797295754316E+00
2.9653653653653653E+05	1.5340111970154979E+00
2.9745745745745744E+05	1.5340479166815613E+00
2.9837837837837840E+05	1.5340867102837306E+00
2.9929929929929931E+05	1.5341234500417913E+00
3.0022022022022022E+05	1.5341579325761650E+00
3.0114114114114112E+05	1.5341899779284227E+00
3.0206206206206209E+05	1.5342200602080998E+00
3.0298298298298300E+05	1.5342504046232155E+00
3.0390390390390391E+05	1.5342868381014563E+00
3.0482482482482481E+05	1.5343232542703662E+00
3.0574574574574578E+05	1.5343443477298644E+00
3.0666666666666669E+05	1.5343878840377752E+00
3.0758758758758759E+05	1.5344190430462374E+00
3.0850850850850850E+05	1.5344504670409946E+00
3.0942942942942941E+05	1.5344888277640694E+00
3.1035035035035037E+05	1.5345104866911932E+00
3.1127127127127128E+05	1.5345519833397943E+00
3.1219219219219219E+05	1.5345833360213321E+00
3.1311311311311310E+05	1.5346127030449788E+00
3.1403403403403406E+05	1.5346517275371789E+00
3.1495495495495497E+05	1.5346824070138705E+00
3.1587587587587588E+05	1.5347076775970816E+00
3.1679679679679679E+05	1.5347500391938440E+00
3.1771771771771775E+05	1.5347846142060690E+00
3.1863863863863866E+05	1.5348176408574368E+00
3.1955955955955957E+05	1.5348473669332163E+00
3.2048048048048047E+05	1.5348694550460544E+00
3.2140140140140138E+05	1.5349136923785820E+00
3.2232232232232235E+05	1.5349393807028582E+00
3.2324324324324325E+05	1.5349805065312794E+00
3.2416416416416416E+05	1.5350023741289749E+00
3.2508508508508507E+05	1.5350467119729541E+00
3.2600600600600604E+05	1.5350742028003288E+00
3.2692692692692694E+05	1.5351137662162215E+00
3.2784784784784785E+05	1.5351514108432482E+00
3.2876876876876876E+05	1.5351850303699561E+00
3.2968968968968972E+05	1.5352133586597747E+00
3.3061061061061063E+05	1.5352423438877076E+00
3.3153153153153154E+05	1.5352829920085342E+00
3.3245245245245245E+05	1.5353136477447356E+00
3.3337337337337335E+05	1.5353452592419381E+00
3.3429429429429432E+05	1.5353839971642886E+00
3.3521521521521523E+05	1.5354132296648315E+00
3.3613613613613613E+05	1.5354507904446026E+00
3.3705705705705704E+05	1.5354683489157730E+00
3.3797797797797801E+05	1.5355186535458127E+00
3.3889889889889891E+05	1.5355464759954425E+00
3.3981981981981982E+05	1.5355797619759401E+00
3.4074074074074073E+05	1.5356184685861196E+00
3.4166166166166170E+05	1.5356413152212376E+00
3.4258258258258260E+05	1.5356792127011829E+00
3.4350350350350351E+05	1.5357200195879508E+00
3.4442442442442442E+05	1.5357518460599280E+00
3.4534534534534533E+05	1.5357818784306831E+00
3.4626626626626629E+05	1.5358153010940656E+00
3.4718718718718720E+05	1.5358465044849259E+00
3.4810810810810811E+05	1.5358824286041581E+00
3.4902902902902901E+05	1.5359154861845687E+00
3.4994994994994998E+05	1.5359485342033152E+00
3.5087087087087089E+05	1.5359819200131852E+00
3.5179179179179179E+05	1.5360155057520946E+00
3.5271271271271270E+05	1.5360496152772523E+00
3.5363363363363361E+05	1.5360848180051097E+00
3.5455455455455458E+05	1.5361212557742681E+00
3.5547547547547548E+05	1.5361563994793741E+00
3.5639639639639639E+05	1.5361763859067006E+00
3.5731731731731730E+05	1.5362200361854259E+00
3.5823823823823826E+05	1.5362561842279652E+00
3.5915915915915917E+05	1.5362859988671289E+00
3.6008008008008008E+05	1.5363195967706187E+00
3.6100100100100099E+05	1.5363573082968143E+00
3.6192192192192195E+05	1.5363862017965486E+00
3.6284284284284286E+05	1.5364235733079552E+00
3.6376376376376377E+05	1.5364556292163154E+00
3.6468468468468467E+05	1.5364915126029821E+00
3.6560560560560558E+05	1.5365259203993644E+00
3.6652652652652655E+05	1.5365548745675415E+00
3.6744744744744746E+05	1.5365951166836735E+00
3.6836836836836836E+05	1.5366274925700298E+00
3.6928928928928927E+05	1.5366575159045623E+00
3.7021021021021024E+05	1.5366858107356320E+00
3.7113113113113114E+05	1.5367270584360491E+00
3.7205205205205205E+05	1.5367645447233313E+00
3.7297297297297296E+05	1.5367979316962046E+00
3.7389389389389392E+05	1.5368285860773894E+00
3.7481481481481483E+05	1.5368644224644785E+00
3.7573573573573574E+05	1.5368963336357730E+00
3.7665665665665665E+05	1.5369337558191540E+00
3.7757757757757755E+05	1.5369654946258220E+00
3.7849849849849852E+05	1.5370006111109173E+00
3.7941941941941943E+05	1.5370357163872634E+00
3.8034034034034034E+05	1.5370644483341764E+00
3.8126126126126124E+05	1.5370876479613151E+00
3.8218218218218221E+05	1.5371323778320785E+00
3.8310310310310312E+05	1.5371705128537070E+00
3.8402402402402402E+05	1.5372028466614780E+00
3.8494494494494493E+05	1.5372349706989241E+00
3.8586586586586590E+05	1.5372734031981310E+00
3.8678678678678680E+05	1.5372963502964527E+00
3.8770770770770771E+05	1.5373392437510873E+00
3.8862862862862862E+05	1.5373693191951858E+00
3.8954954954954953E+05	1.5374101108568496E+00
3.9047047047047049E+05	1.5374316613687755E+00
3.9139139139139140E+05	1.5374779385442714E+00
3.9231231231231231E+05	1.5375068342519360E+00
3.9323323323323322E+05	1.5375427925078060E+00
3.9415415415415418E+05	1.5375803555766636E+00
3.9507507507507509E+05	1.5376112993362610E+00
3.9599599599599600E+05	1.5376314889579905E+00
3.9691691691691690E+05	1.5376797162733005E+00
3.9783783783783787E+05	1.5377172751551242E+00
3.9875875875875878E+05	1.5377507818937124E+00
3.9967967967967968E+05	1.5377844837846488E+00
4.0060060060060059E+05	1.5378184492031342E+00
4.0152152152152150E+05	1.5378503696043435E+00
4.0244244244244247E+05	1.5378867086388235E+00
4.0336336336336337E+05	1.5379210230474178E+00
4.0428428428428428E+05	1.5379568949548448E+00
4.0520520520520519E+05	1.5379923390274715E+00
4.0612612612612615E+05	1.5380237453161605E+00
4.0704704704704706E+05	1.5380441920125572E+00
4.0796796796796797E+05	1.5380900369706099E+00
4.0888888888888888E+05	1.5381293065317210E+00
4.0980980980980984E+05	1.5381600421565176E+00
4.1073073073073075E+05	1.5381928190119927E+00
4.1165165165165166E+05	1.5382299794494816E+00
4.1257257257257256E+05	1.5382584570485862E+00
4.1349349349349347E+05	1.5383004257849393E+00
4.1441441441441444E+05	1.5383320039074917E+00
4.1533533533533535E+05	1.5383656664227914E+00
4.1625625625625625E+05	1.5383970011260466E+00
4.1717717717717716E+05	1.5384398051788497E+00
4.1809809809809813E+05	1.5384688008166321E+00
4.1901901901901903E+05	1.5385074370463159E+00
4.1993993993993994E+05	1.5385434915863505E+00
4.2086086086086085E+05	1.5385727983648219E+00
4.2178178178178181E+05	1.5385980568569371E+00
4.2270270270270272E+05	1.5386431107351159E+00
4.2362362362362363E+05	1.5386811419818678E+00
4.2454454454454454E+05	1.5387151060458686E+00
4.2546546546546544E+05	1.5387479141376392E+00
4.2638638638638641E+05	1.5387840811241456E+00
4.2730730730730732E+05	1.5388151731170632E+00
4.2822822822822822E+05	1.5388518650094132E+00
4.2914914914914913E+05	1.5388856498503964E+00
4.3007007007007010E+05	1.5389233601642007E+00
4.3099099099099101E+05	1.5389576161987455E+00
4.3191191191191191E+05	1.5389878614611654E+00
4.3283283283283282E+05	1.5390166141370065E+00
4.3375375375375379E+05	1.5390574217510751E+00
4.3467467467467469E+05	1.5390953513812877E+00
4.3559559559559560E+05	1.5391315559385239E+00
4.3651651651651651E+05	1.5391603538178269E+00
4.3743743743743742E+05	1.5392013672450466E+00
4.3835835835835838E+05	1.5392312942505446E+00
4.3927927927927929E+05	1.5392676623965038E+00
4.4020020020020020E+05	1.5393015855406795E+00
4.4112112112112110E+05	1.5393390564473401E+00
4.4204204204204207E+05	1.5393697922799219E+00
4.4296296296296298E+05	1.5394093024243594E+00
4.4388388388388389E+05	1.5394394640448856E+00
4.4480480480480479E+05	1.5394760383282566E+00
4.4572572572572576E+05	1.5395151230348589E+00
4.4664664664664667E+05	1.5395412331297795E+00
4.4756756756756757E+05	1.5395719176850016E+00
4.4848848848848848E+05	1.5396178505913551E+00
4.4940940940940939E+05	1.5396527828934070E+00
4.5033033033033035E+05	1.5396879560801346E+00
4.5125125125125126E+05	1.5397222075187720E+00
4.5217217217217217E+05	1.5397562507846101E+00
4.5309309309309308E+05	1.5397904895734631E+00
4.5401401401401404E+05	1.5398260482001283E+00
4.5493493493493495E+05	1.5398625281812031E+00
4.5585585585585586E+05	1.5398992003075147E+00
4.5677677677677677E+05	1.5399337329903273E+00
4.5769769769769773E+05	1.5399658700662522E+00
4.5861861861861864E+05	1.5399864090447775E+00
4.5953953953953955E+05	1.5400365394279210E+00
4.6046046046046045E+05	1.5400741624262844E+00
4.6138138138138136E+05	1.5401052129607689E+00
4.6230230230230233E+05	1.5401405876057017E+00
4.6322322322322323E+05	1.5401801154476866E+00
4.6414414414414414E+05	1.5401980338963135E+00
4.6506506506506505E+05	1.5402498164855098E+00
4.6598598598598602E+05	1.5402782262836254E+00
4.6690690690690692E+05	1.5403202283472888E+00
4.6782782782782783E+05	1.5403401287625085E+00
4.6874874874874874E+05	1.5403884361564759E+00
4.6966966966966970E+05	1.5404211665907528E+00
4.7059059059059061E+05	1.5404441221123764E+00
4.7151151151151152E+05	1.5404939701176530E+00
4.7243243243243243E+05	1.5405311317999146E+00
4.7335335335335333E+05	1.5405646812842255E+00
4.7427427427427430E+05	1.5405974451914315E+00
4.7519519519519521E+05	1.5406260804509813E+00
4.7611611611611611E+05	1.5406683125040832E+00
4.7703703703703702E+05	1.5407051101532592E+00
4.7795795795795799E+05	1.5407406083104320E+00
4.7887887887887890E+05	1.5407774677544053E+00
4.7979979979979980E+05	1.5408108604594699E+00
4.8072072072072071E+05	1.5408425969381929E+00
4.8164164164164168E+05	1.5408789113905286E+00
4.8256256256256258E+05	1.5409099217359381E+00
4.8348348348348349E+05	1.5409531155707166E+00
4.8440440440440440E+05	1.5409913940566877E+00
4.8532532532532531E+05	1.5410247996330635E+00
4.8624624624624627E+05	1.5410569737029043E+00
4.8716716716716718E+05	1.5410959384720948E+00
4.8808808808808809E+05	1.5411309215458651E+00
4.8900900900900899E+05	1.5411638545122945E+00
4.8992992992992996E+05	1.5412019959511267E+00
4.9085085085085087E+05	1.5412286908703385E+00
4.9177177177177178E+05	1.5412760751636319E+00
4.9269269269269268E+05	1.5413056718513829E+00
4.9361361361361365E+05	1.5413409053616778E+00
4.9453453453453456E+05	1.5413814418897942E+00
4.9545545545545546E+05	1.5414008864237043E+00
4.9637637637637637E+05	1.5414504350474685E+00
4.9729729729729728E+05	1.5414883833127653E+00
4.9821821821821824E+05	1.5415213089036361E+00
4.9913913913913915E+05	1.5415539644415608E+00
5.0006006006006006E+05	1.5415908349123697E+00
5.0098098098098097E+05	1.5416257918782097E+00
5.0190190190190193E+05	1.5416639642831065E+00
5.0282282282282284E+05	1.5416992329691594E+00
5.0374374374374375E+05	1.5417349212505620E+00
5.0466466466466465E+05	1.5417704898970253E+00
5.0558558558558562E+05	1.5418052455069999E+00
5.0650650650650653E+05	1.5418402477487649E+00
5.0742742742742744E+05	1.5418750442464491E+00
5.0834834834834834E+05	1.5419125364645860E+00
5.0926926926926925E+05	1.5419516038030876E+00
5.1019019019019022E+05	1.5419879264604792E+00
5.1111111111111112E+05	1.5420088929349449E+00
5.1203203203203203E+05	1.5420587545180355E+00
5.1295295295295294E+05	1.5420944283289202E+00
5.1387387387387390E+05	1.5421263374815426E+00
5.1479479479479481E+05	1.5421667855409236E+00
5.1571571571571572E+05	1.5421864278219579E+00
5.1663663663663663E+05	1.5422387737046215E+00
5.1755755755755759E+05	1.5422685329753736E+00
5.1847847847847850E+05	1.5423110332329342E+00
5.1939939939939941E+05	1.5423446560685865E+00
5.2032032032032032E+05	1.5423781956554452E+00
5.2124124124124122E+05	1.5424187106977441E+00
5.2216216216216219E+05	1.5424546120019855E+00
5.2308308308308310E+05	1.5424859703922404E+00
5.2400400400400400E+05	1.5425166539992621E+00
5.2492492492492497E+05	1.5425600401429416E+00
5.2584584584584588E+05	1.5425996028812774E+00
5.2676676676676678E+05	1.5426349878363650E+00
5.2768768768768769E+05	1.5426709308821223E+00
5.2860860860860860E+05	1.5427072506205854E+00
5.2952952952952951E+05	1.5427417691858438E+00
5.3045045045045041E+05	1.5427778567627433E+00
5.3137137137137132E+05	1.5428157798243789E+00
5.3229229229229235E+05	1.5428468763591741E+00
5.3321321321321325E+05	1.5428714258631373E+00
5.3413413413413416E+05	1.5429188800372455E+00
5.3505505505505507E+05	1.5429598381646155E+00
5.3597597597597598E+05	1.5429951947988534E+00
5.3689689689689688E+05	1.5430270874718102E+00
5.3781781781781779E+05	1.5430695862269608E+00
5.3873873873873870E+05	1.5431001745351354E+00
5.3965965965965972E+05	1.5431367672504652E+00
5.4058058058058063E+05	1.5431735725733431E+00
5.4150150150150154E+05	1.5432119955405581E+00
5.4242242242242245E+05	1.5432462293924998E+00
5.4334334334334335E+05	1.5432843219777121E+00
5.4426426426426426E+05	1.5433163801446648E+00
5.4518518518518517E+05	1.5433563011187659E+00
5.4610610610610608E+05	1.5433958150670901E+00
5.4702702702702698E+05	1.5434195886883526E+00
5.4794794794794801E+05	1.5434589018001510E+00
5.4886886886886891E+05	1.5435036107857407E+00
5.4978978978978982E+05	1.5435405770298412E+00
5.5071071071071073E+05	1.5435756201573936E+00
5.5163163163163164E+05	1.5436103905182887E+00
5.5255255255255254E+05	1.5436461659175655E+00
5.5347347347347345E+05	1.5436831868754790E+00
5.5439439439439436E+05	1.5437191604495999E+00
5.5531531531531527E+05	1.5437570404431853E+00
5.5623623623623629E+05	1.5437955182460072E+00
5.5715715715715720E+05	1.5438323403843721E+00
5.5807807807807811E+05	1.5438628602751470E+00
5.5899899899899901E+05	1.5438898735580460E+00
5.5991991991991992E+05	1.5439411051844096E+00
5.6084084084084083E+05	1.5439765732488735E+00
5.6176176176176174E+05	1.5440093512304236E+00
5.6268268268268264E+05	1.5440475888099374E+00
5.6360360360360367E+05	1.5440870738147647E+00
5.6452452452452458E+05	1.5441165424065137E+00
5.6544544544544548E+05	1.5441590743849263E+00
5.6636636636636639E+05	1.5441927704268588E+00
5.6728728728728730E+05	1.5442323661001534E+00
5.6820820820820821E+05	1.5442699221811400E+00
5.6912912912912911E+05	1.5443014836856512E+00
5.7005005005005002E+05	1.5443435918396404E+00
5.7097097097097093E+05	1.5443799890631620E+00
5.7189189189189195E+05	1.5444119891997150E+00
5.7281281281281286E+05	1.5444462830750105E+00
5.7373373373373377E+05	1.5444861227496254E+00
5.7465465465465467E+05	1.5445279708121737E+00
5.7557557557557558E+05	1.5445637145224793E+00
5.7649649649649649E+05	1.5445992314460417E+00
5.7741741741741740E+05	1.5446384418105954E+00
5.7833833833833830E+05	1.5446723703324852E+00
5.7925925925925921E+05	1.5447114468068803E+00
5.8018018018018024E+05	1.5447475078307054E+00
5.8110110110110114E+05	1.5447836344733514E+00
5.8202202202202205E+05	1.5448196248271313E+00
5.8294294294294296E+05	1.5448528327116964E+00
5.8386386386386387E+05	1.5448919088133253E+00
5.8478478478478477E+05	1.5449324393273687E+00
5.8570570570570568E+05	1.5449647543931753E+00
5.8662662662662659E+05	1.5449989832224684E+00
5.8754754754754761E+05	1.5450436007402528E+00
5.8846846846846852E+05	1.5450750956448258E+00
5.8938938938938943E+05	1.5451171942531148E+00
5.9031031031031033E+05	1.5451407175468654E+00
5.9123123123123124E+05	1.5451904634657827E+00
5.9215215215215215E+05	1.5452231923837045E+00
5.9307307307307306E+05	1.5452626660390243E+00
5.9399399399399396E+05	1.5453011512498906E+00
5.9491491491491487E+05	1.5453221427663146E+00
5.9583583583583590E+05	1.5453736864202205E+00
5.9675675675675680E+05	1.5454131720958635E+00
5.9767767767767771E+05	1.5454470302511840E+00
5.9859859859859862E+05	1.5454808334908177E+00
5.9951951951951953E+05	1.5455185607862405E+00
6.0044044044044043E+05	1.5455555294865577E+00
6.0136136136136134E+05	1.5455933579172210E+00
6.0228228228228225E+05	1.5456294701789319E+00
6.0320320320320316E+05	1.5456678724178703E+00
6.0412412412412418E+05	1.5457052042670592E+00
6.0504504504504509E+05	1.5457405613771826E+00
6.0596596596596600E+05	1.5457812239994084E+00
6.0688688688688690E+05	1.5458200958545016E+00
6.0780780780780781E+05	1.5458595144439176E+00
6.0872872872872872E+05	1.5458866388446288E+00
6.0964964964964963E+05	1.5459302282976262E+00
6.1057057057057053E+05	1.5459706117494827E+00
6.1149149149149156E+05	1.5460035060619677E+00
6.1241241241241246E+05	1.5460434854586718E+00
6.1333333333333337E+05	1.5460813262617727E+00
6.1425425425425428E+05	1.5461184096863225E+00
6.1517517517517519E+05	1.5461537670086831E+00
6.1609609609609609E+05	1.5461929051779872E+00
6.1701701701701700E+05	1.5462178500187913E+00
6.1793793793793791E+05	1.5462680149403505E+00
6.1885885885885882E+05	1.5463041184335127E+00
6.1977977977977984E+05	1.5463281013818535E+00
6.2070070070070075E+05	1.5463790138237750E+00
6.2162162162162166E+05	1.5464203512482473E+00
6.2254254254254256E+05	1.5464580275582787E+00
6.2346346346346347E+05	1.5464908549953345E+00
6.2438438438438438E+05	1.5465231750298039E+00
6.2530530530530529E+05	1.5465647475872148E+00
6.2622622622622619E+05	1.5465935499945422E+00
6.2714714714714710E+05	1.5466400601437635E+00
6.2806806806806813E+05	1.5466743434661308E+00
6.2898898898898903E+05	1.5467164543963232E+00
6.2990990990990994E+05	1.5467582589451270E+00
6.3083083083083085E+05	1.5467957857779868E+00
6.3175175175175176E+05	1.5468290309324024E+00
6.3267267267267266E+05	1.5468549309192330E+00
6.3359359359359357E+05	1.5469061181936243E+00
6.3451451451451448E+05	1.5469418801320551E+00
6.3543543543543550E+05	1.5469671492454922E+00
6.3635635635635641E+05	1.5470199869768786E+00
6.3727727727727732E+05	1.5470537080728421E+00
6.3819819819819822E+05	1.5470957384578783E+00
6.3911911911911913E+05	1.5471245948934929E+00
6.4004004004004004E+05	1.5471711298984510E+00
6.4096096096096095E+05	1.5472044920443537E+00
6.4188188188188185E+05	1.5472444843686015E+00
6.4280280280280276E+05	1.5472858531108782E+00
6.4372372372372379E+05	1.5473102333181523E+00
6.4464464464464469E+05	1.5473554443973279E+00
6.4556556556556560E+05	1.5473977370357830E+00
6.4648648648648651E+05	1.5474362303258002E+00
6.4740740740740742E+05	1.5474712274539053E+00
6.4832832832832832E+05	1.5475085566285052E+00
6.4924924924924923E+05	1.5475463335981314E+00
6.5017017017017014E+05	1.5475829225753741E+00
6.5109109109109105E+05	1.5476201537977792E+00
6.5201201201201207E+05	1.5476587394505907E+00
6.5293293293293298E+05	1.5476983855992839E+00
6.5385385385385389E+05	1.5477396602890068E+00
6.5477477477477479E+05	1.5477790353266763E+00
6.5569569569569570E+05	1.5478075600108236E+00
6.5661661661661661E+05	1.5478453877155181E+00
6.5753753753753752E+05	1.5478927565452565E+00
6.5845845845845842E+05	1.5479271746273928E+00
6.5937937937937945E+05	1.5479629213489554E+00
6.6030030030030035E+05	1.5480059724045216E+00
6.6122122122122126E+05	1.5480273152573771E+00
6.6214214214214217E+05	1.5480830536668124E+00
6.6306306306306308E+05	1.5481152018934539E+00
6.6398398398398398E+05	1.5481580577349288E+00
6.6490490490490489E+05	1.5481904798301609E+00
6.6582582582582580E+05	1.5482313012002296E+00
6.6674674674674671E+05	1.5482718976259218E+00
6.6766766766766773E+05	1.5483080260524542E+00
6.6858858858858864E+05	1.5483435600012159E+00
6.6950950950950955E+05	1.5483858279702332E+00
6.7043043043043045E+05	1.5484247494892120E+00
6.7135135135135136E+05	1.5484639551613630E+00
6.7227227227227227E+05	1.5485027651246372E+00
6.7319319319319318E+05	1.5485385700255405E+00
6.7411411411411408E+05	1.5485791136974960E+00
6.7503503503503499E+05	1.5486147060662767E+00
6.7595595595595601E+05	1.5486549650481995E+00
6.7687687687687692E+05	1.5486941219243211E+00
6.7779779779779783E+05	1.5487274740076584E+00
6.7871871871871874E+05	1.5487620402765994E+00
6.7963963963963964E+05	1.5488036624680952E+00
6.8056056056056055E+05	1.5488463606126393E+00
6.8148148148148146E+05	1.5488851849880225E+00
6.8240240240240237E+05	1.5489172953683199E+00
6.8332332332332339E+05	1.5489624800751580E+00
6.8424424424424430E+05	1.5489961781812687E+00
6.8516516516516521E+05	1.5490363060596988E+00
6.8608608608608611E+05	1.5490738457922568E+00
6.8700700700700702E+05	1.5491149077822497E+00
6.8792792792792793E+05	1.5491460835566779E+00
6.8884884884884884E+05	1.5491926644516025E+00
6.8976976976976974E+05	1.5492263752580004E+00
6.9069069069069065E+05	1.5492654822755314E+00
6.9161161161161168E+05	1.5493080352936575E+00
6.9253253253253258E+05	1.5493482428949137E+00
6.9345345345345349E+05	1.5493803715381524E+00
6.9437437437437440E+05	1.5494072285921661E+00
6.9529529529529531E+05	1.5494524139835648E+00
6.9621621621621621E+05	1.5494975039617205E+00
6.9713713713713712E+05	1.5495369751307240E+00
6.9805805805805803E+05	1.5495764991012826E+00
6.9897897897897894E+05	1.5496113520621373E+00
6.9989989989989996E+05	1.5496437055945902E+00
7.0082082082082087E+05	1.5496813812574333E+00
7.0174174174174177E+05	1.5497319784434671E+00
7.0266266266266268E+05	1.5497741465891579E+00
7.0358358358358359E+05	1.5498098591792842E+00
7.0450450450450450E+05	1.5498456029848069E+00
7.0542542542542540E+05	1.5498853132547630E+00
7.0634634634634631E+05	1.5499282454279733E+00
7.0726726726726722E+05	1.5499505169710668E+00
7.0818818818818824E+05	1.5500054409664263E+00
7.0910910910910915E+05	1.5500395440397849E+00
7.1003003003003006E+05	1.5500834437689988E+00
7.1095095095095097E+05	1.5501052335695529E+00
7.1187187187187187E+05	1.5501592577046115E+00
7.1279279279279278E+05	1.5501963299867934E+00
7.1371371371371369E+05	1.5502261426746911E+00
7.1463463463463460E+05	1.5502767112478335E+00
7.1555555555555562E+05	1.5503157937598790E+00
7.1647647647647653E+05	1.5503503056203478E+00
7.1739739739739744E+05	1.5503900207942691E+00
7.1831831831831834E+05	1.5504234735180846E+00
7.1923923923923925E+05	1.5504691765093599E+00
7.2016016016016016E+05	1.5505110490976535E+00
7.2108108108108107E+05	1.5505476254842330E+00
7.2200200200200197E+05	1.5505872773439455E+00
7.2292292292292288E+05	1.5506242026292409E+00
7.2384384384384390E+05	1.5506528685273133E+00
7.2476476476476481E+05	1.5507031500248036E+00
7.2568568568568572E+05	1.5507461614215154E+00
7.2660660660660663E+05	1.5507850468051783E+00
7.2752752752752753E+05	1.5508211765917141E+00
7.2844844844844844E+05	1.5508527832355135E+00
7.2936936936936935E+05	1.5509021539541419E+00
7.3029029029029026E+05	1.5509383391691227E+00
7.3121121121121116E+05	1.5509810860231679E+00
7.3213213213213219E+05	1.5510205250554068E+00
7.3305305305305310E+05	1.5510571053524378E+00
7.3397397397397400E+05	1.5510962401820976E+00
7.3489489489489491E+05	1.5511391908625338E+00
7.3581581581581582E+05	1.5511602227803973E+00
7.3673673673673673E+05	1.5512180940056595E+00
7.3765765765765763E+05	1.5512536133199513E+00
7.3857857857857854E+05	1.5512918697544049E+00
7.3949949949949956E+05	1.5513302859297120E+00
7.4042042042042047E+05	1.5513703686910396E+00
7.4134134134134138E+05	1.5514130049456993E+00
7.4226226226226229E+05	1.5514537304975733E+00
7.4318318318318320E+05	1.5514931110554067E+00
7.4410410410410410E+05	1.5515313320606099E+00
7.4502502502502501E+05	1.5515720860019404E+00
7.4594594594594592E+05	1.5516118473512879E+00
7.4686686686686683E+05	1.5516479188844339E+00
7.4778778778778785E+05	1.5516873093836590E+00
7.4870870870870876E+05	1.5517243019594720E+00
7.4962962962962966E+05	1.5517645580367712E+00
7.5055055055055057E+05	1.5518076715542508E+00
7.5147147147147148E+05	1.5518485142845222E+00
7.5239239239239239E+05	1.5518729866352834E+00
7.5331331331331329E+05	1.5519284149102974E+00
7.5423423423423420E+05	1.5519624482417460E+00
7.5515515515515511E+05	1.5520035323126047E+00
7.5607607607607613E+05	1.5520422239362646E+00
7.5699699699699704E+05	1.5520864332694564E+00
7.5791791791791795E+05	1.5521204879997073E+00
7.5883883883883886E+05	1.5521653767772714E+00
7.5975975975975976E+05	1.5522029170613048E+00
7.6068068068068067E+05	1.5522399056055842E+00
7.6160160160160158E+05	1.5522848247816181E+00
7.6252252252252249E+05	1.5523250428083888E+00
7.6344344344344351E+05	1.5523608686070227E+00
7.6436436436436442E+05	1.5523958793344681E+00
7.6528528528528532E+05	1.5524367235124512E+00
7.6620620620620623E+05	1.5524663119626581E+00
7.6712712712712714E+05	1.5525171293934459E+00
7.6804804804804805E+05	1.5525462182101482E+00
7.6896896896896895E+05	1.5525960612378840E+00
7.6988988988988986E+05	1.5526355847209634E+00
7.7081081081081077E+05	1.5526801294147130E+00
7.7173173173173179E+05	1.5527227360288760E+00
7.7265265265265270E+05	1.5527617901059720E+00
7.7357357357357361E+05	1.5527963854588160E+00
7.7449449449449452E+05	1.5528393174493249E+00
7.7541541541541542E+05	1.5528823326378842E+00
7.7633633633633633E+05	1.5529161481247864E+00
7.7725725725725724E+05	1.5529617208167570E+00
7.7817817817817815E+05	1.5529891745447215E+00
7.7909909909909905E+05	1.5530404346720319E+00
7.8002002002002008E+05	1.5530763914747747E+00
7.8094094094094099E+05	1.5531210380796880E+00
7.8186186186186189E+05	1.5531561255977724E+00
7.8278278278278280E+05	1.5531966153752972E+00
7.8370370370370371E+05	1.5532422482287831E+00
7.8462462462462462E+05	1.5532787224241238E+00
7.8554554554554552E+05	1.5533158438634980E+00
7.8646646646646643E+05	1.5533576628618671E+00
7.8738738738738745E+05	1.5533979929261048E+00
7.8830830830830836E+05	1.5534390741255983E+00
7.8922922922922927E+05	1.5534812562098890E+00
7.9015015015015018E+05	1.5535212231946585E+00
7.9107107107107108E+05	1.5535609604670431E+00
7.9199199199199199E+05	1.5536005251309057E+00
7.9291291291291290E+05	1.5536390751259468E+00
7.9383383383383381E+05	1.5536785922083174E+00
7.9475475475475471E+05	1.5537192608854411E+00
7.9567567567567574E+05	1.5537631366081588E+00
7.9659659659659665E+05	1.5538035450645322E+00
7.9751751751751755E+05	1.5538281416238746E+00
7.9843843843843846E+05	1.5538855192055312E+00
7.9935935935935937E+05	1.5539202356322603E+00
8.0028028028028028E+05	1.5539613245079451E+00
8.0120120120120118E+05	1.5540064600053811E+00
8.0212212212212209E+05	1.5540425386046670E+00
8.0304304304304300E+05	1.5540819978289442E+00
8.0396396396396402E+05	1.5541255015549911E+00
8.0488488488488493E+05	1.5541508629310956E+00
8.0580580580580584E+05	1.5542046141963000E+00
8.0672672672672675E+05	1.5542478315828105E+00
8.0764764764764765E+05	1.5542838321984005E+00
8.0856856856856856E+05	1.5543240237440155E+00
8.0948948948948947E+05	1.5543663486911217E+00
8.1041041041041038E+05	1.5544081007797237E+00
8.1133133133133140E+05	1.5544518145065986E+00
8.1225225225225231E+05	1.5544905927527206E+00
8.1317317317317321E+05	1.5545324383465717E+00
8.1409409409409412E+05	1.5545717475822514E+00
8.1501501501501503E+05	1.5546127403444596E+00
8.1593593593593594E+05	1.5546502991778002E+00
8.1685685685685684E+05	1.5546777880272802E+00
8.1777777777777775E+05	1.5547328386123511E+00
8.1869869869869866E+05	1.5547766111033774E+00
8.1961961961961968E+05	1.5548141733286385E+00
8.2054054054054059E+05	1.5548523845288047E+00
8.2146146146146150E+05	1.5548984800225261E+00
8.2238238238238241E+05	1.5549286841155607E+00
8.2330330330330331E+05	1.5549785375498777E+00
8.2422422422422422E+05	1.5550156656799115E+00
8.2514514514514513E+05	1.5550626872501805E+00
8.2606606606606604E+05	1.5550839550569902E+00
8.2698698698698694E+05	1.5551441977114437E+00
8.2790790790790797E+05	1.5551811416992198E+00
8.2882882882882887E+05	1.5552195609111754E+00
8.2974974974974978E+05	1.5552628084971911E+00
8.3067067067067069E+05	1.5553064775250780E+00
8.3159159159159160E+05	1.5553478425283944E+00
8.3251251251251251E+05	1.5553844916826536E+00
8.3343343343343341E+05	1.5554166198323636E+00
8.3435435435435432E+05	1.5554544297026838E+00
8.3527527527527534E+05	1.5554944498338086E+00
8.3619619619619625E+05	1.5555379206182307E+00
8.3711711711711716E+05	1.5555835771584752E+00
8.3803803803803807E+05	1.5556324585381176E+00
8.3895895895895897E+05	1.5556761302071438E+00
8.3987987987987988E+05	1.5557155370579538E+00
8.4080080080080079E+05	1.5557527913256441E+00
8.4172172172172170E+05	1.5557935849652671E+00
8.4264264264264260E+05	1.5558390981090984E+00
8.4356356356356363E+05	1.5558792200647333E+00
8.4448448448448454E+05	1.5559171402528238E+00
8.4540540540540544E+05	1.5559620194214849E+00
8.4632632632632635E+05	1.5560001500541409E+00
8.4724724724724726E+05	1.5560452538532248E+00
8.4816816816816817E+05	1.5560818084236268E+00
8.4908908908908907E+05	1.5561229026260281E+00
8.5001001001000998E+05	1.5561673648309988E+00
8.5093093093093089E+05	1.5562022576610610E+00
8.5185185185185191E+05	1.5562479983331603E+00
8.5277277277277282E+05	1.5562939437321763E+00
8.5369369369369373E+05	1.5563348288715064E+00
8.5461461461461463E+05	1.5563741442589734E+00
8.5553553553553554E+05	1.5564148600146714E+00
8.5645645645645645E+05	1.5564539924336065E+00
8.5737737737737736E+05	1.5564918292832448E+00
8.5829829829829826E+05	1.5565374503219267E+00
8.5921921921921929E+05	1.5565805872026317E+00
8.6014014014014020E+05	1.5566218872211086E+00
8.6106106106106110E+05	1.5566648986366640E+00
8.6198198198198201E+05	1.5567081276612222E+00
8.6290290290290292E+05	1.5567443647246773E+00
8.6382382382382383E+05	1.5567835008161561E+00
8.6474474474474473E+05	1.5568309576350798E+00
8.6566566566566564E+05	1.5568701272200411E+00
8.6658658658658655E+05	1.5569118405376281E+00
8.6750750750750757E+05	1.5569572524701611E+00
8.6842842842842848E+05	1.5569931962595775E+00
8.6934934934934939E+05	1.5570382539349854E+00
8.7027027027027030E+05	1.5570782194480097E+00
8.7119119119119120E+05	1.5571201811077817E+00
8.7211211211211211E+05	1.5571631084571627E+00
8.7303303303303302E+05	1.5572022145842990E+00
8.7395395395395393E+05	1.5572433148250193E+00
8.7487487487487483E+05	1.5572880651918533E+00
8.7579579579579586E+05	1.5573325597559833E+00
8.7671671671671676E+05	1.5573733274595976E+00
8.7763763763763767E+05	1.5574109452151015E+00
8.7855855855855858E+05	1.5574475477916614E+00
8.7947947947947949E+05	1.5574871198454696E+00
8.8040040040040039E+05	1.5575296160356560E+00
8.8132132132132130E+05	1.5575767795802538E+00
8.8224224224224221E+05	1.5576235991589915E+00
8.8316316316316323E+05	1.5576663874469086E+00
8.8408408408408414E+05	1.5577060249761725E+00
8.8500500500500505E+05	1.5577461422107359E+00
8.8592592592592596E+05	1.5577873115547132E+00
8.8684684684684686E+05	1.5578324636856018E+00
8.8776776776776777E+05	1.5578740205961732E+00
8.8868868868868868E+05	1.5579120282167096E+00
8.8960960960960959E+05	1.5579584745171349E+00
8.9053053053053049E+05	1.5579949323778310E+00
8.9145145145145152E+05	1.5580449654756594E+00
8.9237237237237243E+05	1.5580790780068470E+00
8.9329329329329333E+05	1.5581246787125598E+00
8.9421421421421424E+05	1.5581693855929415E+00
8.9513513513513515E+05	1.5582004532620102E+00
8.9605605605605606E+05	1.5582483935070826E+00
8.9697697697697696E+05	1.5582966438505359E+00
8.9789789789789787E+05	1.5583390946671649E+00
8.9881881881881878E+05	1.5583775749646676E+00
8.9973973973973980E+05	1.5584169778455281E+00
9.0066066066066071E+05	1.5584592570654932E+00
9.0158158158158162E+05	1.5584957191999200E+00
9.0250250250250252E+05	1.5585441073504673E+00
9.0342342342342343E+05	1.5585862664874355E+00
9.0434434434434434E+05	1.5586308889111560E+00
9.0526526526526525E+05	1.5586766803626917E+00
9.0618618618618615E+05	1.5587190136343378E+00
9.0710710710710718E+05	1.5587560136485212E+00
9.0802802802802809E+05	1.5587952522510284E+00
9.0894894894894899E+05	1.5588441744389672E+00
9.0986986986986990E+05	1.5588837245339562E+00
9.1079079079079081E+05	1.5589262323663007E+00
9.1171171171171172E+05	1.5589726531490982E+00
9.1263263263263262E+05	1.5590100735404870E+00
9.1355355355355353E+05	1.5590534191530367E+00
9.1447447447447444E+05	1.5590979048677363E+00
9.1539539539539546E+05	1.5591318425091703E+00
9.1631631631631637E+05	1.5591838003450111E+00
9.1723723723723728E+05	1.5592230990127143E+00
9.1815815815815818E+05	1.5592648475875750E+00
9.1907907907907909E+05	1.5593080652479079E+00
9.2000000000000000E+05	1.5593538422173328E+00
