1.1083260178565979E-03	3.6140625000000000E+01
5.9565097093582153E-02	3.6140625000000000E+01
1.1709809303283691E-01	3.6140625000000000E+01
1.7465068399906158E-01	3.6140625000000000E+01
2.3214209824800491E-01	3.6140625000000000E+01
2.8965173661708832E-01	3.6140625000000000E+01
3.4714822471141815E-01	3.6140625000000000E+01
4.0468191355466843E-01	3.6140625000000000E+01
4.6299234032630920E-01	3.6214843750000000E+01
5.2061018347740173E-01	3.6214843750000000E+01
5.7804992049932480E-01	3.6214843750000000E+01
6.3550955057144165E-01	3.6214843750000000E+01
6.9291457533836365E-01	3.6214843750000000E+01
7.5031299889087677E-01	3.6214843750000000E+01
8.0769084393978119E-01	3.6214843750000000E+01
8.6505322158336639E-01	3.6214843750000000E+01
9.2246411740779877E-01	3.6214843750000000E+01
9.7988113760948181E-01	3.6214843750000000E+01
1.0372642129659653E+00	3.6214843750000000E+01
1.0946582779288292E+00	3.6214843750000000E+01
1.1520546078681946E+00	3.6214843750000000E+01
1.2094670012593269E+00	3.6214843750000000E+01
1.2668600380420685E+00	3.6214843750000000E+01
1.3242665380239487E+00	3.6214843750000000E+01
1.3816937729716301E+00	3.6214843750000000E+01
1.4390722736716270E+00	3.6214843750000000E+01
1.4964612126350403E+00	3.6214843750000000E+01
1.5538376122713089E+00	3.6214843750000000E+01
1.6112178191542625E+00	3.6214843750000000E+01
1.6686423644423485E+00	3.6214843750000000E+01
1.7260045856237411E+00	3.6214843750000000E+01
1.7833769395947456E+00	3.6214843750000000E+01
1.8408229574561119E+00	3.6214843750000000E+01
1.8982354179024696E+00	3.6214843750000000E+01
1.9556425809860229E+00	3.6214843750000000E+01
2.0130657255649567E+00	3.6214843750000000E+01
2.0704900622367859E+00	3.6214843750000000E+01
2.1278971508145332E+00	3.6214843750000000E+01
2.1852735579013824E+00	3.6214843750000000E+01
2.2426909506320953E+00	3.6214843750000000E+01
2.3001162111759186E+00	3.6214843750000000E+01
2.3575316965579987E+00	3.6214843750000000E+01
2.4149477258324623E+00	3.6214843750000000E+01
2.4730474278330803E+00	3.6230468750000000E+01
2.5306339412927628E+00	3.6230468750000000E+01
2.5880786776542664E+00	3.6230468750000000E+01
2.6454741731286049E+00	3.6230468750000000E+01
2.7029039412736893E+00	3.6230468750000000E+01
2.7603063955903053E+00	3.6230468750000000E+01
2.8177266046404839E+00	3.6230468750000000E+01
2.8751066625118256E+00	3.6230468750000000E+01
2.9325381293892860E+00	3.6230468750000000E+01
2.9899474158883095E+00	3.6230468750000000E+01
3.0473478287458420E+00	3.6230468750000000E+01
3.1046410948038101E+00	3.6230468750000000E+01
3.1618960574269295E+00	3.6230468750000000E+01
3.2192089334130287E+00	3.6230468750000000E+01
3.2764733433723450E+00	3.6230468750000000E+01
3.3337231725454330E+00	3.6230468750000000E+01
3.3910014331340790E+00	3.6230468750000000E+01
3.4482337981462479E+00	3.6230468750000000E+01
3.5054479539394379E+00	3.6230468750000000E+01
3.5626751333475113E+00	3.6230468750000000E+01
3.6199256926774979E+00	3.6230468750000000E+01
3.6771450191736221E+00	3.6230468750000000E+01
3.7343690842390060E+00	3.6230468750000000E+01
3.7916317135095596E+00	3.6230468750000000E+01
3.8488784804940224E+00	3.6230468750000000E+01
3.9060956239700317E+00	3.6230468750000000E+01
3.9633262977004051E+00	3.6230468750000000E+01
4.0205611214041710E+00	3.6230468750000000E+01
4.0778143033385277E+00	3.6230468750000000E+01
4.1350746303796768E+00	3.6230468750000000E+01
4.1923209056258202E+00	3.6230468750000000E+01
4.2497164011001587E+00	3.6230468750000000E+01
4.3069873228669167E+00	3.6230468750000000E+01
4.3642092719674110E+00	3.6230468750000000E+01
4.4214618876576424E+00	3.6230468750000000E+01
4.4786725938320160E+00	3.6230468750000000E+01
4.5358727499842644E+00	3.6230468750000000E+01
4.5931092798709869E+00	3.6230468750000000E+01
4.6503294855356216E+00	3.6230468750000000E+01
4.7075468227267265E+00	3.6230468750000000E+01
4.7647892162203789E+00	3.6230468750000000E+01
4.8220145478844643E+00	3.6230468750000000E+01
4.8792450651526451E+00	3.6230468750000000E+01
4.9364828094840050E+00	3.6230468750000000E+01
4.9937392473220825E+00	3.6230468750000000E+01
5.0509586483240128E+00	3.6230468750000000E+01
5.1081887185573578E+00	3.6230468750000000E+01
5.1654105782508850E+00	3.6230468750000000E+01
5.2226556688547134E+00	3.6230468750000000E+01
5.2798723652958870E+00	3.6230468750000000E+01
5.3371372818946838E+00	3.6230468750000000E+01
5.3943389505147934E+00	3.6230468750000000E+01
5.4516118615865707E+00	3.6230468750000000E+01
5.5088377669453621E+00	3.6230468750000000E+01
5.5660814046859741E+00	3.6230468750000000E+01
5.6233215481042862E+00	3.6230468750000000E+01
5.6806006208062172E+00	3.6230468750000000E+01
5.7378468215465546E+00	3.6230468750000000E+01
5.7950948700308800E+00	3.6230468750000000E+01
5.8529628217220306E+00	3.6230468750000000E+01
5.9103629812598228E+00	3.6230468750000000E+01
5.9676572307944298E+00	3.6230468750000000E+01
6.0249366164207458E+00	3.6230468750000000E+01
6.0822131559252739E+00	3.6230468750000000E+01
6.1395029127597809E+00	3.6230468750000000E+01
6.1967718675732613E+00	3.6230468750000000E+01
6.2540317922830582E+00	3.6230468750000000E+01
6.3112894371151924E+00	3.6230468750000000E+01
6.3685595095157623E+00	3.6230468750000000E+01
6.4258365035057068E+00	3.6230468750000000E+01
6.4833176657557487E+00	3.6230468750000000E+01
6.5406109914183617E+00	3.6230468750000000E+01
6.5978563800454140E+00	3.6230468750000000E+01
6.6551347672939301E+00	3.6230468750000000E+01
6.7124241441488266E+00	3.6230468750000000E+01
6.7696882784366608E+00	3.6230468750000000E+01
6.8269446045160294E+00	3.6230468750000000E+01
6.8842348456382751E+00	3.6230468750000000E+01
6.9415353164076805E+00	3.6230468750000000E+01
6.9988008514046669E+00	3.6230468750000000E+01
7.0560469850897789E+00	3.6230468750000000E+01
7.1133268624544144E+00	3.6230468750000000E+01
7.1705928668379784E+00	3.6230468750000000E+01
7.2278818115592003E+00	3.6230468750000000E+01
7.2851230651140213E+00	3.6230468750000000E+01
7.3423919528722763E+00	3.6230468750000000E+01
7.3996715694665909E+00	3.6230468750000000E+01
7.4569296389818192E+00	3.6230468750000000E+01
7.5141975581645966E+00	3.6230468750000000E+01
7.5714704841375351E+00	3.6230468750000000E+01
7.6287734732031822E+00	3.6230468750000000E+01
7.6860276460647583E+00	3.6230468750000000E+01
7.7432760968804359E+00	3.6230468750000000E+01
7.8005306422710419E+00	3.6230468750000000E+01
7.8578032255172729E+00	3.6230468750000000E+01
7.9150403738021851E+00	3.6230468750000000E+01
7.9722625017166138E+00	3.6230468750000000E+01
8.0295218601822853E+00	3.6230468750000000E+01
8.0867394283413887E+00	3.6230468750000000E+01
8.1439911201596260E+00	3.6230468750000000E+01
8.2012214213609695E+00	3.6230468750000000E+01
8.2584719881415367E+00	3.6230468750000000E+01
8.3156877681612968E+00	3.6230468750000000E+01
8.3729552328586578E+00	3.6230468750000000E+01
8.4301578998565674E+00	3.6230468750000000E+01
8.4873727932572365E+00	3.6230468750000000E+01
8.5446382313966751E+00	3.6230468750000000E+01
8.6018812283873558E+00	3.6230468750000000E+01
8.6591177433729172E+00	3.6230468750000000E+01
8.7163410261273384E+00	3.6230468750000000E+01
8.7735580801963806E+00	3.6230468750000000E+01
8.8308947458863258E+00	3.6230468750000000E+01
8.8882897570729256E+00	3.6230468750000000E+01
8.9457068145275116E+00	3.6230468750000000E+01
9.0031082034111023E+00	3.6230468750000000E+01
9.0605479702353477E+00	3.6230468750000000E+01
9.1179708614945412E+00	3.6230468750000000E+01
9.1753745004534721E+00	3.6230468750000000E+01
9.2327539250254631E+00	3.6230468750000000E+01
9.2901201471686363E+00	3.6230468750000000E+01
9.3474711403250694E+00	3.6230468750000000E+01
9.4048918262124062E+00	3.6230468750000000E+01
9.4622661396861076E+00	3.6230468750000000E+01
9.5196490138769150E+00	3.6230468750000000E+01
9.5770264118909836E+00	3.6230468750000000E+01
9.6343966573476791E+00	3.6230468750000000E+01
9.6917647793889046E+00	3.6230468750000000E+01
9.7491426467895508E+00	3.6230468750000000E+01
9.8065153956413269E+00	3.6230468750000000E+01
9.8639207854866982E+00	3.6230468750000000E+01
9.9213164225220680E+00	3.6230468750000000E+01
9.9786823540925980E+00	3.6230468750000000E+01
1.0036067612469196E+01	3.6230468750000000E+01
1.0093486189842224E+01	3.6230468750000000E+01
1.0150895729660988E+01	3.6230468750000000E+01
1.0208463124930859E+01	3.6230468750000000E+01
1.0265894018113613E+01	3.6230468750000000E+01
1.0323282152414322E+01	3.6230468750000000E+01
1.0380714140832424E+01	3.6230468750000000E+01
1.0438112437725067E+01	3.6230468750000000E+01
1.0495498180389404E+01	3.6230468750000000E+01
1.0552883289754391E+01	3.6230468750000000E+01
1.0610225595533848E+01	3.6230468750000000E+01
1.0667655780911446E+01	3.6230468750000000E+01
1.0725058972835541E+01	3.6230468750000000E+01
1.0782438367605209E+01	3.6230468750000000E+01
1.0839845649898052E+01	3.6230468750000000E+01
1.0897261925041676E+01	3.6230468750000000E+01
1.0954645060002804E+01	3.6230468750000000E+01
1.1012010484933853E+01	3.6230468750000000E+01
1.1069421648979187E+01	3.6230468750000000E+01
1.1126843169331551E+01	3.6230468750000000E+01
1.1184225760400295E+01	3.6230468750000000E+01
1.1241639688611031E+01	3.6230468750000000E+01
1.1299003392457962E+01	3.6230468750000000E+01
1.1356389150023460E+01	3.6230468750000000E+01
1.1413781352341175E+01	3.6230468750000000E+01
1.1471155285835266E+01	3.6230468750000000E+01
1.1528546616435051E+01	3.6230468750000000E+01
1.1585940763354301E+01	3.6230468750000000E+01
1.1643954209983349E+01	3.6230468750000000E+01
1.1701391287147999E+01	3.6230468750000000E+01
1.1758687674999237E+01	3.6230468750000000E+01
1.1815935432910919E+01	3.6230468750000000E+01
1.1873249448835850E+01	3.6230468750000000E+01
1.1930506840348244E+01	3.6230468750000000E+01
1.1987777598202229E+01	3.6230468750000000E+01
1.2045017689466476E+01	3.6230468750000000E+01
1.2102271832525730E+01	3.6230468750000000E+01
1.2159477904438972E+01	3.6230468750000000E+01
1.2216725297272205E+01	3.6230468750000000E+01
1.2274335205554962E+01	3.6230468750000000E+01
1.2331527762115002E+01	3.6230468750000000E+01
1.2388781182467937E+01	3.6230468750000000E+01
1.2446003541350365E+01	3.6230468750000000E+01
1.2503229647874832E+01	3.6230468750000000E+01
1.2560444340109825E+01	3.6230468750000000E+01
1.2617709852755070E+01	3.6230468750000000E+01
1.2674960039556026E+01	3.6230468750000000E+01
1.2732187740504742E+01	3.6230468750000000E+01
1.2789415761828423E+01	3.6230468750000000E+01
1.2846656017005444E+01	3.6230468750000000E+01
1.2903898753225803E+01	3.6230468750000000E+01
1.2961164698004723E+01	3.6230468750000000E+01
1.3018394730985165E+01	3.6230468750000000E+01
1.3075680628418922E+01	3.6230468750000000E+01
1.3132943235337734E+01	3.6230468750000000E+01
1.3190195970237255E+01	3.6230468750000000E+01
1.3247453019022942E+01	3.6230468750000000E+01
1.3304724164307117E+01	3.6230468750000000E+01
1.3362007990479469E+01	3.6230468750000000E+01
1.3419258296489716E+01	3.6230468750000000E+01
1.3476500004529953E+01	3.6230468750000000E+01
1.3533769048750401E+01	3.6230468750000000E+01
1.3591032512485981E+01	3.6230468750000000E+01
1.3648282408714294E+01	3.6230468750000000E+01
1.3705539822578430E+01	3.6230468750000000E+01
1.3762819692492485E+01	3.6230468750000000E+01
1.3820131830871105E+01	3.6230468750000000E+01
1.3877428583800793E+01	3.6230468750000000E+01
1.3934684231877327E+01	3.6230468750000000E+01
1.3991949848830700E+01	3.6230468750000000E+01
1.4049201637506485E+01	3.6230468750000000E+01
1.4106472201645374E+01	3.6230468750000000E+01
1.4163736395537853E+01	3.6230468750000000E+01
1.4221022054553032E+01	3.6230468750000000E+01
1.4278328083455563E+01	3.6230468750000000E+01
1.4335618823766708E+01	3.6230468750000000E+01
1.4392902500927448E+01	3.6230468750000000E+01
1.4450168862938881E+01	3.6230468750000000E+01
1.4507455125451088E+01	3.6230468750000000E+01
1.4564729914069176E+01	3.6230468750000000E+01
1.4622020192444324E+01	3.6230468750000000E+01
1.4679336309432983E+01	3.6230468750000000E+01
1.4736630767583847E+01	3.6230468750000000E+01
1.4793935231864452E+01	3.6230468750000000E+01
1.4851237036287785E+01	3.6230468750000000E+01
1.4908548839390278E+01	3.6230468750000000E+01
1.4965838797390461E+01	3.6230468750000000E+01
1.5023136459290981E+01	3.6230468750000000E+01
1.5080435737967491E+01	3.6230468750000000E+01
1.5137694932520390E+01	3.6230468750000000E+01
1.5195010572671890E+01	3.6230468750000000E+01
1.5252305038273335E+01	3.6230468750000000E+01
1.5309618532657623E+01	3.6230468750000000E+01
1.5366958782076836E+01	3.6230468750000000E+01
1.5424455262720585E+01	3.6230468750000000E+01
1.5481796868145466E+01	3.6230468750000000E+01
1.5539107471704483E+01	3.6230468750000000E+01
1.5596428908407688E+01	3.6230468750000000E+01
1.5653705641627312E+01	3.6230468750000000E+01
1.5710998639464378E+01	3.6230468750000000E+01
1.5768280327320099E+01	3.6230468750000000E+01
1.5825579822063446E+01	3.6230468750000000E+01
1.5882914550602436E+01	3.6230468750000000E+01
1.5940228283405304E+01	3.6230468750000000E+01
1.5997541613876820E+01	3.6230468750000000E+01
1.6054823294281960E+01	3.6230468750000000E+01
1.6112135253846645E+01	3.6230468750000000E+01
1.6169405505061150E+01	3.6230468750000000E+01
1.6226681344211102E+01	3.6230468750000000E+01
1.6283985689282417E+01	3.6230468750000000E+01
1.6341327838599682E+01	3.6230468750000000E+01
1.6398633487522602E+01	3.6230468750000000E+01
1.6455977551639080E+01	3.6230468750000000E+01
1.6513294793665409E+01	3.6230468750000000E+01
1.6570609390735626E+01	3.6230468750000000E+01
1.6627898581326008E+01	3.6230468750000000E+01
1.6685210317373276E+01	3.6230468750000000E+01
1.6742499239742756E+01	3.6230468750000000E+01
1.6799837373197079E+01	3.6230468750000000E+01
1.6857158340513706E+01	3.6230468750000000E+01
1.6914473734796047E+01	3.6230468750000000E+01
1.6971729606389999E+01	3.6230468750000000E+01
1.7028994537889957E+01	3.6230468750000000E+01
1.7086325936019421E+01	3.6230468750000000E+01
1.7143656462430954E+01	3.6230468750000000E+01
1.7200967445969582E+01	3.6230468750000000E+01
1.7258276529610157E+01	3.6230468750000000E+01
1.7315591663122177E+01	3.6230468750000000E+01
1.7372925907373428E+01	3.6230468750000000E+01
1.7430188983678818E+01	3.6230468750000000E+01
1.7487481743097305E+01	3.6230468750000000E+01
1.7544785968959332E+01	3.6230468750000000E+01
1.7602082721889019E+01	3.6230468750000000E+01
1.7659411117434502E+01	3.6230468750000000E+01
1.7716748081147671E+01	3.6230468750000000E+01
1.7774067543447018E+01	3.6230468750000000E+01
1.7831374734640121E+01	3.6230468750000000E+01
1.7888687767088413E+01	3.6230468750000000E+01
1.7945998288691044E+01	3.6230468750000000E+01
1.8003303423523903E+01	3.6230468750000000E+01
1.8060657627880573E+01	3.6230468750000000E+01
1.8117959819734097E+01	3.6230468750000000E+01
1.8175285041332245E+01	3.6230468750000000E+01
1.8232608444988728E+01	3.6230468750000000E+01
1.8290018282830715E+01	3.6230468750000000E+01
1.8347460635006428E+01	3.6230468750000000E+01
1.8404964044690132E+01	3.6230468750000000E+01
1.8462447583675385E+01	3.6230468750000000E+01
1.8519912376999855E+01	3.6230468750000000E+01
1.8577352717518806E+01	3.6230468750000000E+01
1.8634797856211662E+01	3.6230468750000000E+01
1.8692265138030052E+01	3.6230468750000000E+01
1.8749696411192417E+01	3.6230468750000000E+01
1.8807109981775284E+01	3.6230468750000000E+01
1.8864554852247238E+01	3.6230468750000000E+01
1.8921977303922176E+01	3.6230468750000000E+01
1.8979398146271706E+01	3.6230468750000000E+01
1.9036857396364212E+01	3.6230468750000000E+01
1.9094255231320858E+01	3.6230468750000000E+01
1.9151691876351833E+01	3.6230468750000000E+01
1.9209091007709503E+01	3.6230468750000000E+01
1.9266511373221874E+01	3.6230468750000000E+01
1.9323943637311459E+01	3.6230468750000000E+01
1.9381422571837902E+01	3.6230468750000000E+01
1.9438880711793900E+01	3.6230468750000000E+01
1.9496320486068726E+01	3.6230468750000000E+01
1.9553799942135811E+01	3.6230468750000000E+01
1.9611238203942776E+01	3.6230468750000000E+01
1.9668671593070030E+01	3.6230468750000000E+01
1.9726117029786110E+01	3.6230468750000000E+01
1.9783561773598194E+01	3.6230468750000000E+01
1.9840992726385593E+01	3.6230468750000000E+01
1.9898348554968834E+01	3.6230468750000000E+01
1.9955682799220085E+01	3.6230468750000000E+01
2.0012994699180126E+01	3.6230468750000000E+01
2.0070314921438694E+01	3.6230468750000000E+01
2.0127571567893028E+01	3.6230468750000000E+01
2.0184881262481213E+01	3.6230468750000000E+01
2.0242214731872082E+01	3.6230468750000000E+01
2.0299510449171066E+01	3.6230468750000000E+01
2.0356825940310955E+01	3.6230468750000000E+01
2.0414160907268524E+01	3.6230468750000000E+01
2.0471497863531113E+01	3.6230468750000000E+01
2.0528842881321907E+01	3.6230468750000000E+01
2.0586166851222515E+01	3.6230468750000000E+01
2.0643508814275265E+01	3.6230468750000000E+01
2.0700846284627914E+01	3.6230468750000000E+01
2.0758203476667404E+01	3.6230468750000000E+01
2.0815546937286854E+01	3.6230468750000000E+01
2.0872907400131226E+01	3.6230468750000000E+01
2.0930224224925041E+01	3.6230468750000000E+01
2.0987563945353031E+01	3.6230468750000000E+01
2.1044893689453602E+01	3.6230468750000000E+01
2.1102228254079819E+01	3.6230468750000000E+01
2.1159556686878204E+01	3.6230468750000000E+01
2.1216884024441242E+01	3.6230468750000000E+01
2.1274208508431911E+01	3.6230468750000000E+01
2.1331522844731808E+01	3.6230468750000000E+01
2.1388850033283234E+01	3.6230468750000000E+01
2.1446756683290005E+01	3.6234375000000000E+01
2.1504237122833729E+01	3.6234375000000000E+01
2.1561569854617119E+01	3.6234375000000000E+01
2.1618892312049866E+01	3.6234375000000000E+01
2.1676173724234104E+01	3.6234375000000000E+01
2.1733477681875229E+01	3.6234375000000000E+01
2.1790813535451889E+01	3.6234375000000000E+01
2.1848104283213615E+01	3.6234375000000000E+01
2.1905416563153267E+01	3.6234375000000000E+01
2.1962721996009350E+01	3.6234375000000000E+01
2.2020029060542583E+01	3.6234375000000000E+01
2.2077333793044090E+01	3.6234375000000000E+01
2.2134614169597626E+01	3.6234375000000000E+01
2.2191936388611794E+01	3.6234375000000000E+01
2.2249244011938572E+01	3.6234375000000000E+01
2.2306517936289310E+01	3.6234375000000000E+01
2.2363846838474274E+01	3.6234375000000000E+01
2.2421184860169888E+01	3.6234375000000000E+01
2.2478515580296516E+01	3.6234375000000000E+01
2.2535841539502144E+01	3.6234375000000000E+01
2.2593132413923740E+01	3.6234375000000000E+01
2.2650400623679161E+01	3.6234375000000000E+01
2.2707720421254635E+01	3.6234375000000000E+01
2.2765038684010506E+01	3.6234375000000000E+01
2.2822327822446823E+01	3.6234375000000000E+01
2.2879652172327042E+01	3.6234375000000000E+01
2.2936969086527824E+01	3.6234375000000000E+01
2.2994296915829182E+01	3.6234375000000000E+01
2.3051607422530651E+01	3.6234375000000000E+01
2.3109085962176323E+01	3.6234375000000000E+01
2.3166390337049961E+01	3.6234375000000000E+01
2.3223680920898914E+01	3.6234375000000000E+01
2.3280984550714493E+01	3.6234375000000000E+01
2.3338280931115150E+01	3.6234375000000000E+01
2.3395613998174667E+01	3.6234375000000000E+01
2.3452905096113682E+01	3.6234375000000000E+01
2.3510174214839935E+01	3.6234375000000000E+01
2.3567448757588863E+01	3.6234375000000000E+01
2.3624927006661892E+01	3.6234375000000000E+01
2.3682247839868069E+01	3.6234375000000000E+01
2.3739521048963070E+01	3.6234375000000000E+01
2.3796845726668835E+01	3.6234375000000000E+01
2.3854149825870991E+01	3.6234375000000000E+01
2.3911443643271923E+01	3.6234375000000000E+01
2.3968741305172443E+01	3.6234375000000000E+01
2.4026026830077171E+01	3.6234375000000000E+01
2.4083310775458813E+01	3.6234375000000000E+01
2.4140649758279324E+01	3.6234375000000000E+01
2.4197942547500134E+01	3.6234375000000000E+01
2.4255230143666267E+01	3.6234375000000000E+01
2.4312535859644413E+01	3.6234375000000000E+01
2.4369843028485775E+01	3.6234375000000000E+01
2.4427132509648800E+01	3.6234375000000000E+01
2.4484422340989113E+01	3.6234375000000000E+01
2.4541719838976860E+01	3.6234375000000000E+01
2.4599003978073597E+01	3.6234375000000000E+01
2.4656273342669010E+01	3.6234375000000000E+01
2.4713544733822346E+01	3.6234375000000000E+01
2.4770817853510380E+01	3.6234375000000000E+01
2.4828082248568535E+01	3.6234375000000000E+01
2.4885355740785599E+01	3.6234375000000000E+01
2.4942663647234440E+01	3.6234375000000000E+01
2.4999929577112198E+01	3.6234375000000000E+01
2.5057206280529499E+01	3.6234375000000000E+01
2.5114505760371685E+01	3.6234375000000000E+01
2.5171795949339867E+01	3.6234375000000000E+01
2.5229084528982639E+01	3.6234375000000000E+01
2.5286381028592587E+01	3.6234375000000000E+01
2.5343663960695267E+01	3.6234375000000000E+01
2.5400954790413380E+01	3.6234375000000000E+01
2.5458271950483322E+01	3.6234375000000000E+01
2.5515616916120052E+01	3.6234375000000000E+01
2.5572917953133583E+01	3.6234375000000000E+01
2.5630191452801228E+01	3.6234375000000000E+01
2.5687466740608215E+01	3.6234375000000000E+01
2.5744779966771603E+01	3.6234375000000000E+01
2.5802077166736126E+01	3.6234375000000000E+01
2.5859342880547047E+01	3.6234375000000000E+01
2.5916633963584900E+01	3.6234375000000000E+01
2.5973926015198231E+01	3.6234375000000000E+01
2.6031187437474728E+01	3.6234375000000000E+01
2.6088484205305576E+01	3.6234375000000000E+01
2.6145780444145203E+01	3.6234375000000000E+01
2.6203081972897053E+01	3.6234375000000000E+01
2.6260382041335106E+01	3.6234375000000000E+01
2.6317683681845665E+01	3.6234375000000000E+01
2.6375017456710339E+01	3.6234375000000000E+01
2.6432324960827827E+01	3.6234375000000000E+01
2.6489608742296696E+01	3.6234375000000000E+01
2.6546895697712898E+01	3.6234375000000000E+01
2.6604220777750015E+01	3.6234375000000000E+01
2.6661518976092339E+01	3.6234375000000000E+01
2.6718813098967075E+01	3.6234375000000000E+01
2.6776137523353100E+01	3.6234375000000000E+01
2.6833463460206985E+01	3.6234375000000000E+01
2.6890794903039932E+01	3.6234375000000000E+01
2.6948090985417366E+01	3.6234375000000000E+01
2.7005428805947304E+01	3.6234375000000000E+01
2.7062761068344116E+01	3.6234375000000000E+01
2.7120075456798077E+01	3.6234375000000000E+01
2.7177369795739651E+01	3.6234375000000000E+01
2.7234691947698593E+01	3.6234375000000000E+01
2.7292013972997665E+01	3.6234375000000000E+01
2.7349373079836369E+01	3.6234375000000000E+01
2.7406663961708546E+01	3.6234375000000000E+01
2.7463973902165890E+01	3.6234375000000000E+01
2.7521314062178135E+01	3.6234375000000000E+01
2.7578662097454071E+01	3.6234375000000000E+01
2.7635979287326336E+01	3.6234375000000000E+01
2.7693375356495380E+01	3.6234375000000000E+01
2.7750692427158356E+01	3.6234375000000000E+01
2.7808019980788231E+01	3.6234375000000000E+01
2.7865369476377964E+01	3.6234375000000000E+01
2.7922720283269882E+01	3.6234375000000000E+01
2.7980047278106213E+01	3.6234375000000000E+01
2.8037365607917309E+01	3.6234375000000000E+01
2.8094697766005993E+01	3.6234375000000000E+01
2.8152017995715141E+01	3.6234375000000000E+01
2.8209709711372852E+01	3.6234375000000000E+01
2.8267050430178642E+01	3.6234375000000000E+01
2.8324393942952156E+01	3.6234375000000000E+01
2.8381715595722198E+01	3.6234375000000000E+01
2.8439022749662399E+01	3.6234375000000000E+01
2.8496336705982685E+01	3.6234375000000000E+01
2.8553652219474316E+01	3.6234375000000000E+01
2.8610964797437191E+01	3.6234375000000000E+01
2.8668268077075481E+01	3.6234375000000000E+01
2.8725570619106293E+01	3.6234375000000000E+01
2.8782901167869568E+01	3.6234375000000000E+01
2.8840207211673260E+01	3.6234375000000000E+01
2.8897491849958897E+01	3.6234375000000000E+01
2.8954842470586300E+01	3.6234375000000000E+01
2.9012138091027737E+01	3.6234375000000000E+01
2.9069465368986130E+01	3.6234375000000000E+01
2.9126764230430126E+01	3.6234375000000000E+01
2.9184088312089443E+01	3.6234375000000000E+01
2.9241401344537735E+01	3.6234375000000000E+01
2.9298760496079922E+01	3.6234375000000000E+01
2.9356103911995888E+01	3.6234375000000000E+01
2.9413414768874645E+01	3.6234375000000000E+01
2.9470732152462006E+01	3.6234375000000000E+01
2.9528040483593941E+01	3.6234375000000000E+01
2.9585352979600430E+01	3.6234375000000000E+01
2.9642671547830105E+01	3.6234375000000000E+01
2.9700005754828453E+01	3.6234375000000000E+01
2.9757320232689381E+01	3.6234375000000000E+01
2.9814636170864105E+01	3.6234375000000000E+01
2.9871977508068085E+01	3.6234375000000000E+01
2.9929329648613930E+01	3.6234375000000000E+01
2.9986679129302502E+01	3.6234375000000000E+01
3.0044033601880074E+01	3.6234375000000000E+01
3.0101406000554562E+01	3.6234375000000000E+01
3.0158732302486897E+01	3.6234375000000000E+01
3.0216096311807632E+01	3.6234375000000000E+01
3.0273409515619278E+01	3.6234375000000000E+01
3.0330764293670654E+01	3.6234375000000000E+01
3.0388082608580589E+01	3.6234375000000000E+01
3.0445397183299065E+01	3.6234375000000000E+01
3.0502700150012970E+01	3.6234375000000000E+01
3.0560038380324841E+01	3.6234375000000000E+01
3.0617380045354366E+01	3.6234375000000000E+01
3.0674739688634872E+01	3.6234375000000000E+01
3.0732046686112881E+01	3.6234375000000000E+01
3.0789371334016323E+01	3.6234375000000000E+01
3.0846685253083706E+01	3.6234375000000000E+01
3.0904001176357269E+01	3.6234375000000000E+01
3.0961330749094486E+01	3.6234375000000000E+01
3.1018643505871296E+01	3.6234375000000000E+01
3.1075974501669407E+01	3.6234375000000000E+01
3.1133294627070427E+01	3.6234375000000000E+01
3.1190640166401863E+01	3.6234375000000000E+01
3.1247976385056973E+01	3.6234375000000000E+01
3.1305287830531597E+01	3.6234375000000000E+01
3.1362617455422878E+01	3.6234375000000000E+01
3.1419968537986279E+01	3.6234375000000000E+01
3.1477286942303181E+01	3.6234375000000000E+01
3.1534626312553883E+01	3.6234375000000000E+01
3.1591950528323650E+01	3.6234375000000000E+01
3.1649273946881294E+01	3.6234375000000000E+01
3.1706605330109596E+01	3.6234375000000000E+01
3.1763938158750534E+01	3.6234375000000000E+01
3.1821248911321163E+01	3.6234375000000000E+01
3.1878572508692741E+01	3.6234375000000000E+01
3.1935907050967216E+01	3.6234375000000000E+01
3.1993204273283482E+01	3.6234375000000000E+01
3.2050537101924419E+01	3.6234375000000000E+01
3.2107855245471001E+01	3.6234375000000000E+01
3.2165185660123825E+01	3.6234375000000000E+01
3.2222474917769432E+01	3.6234375000000000E+01
3.2279792301356792E+01	3.6234375000000000E+01
3.2337141901254654E+01	3.6234375000000000E+01
3.2394464783370495E+01	3.6234375000000000E+01
3.2451803132891655E+01	3.6234375000000000E+01
3.2509132683277130E+01	3.6234375000000000E+01
3.2566453568637371E+01	3.6234375000000000E+01
3.2623832114040852E+01	3.6234375000000000E+01
3.2681165605783463E+01	3.6234375000000000E+01
3.2738466545939445E+01	3.6234375000000000E+01
3.2795790605247021E+01	3.6234375000000000E+01
3.2853126294910908E+01	3.6234375000000000E+01
3.2910420142114162E+01	3.6234375000000000E+01
3.2967722915112972E+01	3.6234375000000000E+01
3.3025050200521946E+01	3.6234375000000000E+01
3.3082401968538761E+01	3.6234375000000000E+01
3.3139694452285767E+01	3.6234375000000000E+01
3.3196996077895164E+01	3.6234375000000000E+01
3.3254322521388531E+01	3.6234375000000000E+01
3.3311648227274418E+01	3.6234375000000000E+01
3.3368950866162777E+01	3.6234375000000000E+01
3.3426264703273773E+01	3.6234375000000000E+01
3.3483565531671047E+01	3.6234375000000000E+01
3.3540877908468246E+01	3.6234375000000000E+01
3.3598225682973862E+01	3.6234375000000000E+01
3.3655560158193111E+01	3.6234375000000000E+01
3.3712896190583706E+01	3.6234375000000000E+01
3.3770193956792355E+01	3.6234375000000000E+01
3.3827491052448750E+01	3.6234375000000000E+01
3.3884789042174816E+01	3.6234375000000000E+01
3.3942113548517227E+01	3.6234375000000000E+01
3.3999408192932606E+01	3.6234375000000000E+01
3.4056728973984718E+01	3.6234375000000000E+01
3.4114060431718826E+01	3.6234375000000000E+01
3.4171398833394051E+01	3.6234375000000000E+01
3.4228706978261471E+01	3.6234375000000000E+01
3.4286027424037457E+01	3.6234375000000000E+01
3.4343301169574261E+01	3.6234375000000000E+01
3.4400657646358013E+01	3.6234375000000000E+01
3.4457995429635048E+01	3.6234375000000000E+01
3.4515329219400883E+01	3.6234375000000000E+01
3.4572677686810493E+01	3.6234375000000000E+01
3.4629955016076565E+01	3.6234375000000000E+01
3.4687247380614281E+01	3.6234375000000000E+01
3.4744595028460026E+01	3.6234375000000000E+01
3.4801913619041443E+01	3.6234375000000000E+01
3.4859241470694542E+01	3.6234375000000000E+01
3.4916542351245880E+01	3.6234375000000000E+01
3.4973866559565067E+01	3.6234375000000000E+01
3.5031147763133049E+01	3.6234375000000000E+01
3.5088453292846680E+01	3.6234375000000000E+01
3.5145823121070862E+01	3.6234375000000000E+01
3.5203132949769497E+01	3.6234375000000000E+01
3.5260443873703480E+01	3.6234375000000000E+01
3.5317766353487968E+01	3.6234375000000000E+01
3.5375038206577301E+01	3.6234375000000000E+01
3.5432331755757332E+01	3.6234375000000000E+01
3.5489642187952995E+01	3.6234375000000000E+01
3.5546914748847485E+01	3.6234375000000000E+01
3.5604201570153236E+01	3.6234375000000000E+01
3.5661467358469963E+01	3.6234375000000000E+01
3.5718721449375153E+01	3.6234375000000000E+01
3.5775996781885624E+01	3.6234375000000000E+01
3.5833235040307045E+01	3.6234375000000000E+01
3.5890506073832512E+01	3.6234375000000000E+01
3.5947758175432682E+01	3.6234375000000000E+01
3.6004994526505470E+01	3.6234375000000000E+01
3.6062593139708042E+01	3.6234375000000000E+01
3.6119852639734745E+01	3.6234375000000000E+01
3.6177159860730171E+01	3.6234375000000000E+01
3.6234457075595856E+01	3.6234375000000000E+01
3.6291708052158356E+01	3.6234375000000000E+01
3.6348963439464569E+01	3.6234375000000000E+01
3.6406207554042339E+01	3.6234375000000000E+01
3.6463463164865971E+01	3.6234375000000000E+01
3.6520719729363918E+01	3.6234375000000000E+01
3.6578005433082581E+01	3.6234375000000000E+01
3.6635279893875122E+01	3.6234375000000000E+01
3.6692528910934925E+01	3.6234375000000000E+01
3.6749804668128490E+01	3.6234375000000000E+01
3.6807144485414028E+01	3.6234375000000000E+01
3.6864620536565781E+01	3.6234375000000000E+01
3.6922100730240345E+01	3.6234375000000000E+01
3.6979533664882183E+01	3.6234375000000000E+01
3.7036991424858570E+01	3.6234375000000000E+01
3.7094463735818863E+01	3.6234375000000000E+01
3.7151920318603516E+01	3.6234375000000000E+01
3.7209373883903027E+01	3.6234375000000000E+01
3.7266817949712276E+01	3.6234375000000000E+01
3.7324287414550781E+01	3.6234375000000000E+01
3.7381710939109325E+01	3.6234375000000000E+01
3.7439173199236393E+01	3.6234375000000000E+01
3.7496652036905289E+01	3.6234375000000000E+01
3.7554129913449287E+01	3.6234375000000000E+01
3.7611387670040131E+01	3.6234375000000000E+01
3.7668583936989307E+01	3.6234375000000000E+01
3.7725797623395920E+01	3.6234375000000000E+01
3.7783011399209499E+01	3.6234375000000000E+01
3.7840211398899555E+01	3.6234375000000000E+01
3.7897449105978012E+01	3.6234375000000000E+01
3.7954669229686260E+01	3.6234375000000000E+01
3.8011874593794346E+01	3.6234375000000000E+01
3.8069141328334808E+01	3.6234375000000000E+01
3.8126365758478642E+01	3.6234375000000000E+01
3.8184294365346432E+01	3.6234375000000000E+01
3.8241847716271877E+01	3.6234375000000000E+01
3.8299283489584923E+01	3.6234375000000000E+01
3.8356682769954205E+01	3.6234375000000000E+01
3.8414343863725662E+01	3.6234375000000000E+01
3.8471771195530891E+01	3.6234375000000000E+01
3.8529229693114758E+01	3.6234375000000000E+01
3.8586688980460167E+01	3.6234375000000000E+01
3.8644059255719185E+01	3.6234375000000000E+01
3.8701388381421566E+01	3.6234375000000000E+01
3.8758673951029778E+01	3.6234375000000000E+01
3.8815966293215752E+01	3.6234375000000000E+01
3.8873276308178902E+01	3.6234375000000000E+01
3.8930612578988075E+01	3.6234375000000000E+01
3.8987959787249565E+01	3.6234375000000000E+01
3.9045269027352333E+01	3.6234375000000000E+01
3.9102517411112785E+01	3.6234375000000000E+01
3.9159765481948853E+01	3.6234375000000000E+01
3.9217034518718719E+01	3.6234375000000000E+01
3.9274310022592545E+01	3.6234375000000000E+01
3.9331558406352997E+01	3.6234375000000000E+01
3.9388802476227283E+01	3.6234375000000000E+01
3.9446062564849854E+01	3.6234375000000000E+01
3.9503319285809994E+01	3.6234375000000000E+01
3.9560586422681808E+01	3.6234375000000000E+01
3.9617837131023407E+01	3.6234375000000000E+01
3.9675120517611504E+01	3.6234375000000000E+01
3.9732371956110001E+01	3.6234375000000000E+01
3.9789639517664909E+01	3.6234375000000000E+01
3.9846875667572021E+01	3.6234375000000000E+01
3.9904132895171642E+01	3.6234375000000000E+01
3.9961369588971138E+01	3.6234375000000000E+01
4.0018597997725010E+01	3.6234375000000000E+01
4.0075809732079506E+01	3.6234375000000000E+01
4.0133035004138947E+01	3.6234375000000000E+01
4.0190290421247482E+01	3.6234375000000000E+01
4.0247486449778080E+01	3.6234375000000000E+01
4.0304696857929230E+01	3.6234375000000000E+01
4.0361891448497772E+01	3.6234375000000000E+01
4.0419112227857113E+01	3.6234375000000000E+01
4.0476338244974613E+01	3.6234375000000000E+01
4.0533555880188942E+01	3.6234375000000000E+01
4.0590776026248932E+01	3.6234375000000000E+01
4.0647964060306549E+01	3.6234375000000000E+01
4.0705159611999989E+01	3.6234375000000000E+01
4.0762385591864586E+01	3.6234375000000000E+01
4.0819610252976418E+01	3.6234375000000000E+01
4.0876824401319027E+01	3.6234375000000000E+01
4.0934048891067505E+01	3.6234375000000000E+01
4.0991247199475765E+01	3.6234375000000000E+01
4.1048457220196724E+01	3.6234375000000000E+01
4.1105673536658287E+01	3.6234375000000000E+01
4.1162870123982430E+01	3.6234375000000000E+01
4.1220091342926025E+01	3.6234375000000000E+01
4.1277288958430290E+01	3.6234375000000000E+01
4.1334475018084049E+01	3.6234375000000000E+01
4.1391730904579163E+01	3.6234375000000000E+01
4.1448977001011372E+01	3.6234375000000000E+01
4.1506242595613003E+01	3.6234375000000000E+01
4.1563455246388912E+01	3.6234375000000000E+01
4.1620713829994202E+01	3.6234375000000000E+01
4.1677967511117458E+01	3.6234375000000000E+01
4.1735199697315693E+01	3.6234375000000000E+01
4.1792424052953720E+01	3.6234375000000000E+01
4.1849680587649345E+01	3.6234375000000000E+01
4.1906946614384651E+01	3.6234375000000000E+01
4.1964210316538811E+01	3.6234375000000000E+01
4.2021442353725433E+01	3.6234375000000000E+01
4.2078710146248341E+01	3.6234375000000000E+01
4.2135958343744278E+01	3.6234375000000000E+01
4.2193211533129215E+01	3.6234375000000000E+01
4.2250661149621010E+01	3.6234375000000000E+01
4.2307935483753681E+01	3.6234375000000000E+01
4.2365212537348270E+01	3.6234375000000000E+01
4.2422472588717937E+01	3.6234375000000000E+01
4.2479729369282722E+01	3.6234375000000000E+01
4.2536991454660892E+01	3.6234375000000000E+01
4.2594262704253197E+01	3.6234375000000000E+01
4.2651551105082035E+01	3.6234375000000000E+01
4.2708834253251553E+01	3.6234375000000000E+01
4.2766126707196236E+01	3.6234375000000000E+01
4.2823385022580624E+01	3.6234375000000000E+01
4.2880659677088261E+01	3.6234375000000000E+01
4.2937913633882999E+01	3.6234375000000000E+01
4.2995195366442204E+01	3.6234375000000000E+01
4.3052476026117802E+01	3.6234375000000000E+01
4.3109763868153095E+01	3.6234375000000000E+01
4.3167015917599201E+01	3.6234375000000000E+01
4.3224303871393204E+01	3.6234375000000000E+01
4.3281584814190865E+01	3.6234375000000000E+01
4.3338844299316406E+01	3.6234375000000000E+01
4.3396121777594090E+01	3.6234375000000000E+01
4.3453386701643467E+01	3.6234375000000000E+01
4.3510649897158146E+01	3.6234375000000000E+01
4.3567901290953159E+01	3.6234375000000000E+01
4.3625193499028683E+01	3.6234375000000000E+01
4.3682491108775139E+01	3.6234375000000000E+01
4.3739773936569691E+01	3.6234375000000000E+01
4.3797041021287441E+01	3.6234375000000000E+01
4.3854301996529102E+01	3.6234375000000000E+01
4.3911593601107597E+01	3.6234375000000000E+01
4.3968886338174343E+01	3.6234375000000000E+01
4.4026154577732086E+01	3.6234375000000000E+01
4.4083418905735016E+01	3.6234375000000000E+01
4.4140673488378525E+01	3.6234375000000000E+01
4.4197906889021397E+01	3.6234375000000000E+01
4.4255557902157307E+01	3.6234375000000000E+01
4.4312833085656166E+01	3.6234375000000000E+01
4.4370077177882195E+01	3.6234375000000000E+01
4.4427332341670990E+01	3.6234375000000000E+01
4.4484570577740669E+01	3.6234375000000000E+01
4.4541822642087936E+01	3.6234375000000000E+01
4.4599089622497559E+01	3.6234375000000000E+01
4.4656307175755501E+01	3.6234375000000000E+01
4.4713537499308586E+01	3.6234375000000000E+01
4.4770795837044716E+01	3.6234375000000000E+01
4.4828074380755424E+01	3.6234375000000000E+01
4.4885323159396648E+01	3.6234375000000000E+01
4.4942583225667477E+01	3.6234375000000000E+01
4.4999811284244061E+01	3.6234375000000000E+01
4.5057068012654781E+01	3.6234375000000000E+01
4.5114318527281284E+01	3.6234375000000000E+01
4.5171553216874599E+01	3.6234375000000000E+01
4.5228801071643829E+01	3.6234375000000000E+01
4.5286037676036358E+01	3.6234375000000000E+01
4.5343304775655270E+01	3.6234375000000000E+01
4.5400549553334713E+01	3.6234375000000000E+01
4.5457834124565125E+01	3.6234375000000000E+01
4.5515069611370564E+01	3.6234375000000000E+01
4.5572317212820053E+01	3.6234375000000000E+01
4.5629585638642311E+01	3.6234375000000000E+01
4.5686849221587181E+01	3.6234375000000000E+01
4.5744111023843288E+01	3.6234375000000000E+01
4.5801352739334106E+01	3.6234375000000000E+01
4.5858605206012726E+01	3.6234375000000000E+01
4.5915858566761017E+01	3.6234375000000000E+01
4.5973097935318947E+01	3.6234375000000000E+01
4.6030315794050694E+01	3.6234375000000000E+01
4.6087515518069267E+01	3.6234375000000000E+01
4.6144764348864555E+01	3.6234375000000000E+01
4.6202197156846523E+01	3.6234375000000000E+01
4.6259439289569855E+01	3.6234375000000000E+01
4.6316719107329845E+01	3.6234375000000000E+01
4.6373971909284592E+01	3.6234375000000000E+01
4.6431230396032333E+01	3.6234375000000000E+01
4.6488507613539696E+01	3.6234375000000000E+01
4.6545777969062328E+01	3.6234375000000000E+01
4.6603013955056667E+01	3.6234375000000000E+01
4.6660270251333714E+01	3.6234375000000000E+01
4.6717533670365810E+01	3.6234375000000000E+01
4.6774775132536888E+01	3.6234375000000000E+01
4.6832033202052116E+01	3.6234375000000000E+01
4.6889256261289120E+01	3.6234375000000000E+01
4.6946474604308605E+01	3.6234375000000000E+01
4.7003724656999111E+01	3.6234375000000000E+01
4.7060948155820370E+01	3.6234375000000000E+01
4.7118185140192509E+01	3.6234375000000000E+01
4.7175426118075848E+01	3.6234375000000000E+01
4.7232677452266216E+01	3.6234375000000000E+01
4.7289894789457321E+01	3.6234375000000000E+01
4.7347105480730534E+01	3.6234375000000000E+01
4.7404379069805145E+01	3.6234375000000000E+01
4.7461642943322659E+01	3.6234375000000000E+01
4.7518878459930420E+01	3.6234375000000000E+01
4.7576086044311523E+01	3.6234375000000000E+01
4.7633320145308971E+01	3.6234375000000000E+01
4.7690563753247261E+01	3.6234375000000000E+01
4.7747829526662827E+01	3.6234375000000000E+01
4.7805220313370228E+01	3.6234375000000000E+01
4.7862661272287369E+01	3.6234375000000000E+01
4.7920029550790787E+01	3.6234375000000000E+01
4.7977381408214569E+01	3.6234375000000000E+01
4.8034779928624630E+01	3.6234375000000000E+01
4.8092193357646465E+01	3.6234375000000000E+01
4.8149623706936836E+01	3.6234375000000000E+01
4.8207020737230778E+01	3.6234375000000000E+01
4.8264439500868320E+01	3.6234375000000000E+01
4.8321817204356194E+01	3.6234375000000000E+01
4.8379234448075294E+01	3.6234375000000000E+01
4.8436670385301113E+01	3.6234375000000000E+01
4.8494110636413097E+01	3.6234375000000000E+01
4.8551591321825981E+01	3.6234375000000000E+01
4.8609021134674549E+01	3.6234375000000000E+01
4.8666445747017860E+01	3.6234375000000000E+01
4.8723827540874481E+01	3.6234375000000000E+01
4.8781188257038593E+01	3.6234375000000000E+01
4.8838540896773338E+01	3.6234375000000000E+01
4.8895926788449287E+01	3.6234375000000000E+01
4.8953319363296032E+01	3.6234375000000000E+01
4.9010708503425121E+01	3.6234375000000000E+01
4.9068110331892967E+01	3.6234375000000000E+01
4.9125485450029373E+01	3.6234375000000000E+01
4.9182879604399204E+01	3.6234375000000000E+01
4.9240325614809990E+01	3.6234375000000000E+01
4.9297809168696404E+01	3.6234375000000000E+01
4.9355234928429127E+01	3.6234375000000000E+01
4.9412728659808636E+01	3.6234375000000000E+01
4.9470183603465557E+01	3.6234375000000000E+01
4.9527684941887856E+01	3.6234375000000000E+01
4.9585163332521915E+01	3.6234375000000000E+01
4.9642654001712799E+01	3.6234375000000000E+01
4.9700128771364689E+01	3.6234375000000000E+01
4.9757606126368046E+01	3.6234375000000000E+01
4.9815075077116489E+01	3.6234375000000000E+01
4.9872505329549313E+01	3.6234375000000000E+01
4.9929967448115349E+01	3.6234375000000000E+01
4.9987466610968113E+01	3.6234375000000000E+01
5.0044907405972481E+01	3.6234375000000000E+01
5.0102388620376587E+01	3.6234375000000000E+01
5.0159845300018787E+01	3.6234375000000000E+01
5.0217336475849152E+01	3.6234375000000000E+01
5.0274845600128174E+01	3.6234375000000000E+01
5.0332301966845989E+01	3.6234375000000000E+01
5.0389828570187092E+01	3.6234375000000000E+01
5.0447268821299076E+01	3.6234375000000000E+01
5.0504655107855797E+01	3.6234375000000000E+01
5.0561949968338013E+01	3.6234375000000000E+01
5.0619188703596592E+01	3.6234375000000000E+01
5.0676475435495377E+01	3.6234375000000000E+01
5.0733745187520981E+01	3.6234375000000000E+01
5.0791010655462742E+01	3.6234375000000000E+01
5.0848295524716377E+01	3.6234375000000000E+01
5.0905580066144466E+01	3.6234375000000000E+01
5.0962806820869446E+01	3.6234375000000000E+01
5.1020059108734131E+01	3.6234375000000000E+01
5.1077328652143478E+01	3.6234375000000000E+01
5.1134561017155647E+01	3.6234375000000000E+01
5.1191837355494499E+01	3.6234375000000000E+01
5.1249083697795868E+01	3.6234375000000000E+01
5.1306345105171204E+01	3.6234375000000000E+01
5.1363609343767166E+01	3.6234375000000000E+01
5.1420905753970146E+01	3.6234375000000000E+01
5.1478156276047230E+01	3.6234375000000000E+01
5.1535412289202213E+01	3.6234375000000000E+01
5.1592683330178261E+01	3.6234375000000000E+01
5.1649919748306274E+01	3.6234375000000000E+01
5.1707172065973282E+01	3.6234375000000000E+01
5.1764428362250328E+01	3.6234375000000000E+01
5.1821683526039124E+01	3.6234375000000000E+01
5.1878923051059246E+01	3.6234375000000000E+01
5.1936174161732197E+01	3.6234375000000000E+01
5.1993436641991138E+01	3.6234375000000000E+01
5.2050717554986477E+01	3.6234375000000000E+01
5.2107990875840187E+01	3.6234375000000000E+01
5.2165263332426548E+01	3.6234375000000000E+01
5.2222540371119976E+01	3.6234375000000000E+01
5.2279815740883350E+01	3.6234375000000000E+01
5.2337080433964729E+01	3.6234375000000000E+01
5.2394342459738255E+01	3.6234375000000000E+01
5.2451590448617935E+01	3.6234375000000000E+01
5.2508808024227619E+01	3.6234375000000000E+01
5.2566069945693016E+01	3.6234375000000000E+01
5.2623355127871037E+01	3.6234375000000000E+01
5.2680615670979023E+01	3.6234375000000000E+01
5.2737882576882839E+01	3.6234375000000000E+01
5.2795144952833652E+01	3.6234375000000000E+01
5.2852384261786938E+01	3.6234375000000000E+01
5.2909671589732170E+01	3.6234375000000000E+01
5.2966968372464180E+01	3.6234375000000000E+01
5.3024217508733273E+01	3.6234375000000000E+01
5.3081459484994411E+01	3.6234375000000000E+01
5.3138712398707867E+01	3.6234375000000000E+01
5.3195978172123432E+01	3.6234375000000000E+01
5.3253215409815311E+01	3.6234375000000000E+01
5.3310489512979984E+01	3.6234375000000000E+01
5.3367800384759903E+01	3.6234375000000000E+01
5.3425055027008057E+01	3.6234375000000000E+01
5.3482313632965088E+01	3.6234375000000000E+01
5.3539587818086147E+01	3.6234375000000000E+01
5.3596836216747761E+01	3.6234375000000000E+01
5.3654109321534634E+01	3.6234375000000000E+01
5.3711357355117798E+01	3.6234375000000000E+01
5.3768633939325809E+01	3.6234375000000000E+01
5.3825940631330013E+01	3.6234375000000000E+01
5.3883240297436714E+01	3.6234375000000000E+01
5.3940504185855389E+01	3.6234375000000000E+01
5.3997773855924606E+01	3.6234375000000000E+01
5.4055008709430695E+01	3.6234375000000000E+01
5.4112293928861618E+01	3.6234375000000000E+01
5.4169552274048328E+01	3.6234375000000000E+01
5.4226805873215199E+01	3.6234375000000000E+01
5.4284061767160892E+01	3.6234375000000000E+01
5.4341346055269241E+01	3.6234375000000000E+01
5.4398595504462719E+01	3.6234375000000000E+01
5.4455882117152214E+01	3.6234375000000000E+01
5.4513168059289455E+01	3.6234375000000000E+01
5.4570388965308666E+01	3.6234375000000000E+01
5.4627642095088959E+01	3.6234375000000000E+01
5.4684884749352932E+01	3.6234375000000000E+01
5.4742114000022411E+01	3.6234375000000000E+01
5.4799362920224667E+01	3.6234375000000000E+01
5.4856614962220192E+01	3.6234375000000000E+01
5.4913869038224220E+01	3.6234375000000000E+01
5.4971124976873398E+01	3.6234375000000000E+01
5.5028367884457111E+01	3.6234375000000000E+01
5.5085640825331211E+01	3.6234375000000000E+01
5.5142992168664932E+01	3.6234375000000000E+01
5.5200298979878426E+01	3.6234375000000000E+01
5.5257546268403530E+01	3.6234375000000000E+01
5.5314883217215538E+01	3.6234375000000000E+01
5.5372151695191860E+01	3.6234375000000000E+01
5.5429434031248093E+01	3.6234375000000000E+01
5.5486722275614738E+01	3.6234375000000000E+01
5.5544028349220753E+01	3.6234375000000000E+01
5.5601333267986774E+01	3.6234375000000000E+01
5.5658646285533905E+01	3.6234375000000000E+01
5.5715929701924324E+01	3.6234375000000000E+01
5.5773248843848705E+01	3.6234375000000000E+01
5.5830601260066032E+01	3.6234375000000000E+01
5.5887904673814774E+01	3.6234375000000000E+01
5.5945189736783504E+01	3.6234375000000000E+01
5.6002472423017025E+01	3.6234375000000000E+01
5.6059773065149784E+01	3.6234375000000000E+01
5.6117070227861404E+01	3.6234375000000000E+01
5.6174342401325703E+01	3.6234375000000000E+01
5.6231647253036499E+01	3.6234375000000000E+01
5.6288937233388424E+01	3.6234375000000000E+01
5.6346231512725353E+01	3.6234375000000000E+01
5.6403629586100578E+01	3.6234375000000000E+01
5.6460905268788338E+01	3.6234375000000000E+01
5.6518221206963062E+01	3.6234375000000000E+01
5.6575530238449574E+01	3.6234375000000000E+01
5.6632868230342865E+01	3.6234375000000000E+01
5.6690185360610485E+01	3.6234375000000000E+01
5.6747528992593288E+01	3.6234375000000000E+01
5.6804809212684631E+01	3.6234375000000000E+01
5.6862130604684353E+01	3.6234375000000000E+01
5.6919454030692577E+01	3.6234375000000000E+01
5.6976749703288078E+01	3.6234375000000000E+01
5.7034065589308739E+01	3.6234375000000000E+01
5.7091371111571789E+01	3.6234375000000000E+01
5.7148800544440746E+01	3.6234375000000000E+01
5.7206400074064732E+01	3.6234375000000000E+01
5.7263962313532829E+01	3.6234375000000000E+01
