0.0000000000000000E+00	3.9000000000000001E-01
9.2092092092092093E+02	3.8999969341733798E-01
1.8418418418418419E+03	3.8999960990227567E-01
2.7627627627627626E+03	3.8999917905888032E-01
3.6836836836836837E+03	3.8999891013755733E-01
4.6046046046046049E+03	3.8999864896585257E-01
5.5255255255255252E+03	3.8999837272652538E-01
6.4464464464464463E+03	3.8999828339134035E-01
7.3673673673673675E+03	3.8999809337975450E-01
8.2882882882882877E+03	3.8999809224095294E-01
9.2092092092092098E+03	3.8999802954964097E-01
1.0130130130130130E+04	3.8999804690184736E-01
1.1051051051051050E+04	3.8999810936861085E-01
1.1971971971971972E+04	3.8999812359010178E-01
1.2892892892892893E+04	3.8999827621608923E-01
1.3813813813813815E+04	3.8999830027215837E-01
1.4734734734734735E+04	3.8999847387325304E-01
1.5655655655655655E+04	3.8999855346340528E-01
1.6576576576576575E+04	3.8999866303827119E-01
1.7497497497497498E+04	3.8999883799382007E-01
1.8418418418418420E+04	3.8999881129364650E-01
1.9339339339339338E+04	3.8999905248052202E-01
2.0260260260260260E+04	3.8999889757400102E-01
2.1181181181181182E+04	3.8999909420456447E-01
2.2102102102102101E+04	3.8999891527035779E-01
2.3023023023023023E+04	3.8999896097945197E-01
2.3943943943943945E+04	3.8999884748615216E-01
2.4864864864864867E+04	3.8999875800346406E-01
2.5785785785785785E+04	3.8999871106738082E-01
2.6706706706706707E+04	3.8999855950883988E-01
2.7627627627627629E+04	3.8999853107430216E-01
2.8548548548548548E+04	3.8999838542417131E-01
2.9469469469469470E+04	3.8999834014717272E-01
3.0390390390390392E+04	3.8999825334073263E-01
3.1311311311311310E+04	3.8999817853219049E-01
3.2232232232232232E+04	3.8999817077795795E-01
3.3153153153153151E+04	3.8999808783326734E-01
3.4074074074074073E+04	3.8999815435061652E-01
3.4994994994994995E+04	3.8999812389975674E-01
3.5915915915915917E+04	3.8999822837223774E-01
3.6836836836836839E+04	3.8999832839146292E-01
3.7757757757757761E+04	3.8999842379169064E-01
3.8678678678678676E+04	3.8999871567546313E-01
3.9599599599599598E+04	3.8999878347770883E-01
4.0520520520520520E+04	3.8999922909474077E-01
4.1441441441441442E+04	3.8999929778826159E-01
4.2362362362362364E+04	3.8999970096434050E-01
4.3283283283283286E+04	3.8999972203053423E-01
4.4204204204204201E+04	3.8999975544398474E-01
4.5125125125125123E+04	3.8999954992802588E-01
4.6046046046046045E+04	3.8999920547887817E-01
4.6966966966966967E+04	3.8999895569945742E-01
4.7887887887887890E+04	3.8999859447554175E-01
4.8808808808808812E+04	3.8999843938316603E-01
4.9729729729729734E+04	3.8999822074964258E-01
5.0650650650650648E+04	3.8999813046298037E-01
5.1571571571571571E+04	3.8999808656938645E-01
5.2492492492492493E+04	3.8999802834872593E-01
5.3413413413413415E+04	3.8999812379336452E-01
5.4334334334334337E+04	3.8999810039652205E-01
5.5255255255255259E+04	3.8999825608097161E-01
5.6176176176176174E+04	3.8999831140096153E-01
5.7097097097097096E+04	3.8999843058745515E-01
5.8018018018018018E+04	3.8999860454144292E-01
5.8938938938938940E+04	3.8999860173506812E-01
5.9859859859859862E+04	3.8999887073846068E-01
6.0780780780780784E+04	3.8999874147422847E-01
6.1701701701701706E+04	3.8999899054718590E-01
6.2622622622622621E+04	3.8999883570508109E-01
6.3543543543543543E+04	3.8999893918006434E-01
6.4464464464464465E+04	3.8999886599409539E-01
6.5385385385385387E+04	3.8999881558288729E-01
6.6306306306306302E+04	3.8999882433366145E-01
6.7227227227227224E+04	3.8999869269318205E-01
6.8148148148148146E+04	3.8999871214705378E-01
6.9069069069069068E+04	3.8999858800205123E-01
6.9989989989989990E+04	3.8999856164454416E-01
7.0910910910910912E+04	3.8999849621221322E-01
7.1831831831831834E+04	3.8999840832287647E-01
7.2752752752752756E+04	3.8999840293028976E-01
7.3673673673673678E+04	3.8999828848343682E-01
7.4594594594594600E+04	3.8999832107826010E-01
7.5515515515515523E+04	3.8999823886500984E-01
7.6436436436436445E+04	3.8999826410501331E-01
7.7357357357357352E+04	3.8999828161115535E-01
7.8278278278278274E+04	3.8999825154851597E-01
7.9199199199199196E+04	3.8999841677578306E-01
8.0120120120120118E+04	3.8999831954441477E-01
8.1041041041041040E+04	3.8999859822738475E-01
8.1961961961961963E+04	3.8999851714847100E-01
8.2882882882882885E+04	3.8999881860427338E-01
8.3803803803803807E+04	3.8999889300828200E-01
8.4724724724724729E+04	3.8999915637098453E-01
8.5645645645645651E+04	3.8999938540612716E-01
8.6566566566566573E+04	3.8999952711444663E-01
8.7487487487487495E+04	3.8999965268073589E-01
8.8408408408408402E+04	3.8999948476096014E-01
8.9329329329329325E+04	3.8999929848454118E-01
9.0250250250250247E+04	3.8999897136952655E-01
9.1171171171171169E+04	3.8999871281232995E-01
9.2092092092092091E+04	3.8999849936232056E-01
9.3013013013013013E+04	3.8999829994988611E-01
9.3933933933933935E+04	3.8999824924654602E-01
9.4854854854854857E+04	3.8999813077539125E-01
9.5775775775775779E+04	3.8999818960243399E-01
9.6696696696696701E+04	3.8999818096014227E-01
9.7617617617617623E+04	3.8999825370513574E-01
9.8538538538538545E+04	3.8999838370936102E-01
9.9459459459459467E+04	3.8999837188007519E-01
1.0038038038038037E+05	3.8999862387102491E-01
1.0130130130130130E+05	3.8999850619340976E-01
1.0222222222222222E+05	3.8999876589690369E-01
1.0314314314314314E+05	3.8999863400315737E-01
1.0406406406406406E+05	3.8999877327659394E-01
1.0498498498498499E+05	3.8999872753006404E-01
1.0590590590590591E+05	3.8999872979072886E-01
1.0682682682682683E+05	3.8999876962661556E-01
1.0774774774774775E+05	3.8999869150639893E-01
1.0866866866866867E+05	3.8999875619550728E-01
1.0958958958958960E+05	3.8999866931819360E-01
1.1051051051051052E+05	3.8999869875179916E-01
1.1143143143143144E+05	3.8999865202991224E-01
1.1235235235235235E+05	3.8999860964995281E-01
1.1327327327327327E+05	3.8999862463840823E-01
1.1419419419419419E+05	3.8999852187811807E-01
1.1511511511511511E+05	3.8999857457948534E-01
1.1603603603603604E+05	3.8999847056672998E-01
1.1695695695695696E+05	3.8999849187424818E-01
1.1787787787787788E+05	3.8999847135529198E-01
1.1879879879879880E+05	3.8999839403188730E-01
1.1971971971971972E+05	3.8999850155424526E-01
1.2064064064064065E+05	3.8999830648903627E-01
1.2156156156156157E+05	3.8999848979270241E-01
1.2248248248248249E+05	3.8999826865635523E-01
1.2340340340340341E+05	3.8999842228102682E-01
1.2432432432432432E+05	3.8999832886286911E-01
1.2524524524524524E+05	3.8999842097731396E-01
1.2616616616616616E+05	3.8999852919023997E-01
1.2708708708708709E+05	3.8999863020388859E-01
1.2800800800800801E+05	3.8999891014880567E-01
1.2892892892892893E+05	3.8999907958082553E-01
1.2984984984984985E+05	3.8999938042927462E-01
1.3077077077077077E+05	3.8999950949428863E-01
1.3169169169169170E+05	3.8999953364842793E-01
1.3261261261261260E+05	3.8999941316887904E-01
1.3353353353353354E+05	3.8999911937861431E-01
1.3445445445445445E+05	3.8999893036599359E-01
1.3537537537537538E+05	3.8999863882491531E-01
1.3629629629629629E+05	3.8999852903167759E-01
1.3721721721721723E+05	3.8999839153345156E-01
1.3813813813813814E+05	3.8999832264793594E-01
1.3905905905905907E+05	3.8999836956728651E-01
1.3997997997997998E+05	3.8999826916978186E-01
1.4090090090090092E+05	3.8999846276608990E-01
1.4182182182182182E+05	3.8999830918266065E-01
1.4274274274274273E+05	3.8999852827364767E-01
1.4366366366366367E+05	3.8999839636029227E-01
1.4458458458458458E+05	3.8999852342359298E-01
1.4550550550550551E+05	3.8999849457886282E-01
1.4642642642642642E+05	3.8999851542236147E-01
1.4734734734734736E+05	3.8999857780950586E-01
1.4826826826826826E+05	3.8999854209924145E-01
1.4918918918918920E+05	3.8999863580685057E-01
1.5011011011011011E+05	3.8999860192385322E-01
1.5103103103103105E+05	3.8999866731410021E-01
1.5195195195195195E+05	3.8999867130897070E-01
1.5287287287287289E+05	3.8999867638566016E-01
1.5379379379379380E+05	3.8999872683406567E-01
1.5471471471471470E+05	3.8999867743732014E-01
1.5563563563563564E+05	3.8999874872160145E-01
1.5655655655655655E+05	3.8999868547203881E-01
1.5747747747747749E+05	3.8999872433591548E-01
1.5839839839839839E+05	3.8999871122165536E-01
1.5931931931931933E+05	3.8999864856543459E-01
1.6024024024024024E+05	3.8999872720137624E-01
1.6116116116116117E+05	3.8999852162233450E-01
1.6208208208208208E+05	3.8999865877047318E-01
1.6300300300300302E+05	3.8999837937490295E-01
1.6392392392392393E+05	3.8999846604735133E-01
1.6484484484484486E+05	3.8999826385392700E-01
1.6576576576576577E+05	3.8999824766823277E-01
1.6668668668668668E+05	3.8999820904029936E-01
1.6760760760760761E+05	3.8999815270498023E-01
1.6852852852852852E+05	3.8999826529238391E-01
1.6944944944944946E+05	3.8999827463425135E-01
1.7037037037037036E+05	3.8999849312892476E-01
1.7129129129129130E+05	3.8999865400327266E-01
1.7221221221221221E+05	3.8999892902426270E-01
1.7313313313313315E+05	3.8999922677087628E-01
1.7405405405405405E+05	3.8999942504024482E-01
1.7497497497497499E+05	3.8999963230294488E-01
1.7589589589589590E+05	3.8999952169490143E-01
1.7681681681681680E+05	3.8999942079140459E-01
1.7773773773773774E+05	3.8999914876931047E-01
1.7865865865865865E+05	3.8999892299477901E-01
1.7957957957957959E+05	3.8999880100759837E-01
1.8050050050050049E+05	3.8999853558522823E-01
1.8142142142142143E+05	3.8999861083500126E-01
1.8234234234234234E+05	3.8999832569349641E-01
1.8326326326326327E+05	3.8999846815726802E-01
1.8418418418418418E+05	3.8999826285680450E-01
1.8510510510510512E+05	3.8999833485944285E-01
1.8602602602602603E+05	3.8999828409938048E-01
1.8694694694694696E+05	3.8999826886269545E-01
1.8786786786786787E+05	3.8999833809074347E-01
1.8878878878878878E+05	3.8999829811681258E-01
1.8970970970970971E+05	3.8999841005008357E-01
1.9063063063063062E+05	3.8999840292278631E-01
1.9155155155155156E+05	3.8999848980954899E-01
1.9247247247247247E+05	3.8999854140194123E-01
1.9339339339339340E+05	3.8999857626204476E-01
1.9431431431431431E+05	3.8999867917580788E-01
1.9523523523523525E+05	3.8999867046965553E-01
1.9615615615615615E+05	3.8999878717914443E-01
1.9707707707707709E+05	3.8999877379343345E-01
1.9799799799799800E+05	3.8999884491978443E-01
1.9891891891891893E+05	3.8999888180365633E-01
1.9983983983983984E+05	3.8999883723098433E-01
2.0076076076076075E+05	3.8999895014794789E-01
2.0168168168168169E+05	3.8999875998158196E-01
2.0260260260260259E+05	3.8999889724138981E-01
2.0352352352352353E+05	3.8999862750298586E-01
2.0444444444444444E+05	3.8999867762269530E-01
2.0536536536536537E+05	3.8999845876556311E-01
2.0628628628628628E+05	3.8999838889927724E-01
2.0720720720720722E+05	3.8999828281180271E-01
2.0812812812812813E+05	3.8999815460639936E-01
2.0904904904904906E+05	3.8999814493046414E-01
2.0996996996996997E+05	3.8999804053620962E-01
2.1089089089089091E+05	3.8999810209302882E-01
2.1181181181181181E+05	3.8999810027967052E-01
2.1273273273273272E+05	3.8999821510966742E-01
2.1365365365365366E+05	3.8999837269154808E-01
2.1457457457457457E+05	3.8999854515855881E-01
2.1549549549549550E+05	3.8999887189018645E-01
2.1641641641641641E+05	3.8999910563262830E-01
2.1733733733733735E+05	3.8999947697476006E-01
2.1825825825825825E+05	3.8999965820771365E-01
2.1917917917917919E+05	3.8999973969826535E-01
2.2010010010010010E+05	3.8999969224943404E-01
2.2102102102102104E+05	3.8999936360708221E-01
2.2194194194194194E+05	3.8999927686780284E-01
2.2286286286286288E+05	3.8999882851836537E-01
2.2378378378378379E+05	3.8999880705700629E-01
2.2470470470470469E+05	3.8999845151141976E-01
2.2562562562562563E+05	3.8999841745068359E-01
2.2654654654654654E+05	3.8999825186708303E-01
2.2746746746746748E+05	3.8999817215637994E-01
2.2838838838838838E+05	3.8999818047521123E-01
2.2930930930930932E+05	3.8999809463784318E-01
2.3023023023023023E+05	3.8999819360230226E-01
2.3115115115115116E+05	3.8999815624220285E-01
2.3207207207207207E+05	3.8999825667650828E-01
2.3299299299299301E+05	3.8999830997271256E-01
2.3391391391391392E+05	3.8999836464660820E-01
2.3483483483483485E+05	3.8999850112117879E-01
2.3575575575575576E+05	3.8999851349906772E-01
2.3667667667667667E+05	3.8999867982987918E-01
2.3759759759759760E+05	3.8999869764798090E-01
2.3851851851851851E+05	3.8999882010300940E-01
2.3943943943943945E+05	3.8999889867266796E-01
2.4036036036036036E+05	3.8999889598771792E-01
2.4128128128128129E+05	3.8999905809315860E-01
2.4220220220220220E+05	3.8999889787226910E-01
2.4312312312312314E+05	3.8999907995240296E-01
2.4404404404404404E+05	3.8999882838390815E-01
2.4496496496496498E+05	3.8999890511162411E-01
2.4588588588588589E+05	3.8999869753825056E-01
2.4680680680680682E+05	3.8999862189975892E-01
2.4772772772772773E+05	3.8999851706858524E-01
2.4864864864864864E+05	3.8999834864841387E-01
2.4956956956956958E+05	3.8999831131647306E-01
2.5049049049049048E+05	3.8999814893302392E-01
2.5141141141141142E+05	3.8999813242716619E-01
2.5233233233233233E+05	3.8999805081004874E-01
2.5325325325325326E+05	3.8999803304121838E-01
2.5417417417417417E+05	3.8999806894416283E-01
2.5509509509509511E+05	3.8999807816977100E-01
2.5601601601601602E+05	3.8999823935384614E-01
2.5693693693693695E+05	3.8999833243297466E-01
2.5785785785785786E+05	3.8999859887985483E-01
2.5877877877877880E+05	3.8999883297735094E-01
2.5969969969969970E+05	3.8999914491411664E-01
2.6062062062062061E+05	3.8999951941346528E-01
2.6154154154154155E+05	3.8999968158710008E-01
2.6246246246246248E+05	3.8999997196250952E-01
2.6338338338338339E+05	3.8999971411037221E-01
2.6430430430430430E+05	3.8999967150402881E-01
2.6522522522522521E+05	3.8999920552653672E-01
2.6614614614614617E+05	3.8999899782133007E-01
2.6706706706706708E+05	3.8999867138695676E-01
2.6798798798798799E+05	3.8999844065776518E-01
2.6890890890890890E+05	3.8999831034525140E-01
2.6982982982982986E+05	3.8999812673815520E-01
2.7075075075075077E+05	3.8999812003979967E-01
2.7167167167167168E+05	3.8999802481855977E-01
2.7259259259259258E+05	3.8999806838644252E-01
2.7351351351351349E+05	3.8999808070888847E-01
2.7443443443443446E+05	3.8999812633099096E-01
2.7535535535535536E+05	3.8999823727466104E-01
2.7627627627627627E+05	3.8999826556674744E-01
2.7719719719719718E+05	3.8999844088478497E-01
2.7811811811811815E+05	3.8999848224125039E-01
2.7903903903903905E+05	3.8999864276860385E-01
2.7995995995995996E+05	3.8999875060657818E-01
2.8088088088088087E+05	3.8999879695526307E-01
2.8180180180180183E+05	3.8999900273476040E-01
2.8272272272272274E+05	3.8999888857037740E-01
2.8364364364364365E+05	3.8999912223733468E-01
2.8456456456456456E+05	3.8999891195295239E-01
2.8548548548548546E+05	3.8999903598722740E-01
2.8640640640640643E+05	3.8999886670716322E-01
2.8732732732732734E+05	3.8999882778387474E-01
2.8824824824824824E+05	3.8999875183031918E-01
2.8916916916916915E+05	3.8999859917458451E-01
2.9009009009009012E+05	3.8999857889259726E-01
2.9101101101101103E+05	3.8999840454995927E-01
2.9193193193193193E+05	3.8999838099233342E-01
2.9285285285285284E+05	3.8999825848440389E-01
2.9377377377377381E+05	3.8999819561983334E-01
2.9469469469469471E+05	3.8999816622313477E-01
2.9561561561561562E+05	3.8999807602624587E-01
2.9653653653653653E+05	3.8999814125681864E-01
2.9745745745745744E+05	3.8999807805721409E-01
2.9837837837837840E+05	3.8999819656959450E-01
2.9929929929929931E+05	3.8999825334431132E-01
3.0022022022022022E+05	3.8999837499373741E-01
3.0114114114114112E+05	3.8999862853179063E-01
3.0206206206206209E+05	3.8999872075685182E-01
3.0298298298298300E+05	3.8999915866603552E-01
3.0390390390390391E+05	3.8999923716307572E-01
3.0482482482482481E+05	3.8999968818126612E-01
3.0574574574574578E+05	3.8999971318819798E-01
3.0666666666666669E+05	3.8999982448252063E-01
3.0758758758758759E+05	3.8999962454309711E-01
3.0850850850850850E+05	3.8999931447263575E-01
3.0942942942942941E+05	3.8999904212394643E-01
3.1035035035035037E+05	3.8999867630591578E-01
3.1127127127127128E+05	3.8999849556185329E-01
3.1219219219219219E+05	3.8999825602432187E-01
3.1311311311311310E+05	3.8999816017785460E-01
3.1403403403403406E+05	3.8999808227941696E-01
3.1495495495495497E+05	3.8999803108643072E-01
3.1587587587587588E+05	3.8999808936460595E-01
3.1679679679679679E+05	3.8999807219042570E-01
3.1771771771771775E+05	3.8999821116772354E-01
3.1863863863863866E+05	3.8999825230113178E-01
3.1955955955955957E+05	3.8999839112508711E-01
3.2048048048048047E+05	3.8999852005913349E-01
3.2140140140140138E+05	3.8999858005027499E-01
3.2232232232232235E+05	3.8999880569808792E-01
3.2324324324324325E+05	3.8999873786560108E-01
3.2416416416416416E+05	3.8999899190749682E-01
3.2508508508508507E+05	3.8999883639432731E-01
3.2600600600600604E+05	3.8999899893100054E-01
3.2692692692692694E+05	3.8999887375572351E-01
3.2784784784784785E+05	3.8999888752575773E-01
3.2876876876876876E+05	3.8999884095674064E-01
3.2968968968968972E+05	3.8999874034998522E-01
3.3061061061061063E+05	3.8999874410488061E-01
3.3153153153153154E+05	3.8999860523764102E-01
3.3245245245245245E+05	3.8999860193903574E-01
3.3337337337337335E+05	3.8999848862623993E-01
3.3429429429429432E+05	3.8999843753960145E-01
3.3521521521521523E+05	3.8999838938871162E-01
3.3613613613613613E+05	3.8999829101082306E-01
3.3705705705705704E+05	3.8999831062095697E-01
3.3797797797797801E+05	3.8999820302739108E-01
3.3889889889889891E+05	3.8999825572910624E-01
3.3981981981981982E+05	3.8999821677602481E-01
3.4074074074074073E+05	3.8999824398296407E-01
3.4166166166166170E+05	3.8999834935685207E-01
3.4258258258258260E+05	3.8999830147826769E-01
3.4350350350350351E+05	3.8999856985502812E-01
3.4442442442442442E+05	3.8999848351773042E-01
3.4534534534534533E+05	3.8999883680969460E-01
3.4626626626626629E+05	3.8999884821349212E-01
3.4718718718718720E+05	3.8999917133009099E-01
3.4810810810810811E+05	3.8999935405601793E-01
3.4902902902902901E+05	3.8999953468527188E-01
3.4994994994994998E+05	3.8999968349436298E-01
3.5087087087087089E+05	3.8999952698324358E-01
3.5179179179179179E+05	3.8999938140595097E-01
3.5271271271271270E+05	3.8999902540417930E-01
3.5363363363363361E+05	3.8999877601316979E-01
3.5455455455455458E+05	3.8999853213091623E-01
3.5547547547547548E+05	3.8999831963254378E-01
3.5639639639639639E+05	3.8999825149751283E-01
3.5731731731731730E+05	3.8999811195420137E-01
3.5823823823823826E+05	3.8999816946161903E-01
3.5915915915915917E+05	3.8999813002143324E-01
3.6008008008008008E+05	3.8999821996692674E-01
3.6100100100100099E+05	3.8999831400638335E-01
3.6192192192192195E+05	3.8999834272465855E-01
3.6284284284284286E+05	3.8999857287778189E-01
3.6376376376376377E+05	3.8999849068863179E-01
3.6468468468468467E+05	3.8999876888921997E-01
3.6560560560560558E+05	3.8999863234739485E-01
3.6652652652652655E+05	3.8999881835417233E-01
3.6744744744744746E+05	3.8999874301098730E-01
3.6836836836836836E+05	3.8999877775833830E-01
3.6928928928928927E+05	3.8999878875804411E-01
3.7021021021021024E+05	3.8999872724810941E-01
3.7113113113113114E+05	3.8999877427207302E-01
3.7205205205205205E+05	3.8999869011275473E-01
3.7297297297297296E+05	3.8999871431698174E-01
3.7389389389389392E+05	3.8999865157380975E-01
3.7481481481481483E+05	3.8999862440949912E-01
3.7573573573573574E+05	3.8999860678132897E-01
3.7665665665665665E+05	3.8999852808591978E-01
3.7757757757757755E+05	3.8999854962924435E-01
3.7849849849849852E+05	3.8999844931022087E-01
3.7941941941941943E+05	3.8999847697121476E-01
3.8034034034034034E+05	3.8999841998525414E-01
3.8126126126126124E+05	3.8999839528410490E-01
3.8218218218218221E+05	3.8999844261730104E-01
3.8310310310310312E+05	3.8999831738820079E-01
3.8402402402402402E+05	3.8999847503161061E-01
3.8494494494494493E+05	3.8999827569801854E-01
3.8586586586586590E+05	3.8999846581632874E-01
3.8678678678678680E+05	3.8999832234113113E-01
3.8770770770770771E+05	3.8999847245253194E-01
3.8862862862862862E+05	3.8999851082671205E-01
3.8954954954954953E+05	3.8999864762894032E-01
3.9047047047047049E+05	3.8999888008404215E-01
3.9139139139139140E+05	3.8999904934691454E-01
3.9231231231231231E+05	3.8999936210370451E-01
3.9323323323323322E+05	3.8999947567303306E-01
3.9415415415415418E+05	3.8999957085501752E-01
3.9507507507507509E+05	3.8999942792743969E-01
3.9599599599599600E+05	3.8999917551256824E-01
3.9691691691691690E+05	3.8999895883244284E-01
3.9783783783783787E+05	3.8999865267530659E-01
3.9875875875875878E+05	3.8999854791870670E-01
3.9967967967967968E+05	3.8999835278457295E-01
4.0060060060060059E+05	3.8999832595753309E-01
4.0152152152152150E+05	3.8999830753641046E-01
4.0244244244244247E+05	3.8999825978239205E-01
4.0336336336336337E+05	3.8999842352376951E-01
4.0428428428428428E+05	3.8999829324780216E-01
4.0520520520520519E+05	3.8999854672426881E-01
4.0612612612612615E+05	3.8999838548296695E-01
4.0704704704704706E+05	3.8999857895678014E-01
4.0796796796796797E+05	3.8999849901864675E-01
4.0888888888888888E+05	3.8999855970671882E-01
4.0980980980980984E+05	3.8999859645116208E-01
4.1073073073073075E+05	3.8999856022235069E-01
4.1165165165165166E+05	3.8999866041163678E-01
4.1257257257257256E+05	3.8999859976844220E-01
4.1349349349349347E+05	3.8999868251083292E-01
4.1441441441441444E+05	3.8999866111192455E-01
4.1533533533533535E+05	3.8999867548652495E-01
4.1625625625625625E+05	3.8999871508994888E-01
4.1717717717717716E+05	3.8999865917889892E-01
4.1809809809809813E+05	3.8999873091900383E-01
4.1901901901901903E+05	3.8999865336524653E-01
4.1993993993993994E+05	3.8999870442699908E-01
4.2086086086086085E+05	3.8999866766674735E-01
4.2178178178178181E+05	3.8999863566017612E-01
4.2270270270270272E+05	3.8999868660051507E-01
4.2362362362362363E+05	3.8999852873804713E-01
4.2454454454454454E+05	3.8999865836724246E-01
4.2546546546546544E+05	3.8999840223018301E-01
4.2638638638638641E+05	3.8999851723787765E-01
4.2730730730730732E+05	3.8999829033251709E-01
4.2822822822822822E+05	3.8999831383752226E-01
4.2914914914914913E+05	3.8999822972539122E-01
4.3007007007007010E+05	3.8999819599628344E-01
4.3099099099099101E+05	3.8999826803601362E-01
4.3191191191191191E+05	3.8999827709119878E-01
4.3283283283283282E+05	3.8999847312280800E-01
4.3375375375375379E+05	3.8999861165674488E-01
4.3467467467467469E+05	3.8999888719136971E-01
4.3559559559559560E+05	3.8999915309217398E-01
4.3651651651651651E+05	3.8999938834754672E-01
4.3743743743743742E+05	3.8999958873732660E-01
4.3835835835835838E+05	3.8999952981321062E-01
4.3927927927927929E+05	3.8999943738387521E-01
4.4020020020020020E+05	3.8999915252049167E-01
4.4112112112112110E+05	3.8999895658391093E-01
4.4204204204204207E+05	3.8999877049711656E-01
4.4296296296296298E+05	3.8999856788546461E-01
4.4388388388388389E+05	3.8999858203527044E-01
4.4480480480480479E+05	3.8999834596524779E-01
4.4572572572572576E+05	3.8999849533498754E-01
4.4664664664664667E+05	3.8999826683391631E-01
4.4756756756756757E+05	3.8999840377625777E-01
4.4848848848848848E+05	3.8999828276578596E-01
4.4940940940940939E+05	3.8999832777500743E-01
4.5033033033033035E+05	3.8999834587017979E-01
4.5125125125125126E+05	3.8999832221231590E-01
4.5217217217217217E+05	3.8999842593394651E-01
4.5309309309309308E+05	3.8999839190209135E-01
4.5401401401401404E+05	3.8999850559134791E-01
4.5493493493493495E+05	3.8999851207854286E-01
4.5585585585585586E+05	3.8999857991574088E-01
4.5677677677677677E+05	3.8999864629326408E-01
4.5769769769769773E+05	3.8999864815381469E-01
4.5861861861861864E+05	3.8999876252492549E-01
4.5953953953953955E+05	3.8999872435521621E-01
4.6046046046046045E+05	3.8999883207692687E-01
4.6138138138138136E+05	3.8999881537233955E-01
4.6230230230230233E+05	3.8999883073869546E-01
4.6322322322322323E+05	3.8999890225491468E-01
4.6414414414414414E+05	3.8999876095785979E-01
4.6506506506506505E+05	3.8999890967657813E-01
4.6598598598598602E+05	3.8999863658286221E-01
4.6690690690690692E+05	3.8999874901110387E-01
4.6782782782782783E+05	3.8999848563698641E-01
4.6874874874874874E+05	3.8999846780602071E-01
4.6966966966966970E+05	3.8999832481880237E-01
4.7059059059059061E+05	3.8999820394485679E-01
4.7151151151151152E+05	3.8999818411004600E-01
4.7243243243243243E+05	3.8999805912153640E-01
4.7335335335335333E+05	3.8999812061585187E-01
4.7427427427427430E+05	3.8999808794612745E-01
4.7519519519519521E+05	3.8999819833200428E-01
4.7611611611611611E+05	3.8999832729029760E-01
4.7703703703703702E+05	3.8999849036811118E-01
4.7795795795795799E+05	3.8999879473607357E-01
4.7887887887887890E+05	3.8999901783985585E-01
4.7979979979979980E+05	3.8999939305023379E-01
4.8072072072072071E+05	3.8999958093887338E-01
4.8164164164164168E+05	3.8999972183717574E-01
4.8256256256256258E+05	3.8999967721037576E-01
4.8348348348348349E+05	3.8999940928770954E-01
4.8440440440440440E+05	3.8999929875142281E-01
4.8532532532532531E+05	3.8999888560860319E-01
4.8624624624624627E+05	3.8999886587030491E-01
4.8716716716716718E+05	3.8999849980319495E-01
4.8808808808808809E+05	3.8999849355901689E-01
4.8900900900900899E+05	3.8999828434517309E-01
4.8992992992992996E+05	3.8999823806581924E-01
4.9085085085085087E+05	3.8999819813544828E-01
4.9177177177177178E+05	3.8999813260127375E-01
4.9269269269269268E+05	3.8999819880864317E-01
4.9361361361361365E+05	3.8999815942492538E-01
4.9453453453453456E+05	3.8999825945586447E-01
4.9545545545545546E+05	3.8999828241642348E-01
4.9637637637637637E+05	3.8999836176078023E-01
4.9729729729729728E+05	3.8999845353676071E-01
4.9821821821821824E+05	3.8999849277969678E-01
4.9913913913913915E+05	3.8999863487410402E-01
5.0006006006006006E+05	3.8999865013619983E-01
5.0098098098098097E+05	3.8999878826149281E-01
5.0190190190190193E+05	3.8999882510468936E-01
5.0282282282282284E+05	3.8999888471953292E-01
5.0374374374374375E+05	3.8999899178065167E-01
5.0466466466466465E+05	3.8999890606445753E-01
5.0558558558558562E+05	3.8999907091565528E-01
5.0650650650650653E+05	3.8999884221741499E-01
5.0742742742742744E+05	3.8999897217163859E-01
5.0834834834834834E+05	3.8999871768760014E-01
5.0926926926926925E+05	3.8999871683432746E-01
5.1019019019019022E+05	3.8999854671295253E-01
5.1111111111111112E+05	3.8999841955596060E-01
5.1203203203203203E+05	3.8999835519867498E-01
5.1295295295295294E+05	3.8999818024733218E-01
5.1387387387387390E+05	3.8999817781089807E-01
5.1479479479479481E+05	3.8999804608477417E-01
5.1571571571571572E+05	3.8999805692166073E-01
5.1663663663663663E+05	3.8999804402749888E-01
5.1755755755755759E+05	3.8999806306745333E-01
5.1847847847847850E+05	3.8999819882801112E-01
5.1939939939939941E+05	3.8999826508769414E-01
5.2032032032032032E+05	3.8999853981650240E-01
5.2124124124124122E+05	3.8999872509061234E-01
5.2216216216216219E+05	3.8999907265605727E-01
5.2308308308308310E+05	3.8999940221934021E-01
5.2400400400400400E+05	3.8999963099635931E-01
5.2492492492492497E+05	3.8999992858494725E-01
5.2584584584584588E+05	3.8999973258570797E-01
5.2676676676676678E+05	3.8999974404494686E-01
5.2768768768768769E+05	3.8999925056130003E-01
5.2860860860860860E+05	3.8999909911681596E-01
5.2952952952952951E+05	3.8999872024371279E-01
5.3045045045045041E+05	3.8999851537258368E-01
5.3137137137137132E+05	3.8999835740055477E-01
5.3229229229229235E+05	3.8999816341852567E-01
5.3321321321321325E+05	3.8999815351718531E-01
5.3413413413413416E+05	3.8999803653692572E-01
5.3505505505505507E+05	3.8999808453977214E-01
5.3597597597597598E+05	3.8999807680017112E-01
5.3689689689689688E+05	3.8999812112186211E-01
5.3781781781781779E+05	3.8999821550893549E-01
5.3873873873873870E+05	3.8999824501257702E-01
5.3965965965965972E+05	3.8999840596220198E-01
5.4058058058058063E+05	3.8999844088703978E-01
5.4150150150150154E+05	3.8999860328525049E-01
5.4242242242242245E+05	3.8999868514830494E-01
5.4334334334334335E+05	3.8999877202816663E-01
5.4426426426426426E+05	3.8999893880574793E-01
5.4518518518518517E+05	3.8999888448941500E-01
5.4610610610610608E+05	3.8999910454636233E-01
5.4702702702702698E+05	3.8999892250435619E-01
5.4794794794794801E+05	3.8999908513520409E-01
5.4886886886886891E+05	3.8999888951009926E-01
5.4978978978978982E+05	3.8999889993542447E-01
5.5071071071071073E+05	3.8999877881667810E-01
5.5163163163163164E+05	3.8999866236476705E-01
5.5255255255255254E+05	3.8999860887083315E-01
5.5347347347347345E+05	3.8999844684462592E-01
5.5439439439439436E+05	3.8999841131206903E-01
5.5531531531531527E+05	3.8999826958827200E-01
5.5623623623623629E+05	3.8999822437904091E-01
5.5715715715715720E+05	3.8999815245552522E-01
5.5807807807807811E+05	3.8999809120043338E-01
5.5899899899899901E+05	3.8999811062760470E-01
5.5991991991991992E+05	3.8999805507560636E-01
5.6084084084084083E+05	3.8999816436431983E-01
5.6176176176176174E+05	3.8999818259380736E-01
5.6268268268268264E+05	3.8999834209975626E-01
5.6360360360360367E+05	3.8999852119844947E-01
5.6452452452452458E+05	3.8999867463894206E-01
5.6544544544544548E+05	3.8999906243281074E-01
5.6636636636636639E+05	3.8999917881459334E-01
5.6728728728728730E+05	3.8999965978060330E-01
5.6820820820820821E+05	3.8999967734939367E-01
5.6912912912912911E+05	3.8999989829029902E-01
5.7005005005005002E+05	3.8999967330319202E-01
5.7097097097097093E+05	3.8999943561550843E-01
5.7189189189189195E+05	3.8999912494796024E-01
5.7281281281281286E+05	3.8999875698912995E-01
5.7373373373373377E+05	3.8999856803588601E-01
5.7465465465465467E+05	3.8999828653337942E-01
5.7557557557557558E+05	3.8999820943628710E-01
5.7649649649649649E+05	3.8999807653310337E-01
5.7741741741741740E+05	3.8999804238922653E-01
5.7833833833833830E+05	3.8999806793646791E-01
5.7925925925925921E+05	3.8999804429505780E-01
5.8018018018018024E+05	3.8999818588062918E-01
5.8110110110110114E+05	3.8999818961033500E-01
5.8202202202202205E+05	3.8999835890451490E-01
5.8294294294294296E+05	3.8999844251636739E-01
5.8386386386386387E+05	3.8999854680041984E-01
5.8478478478478477E+05	3.8999874415040531E-01
5.8570570570570568E+05	3.8999871081752380E-01
5.8662662662662659E+05	3.8999897980030629E-01
5.8754754754754761E+05	3.8999882755399823E-01
5.8846846846846852E+05	3.8999904251679590E-01
5.8938938938938943E+05	3.8999888742636951E-01
5.9031031031031033E+05	3.8999894296894555E-01
5.9123123123123124E+05	3.8999887061566646E-01
5.9215215215215215E+05	3.8999878487051082E-01
5.9307307307307306E+05	3.8999878025317875E-01
5.9399399399399396E+05	3.8999863385971323E-01
5.9491491491491487E+05	3.8999863072636248E-01
5.9583583583583590E+05	3.8999850289592347E-01
5.9675675675675680E+05	3.8999845658454363E-01
5.9767767767767771E+05	3.8999839266776021E-01
5.9859859859859862E+05	3.8999829540226011E-01
5.9951951951951953E+05	3.8999829768440736E-01
6.0044044044044043E+05	3.8999818927258029E-01
6.0136136136136134E+05	3.8999823201380179E-01
6.0228228228228225E+05	3.8999818009313258E-01
6.0320320320320316E+05	3.8999821844185129E-01
6.0412412412412418E+05	3.8999828660231378E-01
6.0504504504504509E+05	3.8999828459097474E-01
6.0596596596596600E+05	3.8999851264543783E-01
6.0688688688688690E+05	3.8999847008394489E-01
6.0780780780780781E+05	3.8999881839633893E-01
6.0872872872872872E+05	3.8999882111043221E-01
6.0964964964964963E+05	3.8999918433305186E-01
6.1057057057057053E+05	3.8999932357618505E-01
6.1149149149149156E+05	3.8999956412586900E-01
6.1241241241241246E+05	3.8999968702774551E-01
6.1333333333333337E+05	3.8999958686206104E-01
6.1425425425425428E+05	3.8999944094292860E-01
6.1517517517517519E+05	3.8999908199593669E-01
6.1609609609609609E+05	3.8999884056240164E-01
6.1701701701701700E+05	3.8999855060108435E-01
6.1793793793793791E+05	3.8999835893232693E-01
6.1885885885885882E+05	3.8999824089820362E-01
6.1977977977977984E+05	3.8999811599139195E-01
6.2070070070070075E+05	3.8999814557585372E-01
6.2162162162162166E+05	3.8999808886619364E-01
6.2254254254254256E+05	3.8999819785937168E-01
6.2346346346346347E+05	3.8999823833350183E-01
6.2438438438438438E+05	3.8999832974243770E-01
6.2530530530530529E+05	3.8999849885030946E-01
6.2622622622622619E+05	3.8999847859454195E-01
6.2714714714714710E+05	3.8999875083547408E-01
6.2806806806806813E+05	3.8999861917839546E-01
6.2898898898898903E+05	3.8999886747502727E-01
6.2990990990990994E+05	3.8999873592354678E-01
6.3083083083083085E+05	3.8999884055820055E-01
6.3175175175175176E+05	3.8999880132374132E-01
6.3267267267267266E+05	3.8999876679915696E-01
6.3359359359359357E+05	3.8999880493835776E-01
6.3451451451451448E+05	3.8999870002337461E-01
6.3543543543543550E+05	3.8999874665636425E-01
6.3635635635635641E+05	3.8999864724183669E-01
6.3727727727727732E+05	3.8999864542665652E-01
6.3819819819819822E+05	3.8999859883085553E-01
6.3911911911911913E+05	3.8999852624655812E-01
6.4004004004004004E+05	3.8999854095699549E-01
6.4096096096096095E+05	3.8999842438161320E-01
6.4188188188188185E+05	3.8999846881236983E-01
6.4280280280280276E+05	3.8999837485430039E-01
6.4372372372372379E+05	3.8999838395933545E-01
6.4464464464464469E+05	3.8999839277724163E-01
6.4556556556556560E+05	3.8999830703421473E-01
6.4648648648648651E+05	3.8999845314001352E-01
6.4740740740740742E+05	3.8999826950061350E-01
6.4832832832832832E+05	3.8999848873919357E-01
6.4924924924924923E+05	3.8999832221796726E-01
6.5017017017017014E+05	3.8999851247327744E-01
6.5109109109109105E+05	3.8999851522724238E-01
6.5201201201201207E+05	3.8999866534956168E-01
6.5293293293293298E+05	3.8999887421534085E-01
6.5385385385385389E+05	3.8999904163455201E-01
6.5477477477477479E+05	3.8999934885217608E-01
6.5569569569569570E+05	3.8999947127916346E-01
6.5661661661661661E+05	3.8999958279620089E-01
6.5753753753753752E+05	3.8999944962991473E-01
6.5845845845845842E+05	3.8999921397461407E-01
6.5937937937937945E+05	3.8999897441651654E-01
6.6030030030030035E+05	3.8999867379672692E-01
6.6122122122122126E+05	3.8999854195106581E-01
6.6214214214214217E+05	3.8999833821527202E-01
6.6306306306306308E+05	3.8999830951407632E-01
6.6398398398398398E+05	3.8999826018741712E-01
6.6490490490490489E+05	3.8999824674989791E-01
6.6582582582582580E+05	3.8999836529379706E-01
6.6674674674674671E+05	3.8999829119335216E-01
6.6766766766766773E+05	3.8999852614431302E-01
6.6858858858858864E+05	3.8999839007155740E-01
6.6950950950950955E+05	3.8999861288245102E-01
6.7043043043043045E+05	3.8999850332276059E-01
6.7135135135135136E+05	3.8999861559684401E-01
6.7227227227227227E+05	3.8999860142812087E-01
6.7319319319319318E+05	3.8999860738525732E-01
6.7411411411411408E+05	3.8999866898023994E-01
6.7503503503503499E+05	3.8999861813943176E-01
6.7595595595595601E+05	3.8999870036502748E-01
6.7687687687687692E+05	3.8999865135456102E-01
6.7779779779779783E+05	3.8999869602411386E-01
6.7871871871871874E+05	3.8999868817149058E-01
6.7963963963963964E+05	3.8999866490245161E-01
6.8056056056056055E+05	3.8999870656558833E-01
6.8148148148148146E+05	3.8999863064902668E-01
6.8240240240240237E+05	3.8999869139560284E-01
6.8332332332332339E+05	3.8999861534297220E-01
6.8424424424424430E+05	3.8999863280894004E-01
6.8516516516516521E+05	3.8999862793987178E-01
6.8608608608608611E+05	3.8999853343219759E-01
6.8700700700700702E+05	3.8999863296829196E-01
6.8792792792792793E+05	3.8999840649293011E-01
6.8884884884884884E+05	3.8999855528203131E-01
6.8976976976976974E+05	3.8999829474793357E-01
6.9069069069069065E+05	3.8999838433373929E-01
6.9161161161161168E+05	3.8999823973429254E-01
6.9253253253253258E+05	3.8999824611887329E-01
6.9345345345345349E+05	3.8999828421364191E-01
6.9437437437437440E+05	3.8999828565341454E-01
6.9529529529529531E+05	3.8999848635186762E-01
6.9621621621621621E+05	3.8999858213831190E-01
6.9713713713713712E+05	3.8999887859728510E-01
6.9805805805805803E+05	3.8999911119987712E-01
6.9897897897897894E+05	3.8999936354713988E-01
6.9989989989989996E+05	3.8999956740502617E-01
7.0082082082082087E+05	3.8999951728205856E-01
7.0174174174174177E+05	3.8999944662142472E-01
7.0266266266266268E+05	3.8999914175135547E-01
7.0358358358358359E+05	3.8999896449071619E-01
7.0450450450450450E+05	3.8999874245939559E-01
7.0542542542542540E+05	3.8999856473935329E-01
7.0634634634634631E+05	3.8999855196287253E-01
7.0726726726726722E+05	3.8999834569613528E-01
7.0818818818818824E+05	3.8999849787792346E-01
7.0910910910910915E+05	3.8999827195367681E-01
7.1003003003003006E+05	3.8999844436156367E-01
7.1095095095095097E+05	3.8999829642585571E-01
7.1187187187187187E+05	3.8999837492835387E-01
7.1279279279279278E+05	3.8999836658733028E-01
7.1371371371371369E+05	3.8999835319436821E-01
7.1463463463463460E+05	3.8999844170835785E-01
7.1555555555555562E+05	3.8999840675897013E-01
7.1647647647647653E+05	3.8999851305863076E-01
7.1739739739739744E+05	3.8999851266263386E-01
7.1831831831831834E+05	3.8999857875784716E-01
7.1923923923923925E+05	3.8999862891082604E-01
7.2016016016016016E+05	3.8999864241452714E-01
7.2108108108108107E+05	3.8999873184395201E-01
7.2200200200200197E+05	3.8999870699495315E-01
7.2292292292292288E+05	3.8999879956609174E-01
7.2384384384384390E+05	3.8999877416268303E-01
7.2476476476476481E+05	3.8999881475323683E-01
7.2568568568568572E+05	3.8999884633409065E-01
7.2660660660660663E+05	3.8999876534247852E-01
7.2752752752752753E+05	3.8999887508733694E-01
7.2844844844844844E+05	3.8999865288459656E-01
7.2936936936936935E+05	3.8999877719742615E-01
7.3029029029029026E+05	3.8999850280012766E-01
7.3121121121121116E+05	3.8999853597134204E-01
7.3213213213213219E+05	3.8999834082734003E-01
7.3305305305305310E+05	3.8999826808503196E-01
7.3397397397397400E+05	3.8999820261093276E-01
7.3489489489489491E+05	3.8999809584824163E-01
7.3581581581581582E+05	3.8999813766363556E-01
7.3673673673673673E+05	3.8999808623759380E-01
7.3765765765765763E+05	3.8999820998200918E-01
7.3857857857857854E+05	3.8999829277536630E-01
7.3949949949949956E+05	3.8999848361892203E-01
7.4042042042042047E+05	3.8999874005967317E-01
7.4134134134134138E+05	3.8999897700875935E-01
7.4226226226226229E+05	3.8999934453463536E-01
7.4318318318318320E+05	3.8999952081570960E-01
7.4410410410410410E+05	3.8999971238947539E-01
7.4502502502502501E+05	3.8999962959923390E-01
7.4594594594594592E+05	3.8999943125873487E-01
7.4686686686686683E+05	3.8999927787833111E-01
7.4778778778778785E+05	3.8999890662522996E-01
7.4870870870870876E+05	3.8999889161211254E-01
7.4962962962962966E+05	3.8999850880998099E-01
7.5055055055055057E+05	3.8999855840325154E-01
7.5147147147147148E+05	3.8999829713163486E-01
7.5239239239239239E+05	3.8999829916608314E-01
7.5331331331331329E+05	3.8999821975902338E-01
7.5423423423423420E+05	3.8999816299676177E-01
7.5515515515515511E+05	3.8999822389100208E-01
7.5607607607607613E+05	3.8999816400676529E-01
7.5699699699699704E+05	3.8999827933700704E-01
7.5791791791791795E+05	3.8999826971207163E-01
7.5883883883883886E+05	3.8999836362051238E-01
7.5975975975975976E+05	3.8999843564788383E-01
7.6068068068068067E+05	3.8999847494228285E-01
7.6160160160160158E+05	3.8999861600928692E-01
7.6252252252252249E+05	3.8999861293111482E-01
7.6344344344344351E+05	3.8999876378424092E-01
7.6436436436436442E+05	3.8999877729384574E-01
7.6528528528528532E+05	3.8999886053682026E-01
7.6620620620620623E+05	3.8999894597489881E-01
7.6712712712712714E+05	3.8999889012236066E-01
7.6804804804804805E+05	3.8999904876544828E-01
7.6896896896896895E+05	3.8999884711082539E-01
7.6988988988988986E+05	3.8999899835186957E-01
7.7081081081081077E+05	3.8999873985541861E-01
7.7173173173173179E+05	3.8999877018850237E-01
7.7265265265265270E+05	3.8999857700068857E-01
7.7357357357357361E+05	3.8999847389450548E-01
7.7449449449449452E+05	3.8999838449407681E-01
7.7541541541541542E+05	3.8999821942662510E-01
7.7633633633633633E+05	3.8999819720062889E-01
7.7725725725725724E+05	3.8999806323437664E-01
7.7817817817817815E+05	3.8999806923238106E-01
7.7909909909909905E+05	3.8999803728758076E-01
7.8002002002002008E+05	3.8999806213696747E-01
7.8094094094094099E+05	3.8999816584509367E-01
7.8186186186186189E+05	3.8999824339349110E-01
7.8278278278278280E+05	3.8999849084411886E-01
7.8370370370370371E+05	3.8999867404534166E-01
7.8462462462462462E+05	3.8999902009912485E-01
7.8554554554554552E+05	3.8999932225046641E-01
7.8646646646646643E+05	3.8999960178699811E-01
7.8738738738738745E+05	3.8999986831924077E-01
7.8830830830830836E+05	3.8999975143754229E-01
7.8922922922922927E+05	3.8999975330946962E-01
7.9015015015015018E+05	3.8999928303128584E-01
7.9107107107107108E+05	3.8999916572247423E-01
7.9199199199199199E+05	3.8999874223431008E-01
7.9291291291291290E+05	3.8999859263355890E-01
7.9383383383383381E+05	3.8999837228039402E-01
7.9475475475475471E+05	3.8999821398014450E-01
7.9567567567567574E+05	3.8999817506971352E-01
7.9659659659659665E+05	3.8999805328814208E-01
7.9751751751751755E+05	3.8999811045294197E-01
7.9843843843843846E+05	3.8999806441290041E-01
7.9935935935935937E+05	3.8999814085073103E-01
8.0028028028028028E+05	3.8999819336270503E-01
8.0120120120120118E+05	3.8999824642164271E-01
8.0212212212212209E+05	3.8999838531866310E-01
8.0304304304304300E+05	3.8999841106412036E-01
8.0396396396396402E+05	3.8999858887235728E-01
8.0488488488488493E+05	3.8999863010153646E-01
8.0580580580580584E+05	3.8999876557671331E-01
8.0672672672672675E+05	3.8999887605731376E-01
8.0764764764764765E+05	3.8999887788015103E-01
8.0856856856856856E+05	3.8999907791818228E-01
8.0948948948948947E+05	3.8999891660490732E-01
8.1041041041041038E+05	3.8999912309143503E-01
8.1133133133133140E+05	3.8999888743841099E-01
8.1225225225225231E+05	3.8999896249346105E-01
8.1317317317317321E+05	3.8999879388913478E-01
8.1409409409409412E+05	3.8999870764541616E-01
8.1501501501501503E+05	3.8999863956129216E-01
8.1593593593593594E+05	3.8999846262741406E-01
8.1685685685685684E+05	3.8999843962213165E-01
8.1777777777777775E+05	3.8999827163025058E-01
8.1869869869869866E+05	3.8999823992177057E-01
8.1961961961961968E+05	3.8999814793402815E-01
8.2054054054054059E+05	3.8999808665602698E-01
8.2146146146146150E+05	3.8999809785771583E-01
8.2238238238238241E+05	3.8999803367781699E-01
8.2330330330330331E+05	3.8999814325566379E-01
8.2422422422422422E+05	3.8999814233232039E-01
8.2514514514514513E+05	3.8999830981819339E-01
8.2606606606606604E+05	3.8999846168614793E-01
8.2698698698698694E+05	3.8999864113456634E-01
8.2790790790790797E+05	3.8999900247792973E-01
8.2882882882882887E+05	3.8999914804762659E-01
8.2974974974974978E+05	3.8999963313051994E-01
8.3067067067067069E+05	3.8999966736170294E-01
8.3159159159159160E+05	3.8999993615660483E-01
8.3251251251251251E+05	3.8999971169626180E-01
8.3343343343343341E+05	3.8999950973004682E-01
8.3435435435435432E+05	3.8999917534913292E-01
8.3527527527527534E+05	3.8999882256220592E-01
8.3619619619619625E+05	3.8999860591461682E-01
8.3711711711711716E+05	3.8999832707694870E-01
8.3803803803803807E+05	3.8999823040991594E-01
8.3895895895895897E+05	3.8999808457240109E-01
8.3987987987987988E+05	3.8999805358687628E-01
8.4080080080080079E+05	3.8999804842184743E-01
8.4172172172172170E+05	3.8999804393951149E-01
8.4264264264264260E+05	3.8999814879829869E-01
8.4356356356356363E+05	3.8999816377594326E-01
8.4448448448448454E+05	3.8999832542270735E-01
8.4540540540540544E+05	3.8999838833359113E-01
8.4632632632632635E+05	3.8999852616428060E-01
8.4724724724724726E+05	3.8999867493914586E-01
8.4816816816816817E+05	3.8999870369102907E-01
8.4908908908908907E+05	3.8999893980677564E-01
8.5001001001000998E+05	3.8999883015366116E-01
8.5093093093093089E+05	3.8999906430201076E-01
8.5185185185185191E+05	3.8999889002132254E-01
8.5277277277277282E+05	3.8999900337746557E-01
8.5369369369369373E+05	3.8999887963224900E-01
8.5461461461461463E+05	3.8999884534236440E-01
8.5553553553553554E+05	3.8999879809473076E-01
8.5645645645645645E+05	3.8999866640570924E-01
8.5737737737737736E+05	3.8999866025456281E-01
8.5829829829829826E+05	3.8999850672556791E-01
8.5921921921921929E+05	3.8999848977035229E-01
8.6014014014014020E+05	3.8999837854328606E-01
8.6106106106106110E+05	3.8999831094760251E-01
8.6198198198198201E+05	3.8999828238412354E-01
8.6290290290290292E+05	3.8999817576265905E-01
8.6382382382382383E+05	3.8999822254709110E-01
8.6474474474474473E+05	3.8999813437137665E-01
8.6566566566566564E+05	3.8999820755961540E-01
8.6658658658658655E+05	3.8999822603757983E-01
8.6750750750750757E+05	3.8999826930999520E-01
8.6842842842842848E+05	3.8999846295069895E-01
8.6934934934934939E+05	3.8999844849669091E-01
8.7027027027027030E+05	3.8999880780232443E-01
8.7119119119119120E+05	3.8999879689579386E-01
8.7211211211211211E+05	3.8999921274346527E-01
8.7303303303303302E+05	3.8999930904947511E-01
8.7395395395395393E+05	3.8999959698973979E-01
8.7487487487487483E+05	3.8999970454078231E-01
8.7579579579579586E+05	3.8999962561361090E-01
8.7671671671671676E+05	3.8999949290386610E-01
8.7763763763763767E+05	3.8999911593261327E-01
8.7855855855855858E+05	3.8999888449137149E-01
8.7947947947947949E+05	3.8999856831741503E-01
8.8040040040040039E+05	3.8999837776864688E-01
8.8132132132132130E+05	3.8999824490627255E-01
8.8224224224224221E+05	3.8999810793701994E-01
8.8316316316316323E+05	3.8999813131905153E-01
8.8408408408408414E+05	3.8999806151135075E-01
8.8500500500500505E+05	3.8999816972316775E-01
8.8592592592592596E+05	3.8999819485039994E-01
8.8684684684684686E+05	3.8999829864343338E-01
8.8776776776776777E+05	3.8999844443666298E-01
8.8868868868868868E+05	3.8999846175240377E-01
8.8960960960960959E+05	3.8999871676171510E-01
8.9053053053053049E+05	3.8999861946910425E-01
8.9145145145145152E+05	3.8999888115403947E-01
8.9237237237237243E+05	3.8999874558591918E-01
8.9329329329329333E+05	3.8999888738004973E-01
8.9421421421421424E+05	3.8999881827814892E-01
8.9513513513513515E+05	3.8999881438154788E-01
8.9605605605605606E+05	3.8999882119672968E-01
8.9697697697697696E+05	3.8999873256598533E-01
8.9789789789789787E+05	3.8999876242432358E-01
8.9881881881881878E+05	3.8999866192127430E-01
8.9973973973973980E+05	3.8999866028199787E-01
9.0066066066066071E+05	3.8999859123827002E-01
9.0158158158158162E+05	3.8999853781411092E-01
9.0250250250250252E+05	3.8999851813727665E-01
9.0342342342342343E+05	3.8999842399757945E-01
9.0434434434434434E+05	3.8999844283145407E-01
9.0526526526526525E+05	3.8999834519385007E-01
9.0618618618618615E+05	3.8999837009661681E-01
9.0710710710710718E+05	3.8999833568196612E-01
9.0802802802802809E+05	3.8999830843360744E-01
9.0894894894894899E+05	3.8999839890148152E-01
9.0986986986986990E+05	3.8999827416406874E-01
9.1079079079079081E+05	3.8999848473749599E-01
9.1171171171171172E+05	3.8999831962464504E-01
9.1263263263263262E+05	3.8999855846337139E-01
9.1355355355355353E+05	3.8999850568597272E-01
9.1447447447447444E+05	3.8999871309469786E-01
9.1539539539539546E+05	3.8999886777436393E-01
9.1631631631631637E+05	3.8999906161915626E-01
9.1723723723723728E+05	3.8999935308192896E-01
9.1815815815815818E+05	3.8999946774354283E-01
9.1907907907907909E+05	3.8999961014503876E-01
9.2000000000000000E+05	3.8999945155419330E-01
