3.0517669767141342E-01	3.7531250000000000E+01
8.4063056483864784E+00	3.7582031250000000E+01
1.6484711907804012E+01	3.7589843750000000E+01
2.4568294242024422E+01	3.7593750000000000E+01
3.2691271737217903E+01	3.7593750000000000E+01
4.0808706440031528E+01	3.7593750000000000E+01
4.8919580161571503E+01	3.7593750000000000E+01
5.6994938880205154E+01	3.7593750000000000E+01
6.5083058610558510E+01	3.7593750000000000E+01
7.3181926280260086E+01	3.7593750000000000E+01
8.1280256256461143E+01	3.7593750000000000E+01
8.9366477891802788E+01	3.7593750000000000E+01
9.7454722218215466E+01	3.7593750000000000E+01
1.0557856928557158E+02	3.7593750000000000E+01
1.1370035161823034E+02	3.7593750000000000E+01
1.2179944470524788E+02	3.7593750000000000E+01
1.2987439003586769E+02	3.7593750000000000E+01
1.3796485350281000E+02	3.7593750000000000E+01
1.4606644356250763E+02	3.7601562500000000E+01
1.5416440927237272E+02	3.7601562500000000E+01
1.6224242145568132E+02	3.7601562500000000E+01
1.7034368319064379E+02	3.7601562500000000E+01
1.7846696227043867E+02	3.7601562500000000E+01
1.8657897298038006E+02	3.7601562500000000E+01
1.9466090450435877E+02	3.7601562500000000E+01
2.0273630847781897E+02	3.7601562500000000E+01
2.1083034507930279E+02	3.7601562500000000E+01
2.1893079306185246E+02	3.7601562500000000E+01
2.2702805308252573E+02	3.7601562500000000E+01
2.3510479507595301E+02	3.7601562500000000E+01
2.4321284900605679E+02	3.7601562500000000E+01
2.5132374639809132E+02	3.7601562500000000E+01
2.5942098314315081E+02	3.7601562500000000E+01
2.6749465359747410E+02	3.7605468750000000E+01
2.7557184883952141E+02	3.7605468750000000E+01
2.8365887468308210E+02	3.7605468750000000E+01
2.9175472477078438E+02	3.7605468750000000E+01
2.9984824066609144E+02	3.7605468750000000E+01
3.0792375537753105E+02	3.7605468750000000E+01
3.1602580805867910E+02	3.7605468750000000E+01
3.2412288409471512E+02	3.7605468750000000E+01
3.3221355824172497E+02	3.7605468750000000E+01
3.4027913663536310E+02	3.7605468750000000E+01
3.4834903467446566E+02	3.7605468750000000E+01
3.5643753568828106E+02	3.7605468750000000E+01
3.6454149977117777E+02	3.7605468750000000E+01
3.7262943613529205E+02	3.7605468750000000E+01
3.8070661149173975E+02	3.7605468750000000E+01
3.8880802107602358E+02	3.7605468750000000E+01
3.9690416902303696E+02	3.7605468750000000E+01
4.0498251911252737E+02	3.7605468750000000E+01
4.1304371315240860E+02	3.7605468750000000E+01
4.2111995717138052E+02	3.7605468750000000E+01
4.2921322019398212E+02	3.7605468750000000E+01
4.3731773694604635E+02	3.7605468750000000E+01
4.4540021390467882E+02	3.7605468750000000E+01
4.5347179496288300E+02	3.7605468750000000E+01
4.6155944572389126E+02	3.7605468750000000E+01
4.6964497338980436E+02	3.7605468750000000E+01
4.7771138688176870E+02	3.7605468750000000E+01
4.8577235683798790E+02	3.7605468750000000E+01
4.9384779481589794E+02	3.7605468750000000E+01
5.0194844947010279E+02	3.7605468750000000E+01
5.1005674379318953E+02	3.7605468750000000E+01
5.1812779024243355E+02	3.7605468750000000E+01
5.2620262839645147E+02	3.7605468750000000E+01
5.3429067808389664E+02	3.7605468750000000E+01
5.4236418846994638E+02	3.7605468750000000E+01
5.5042962875217199E+02	3.7605468750000000E+01
5.5848910649120808E+02	3.7605468750000000E+01
5.6657855152338743E+02	3.7605468750000000E+01
5.7468534337729216E+02	3.7605468750000000E+01
5.8277906892448664E+02	3.7605468750000000E+01
5.9083603183925152E+02	3.7605468750000000E+01
5.9891276153922081E+02	3.7605468750000000E+01
6.0699509792029858E+02	3.7605468750000000E+01
6.1507125370204449E+02	3.7605468750000000E+01
6.2312661978602409E+02	3.7605468750000000E+01
6.3119024635851383E+02	3.7605468750000000E+01
6.3928452610969543E+02	3.7605468750000000E+01
6.4738955517113209E+02	3.7605468750000000E+01
6.5546711992472410E+02	3.7605468750000000E+01
6.6351657366007566E+02	3.7605468750000000E+01
6.7158983049541712E+02	3.7605468750000000E+01
6.7967257940024137E+02	3.7605468750000000E+01
6.8774194665998220E+02	3.7605468750000000E+01
6.9579591754078865E+02	3.7605468750000000E+01
7.0386505399644375E+02	3.7605468750000000E+01
7.1196640123426914E+02	3.7605468750000000E+01
7.2005915363132954E+02	3.7605468750000000E+01
7.2812625380605459E+02	3.7605468750000000E+01
7.3617704710364342E+02	3.7605468750000000E+01
7.4425152506679296E+02	3.7605468750000000E+01
7.5233353213965893E+02	3.7605468750000000E+01
7.6039464227110147E+02	3.7605468750000000E+01
7.6844118997454643E+02	3.7605468750000000E+01
7.7651548863947392E+02	3.7605468750000000E+01
7.8461766507476568E+02	3.7605468750000000E+01
7.9270941171795130E+02	3.7605468750000000E+01
8.0076700302213430E+02	3.7605468750000000E+01
8.0881674415618181E+02	3.7605468750000000E+01
8.1688986581563950E+02	3.7605468750000000E+01
8.2496328978240490E+02	3.7605468750000000E+01
8.3302738959342241E+02	3.7605468750000000E+01
8.4108057628571987E+02	3.7605468750000000E+01
8.4916702633351088E+02	3.7605468750000000E+01
8.5726393421739340E+02	3.7605468750000000E+01
8.6534588671475649E+02	3.7605468750000000E+01
8.7339743968844414E+02	3.7605468750000000E+01
8.8145276915282011E+02	3.7605468750000000E+01
8.8952409684658051E+02	3.7605468750000000E+01
8.9759717009216547E+02	3.7605468750000000E+01
9.0566348472237587E+02	3.7605468750000000E+01
9.1371410307288170E+02	3.7605468750000000E+01
9.2180529350787401E+02	3.7605468750000000E+01
9.2988959091156721E+02	3.7605468750000000E+01
9.3795848963409662E+02	3.7605468750000000E+01
9.4600648086518049E+02	3.7605468750000000E+01
9.5406526602804661E+02	3.7605468750000000E+01
9.6213704138249159E+02	3.7605468750000000E+01
9.7021168791502714E+02	3.7605468750000000E+01
9.7827183306217194E+02	3.7605468750000000E+01
9.8632955449819565E+02	3.7605468750000000E+01
9.9441741798073053E+02	3.7605468750000000E+01
1.0024955882430077E+03	3.7605468750000000E+01
1.0105521903336048E+03	3.7605468750000000E+01
1.0185925490707159E+03	3.7605468750000000E+01
1.0266558822467923E+03	3.7605468750000000E+01
1.0347251264229417E+03	3.7605468750000000E+01
1.0427992118522525E+03	3.7605468750000000E+01
1.0508515738397837E+03	3.7605468750000000E+01
1.0589154579117894E+03	3.7605468750000000E+01
1.0669992904439569E+03	3.7605468750000000E+01
1.0750723516717553E+03	3.7605468750000000E+01
1.0831257511824369E+03	3.7605468750000000E+01
1.0911698957458138E+03	3.7605468750000000E+01
1.0992358552888036E+03	3.7605468750000000E+01
1.1073142769634724E+03	3.7605468750000000E+01
1.1153899050801992E+03	3.7605468750000000E+01
1.1234344022795558E+03	3.7605468750000000E+01
1.1315031479373574E+03	3.7605468750000000E+01
1.1395793271586299E+03	3.7605468750000000E+01
1.1476351252123713E+03	3.7605468750000000E+01
1.1556791950240731E+03	3.7605468750000000E+01
1.1637235137000680E+03	3.7605468750000000E+01
1.1717892031744123E+03	3.7605468750000000E+01
1.1798676464632154E+03	3.7605468750000000E+01
1.1879299579113722E+03	3.7605468750000000E+01
1.1959699990823865E+03	3.7605468750000000E+01
1.2040385577827692E+03	3.7605468750000000E+01
1.2121038708537817E+03	3.7605468750000000E+01
1.2201632182300091E+03	3.7605468750000000E+01
1.2282028442546725E+03	3.7605468750000000E+01
1.2362558673843741E+03	3.7605468750000000E+01
1.2443252256885171E+03	3.7605468750000000E+01
1.2524063732847571E+03	3.7605468750000000E+01
1.2604604055508971E+03	3.7605468750000000E+01
1.2685012347027659E+03	3.7605468750000000E+01
1.2765654428154230E+03	3.7605468750000000E+01
1.2846295953541994E+03	3.7605468750000000E+01
1.2926869144439697E+03	3.7605468750000000E+01
1.3007222510725260E+03	3.7605468750000000E+01
1.3087754288390279E+03	3.7605468750000000E+01
1.3168547003567219E+03	3.7605468750000000E+01
1.3249369025677443E+03	3.7605468750000000E+01
1.3329805674180388E+03	3.7605468750000000E+01
1.3410249235928059E+03	3.7605468750000000E+01
1.3490872634872794E+03	3.7605468750000000E+01
1.3571509557366371E+03	3.7605468750000000E+01
1.3651931720823050E+03	3.7605468750000000E+01
1.3732251330316067E+03	3.7605468750000000E+01
1.3812705734968185E+03	3.7605468750000000E+01
1.3893550795912743E+03	3.7605468750000000E+01
1.3974240428283811E+03	3.7605468750000000E+01
1.4054592097029090E+03	3.7605468750000000E+01
1.4135084463953972E+03	3.7605468750000000E+01
1.4215647291615605E+03	3.7605468750000000E+01
1.4296157835721970E+03	3.7605468750000000E+01
1.4376537013947964E+03	3.7605468750000000E+01
1.4456858303174376E+03	3.7605468750000000E+01
1.4537555430158973E+03	3.7605468750000000E+01
1.4618399867340922E+03	3.7605468750000000E+01
1.4698959438055754E+03	3.7605468750000000E+01
1.4779244459122419E+03	3.7605468750000000E+01
1.4859684780240059E+03	3.7605468750000000E+01
1.4940242143124342E+03	3.7605468750000000E+01
1.5020780916586518E+03	3.7605468750000000E+01
1.5101081021875143E+03	3.7605468750000000E+01
1.5181426740139723E+03	3.7605468750000000E+01
1.5262150786668062E+03	3.7605468750000000E+01
1.5342930277287960E+03	3.7605468750000000E+01
1.5423389482870698E+03	3.7605468750000000E+01
1.5503600519895554E+03	3.7605468750000000E+01
1.5584027061909437E+03	3.7605468750000000E+01
1.5664583921805024E+03	3.7605468750000000E+01
1.5745066822990775E+03	3.7605468750000000E+01
1.5825318341255188E+03	3.7605468750000000E+01
1.5905770679414272E+03	3.7605468750000000E+01
1.5986503134146333E+03	3.7605468750000000E+01
1.6067182376459241E+03	3.7605468750000000E+01
1.6147526951059699E+03	3.7605468750000000E+01
1.6227621880471706E+03	3.7605468750000000E+01
1.6308072291836143E+03	3.7605468750000000E+01
1.6388578182682395E+03	3.7605468750000000E+01
1.6469049715399742E+03	3.7605468750000000E+01
1.6549146637544036E+03	3.7605468750000000E+01
1.6629663664698601E+03	3.7605468750000000E+01
1.6710393811017275E+03	3.7605468750000000E+01
1.6790991446748376E+03	3.7605468750000000E+01
1.6871280673742294E+03	3.7605468750000000E+01
1.6951542458087206E+03	3.7605468750000000E+01
1.7031927183941007E+03	3.7605468750000000E+01
1.7112447322085500E+03	3.7605468750000000E+01
1.7192901420518756E+03	3.7605468750000000E+01
1.7273036099895835E+03	3.7605468750000000E+01
1.7353576134964824E+03	3.7605468750000000E+01
1.7434225572124124E+03	3.7605468750000000E+01
1.7514714261814952E+03	3.7605468750000000E+01
1.7594948107078671E+03	3.7605468750000000E+01
1.7675159703865647E+03	3.7605468750000000E+01
1.7755612188279629E+03	3.7605468750000000E+01
1.7836146484911442E+03	3.7605468750000000E+01
1.7916525964662433E+03	3.7605468750000000E+01
1.7996559560149908E+03	3.7605468750000000E+01
1.8077162151634693E+03	3.7605468750000000E+01
1.8157682886496186E+03	3.7605468750000000E+01
1.8238108287602663E+03	3.7605468750000000E+01
1.8318275287151337E+03	3.7605468750000000E+01
1.8398561224490404E+03	3.7605468750000000E+01
1.8479040553420782E+03	3.7605468750000000E+01
1.8559619226306677E+03	3.7605468750000000E+01
1.8639871073290706E+03	3.7605468750000000E+01
1.8719992950633168E+03	3.7605468750000000E+01
1.8800518760308623E+03	3.7605468750000000E+01
1.8880981310978532E+03	3.7605468750000000E+01
1.8961343245208263E+03	3.7605468750000000E+01
1.9041297557204962E+03	3.7605468750000000E+01
1.9121558199524879E+03	3.7605468750000000E+01
1.9202088763564825E+03	3.7605468750000000E+01
1.9282677810788155E+03	3.7605468750000000E+01
1.9362819779887795E+03	3.7605468750000000E+01
1.9442979445606470E+03	3.7605468750000000E+01
1.9523451703339815E+03	3.7605468750000000E+01
1.9603869641497731E+03	3.7605468750000000E+01
1.9684116170182824E+03	3.7605468750000000E+01
1.9764067628681660E+03	3.7605468750000000E+01
1.9844382420778275E+03	3.7605468750000000E+01
1.9925018706992269E+03	3.7605468750000000E+01
2.0005493876338005E+03	3.7605468750000000E+01
2.0085634896606207E+03	3.7605468750000000E+01
2.0165780507549644E+03	3.7605468750000000E+01
2.0246219370961189E+03	3.7605468750000000E+01
2.0326631447300315E+03	3.7605468750000000E+01
2.0406735987514257E+03	3.7605468750000000E+01
2.0486730955988169E+03	3.7605468750000000E+01
2.0567093194648623E+03	3.7605468750000000E+01
2.0647785654813051E+03	3.7605468750000000E+01
2.0728160987719893E+03	3.7605468750000000E+01
2.0808148061484098E+03	3.7605468750000000E+01
2.0888274854570627E+03	3.7605468750000000E+01
2.0968666556552052E+03	3.7605468750000000E+01
2.1049029982313514E+03	3.7605468750000000E+01
2.1129060089290142E+03	3.7605468750000000E+01
2.1209141399562359E+03	3.7605468750000000E+01
2.1289379066675901E+03	3.7605468750000000E+01
2.1369943467080593E+03	3.7605468750000000E+01
2.1450199769064784E+03	3.7605468750000000E+01
2.1530244171842933E+03	3.7605468750000000E+01
2.1610408614799380E+03	3.7605468750000000E+01
2.1690818674862385E+03	3.7605468750000000E+01
2.1771064514517784E+03	3.7605468750000000E+01
2.1851118096336722E+03	3.7605468750000000E+01
2.1931349897682667E+03	3.7605468750000000E+01
2.2011794719398022E+03	3.7605468750000000E+01
2.2092281483858824E+03	3.7605468750000000E+01
2.2172473149746656E+03	3.7605468750000000E+01
2.2252452840656042E+03	3.7605468750000000E+01
2.2332601819038391E+03	3.7605468750000000E+01
2.2412971590831876E+03	3.7605468750000000E+01
2.2493107565864921E+03	3.7605468750000000E+01
2.2573168112561107E+03	3.7605468750000000E+01
2.2653447319567204E+03	3.7605468750000000E+01
2.2733944543749094E+03	3.7605468750000000E+01
2.2814334956705570E+03	3.7605468750000000E+01
2.2894434488192201E+03	3.7605468750000000E+01
2.2974445246830583E+03	3.7605468750000000E+01
2.3054633172675967E+03	3.7605468750000000E+01
2.3134923890233040E+03	3.7605468750000000E+01
2.3215087138786912E+03	3.7605468750000000E+01
2.3295070314630866E+03	3.7605468750000000E+01
2.3375340209454298E+03	3.7605468750000000E+01
2.3455804291218519E+03	3.7605468750000000E+01
2.3536080242022872E+03	3.7605468750000000E+01
2.3616022918298841E+03	3.7605468750000000E+01
2.3696061207875609E+03	3.7605468750000000E+01
2.3776200310066342E+03	3.7605468750000000E+01
2.3856435925140977E+03	3.7605468750000000E+01
2.3936620008796453E+03	3.7605468750000000E+01
2.4016667288094759E+03	3.7605468750000000E+01
2.4097080728709698E+03	3.7605468750000000E+01
2.4177411815524101E+03	3.7605468750000000E+01
2.4257609241455793E+03	3.7605468750000000E+01
2.4337603361234069E+03	3.7605468750000000E+01
2.4417637744620442E+03	3.7605468750000000E+01
2.4497821533679962E+03	3.7605468750000000E+01
2.4578073256835341E+03	3.7605468750000000E+01
2.4658242721259594E+03	3.7605468750000000E+01
2.4738434052169323E+03	3.7605468750000000E+01
2.4818843112587929E+03	3.7605468750000000E+01
2.4899111199602485E+03	3.7605468750000000E+01
2.4979258914664388E+03	3.7605468750000000E+01
2.5059035385102034E+03	3.7605468750000000E+01
2.5139162851870060E+03	3.7605468750000000E+01
2.5219392404854298E+03	3.7605468750000000E+01
2.5299713578820229E+03	3.7605468750000000E+01
2.5379917238205671E+03	3.7605468750000000E+01
2.5460217042714357E+03	3.7605468750000000E+01
2.5540633346810937E+03	3.7605468750000000E+01
2.5620872285440564E+03	3.7605468750000000E+01
2.5700941625311971E+03	3.7605468750000000E+01
2.5780922933369875E+03	3.7605468750000000E+01
2.5861052972152829E+03	3.7605468750000000E+01
2.5941346858143806E+03	3.7605468750000000E+01
2.6021699733361602E+03	3.7605468750000000E+01
2.6101805752962828E+03	3.7605468750000000E+01
2.6182133749499917E+03	3.7605468750000000E+01
2.6262398849502206E+03	3.7605468750000000E+01
2.6342578111067414E+03	3.7605468750000000E+01
2.6422619212195277E+03	3.7605468750000000E+01
2.6502559878155589E+03	3.7605468750000000E+01
2.6582786740809679E+03	3.7605468750000000E+01
2.6663184784576297E+03	3.7605468750000000E+01
2.6743546864241362E+03	3.7605468750000000E+01
2.6823633231297135E+03	3.7605468750000000E+01
2.6903875220417976E+03	3.7605468750000000E+01
2.6984127138331532E+03	3.7605468750000000E+01
2.7064311836659908E+03	3.7605468750000000E+01
2.7144313371554017E+03	3.7605468750000000E+01
2.7224368185922503E+03	3.7605468750000000E+01
2.7304661093130708E+03	3.7605468750000000E+01
2.7385118093341589E+03	3.7605468750000000E+01
2.7465419135540724E+03	3.7605468750000000E+01
2.7545512035712600E+03	3.7605468750000000E+01
2.7625742137953639E+03	3.7605468750000000E+01
2.7705970135852695E+03	3.7605468750000000E+01
2.7786079537421465E+03	3.7605468750000000E+01
2.7866082844361663E+03	3.7605468750000000E+01
2.7946277911514044E+03	3.7605468750000000E+01
2.8026669562906027E+03	3.7605468750000000E+01
2.8107099713832140E+03	3.7605468750000000E+01
2.8187295733764768E+03	3.7605468750000000E+01
2.8267393014803529E+03	3.7605468750000000E+01
2.8347611819058657E+03	3.7605468750000000E+01
2.8427871387824416E+03	3.7605468750000000E+01
2.8507935873568058E+03	3.7605468750000000E+01
2.8587978839278221E+03	3.7605468750000000E+01
2.8668216303661466E+03	3.7605468750000000E+01
2.8748706443831325E+03	3.7605468750000000E+01
2.8829190296307206E+03	3.7605468750000000E+01
2.8909320911392570E+03	3.7605468750000000E+01
2.8989411415234208E+03	3.7605468750000000E+01
2.9069636557474732E+03	3.7605468750000000E+01
2.9149874714165926E+03	3.7605468750000000E+01
2.9229989153593779E+03	3.7605468750000000E+01
2.9310025069564581E+03	3.7605468750000000E+01
2.9390399864614010E+03	3.7605468750000000E+01
2.9470904331281781E+03	3.7605468750000000E+01
2.9551283336952329E+03	3.7605468750000000E+01
2.9631377999559045E+03	3.7605468750000000E+01
2.9711494397073984E+03	3.7605468750000000E+01
2.9791714165210724E+03	3.7605468750000000E+01
2.9871902383342385E+03	3.7605468750000000E+01
2.9951971331015229E+03	3.7605468750000000E+01
3.0032079989984632E+03	3.7605468750000000E+01
3.0112518346756697E+03	3.7605468750000000E+01
3.0192974160313606E+03	3.7605468750000000E+01
3.0273223623484373E+03	3.7605468750000000E+01
3.0353221892118454E+03	3.7605468750000000E+01
3.0433320159241557E+03	3.7605468750000000E+01
3.0513569522500038E+03	3.7605468750000000E+01
3.0593744791224599E+03	3.7605468750000000E+01
3.0673786368519068E+03	3.7605468750000000E+01
3.0753942559286952E+03	3.7605468750000000E+01
3.0834416633546352E+03	3.7605468750000000E+01
3.0914821228832006E+03	3.7605468750000000E+01
3.0994931980669498E+03	3.7605468750000000E+01
3.1074853357896209E+03	3.7605468750000000E+01
3.1154970684498549E+03	3.7605468750000000E+01
3.1235221288874745E+03	3.7605468750000000E+01
3.1315405584201217E+03	3.7605468750000000E+01
3.1395390262380242E+03	3.7605468750000000E+01
3.1475587289556861E+03	3.7605468750000000E+01
3.1556041501909494E+03	3.7605468750000000E+01
3.1636309602707624E+03	3.7605468750000000E+01
3.1716293973475695E+03	3.7605468750000000E+01
3.1796250273883343E+03	3.7605468750000000E+01
3.1876403491348028E+03	3.7605468750000000E+01
3.1956678249388933E+03	3.7605468750000000E+01
3.2036910635083914E+03	3.7605468750000000E+01
3.2116943945363164E+03	3.7605468750000000E+01
3.2197327805608511E+03	3.7605468750000000E+01
3.2277719174623489E+03	3.7605468750000000E+01
3.2357922483906150E+03	3.7605468750000000E+01
3.2437857021689415E+03	3.7605468750000000E+01
3.2517861778363585E+03	3.7605468750000000E+01
3.2598082115873694E+03	3.7605468750000000E+01
3.2678436992913485E+03	3.7605468750000000E+01
3.2758740268945694E+03	3.7605468750000000E+01
3.2838808218240738E+03	3.7605468750000000E+01
3.2919187920615077E+03	3.7605468750000000E+01
3.2999521628469229E+03	3.7605468750000000E+01
3.3079679899737239E+03	3.7605468750000000E+01
3.3159634854570031E+03	3.7605468750000000E+01
3.3239614268988371E+03	3.7605468750000000E+01
3.3319863586947322E+03	3.7605468750000000E+01
3.3400220805555582E+03	3.7605468750000000E+01
3.3480413701161742E+03	3.7605468750000000E+01
3.3560491108670831E+03	3.7605468750000000E+01
3.3640809338986874E+03	3.7605468750000000E+01
3.3721025602668524E+03	3.7605468750000000E+01
3.3801042823046446E+03	3.7605468750000000E+01
3.3881018124818802E+03	3.7605468750000000E+01
3.3961158401966095E+03	3.7605468750000000E+01
3.4041420737579465E+03	3.7605468750000000E+01
3.4121829402297735E+03	3.7605468750000000E+01
3.4201924023553729E+03	3.7605468750000000E+01
3.4281991067826748E+03	3.7605468750000000E+01
3.4362201763242483E+03	3.7605468750000000E+01
3.4442415651232004E+03	3.7605468750000000E+01
3.4522440942674875E+03	3.7605468750000000E+01
3.4602328392043710E+03	3.7605468750000000E+01
3.4682522084042430E+03	3.7605468750000000E+01
3.4762909252941608E+03	3.7605468750000000E+01
3.4843345348760486E+03	3.7605468750000000E+01
3.4923283867985010E+03	3.7605468750000000E+01
3.5003353824466467E+03	3.7605468750000000E+01
3.5083598042353988E+03	3.7605468750000000E+01
3.5163841553628445E+03	3.7605468750000000E+01
3.5243865738064051E+03	3.7605468750000000E+01
3.5323777879178524E+03	3.7605468750000000E+01
3.5404070207998157E+03	3.7605468750000000E+01
3.5484549201354384E+03	3.7605468750000000E+01
3.5564895584806800E+03	3.7605468750000000E+01
3.5644717933237553E+03	3.7605468750000000E+01
3.5724845803380013E+03	3.7605468750000000E+01
3.5805069478601217E+03	3.7605468750000000E+01
3.5885232905223966E+03	3.7605468750000000E+01
3.5965227798745036E+03	3.7605468750000000E+01
3.6045184341669083E+03	3.7605468750000000E+01
3.6125566810816526E+03	3.7605468750000000E+01
3.6206043135002255E+03	3.7605468750000000E+01
3.6286278155371547E+03	3.7605468750000000E+01
3.6366205450519919E+03	3.7605468750000000E+01
3.6446283604279160E+03	3.7605468750000000E+01
3.6526494885981083E+03	3.7605468750000000E+01
3.6606629008501768E+03	3.7605468750000000E+01
3.6686568895727396E+03	3.7605468750000000E+01
3.6766673011258245E+03	3.7605468750000000E+01
3.6847114984467626E+03	3.7605468750000000E+01
3.6927577251866460E+03	3.7605468750000000E+01
3.7007696267440915E+03	3.7605468750000000E+01
3.7087588454335928E+03	3.7605468750000000E+01
3.7167710372582078E+03	3.7605468750000000E+01
3.7247928928509355E+03	3.7605468750000000E+01
3.7328010945767164E+03	3.7605468750000000E+01
3.7407978495135903E+03	3.7605468750000000E+01
3.7488219193294644E+03	3.7605468750000000E+01
3.7568697282373905E+03	3.7605468750000000E+01
3.7649017205312848E+03	3.7605468750000000E+01
3.7729042608067393E+03	3.7605468750000000E+01
3.7808989336863160E+03	3.7605468750000000E+01
3.7889134136810899E+03	3.7605468750000000E+01
3.7969324592724442E+03	3.7605468750000000E+01
3.8049478047713637E+03	3.7605468750000000E+01
3.8129464175179601E+03	3.7605468750000000E+01
3.8209790650457144E+03	3.7605468750000000E+01
3.8290220337137580E+03	3.7605468750000000E+01
3.8370438870266080E+03	3.7605468750000000E+01
3.8450441670566797E+03	3.7605468750000000E+01
3.8530425707846880E+03	3.7605468750000000E+01
3.8610512182563543E+03	3.7605468750000000E+01
3.8690698767974973E+03	3.7605468750000000E+01
3.8770830472409725E+03	3.7605468750000000E+01
3.8850843010395765E+03	3.7605468750000000E+01
3.8931159607395530E+03	3.7605468750000000E+01
3.9011428610086441E+03	3.7605468750000000E+01
3.9091573507189751E+03	3.7605468750000000E+01
3.9171487908735871E+03	3.7605468750000000E+01
3.9251517648920417E+03	3.7605468750000000E+01
3.9331651620268822E+03	3.7605468750000000E+01
3.9411850948035717E+03	3.7605468750000000E+01
3.9491927389279008E+03	3.7605468750000000E+01
3.9571958895698190E+03	3.7605468750000000E+01
3.9652275410667062E+03	3.7605468750000000E+01
3.9732497253417969E+03	3.7605468750000000E+01
3.9812546936944127E+03	3.7605468750000000E+01
3.9892456844747066E+03	3.7605468750000000E+01
3.9972499013617635E+03	3.7605468750000000E+01
4.0052665195614100E+03	3.7605468750000000E+01
4.0132935948222876E+03	3.7605468750000000E+01
4.0212962921634316E+03	3.7605468750000000E+01
4.0292964295595884E+03	3.7605468750000000E+01
4.0373161664679646E+03	3.7605468750000000E+01
4.0453286952823400E+03	3.7605468750000000E+01
4.0533328475505114E+03	3.7605468750000000E+01
4.0613189472705126E+03	3.7605468750000000E+01
4.0693252017125487E+03	3.7605468750000000E+01
4.0773469921201468E+03	3.7605468750000000E+01
4.0853660349920392E+03	3.7605468750000000E+01
4.0933653781935573E+03	3.7605468750000000E+01
4.1013700333610177E+03	3.7605468750000000E+01
4.1093898665457964E+03	3.7605468750000000E+01
4.1174038043692708E+03	3.7605468750000000E+01
4.1253898898214102E+03	3.7605468750000000E+01
4.1333785713985562E+03	3.7605468750000000E+01
4.1413915531709790E+03	3.7605468750000000E+01
4.1494206717163324E+03	3.7605468750000000E+01
4.1574422359019518E+03	3.7605468750000000E+01
4.1654332948401570E+03	3.7605468750000000E+01
4.1734363283514977E+03	3.7605468750000000E+01
4.1814544416964054E+03	3.7605468750000000E+01
4.1894670458436012E+03	3.7605468750000000E+01
4.1974554405137897E+03	3.7605468750000000E+01
4.2054468775391579E+03	3.7605468750000000E+01
4.2134693721383810E+03	3.7605468750000000E+01
4.2215042592138052E+03	3.7605468750000000E+01
4.2295259865596890E+03	3.7605468750000000E+01
4.2375134615451097E+03	3.7605468750000000E+01
4.2455209837108850E+03	3.7605468750000000E+01
4.2535354491993785E+03	3.7605468750000000E+01
4.2615456806495786E+03	3.7605468750000000E+01
4.2695382905751467E+03	3.7605468750000000E+01
4.2775345657244325E+03	3.7605468750000000E+01
4.2855719997137785E+03	3.7605468750000000E+01
4.2936167363747954E+03	3.7605468750000000E+01
4.3016354746147990E+03	3.7605468750000000E+01
4.3096109841838479E+03	3.7605468750000000E+01
4.3176203508749604E+03	3.7605468750000000E+01
4.3256471306085587E+03	3.7605468750000000E+01
4.3336611598357558E+03	3.7605468750000000E+01
4.3416509051620960E+03	3.7605468750000000E+01
4.3496567841693759E+03	3.7605468750000000E+01
4.3576967447698116E+03	3.7605468750000000E+01
4.3657458487004042E+03	3.7605468750000000E+01
4.3737603728100657E+03	3.7605468750000000E+01
4.3817565031722188E+03	3.7605468750000000E+01
4.3897713896408677E+03	3.7605468750000000E+01
4.3977988216504455E+03	3.7605468750000000E+01
4.4058121166899800E+03	3.7605468750000000E+01
4.4138130066916347E+03	3.7605468750000000E+01
4.4218348771631718E+03	3.7605468750000000E+01
4.4298883571773767E+03	3.7605468750000000E+01
4.4379311646893620E+03	3.7605468750000000E+01
4.4459445814266801E+03	3.7605468750000000E+01
4.4539497641623020E+03	3.7605468750000000E+01
4.4619738502949476E+03	3.7605468750000000E+01
4.4699974831193686E+03	3.7605468750000000E+01
4.4780191205814481E+03	3.7605468750000000E+01
4.4860251291468740E+03	3.7605468750000000E+01
4.4940532728433609E+03	3.7605468750000000E+01
4.5021049465611577E+03	3.7605468750000000E+01
4.5101504297703505E+03	3.7605468750000000E+01
4.5181606939435005E+03	3.7605468750000000E+01
4.5261666914001107E+03	3.7605468750000000E+01
4.5341938069313765E+03	3.7605468750000000E+01
4.5422130459994078E+03	3.7605468750000000E+01
4.5502347262948751E+03	3.7605468750000000E+01
4.5582400406748056E+03	3.7605468750000000E+01
4.5662689329907298E+03	3.7605468750000000E+01
4.5743211477547884E+03	3.7605468750000000E+01
4.5823508274629712E+03	3.7605468750000000E+01
4.5903565083444118E+03	3.7605468750000000E+01
4.5983724833279848E+03	3.7605468750000000E+01
4.6064029881805182E+03	3.7605468750000000E+01
4.6144385402351618E+03	3.7605468750000000E+01
4.6224505347087979E+03	3.7605468750000000E+01
4.6304402956888080E+03	3.7605468750000000E+01
4.6384692652300000E+03	3.7605468750000000E+01
4.6465090769752860E+03	3.7605468750000000E+01
4.6545365542545915E+03	3.7605468750000000E+01
4.6625381079539657E+03	3.7605468750000000E+01
4.6705476410016418E+03	3.7605468750000000E+01
4.6785869148001075E+03	3.7605468750000000E+01
4.6866344198361039E+03	3.7605468750000000E+01
4.6946468532830477E+03	3.7605468750000000E+01
4.7026426861062646E+03	3.7605468750000000E+01
4.7106829363554716E+03	3.7605468750000000E+01
4.7187300952300429E+03	3.7605468750000000E+01
4.7267592709288001E+03	3.7605468750000000E+01
4.7347547525167465E+03	3.7605468750000000E+01
4.7427720851600170E+03	3.7605468750000000E+01
4.7508172647878528E+03	3.7605468750000000E+01
4.7588676974698901E+03	3.7605468750000000E+01
4.7668754893839359E+03	3.7605468750000000E+01
4.7748715435788035E+03	3.7605468750000000E+01
4.7829194754436612E+03	3.7605468750000000E+01
4.7909618831202388E+03	3.7605468750000000E+01
4.7989859543815255E+03	3.7605468750000000E+01
4.8069691730067134E+03	3.7605468750000000E+01
4.8149929411932826E+03	3.7605468750000000E+01
4.8230477380827069E+03	3.7605468750000000E+01
4.8311049502268434E+03	3.7605468750000000E+01
4.8390941793546081E+03	3.7605468750000000E+01
4.8470809070616961E+03	3.7605468750000000E+01
4.8551290078014135E+03	3.7605468750000000E+01
4.8631801207661629E+03	3.7605468750000000E+01
4.8712138671875000E+03	3.7605468750000000E+01
4.8791931561082602E+03	3.7605468750000000E+01
4.8872248257100582E+03	3.7605468750000000E+01
4.8952949806675315E+03	3.7605468750000000E+01
4.9033596666455269E+03	3.7605468750000000E+01
4.9113448044806719E+03	3.7605468750000000E+01
4.9193572380840778E+03	3.7605468750000000E+01
4.9274157739579678E+03	3.7605468750000000E+01
4.9354687390550971E+03	3.7605468750000000E+01
4.9434925713986158E+03	3.7605468750000000E+01
4.9514743111133575E+03	3.7605468750000000E+01
4.9595218089967966E+03	3.7605468750000000E+01
4.9675988235548139E+03	3.7605468750000000E+01
4.9756723164394498E+03	3.7605468750000000E+01
4.9836592585444450E+03	3.7605468750000000E+01
4.9916835129484534E+03	3.7605468750000000E+01
4.9997410274744034E+03	3.7605468750000000E+01
5.0077967821657658E+03	3.7605468750000000E+01
5.0158325601443648E+03	3.7605468750000000E+01
5.0238303257524967E+03	3.7605468750000000E+01
5.0318867478668690E+03	3.7605468750000000E+01
5.0399741744399071E+03	3.7605468750000000E+01
5.0480349720194936E+03	3.7605468750000000E+01
5.0560308848395944E+03	3.7605468750000000E+01
5.0640695915371180E+03	3.7605468750000000E+01
5.0721294698640704E+03	3.7605468750000000E+01
5.0801874367818236E+03	3.7605468750000000E+01
5.0882080898359418E+03	3.7605468750000000E+01
5.0962308077365160E+03	3.7605468750000000E+01
5.1043138914778829E+03	3.7605468750000000E+01
5.1124053107276559E+03	3.7605468750000000E+01
5.1204448642805219E+03	3.7605468750000000E+01
5.1284455148950219E+03	3.7605468750000000E+01
5.1364972963556647E+03	3.7605468750000000E+01
5.1445565798431635E+03	3.7605468750000000E+01
5.1526055110767484E+03	3.7605468750000000E+01
5.1606238185614347E+03	3.7605468750000000E+01
5.1686468990221620E+03	3.7605468750000000E+01
5.1767290311083198E+03	3.7605468750000000E+01
5.1848153864219785E+03	3.7605468750000000E+01
5.1928547354564071E+03	3.7605468750000000E+01
5.2008699110299349E+03	3.7605468750000000E+01
5.2089197407960892E+03	3.7605468750000000E+01
5.2169780813232064E+03	3.7605468750000000E+01
5.2250326178073883E+03	3.7605468750000000E+01
5.2330557309165597E+03	3.7605468750000000E+01
5.2410962259322405E+03	3.7605468750000000E+01
5.2491832811459899E+03	3.7605468750000000E+01
5.2572700789794326E+03	3.7605468750000000E+01
5.2653016548901796E+03	3.7605468750000000E+01
5.2733124976158142E+03	3.7605468750000000E+01
5.2813671778365970E+03	3.7605468750000000E+01
5.2894306187853217E+03	3.7605468750000000E+01
5.2974913284182549E+03	3.7605468750000000E+01
5.3054947099909186E+03	3.7605468750000000E+01
5.3135279550924897E+03	3.7605468750000000E+01
5.3216232547983527E+03	3.7605468750000000E+01
5.3296923778802156E+03	3.7605468750000000E+01
5.3377040912359953E+03	3.7605468750000000E+01
5.3457082924917340E+03	3.7605468750000000E+01
5.3537668978497386E+03	3.7605468750000000E+01
5.3618265155702829E+03	3.7605468750000000E+01
5.3698775271773338E+03	3.7605468750000000E+01
5.3778817887082696E+03	3.7605468750000000E+01
5.3859268003702164E+03	3.7605468750000000E+01
5.3940091557428241E+03	3.7605468750000000E+01
5.4020769814029336E+03	3.7605468750000000E+01
5.4100982522591949E+03	3.7605468750000000E+01
5.4181401192620397E+03	3.7605468750000000E+01
5.4262115912213922E+03	3.7605468750000000E+01
5.4342844711616635E+03	3.7605468750000000E+01
5.4423277275115252E+03	3.7605468750000000E+01
5.4503240915015340E+03	3.7605468750000000E+01
5.4584006503894925E+03	3.7605468750000000E+01
5.4664905436113477E+03	3.7605468750000000E+01
5.4745695479065180E+03	3.7605468750000000E+01
5.4826001301184297E+03	3.7605468750000000E+01
5.4906409651115537E+03	3.7605468750000000E+01
5.4987264250963926E+03	3.7605468750000000E+01
5.5068122832328081E+03	3.7605468750000000E+01
5.5148737409114838E+03	3.7605468750000000E+01
5.5228690960332751E+03	3.7605468750000000E+01
5.5309575348719954E+03	3.7605468750000000E+01
5.5390481715425849E+03	3.7605468750000000E+01
5.5471217446103692E+03	3.7605468750000000E+01
5.5551494933292270E+03	3.7605468750000000E+01
5.5632013133168221E+03	3.7605468750000000E+01
5.5712908827289939E+03	3.7605468750000000E+01
5.5793977354466915E+03	3.7605468750000000E+01
5.5874540645480156E+03	3.7605468750000000E+01
5.5954737548828125E+03	3.7605468750000000E+01
5.6035832373276353E+03	3.7605468750000000E+01
5.6116800118014216E+03	3.7605468750000000E+01
5.6197642629370093E+03	3.7605468750000000E+01
5.6277668278142810E+03	3.7605468750000000E+01
5.6358318057358265E+03	3.7605468750000000E+01
5.6439468029439449E+03	3.7605468750000000E+01
5.6520637736171484E+03	3.7605468750000000E+01
5.6600938337519765E+03	3.7605468750000000E+01
5.6681055618822575E+03	3.7605468750000000E+01
5.6762070203423500E+03	3.7605468750000000E+01
5.6843182726949453E+03	3.7605468750000000E+01
5.6924080610647798E+03	3.7605468750000000E+01
5.7004185077920556E+03	3.7605468750000000E+01
5.7084731603860855E+03	3.7605468750000000E+01
5.7165926201045513E+03	3.7605468750000000E+01
5.7247155261710286E+03	3.7605468750000000E+01
5.7327772713750601E+03	3.7605468750000000E+01
5.7407922154366970E+03	3.7605468750000000E+01
5.7488883595839143E+03	3.7605468750000000E+01
5.7570012437403202E+03	3.7605468750000000E+01
5.7651032116338611E+03	3.7605468750000000E+01
5.7731246843636036E+03	3.7605468750000000E+01
5.7811823830604553E+03	3.7605468750000000E+01
5.7893014120459557E+03	3.7605468750000000E+01
5.7974362605661154E+03	3.7605468750000000E+01
5.8055154522731900E+03	3.7605468750000000E+01
5.8135277732238173E+03	3.7605468750000000E+01
5.8216243146955967E+03	3.7605468750000000E+01
5.8297367266640067E+03	3.7605468750000000E+01
5.8378437921479344E+03	3.7605468750000000E+01
5.8459019891694188E+03	3.7605468750000000E+01
5.8539738050624728E+03	3.7605468750000000E+01
5.8621231447681785E+03	3.7605468750000000E+01
5.8702780077233911E+03	3.7605468750000000E+01
5.8783893588259816E+03	3.7605468750000000E+01
5.8864614877179265E+03	3.7605468750000000E+01
5.8945685886815190E+03	3.7605468750000000E+01
5.9026866023913026E+03	3.7605468750000000E+01
5.9108037799820304E+03	3.7605468750000000E+01
5.9188898090720177E+03	3.7605468750000000E+01
5.9269968629702926E+03	3.7605468750000000E+01
5.9351631230488420E+03	3.7605468750000000E+01
5.9433258288800716E+03	3.7605468750000000E+01
5.9514449282735586E+03	3.7605468750000000E+01
5.9595165809318423E+03	3.7605468750000000E+01
5.9676290488466620E+03	3.7605468750000000E+01
5.9757491216138005E+03	3.7605468750000000E+01
5.9838646364361048E+03	3.7605468750000000E+01
5.9919438362941146E+03	3.7605468750000000E+01
6.0000318507477641E+03	3.7605468750000000E+01
6.0081780077517033E+03	3.7605468750000000E+01
6.0163089377433062E+03	3.7605468750000000E+01
6.0244061724171042E+03	3.7605468750000000E+01
6.0324693270027637E+03	3.7605468750000000E+01
6.0405629781037569E+03	3.7605468750000000E+01
6.0486667781993747E+03	3.7605468750000000E+01
6.0567778304368258E+03	3.7605468750000000E+01
6.0648881452456117E+03	3.7605468750000000E+01
6.0729689081981778E+03	3.7605468750000000E+01
6.0810759657323360E+03	3.7605468750000000E+01
6.0891730751618743E+03	3.7605468750000000E+01
6.0972491537183523E+03	3.7605468750000000E+01
6.1053463186472654E+03	3.7605468750000000E+01
6.1134371275678277E+03	3.7605468750000000E+01
6.1215144581794739E+03	3.7605468750000000E+01
6.1295807076469064E+03	3.7605468750000000E+01
6.1377022669017315E+03	3.7605468750000000E+01
6.1458246485516429E+03	3.7605468750000000E+01
6.1539185034111142E+03	3.7605468750000000E+01
6.1619852100908756E+03	3.7605468750000000E+01
6.1700895638167858E+03	3.7605468750000000E+01
6.1781909377798438E+03	3.7605468750000000E+01
6.1862701600939035E+03	3.7605468750000000E+01
6.1942964737936854E+03	3.7605468750000000E+01
6.2023799546435475E+03	3.7605468750000000E+01
6.2105019514784217E+03	3.7605468750000000E+01
6.2186096739023924E+03	3.7605468750000000E+01
6.2266416415721178E+03	3.7605468750000000E+01
6.2346840942651033E+03	3.7605468750000000E+01
6.2427792811840773E+03	3.7605468750000000E+01
6.2508662593886256E+03	3.7605468750000000E+01
6.2589068856164813E+03	3.7605468750000000E+01
6.2669229114279151E+03	3.7605468750000000E+01
6.2750324977934361E+03	3.7605468750000000E+01
6.2831432587280869E+03	3.7605468750000000E+01
6.2911748564615846E+03	3.7605468750000000E+01
6.2991439171284437E+03	3.7605468750000000E+01
6.3072293960750103E+03	3.7605468750000000E+01
6.3153223332911730E+03	3.7605468750000000E+01
6.3234041943848133E+03	3.7605468750000000E+01
6.3313539638817310E+03	3.7605468750000000E+01
6.3393546191304922E+03	3.7605468750000000E+01
6.3474647346585989E+03	3.7605468750000000E+01
6.3555620928704739E+03	3.7605468750000000E+01
6.3635426965132356E+03	3.7605468750000000E+01
6.3714741871282458E+03	3.7605468750000000E+01
6.3795479334294796E+03	3.7605468750000000E+01
6.3876339929848909E+03	3.7605468750000000E+01
6.3956857474595308E+03	3.7605468750000000E+01
6.4036167486608028E+03	3.7605468750000000E+01
6.4115956602990627E+03	3.7605468750000000E+01
6.4196894850730896E+03	3.7605468750000000E+01
6.4277807450070977E+03	3.7605468750000000E+01
6.4357723805084825E+03	3.7605468750000000E+01
6.4437295600324869E+03	3.7605468750000000E+01
6.4518205256313086E+03	3.7605468750000000E+01
6.4599168181717396E+03	3.7605468750000000E+01
6.4679993918687105E+03	3.7605468750000000E+01
6.4759719023704529E+03	3.7605468750000000E+01
6.4840261001884937E+03	3.7605468750000000E+01
6.4921447641029954E+03	3.7605468750000000E+01
6.5002364885360003E+03	3.7605468750000000E+01
6.5082411587014794E+03	3.7605468750000000E+01
6.5162433932498097E+03	3.7605468750000000E+01
6.5243332653939724E+03	3.7605468750000000E+01
6.5324183353781700E+03	3.7605468750000000E+01
6.5404577323123813E+03	3.7605468750000000E+01
6.5484602750167251E+03	3.7605468750000000E+01
6.5565027367547154E+03	3.7605468750000000E+01
6.5645952874869108E+03	3.7605468750000000E+01
6.5726282150000334E+03	3.7605468750000000E+01
6.5805622903034091E+03	3.7605468750000000E+01
6.5885991022065282E+03	3.7605468750000000E+01
6.5966889441162348E+03	3.7605468750000000E+01
6.6047844500392675E+03	3.7605468750000000E+01
6.6128131907582283E+03	3.7605468750000000E+01
6.6208471202179790E+03	3.7605468750000000E+01
6.6289539659619331E+03	3.7605468750000000E+01
6.6370955681055784E+03	3.7605468750000000E+01
6.6451902901232243E+03	3.7605468750000000E+01
6.6532137712985277E+03	3.7605468750000000E+01
6.6612692653685808E+03	3.7605468750000000E+01
6.6693651076331735E+03	3.7605468750000000E+01
6.6774555645361543E+03	3.7605468750000000E+01
6.6853798574283719E+03	3.7605468750000000E+01
6.6933573536574841E+03	3.7605468750000000E+01
6.7014863502085209E+03	3.7605468750000000E+01
6.7096242406666279E+03	3.7605468750000000E+01
6.7177076158821583E+03	3.7605468750000000E+01
6.7256731157079339E+03	3.7605468750000000E+01
6.7337577120512724E+03	3.7605468750000000E+01
6.7418725911378860E+03	3.7605468750000000E+01
6.7499755345359445E+03	3.7605468750000000E+01
6.7579283484816551E+03	3.7605468750000000E+01
6.7659711427688599E+03	3.7605468750000000E+01
6.7741161368787289E+03	3.7605468750000000E+01
6.7822616705596447E+03	3.7605468750000000E+01
6.7902492740303278E+03	3.7605468750000000E+01
6.7982052622735500E+03	3.7605468750000000E+01
6.8063357504084706E+03	3.7605468750000000E+01
6.8144695257097483E+03	3.7605468750000000E+01
6.8225789478421211E+03	3.7605468750000000E+01
6.8305212708041072E+03	3.7605468750000000E+01
6.8385295699536800E+03	3.7605468750000000E+01
6.8466748658344150E+03	3.7605468750000000E+01
6.8548143339157104E+03	3.7605468750000000E+01
6.8627728207632899E+03	3.7605468750000000E+01
6.8707639568969607E+03	3.7605468750000000E+01
6.8789141627177596E+03	3.7605468750000000E+01
6.8870775444507599E+03	3.7605468750000000E+01
6.8952407120987773E+03	3.7605468750000000E+01
6.9032172860056162E+03	3.7605468750000000E+01
6.9112469238266349E+03	3.7605468750000000E+01
6.9194003161564469E+03	3.7605468750000000E+01
6.9275277048647404E+03	3.7605468750000000E+01
6.9355180200785398E+03	3.7605468750000000E+01
6.9435652257502079E+03	3.7605468750000000E+01
6.9517245943918824E+03	3.7605468750000000E+01
6.9599009555950761E+03	3.7605468750000000E+01
6.9680560638681054E+03	3.7605468750000000E+01
6.9760349606871605E+03	3.7605468750000000E+01
6.9841076590865850E+03	3.7605468750000000E+01
6.9922738627046347E+03	3.7605468750000000E+01
7.0004645974710584E+03	3.7605468750000000E+01
7.0085398242920637E+03	3.7605468750000000E+01
7.0165538838654757E+03	3.7605468750000000E+01
7.0247352074757218E+03	3.7605468750000000E+01
7.0329394323006272E+03	3.7605468750000000E+01
7.0411426070258021E+03	3.7605468750000000E+01
7.0492544063627720E+03	3.7605468750000000E+01
7.0572166125774384E+03	3.7605468750000000E+01
7.0653810605704784E+03	3.7605468750000000E+01
7.0735731239095330E+03	3.7605468750000000E+01
7.0817784014865756E+03	3.7605468750000000E+01
7.0899048387035728E+03	3.7605468750000000E+01
7.0979245584905148E+03	3.7605468750000000E+01
7.1060659435912967E+03	3.7605468750000000E+01
7.1142515053898096E+03	3.7605468750000000E+01
7.1224686420038342E+03	3.7605468750000000E+01
7.1305661948472261E+03	3.7605468750000000E+01
7.1386100946441293E+03	3.7605468750000000E+01
7.1468224221840501E+03	3.7605468750000000E+01
7.1550306022018194E+03	3.7605468750000000E+01
7.1632326610162854E+03	3.7605468750000000E+01
7.1713354995995760E+03	3.7605468750000000E+01
7.1794836857467890E+03	3.7605468750000000E+01
7.1876893031895161E+03	3.7605468750000000E+01
7.1958980108350515E+03	3.7605468750000000E+01
7.2040047197416425E+03	3.7605468750000000E+01
7.2120085910335183E+03	3.7605468750000000E+01
7.2201626521199942E+03	3.7605468750000000E+01
7.2283477213233709E+03	3.7605468750000000E+01
7.2365219311788678E+03	3.7605468750000000E+01
7.2445385354235768E+03	3.7605468750000000E+01
7.2526864760890603E+03	3.7605468750000000E+01
7.2608898044005036E+03	3.7605468750000000E+01
7.2690951683744788E+03	3.7605468750000000E+01
7.2772758096382022E+03	3.7605468750000000E+01
7.2854626784622669E+03	3.7605468750000000E+01
7.2936595153585076E+03	3.7605468750000000E+01
7.3018773612231016E+03	3.7605468750000000E+01
7.3100801828801632E+03	3.7605468750000000E+01
7.3182232012152672E+03	3.7605468750000000E+01
7.3263479332029819E+03	3.7605468750000000E+01
7.3345469695180655E+03	3.7605468750000000E+01
7.3427663679420948E+03	3.7605468750000000E+01
7.3509732302054763E+03	3.7605468750000000E+01
7.3591976932361722E+03	3.7605468750000000E+01
7.3673887868151069E+03	3.7605468750000000E+01
7.3756249537989497E+03	3.7605468750000000E+01
7.3838465538844466E+03	3.7605468750000000E+01
7.3920750222280622E+03	3.7605468750000000E+01
7.4002022075951099E+03	3.7605468750000000E+01
7.4084114966988564E+03	3.7605468750000000E+01
7.4166812602728605E+03	3.7605468750000000E+01
7.4249406581148505E+03	3.7605468750000000E+01
7.4332113602310419E+03	3.7605468750000000E+01
7.4413507891148329E+03	3.7605468750000000E+01
7.4496034917384386E+03	3.7605468750000000E+01
7.4578712382763624E+03	3.7605468750000000E+01
7.4661324746832252E+03	3.7605468750000000E+01
7.4744051184356213E+03	3.7605468750000000E+01
7.4826943099945784E+03	3.7605468750000000E+01
7.4909672718569636E+03	3.7605468750000000E+01
7.4992379104495049E+03	3.7605468750000000E+01
7.5074541368782520E+03	3.7605468750000000E+01
7.5156758203133941E+03	3.7605468750000000E+01
7.5238978725895286E+03	3.7605468750000000E+01
7.5322087878584862E+03	3.7605468750000000E+01
7.5404892262816429E+03	3.7605468750000000E+01
7.5488240203782916E+03	3.7605468750000000E+01
7.5571148849055171E+03	3.7605468750000000E+01
7.5654009378254414E+03	3.7605468750000000E+01
7.5737363877072930E+03	3.7605468750000000E+01
7.5820818869024515E+03	3.7605468750000000E+01
7.5903937196135521E+03	3.7605468750000000E+01
7.5985637528300285E+03	3.7605468750000000E+01
7.6069139033854008E+03	3.7605468750000000E+01
7.6152864605560899E+03	3.7605468750000000E+01
7.6236603048816323E+03	3.7605468750000000E+01
7.6320511734560132E+03	3.7605468750000000E+01
7.6404525216668844E+03	3.7605468750000000E+01
7.6488816940411925E+03	3.7605468750000000E+01
7.6573150774240494E+03	3.7605468750000000E+01
7.6657230546921492E+03	3.7605468750000000E+01
7.6741173837259412E+03	3.7605468750000000E+01
7.6825351210907102E+03	3.7605468750000000E+01
7.6909690830558538E+03	3.7605468750000000E+01
7.6993459616228938E+03	3.7605468750000000E+01
7.7077032451629639E+03	3.7605468750000000E+01
7.7160523573160172E+03	3.7605468750000000E+01
7.7244389124959707E+03	3.7605468750000000E+01
7.7328136983513832E+03	3.7605468750000000E+01
7.7411699599847198E+03	3.7605468750000000E+01
7.7495541691854596E+03	3.7605468750000000E+01
7.7578652380332351E+03	3.7605468750000000E+01
7.7659545321911573E+03	3.7605468750000000E+01
7.7742172869369388E+03	3.7605468750000000E+01
7.7824141293466091E+03	3.7605468750000000E+01
7.7905394220203161E+03	3.7605468750000000E+01
7.7986880559474230E+03	3.7605468750000000E+01
7.8069190073981881E+03	3.7605468750000000E+01
7.8150959313064814E+03	3.7605468750000000E+01
7.8232567490413785E+03	3.7605468750000000E+01
7.8295640834793448E+03	3.7699218750000000E+01
7.8320101936385036E+03	3.7699218750000000E+01
7.8344653634279966E+03	3.7699218750000000E+01
7.8369216664358974E+03	3.7699218750000000E+01
7.8393562400490046E+03	3.7699218750000000E+01
7.8418070479035378E+03	3.7699218750000000E+01
7.8442631392180920E+03	3.7699218750000000E+01
7.8467215181216598E+03	3.7699218750000000E+01
7.8491892919167876E+03	3.7699218750000000E+01
7.8516436479389668E+03	3.7699218750000000E+01
7.8540951945260167E+03	3.7699218750000000E+01
7.8565462767258286E+03	3.7699218750000000E+01
7.8590026378706098E+03	3.7699218750000000E+01
7.8614719099551439E+03	3.7699218750000000E+01
7.8639358521997929E+03	3.7699218750000000E+01
7.8664155358672142E+03	3.7699218750000000E+01
7.8688879478275776E+03	3.7699218750000000E+01
7.8713559946119785E+03	3.7699218750000000E+01
7.8738158030435443E+03	3.7699218750000000E+01
7.8762766026780009E+03	3.7699218750000000E+01
7.8787324877679348E+03	3.7699218750000000E+01
7.8811920792534947E+03	3.7707031250000000E+01
7.8836326684728265E+03	3.7707031250000000E+01
7.8860604215711355E+03	3.7707031250000000E+01
7.8884760064110160E+03	3.7707031250000000E+01
7.8908974455818534E+03	3.7707031250000000E+01
7.8933236166387796E+03	3.7707031250000000E+01
7.8957411290705204E+03	3.7707031250000000E+01
7.8981468705609441E+03	3.7707031250000000E+01
