2.5359497219324112E-01	3.7320312500000000E+01
3.2028844952583313E-01	3.7578125000000000E+01
3.8649835437536240E-01	3.7578125000000000E+01
4.5252159982919693E-01	3.7578125000000000E+01
5.1930180937051773E-01	3.7593750000000000E+01
5.8577816188335419E-01	3.7593750000000000E+01
6.5245798230171204E-01	3.7593750000000000E+01
7.1864723414182663E-01	3.7593750000000000E+01
7.8469330817461014E-01	3.7593750000000000E+01
8.5076141357421875E-01	3.7593750000000000E+01
9.1708663851022720E-01	3.7593750000000000E+01
9.8355128616094589E-01	3.7593750000000000E+01
1.0496339499950409E+00	3.7593750000000000E+01
1.1156855374574661E+00	3.7593750000000000E+01
1.1817949786782265E+00	3.7593750000000000E+01
1.2479022517800331E+00	3.7593750000000000E+01
1.3140408247709274E+00	3.7593750000000000E+01
1.3801853805780411E+00	3.7593750000000000E+01
1.4463941529393196E+00	3.7593750000000000E+01
1.5126349478960037E+00	3.7593750000000000E+01
1.5788974016904831E+00	3.7593750000000000E+01
1.6451415643095970E+00	3.7593750000000000E+01
1.7112756222486496E+00	3.7593750000000000E+01
1.7773854956030846E+00	3.7593750000000000E+01
1.8438699543476105E+00	3.7593750000000000E+01
1.9100083634257317E+00	3.7593750000000000E+01
1.9761007800698280E+00	3.7593750000000000E+01
2.0422413945198059E+00	3.7593750000000000E+01
2.1083735227584839E+00	3.7593750000000000E+01
2.1744640767574310E+00	3.7593750000000000E+01
2.2408351302146912E+00	3.7593750000000000E+01
2.3078278005123138E+00	3.7593750000000000E+01
2.3746124356985092E+00	3.7593750000000000E+01
2.4415525943040848E+00	3.7593750000000000E+01
2.5091003328561783E+00	3.7605468750000000E+01
2.5761952027678490E+00	3.7605468750000000E+01
2.6431014537811279E+00	3.7605468750000000E+01
2.7099370732903481E+00	3.7605468750000000E+01
2.7768762260675430E+00	3.7605468750000000E+01
2.8437360450625420E+00	3.7605468750000000E+01
2.9106755033135414E+00	3.7605468750000000E+01
2.9775524809956551E+00	3.7605468750000000E+01
3.0444479435682297E+00	3.7605468750000000E+01
3.1114537194371223E+00	3.7605468750000000E+01
3.1782337501645088E+00	3.7605468750000000E+01
3.2450273707509041E+00	3.7605468750000000E+01
3.3118521571159363E+00	3.7605468750000000E+01
3.3786184191703796E+00	3.7605468750000000E+01
3.4456595033407211E+00	3.7605468750000000E+01
3.5124975070357323E+00	3.7605468750000000E+01
3.5793593451380730E+00	3.7605468750000000E+01
3.6463296487927437E+00	3.7605468750000000E+01
3.7131729945540428E+00	3.7605468750000000E+01
3.7801156938076019E+00	3.7605468750000000E+01
3.8470111340284348E+00	3.7605468750000000E+01
3.9138716682791710E+00	3.7605468750000000E+01
3.9809243306517601E+00	3.7605468750000000E+01
4.0479396060109138E+00	3.7605468750000000E+01
4.1147563755512238E+00	3.7605468750000000E+01
4.1809643432497978E+00	3.7605468750000000E+01
4.2470192760229111E+00	3.7605468750000000E+01
4.3131739273667336E+00	3.7605468750000000E+01
4.3791993781924248E+00	3.7605468750000000E+01
4.4457555115222931E+00	3.7605468750000000E+01
4.5118394866585732E+00	3.7605468750000000E+01
4.5779380053281784E+00	3.7605468750000000E+01
4.6439921930432320E+00	3.7605468750000000E+01
4.7100630477070808E+00	3.7605468750000000E+01
4.7761601284146309E+00	3.7605468750000000E+01
4.8422946557402611E+00	3.7605468750000000E+01
4.9084229543805122E+00	3.7605468750000000E+01
4.9745771735906601E+00	3.7605468750000000E+01
5.0413509011268616E+00	3.7605468750000000E+01
5.1075652465224266E+00	3.7605468750000000E+01
5.1742452159523964E+00	3.7605468750000000E+01
5.2403278052806854E+00	3.7605468750000000E+01
5.3064713850617409E+00	3.7605468750000000E+01
5.3726470023393631E+00	3.7605468750000000E+01
5.4388041496276855E+00	3.7605468750000000E+01
5.5048895850777626E+00	3.7605468750000000E+01
5.5710160583257675E+00	3.7605468750000000E+01
5.6372702494263649E+00	3.7605468750000000E+01
5.7033786922693253E+00	3.7605468750000000E+01
5.7695030570030212E+00	3.7605468750000000E+01
5.8356346860527992E+00	3.7605468750000000E+01
5.9017759859561920E+00	3.7605468750000000E+01
5.9692484512925148E+00	3.7605468750000000E+01
6.0355158075690269E+00	3.7605468750000000E+01
6.1016796007752419E+00	3.7605468750000000E+01
6.1677703410387039E+00	3.7605468750000000E+01
6.2339198440313339E+00	3.7605468750000000E+01
6.3000592961907387E+00	3.7605468750000000E+01
6.3661889880895615E+00	3.7605468750000000E+01
6.4323180988430977E+00	3.7605468750000000E+01
6.4984290972352028E+00	3.7605468750000000E+01
6.5646155774593353E+00	3.7605468750000000E+01
6.6313939169049263E+00	3.7605468750000000E+01
6.6975339576601982E+00	3.7605468750000000E+01
6.7636956945061684E+00	3.7605468750000000E+01
6.8298718482255936E+00	3.7605468750000000E+01
6.8960180059075356E+00	3.7605468750000000E+01
6.9621336162090302E+00	3.7605468750000000E+01
7.0282273218035698E+00	3.7605468750000000E+01
7.0946581289172173E+00	3.7605468750000000E+01
7.1608271300792694E+00	3.7605468750000000E+01
7.2270141392946243E+00	3.7605468750000000E+01
7.2932926863431931E+00	3.7605468750000000E+01
7.3596895784139633E+00	3.7605468750000000E+01
7.4267434105277061E+00	3.7605468750000000E+01
7.4934974312782288E+00	3.7605468750000000E+01
7.5604506805539131E+00	3.7605468750000000E+01
7.6273899525403976E+00	3.7605468750000000E+01
7.6943277642130852E+00	3.7605468750000000E+01
7.7612487897276878E+00	3.7605468750000000E+01
7.8280956447124481E+00	3.7605468750000000E+01
7.8949036523699760E+00	3.7605468750000000E+01
7.9617787674069405E+00	3.7605468750000000E+01
8.0286727622151375E+00	3.7605468750000000E+01
8.0955260396003723E+00	3.7605468750000000E+01
8.1627010181546211E+00	3.7605468750000000E+01
8.2295962721109390E+00	3.7605468750000000E+01
8.2966003045439720E+00	3.7605468750000000E+01
8.3634012490510941E+00	3.7605468750000000E+01
8.4302862212061882E+00	3.7605468750000000E+01
8.4970977231860161E+00	3.7605468750000000E+01
8.5639587566256523E+00	3.7605468750000000E+01
8.6307967305183411E+00	3.7605468750000000E+01
8.6976686269044876E+00	3.7605468750000000E+01
8.7645264267921448E+00	3.7605468750000000E+01
8.8313255459070206E+00	3.7605468750000000E+01
8.8982132449746132E+00	3.7605468750000000E+01
8.9650477245450020E+00	3.7605468750000000E+01
9.0318421125411987E+00	3.7605468750000000E+01
9.0986806377768517E+00	3.7605468750000000E+01
9.1655679941177368E+00	3.7605468750000000E+01
9.2323570996522903E+00	3.7605468750000000E+01
9.2990283593535423E+00	3.7605468750000000E+01
9.3657030016183853E+00	3.7605468750000000E+01
9.4324413016438484E+00	3.7605468750000000E+01
9.4992784485220909E+00	3.7605468750000000E+01
9.5663694962859154E+00	3.7605468750000000E+01
9.6332811713218689E+00	3.7605468750000000E+01
9.7002092599868774E+00	3.7605468750000000E+01
9.7671837359666824E+00	3.7605468750000000E+01
9.8347482532262802E+00	3.7605468750000000E+01
9.9018275439739227E+00	3.7605468750000000E+01
9.9688417017459869E+00	3.7605468750000000E+01
1.0035881131887436E+01	3.7605468750000000E+01
1.0103131681680679E+01	3.7605468750000000E+01
1.0170474730432034E+01	3.7605468750000000E+01
1.0237496890127659E+01	3.7605468750000000E+01
1.0304567344486713E+01	3.7605468750000000E+01
1.0371629454195499E+01	3.7605468750000000E+01
1.0438658460974693E+01	3.7605468750000000E+01
1.0505868963897228E+01	3.7605468750000000E+01
1.0572919748723507E+01	3.7605468750000000E+01
1.0639946311712265E+01	3.7605468750000000E+01
1.0707036532461643E+01	3.7605468750000000E+01
1.0774077348411083E+01	3.7605468750000000E+01
1.0841128289699554E+01	3.7605468750000000E+01
1.0908236764371395E+01	3.7605468750000000E+01
1.0975243993103504E+01	3.7605468750000000E+01
1.1042306847870350E+01	3.7605468750000000E+01
1.1109340034425259E+01	3.7605468750000000E+01
1.1176386542618275E+01	3.7605468750000000E+01
1.1243420317769051E+01	3.7605468750000000E+01
1.1310472756624222E+01	3.7605468750000000E+01
1.1377554446458817E+01	3.7605468750000000E+01
1.1444585457444191E+01	3.7605468750000000E+01
1.1511610336601734E+01	3.7605468750000000E+01
1.1578646227717400E+01	3.7605468750000000E+01
1.1645627357065678E+01	3.7605468750000000E+01
1.1713513053953648E+01	3.7609375000000000E+01
1.1780618399381638E+01	3.7609375000000000E+01
1.1847611211240292E+01	3.7609375000000000E+01
1.1915532648563385E+01	3.7609375000000000E+01
1.1982594929635525E+01	3.7609375000000000E+01
1.2049637831747532E+01	3.7609375000000000E+01
1.2116646923124790E+01	3.7609375000000000E+01
1.2183736875653267E+01	3.7609375000000000E+01
1.2250794373452663E+01	3.7609375000000000E+01
1.2317789599299431E+01	3.7609375000000000E+01
1.2384794250130653E+01	3.7609375000000000E+01
1.2451932005584240E+01	3.7609375000000000E+01
1.2518966361880302E+01	3.7609375000000000E+01
1.2586008884012699E+01	3.7609375000000000E+01
1.2653026700019836E+01	3.7609375000000000E+01
1.2719988465309143E+01	3.7609375000000000E+01
1.2787672810256481E+01	3.7609375000000000E+01
1.2855529621243477E+01	3.7609375000000000E+01
1.2923429258167744E+01	3.7609375000000000E+01
1.2991279937326908E+01	3.7609375000000000E+01
1.3059231340885162E+01	3.7609375000000000E+01
1.3127126917243004E+01	3.7609375000000000E+01
1.3194921970367432E+01	3.7609375000000000E+01
1.3262726806104183E+01	3.7609375000000000E+01
1.3330572947859764E+01	3.7609375000000000E+01
1.3398238942027092E+01	3.7609375000000000E+01
1.3465920373797417E+01	3.7609375000000000E+01
1.3533451497554779E+01	3.7609375000000000E+01
1.3600964501500130E+01	3.7609375000000000E+01
1.3668347939848900E+01	3.7609375000000000E+01
1.3736069381237030E+01	3.7609375000000000E+01
1.3803728677332401E+01	3.7609375000000000E+01
1.3871440656483173E+01	3.7609375000000000E+01
1.3938941881060600E+01	3.7609375000000000E+01
1.4006593763828278E+01	3.7609375000000000E+01
1.4074065342545509E+01	3.7609375000000000E+01
1.4141582801938057E+01	3.7609375000000000E+01
1.4209112942218781E+01	3.7609375000000000E+01
1.4276688210666180E+01	3.7609375000000000E+01
1.4344173938035965E+01	3.7609375000000000E+01
1.4411064624786377E+01	3.7609375000000000E+01
1.4478094600141048E+01	3.7609375000000000E+01
1.4544856548309326E+01	3.7609375000000000E+01
1.4611672520637512E+01	3.7609375000000000E+01
1.4678515195846558E+01	3.7609375000000000E+01
1.4745567917823792E+01	3.7609375000000000E+01
1.4812222279608250E+01	3.7609375000000000E+01
1.4878858931362629E+01	3.7609375000000000E+01
1.4946093089878559E+01	3.7609375000000000E+01
1.5013141892850399E+01	3.7609375000000000E+01
1.5079996861517429E+01	3.7609375000000000E+01
1.5146878950297832E+01	3.7609375000000000E+01
1.5213702552020550E+01	3.7609375000000000E+01
1.5280420191586018E+01	3.7609375000000000E+01
1.5347114190459251E+01	3.7609375000000000E+01
1.5414289981126785E+01	3.7609375000000000E+01
1.5481110684573650E+01	3.7609375000000000E+01
1.5547856420278549E+01	3.7609375000000000E+01
1.5614706240594387E+01	3.7609375000000000E+01
1.5681640103459358E+01	3.7609375000000000E+01
1.5748474247753620E+01	3.7609375000000000E+01
1.5815316684544086E+01	3.7609375000000000E+01
1.5882178291678429E+01	3.7609375000000000E+01
1.5948990024626255E+01	3.7609375000000000E+01
1.6015832506120205E+01	3.7609375000000000E+01
1.6082731485366821E+01	3.7609375000000000E+01
1.6149601757526398E+01	3.7609375000000000E+01
1.6216445989906788E+01	3.7609375000000000E+01
1.6283262528479099E+01	3.7609375000000000E+01
1.6350128389894962E+01	3.7609375000000000E+01
1.6417065359652042E+01	3.7609375000000000E+01
1.6484243124723434E+01	3.7609375000000000E+01
1.6551255337893963E+01	3.7609375000000000E+01
1.6618953883647919E+01	3.7609375000000000E+01
1.6686620198190212E+01	3.7609375000000000E+01
1.6753664523363113E+01	3.7609375000000000E+01
1.6820670925080776E+01	3.7609375000000000E+01
1.6888037987053394E+01	3.7609375000000000E+01
1.6955065183341503E+01	3.7609375000000000E+01
1.7022720709443092E+01	3.7609375000000000E+01
1.7089763045310974E+01	3.7609375000000000E+01
1.7156782329082489E+01	3.7609375000000000E+01
1.7223833747208118E+01	3.7609375000000000E+01
1.7290842019021511E+01	3.7609375000000000E+01
1.7357863962650299E+01	3.7609375000000000E+01
1.7424896515905857E+01	3.7609375000000000E+01
1.7492501117289066E+01	3.7609375000000000E+01
1.7559580028057098E+01	3.7609375000000000E+01
1.7627172447741032E+01	3.7609375000000000E+01
1.7694564409554005E+01	3.7609375000000000E+01
1.7761593721807003E+01	3.7609375000000000E+01
1.7828640669584274E+01	3.7609375000000000E+01
1.7895698480308056E+01	3.7609375000000000E+01
1.7962774254381657E+01	3.7609375000000000E+01
1.8029851414263248E+01	3.7609375000000000E+01
1.8097400367259979E+01	3.7609375000000000E+01
1.8164478570222855E+01	3.7609375000000000E+01
1.8231547832489014E+01	3.7609375000000000E+01
1.8298735156655312E+01	3.7609375000000000E+01
1.8366217054426670E+01	3.7609375000000000E+01
1.8433321461081505E+01	3.7609375000000000E+01
1.8500420019030571E+01	3.7609375000000000E+01
1.8567483134567738E+01	3.7609375000000000E+01
1.8634554855525494E+01	3.7609375000000000E+01
1.8701619632542133E+01	3.7609375000000000E+01
1.8768983051180840E+01	3.7609375000000000E+01
1.8836556330323219E+01	3.7609375000000000E+01
1.8903632804751396E+01	3.7609375000000000E+01
1.8970707856118679E+01	3.7609375000000000E+01
1.9037794083356857E+01	3.7609375000000000E+01
1.9104897402226925E+01	3.7609375000000000E+01
1.9172008283436298E+01	3.7609375000000000E+01
1.9239113979041576E+01	3.7609375000000000E+01
1.9306868784129620E+01	3.7609375000000000E+01
1.9374541558325291E+01	3.7609375000000000E+01
1.9441665478050709E+01	3.7609375000000000E+01
1.9508728638291359E+01	3.7609375000000000E+01
1.9576486222445965E+01	3.7609375000000000E+01
1.9643562674522400E+01	3.7609375000000000E+01
1.9710651822388172E+01	3.7609375000000000E+01
1.9777724869549274E+01	3.7609375000000000E+01
1.9844792366027832E+01	3.7609375000000000E+01
1.9911878332495689E+01	3.7609375000000000E+01
1.9979547381401062E+01	3.7609375000000000E+01
2.0047148339450359E+01	3.7609375000000000E+01
2.0114822372794151E+01	3.7609375000000000E+01
2.0182061113417149E+01	3.7609375000000000E+01
2.0249154768884182E+01	3.7609375000000000E+01
2.0316270202398300E+01	3.7609375000000000E+01
2.0383560061454773E+01	3.7609375000000000E+01
2.0450648911297321E+01	3.7609375000000000E+01
2.0517734266817570E+01	3.7609375000000000E+01
2.0585148848593235E+01	3.7609375000000000E+01
2.0652433000504971E+01	3.7609375000000000E+01
2.0719509042799473E+01	3.7609375000000000E+01
2.0787089645862579E+01	3.7609375000000000E+01
2.0854162357747555E+01	3.7609375000000000E+01
2.0921925924718380E+01	3.7609375000000000E+01
2.0988992460072041E+01	3.7609375000000000E+01
2.1056095093488693E+01	3.7609375000000000E+01
2.1123163893818855E+01	3.7609375000000000E+01
2.1190587900578976E+01	3.7609375000000000E+01
2.1257676072418690E+01	3.7609375000000000E+01
2.1324750557541847E+01	3.7609375000000000E+01
2.1391836397349834E+01	3.7609375000000000E+01
2.1459205657243729E+01	3.7609375000000000E+01
2.1527053959667683E+01	3.7609375000000000E+01
2.1594917677342892E+01	3.7609375000000000E+01
2.1662618532776833E+01	3.7609375000000000E+01
2.1729701220989227E+01	3.7609375000000000E+01
2.1796756818890572E+01	3.7609375000000000E+01
2.1863821744918823E+01	3.7609375000000000E+01
2.1931507483124733E+01	3.7609375000000000E+01
2.1998575747013092E+01	3.7609375000000000E+01
2.2065636478364468E+01	3.7609375000000000E+01
2.2132716186344624E+01	3.7609375000000000E+01
2.2199801690876484E+01	3.7609375000000000E+01
2.2266827061772346E+01	3.7609375000000000E+01
2.2333886444568634E+01	3.7609375000000000E+01
2.2400966413319111E+01	3.7609375000000000E+01
2.2468081437051296E+01	3.7609375000000000E+01
2.2535177625715733E+01	3.7609375000000000E+01
2.2602265611290932E+01	3.7609375000000000E+01
2.2669336542487144E+01	3.7609375000000000E+01
2.2736525245010853E+01	3.7609375000000000E+01
2.2804177992045879E+01	3.7609375000000000E+01
2.2871247053146362E+01	3.7609375000000000E+01
2.2938322365283966E+01	3.7609375000000000E+01
2.3005415007472038E+01	3.7609375000000000E+01
2.3072497256100178E+01	3.7609375000000000E+01
2.3139564044773579E+01	3.7609375000000000E+01
2.3206632219254971E+01	3.7609375000000000E+01
2.3273715980350971E+01	3.7609375000000000E+01
2.3340776309370995E+01	3.7609375000000000E+01
2.3407830156385899E+01	3.7609375000000000E+01
2.3474876239895821E+01	3.7609375000000000E+01
2.3541927240788937E+01	3.7609375000000000E+01
2.3608921058475971E+01	3.7609375000000000E+01
2.3675921134650707E+01	3.7609375000000000E+01
2.3742917641997337E+01	3.7609375000000000E+01
2.3809922203421593E+01	3.7609375000000000E+01
2.3876965872943401E+01	3.7609375000000000E+01
2.3943973034620285E+01	3.7609375000000000E+01
2.4010965801775455E+01	3.7609375000000000E+01
2.4077997751533985E+01	3.7609375000000000E+01
2.4145680323243141E+01	3.7609375000000000E+01
2.4212736770510674E+01	3.7609375000000000E+01
2.4279769331216812E+01	3.7609375000000000E+01
2.4346779011189938E+01	3.7609375000000000E+01
2.4413891665637493E+01	3.7609375000000000E+01
2.4480870380997658E+01	3.7609375000000000E+01
2.4547853820025921E+01	3.7609375000000000E+01
2.4614804044365883E+01	3.7609375000000000E+01
2.4681666694581509E+01	3.7609375000000000E+01
2.4748490810394287E+01	3.7609375000000000E+01
2.4815331362187862E+01	3.7609375000000000E+01
2.4882879726588726E+01	3.7609375000000000E+01
2.4949739888310432E+01	3.7609375000000000E+01
2.5016601920127869E+01	3.7609375000000000E+01
2.5083460301160812E+01	3.7609375000000000E+01
2.5150342151522636E+01	3.7609375000000000E+01
2.5217189446091652E+01	3.7609375000000000E+01
2.5284043699502945E+01	3.7609375000000000E+01
2.5350968748331070E+01	3.7609375000000000E+01
2.5418243132531643E+01	3.7609375000000000E+01
2.5485205508768559E+01	3.7609375000000000E+01
2.5552200265228748E+01	3.7609375000000000E+01
2.5619708590209484E+01	3.7609375000000000E+01
2.5686760954558849E+01	3.7609375000000000E+01
2.5753991179168224E+01	3.7609375000000000E+01
2.5821043275296688E+01	3.7609375000000000E+01
2.5888078920543194E+01	3.7609375000000000E+01
2.5955081708729267E+01	3.7609375000000000E+01
2.6022149756550789E+01	3.7609375000000000E+01
2.6089225985109806E+01	3.7609375000000000E+01
2.6156285449862480E+01	3.7609375000000000E+01
2.6223342202603817E+01	3.7609375000000000E+01
2.6290598109364510E+01	3.7609375000000000E+01
2.6357666857540607E+01	3.7609375000000000E+01
2.6424713261425495E+01	3.7609375000000000E+01
2.6491746440529823E+01	3.7609375000000000E+01
2.6559459865093231E+01	3.7609375000000000E+01
2.6626467928290367E+01	3.7609375000000000E+01
2.6693484686315060E+01	3.7609375000000000E+01
2.6760796725749969E+01	3.7609375000000000E+01
2.6827831581234932E+01	3.7609375000000000E+01
2.6894855394959450E+01	3.7609375000000000E+01
2.6961907275021076E+01	3.7609375000000000E+01
2.7028927862644196E+01	3.7609375000000000E+01
2.7095951415598392E+01	3.7609375000000000E+01
2.7163007996976376E+01	3.7609375000000000E+01
2.7230447493493557E+01	3.7609375000000000E+01
2.7297720648348331E+01	3.7609375000000000E+01
2.7364903829991817E+01	3.7609375000000000E+01
2.7432014010846615E+01	3.7609375000000000E+01
2.7499786935746670E+01	3.7609375000000000E+01
2.7566872656345367E+01	3.7609375000000000E+01
2.7633995436131954E+01	3.7609375000000000E+01
2.7701071679592133E+01	3.7609375000000000E+01
2.7768156908452511E+01	3.7609375000000000E+01
2.7835287258028984E+01	3.7609375000000000E+01
2.7902362957596779E+01	3.7609375000000000E+01
2.7969447597861290E+01	3.7609375000000000E+01
2.8036949731409550E+01	3.7609375000000000E+01
2.8104053102433681E+01	3.7609375000000000E+01
2.8171327181160450E+01	3.7609375000000000E+01
2.8238416925072670E+01	3.7609375000000000E+01
2.8305716402828693E+01	3.7609375000000000E+01
2.8372847475111485E+01	3.7609375000000000E+01
2.8440477289259434E+01	3.7609375000000000E+01
2.8507606819272041E+01	3.7609375000000000E+01
2.8574835903942585E+01	3.7609375000000000E+01
2.8641937457025051E+01	3.7609375000000000E+01
2.8709016412496567E+01	3.7609375000000000E+01
2.8776529893279076E+01	3.7609375000000000E+01
2.8843816056847572E+01	3.7609375000000000E+01
2.8911905586719513E+01	3.7609375000000000E+01
2.8979049101471901E+01	3.7609375000000000E+01
2.9046342372894287E+01	3.7609375000000000E+01
2.9113481216132641E+01	3.7609375000000000E+01
2.9180638298392296E+01	3.7609375000000000E+01
2.9248017445206642E+01	3.7609375000000000E+01
2.9315102726221085E+01	3.7609375000000000E+01
2.9382202379405499E+01	3.7609375000000000E+01
2.9449294261634350E+01	3.7609375000000000E+01
2.9516415975987911E+01	3.7609375000000000E+01
2.9583561994135380E+01	3.7609375000000000E+01
2.9650929085910320E+01	3.7609375000000000E+01
2.9718158997595310E+01	3.7609375000000000E+01
2.9785262979567051E+01	3.7609375000000000E+01
2.9852342329919338E+01	3.7609375000000000E+01
2.9920130059123039E+01	3.7609375000000000E+01
2.9987262733280659E+01	3.7609375000000000E+01
3.0054317772388458E+01	3.7609375000000000E+01
3.0121936529874802E+01	3.7609375000000000E+01
3.0189020901918411E+01	3.7609375000000000E+01
3.0256714977324009E+01	3.7609375000000000E+01
3.0324123665690422E+01	3.7609375000000000E+01
3.0391221553087234E+01	3.7609375000000000E+01
3.0458287209272385E+01	3.7609375000000000E+01
3.0525382339954376E+01	3.7609375000000000E+01
3.0592495724558830E+01	3.7609375000000000E+01
3.0659696064889431E+01	3.7609375000000000E+01
3.0726962581276894E+01	3.7609375000000000E+01
3.0794300526380539E+01	3.7609375000000000E+01
3.0861651018261909E+01	3.7609375000000000E+01
3.0929388530552387E+01	3.7609375000000000E+01
3.0996810637414455E+01	3.7609375000000000E+01
3.1064278021454811E+01	3.7609375000000000E+01
3.1131810307502747E+01	3.7609375000000000E+01
3.1199269354343414E+01	3.7609375000000000E+01
3.1266669347882271E+01	3.7609375000000000E+01
3.1334088988602161E+01	3.7609375000000000E+01
3.1401518188416958E+01	3.7609375000000000E+01
3.1469006992876530E+01	3.7609375000000000E+01
3.1536791756749153E+01	3.7609375000000000E+01
3.1604687042534351E+01	3.7609375000000000E+01
3.1672176666557789E+01	3.7609375000000000E+01
3.1739744134247303E+01	3.7609375000000000E+01
3.1807935357093811E+01	3.7609375000000000E+01
3.1875490315258503E+01	3.7609375000000000E+01
3.1943050518631935E+01	3.7609375000000000E+01
3.2010804198682308E+01	3.7609375000000000E+01
3.2078333444893360E+01	3.7609375000000000E+01
3.2145890116691589E+01	3.7609375000000000E+01
3.2213472634553909E+01	3.7609375000000000E+01
3.2281134128570557E+01	3.7609375000000000E+01
3.2348765261471272E+01	3.7609375000000000E+01
3.2416495837271214E+01	3.7609375000000000E+01
3.2484238892793655E+01	3.7609375000000000E+01
3.2552046656608582E+01	3.7609375000000000E+01
3.2620293274521828E+01	3.7609375000000000E+01
3.2688490733504295E+01	3.7609375000000000E+01
3.2756592720746994E+01	3.7609375000000000E+01
3.2824515469372272E+01	3.7609375000000000E+01
3.2892487719655037E+01	3.7609375000000000E+01
3.2960779324173927E+01	3.7609375000000000E+01
3.3029577776789665E+01	3.7609375000000000E+01
3.3097674101591110E+01	3.7609375000000000E+01
3.3165768399834633E+01	3.7609375000000000E+01
3.3234253287315369E+01	3.7609375000000000E+01
3.3302410118281841E+01	3.7609375000000000E+01
3.3370535649359226E+01	3.7609375000000000E+01
3.3438646361231804E+01	3.7609375000000000E+01
3.3507153801620007E+01	3.7609375000000000E+01
3.3575305975973606E+01	3.7609375000000000E+01
3.3643436796963215E+01	3.7609375000000000E+01
3.3711580969393253E+01	3.7609375000000000E+01
3.3779705144464970E+01	3.7609375000000000E+01
3.3848076961934566E+01	3.7609375000000000E+01
3.3916772007942200E+01	3.7609375000000000E+01
3.3985096864402294E+01	3.7609375000000000E+01
3.4053210996091366E+01	3.7609375000000000E+01
3.4121303595602512E+01	3.7609375000000000E+01
3.4189429223537445E+01	3.7609375000000000E+01
3.4257558986544609E+01	3.7609375000000000E+01
3.4325657747685909E+01	3.7609375000000000E+01
3.4393784388899803E+01	3.7609375000000000E+01
3.4461925886571407E+01	3.7609375000000000E+01
3.4530028603971004E+01	3.7609375000000000E+01
3.4598179228603840E+01	3.7609375000000000E+01
3.4666644312441349E+01	3.7609375000000000E+01
3.4734711393713951E+01	3.7609375000000000E+01
3.4802770659327507E+01	3.7609375000000000E+01
3.4870859257876873E+01	3.7609375000000000E+01
3.4938926756381989E+01	3.7609375000000000E+01
3.5006999149918556E+01	3.7609375000000000E+01
3.5075062975287437E+01	3.7609375000000000E+01
3.5143156468868256E+01	3.7609375000000000E+01
3.5211290895938873E+01	3.7609375000000000E+01
3.5279504828155041E+01	3.7609375000000000E+01
3.5347599059343338E+01	3.7609375000000000E+01
3.5415608875453472E+01	3.7609375000000000E+01
3.5483599819242954E+01	3.7609375000000000E+01
3.5551842719316483E+01	3.7609375000000000E+01
3.5619840785861015E+01	3.7609375000000000E+01
3.5687888965010643E+01	3.7609375000000000E+01
3.5755880735814571E+01	3.7609375000000000E+01
3.5823855869472027E+01	3.7609375000000000E+01
3.5892064474523067E+01	3.7609375000000000E+01
3.5960058882832527E+01	3.7609375000000000E+01
3.6028043292462826E+01	3.7609375000000000E+01
3.6096000805497169E+01	3.7609375000000000E+01
3.6163963168859482E+01	3.7609375000000000E+01
3.6231935739517212E+01	3.7609375000000000E+01
3.6299860492348671E+01	3.7609375000000000E+01
3.6367788411676884E+01	3.7609375000000000E+01
3.6435769535601139E+01	3.7609375000000000E+01
3.6503803543746471E+01	3.7609375000000000E+01
3.6571848444640636E+01	3.7609375000000000E+01
3.6639902740716934E+01	3.7609375000000000E+01
3.6708006992936134E+01	3.7609375000000000E+01
3.6776727095246315E+01	3.7609375000000000E+01
3.6844792202115059E+01	3.7609375000000000E+01
3.6912835821509361E+01	3.7609375000000000E+01
3.6980931051075459E+01	3.7609375000000000E+01
3.7049001932144165E+01	3.7609375000000000E+01
3.7117115505039692E+01	3.7609375000000000E+01
3.7185439214110374E+01	3.7609375000000000E+01
3.7253780640661716E+01	3.7609375000000000E+01
3.7321879491209984E+01	3.7609375000000000E+01
3.7390423819422722E+01	3.7609375000000000E+01
3.7458586983382702E+01	3.7609375000000000E+01
3.7526695370674133E+01	3.7609375000000000E+01
3.7594798713922501E+01	3.7609375000000000E+01
3.7662901423871517E+01	3.7609375000000000E+01
3.7731031388044357E+01	3.7609375000000000E+01
3.7799148984253407E+01	3.7609375000000000E+01
3.7867292761802673E+01	3.7609375000000000E+01
3.7936020195484161E+01	3.7609375000000000E+01
3.8004137970507145E+01	3.7609375000000000E+01
3.8072256609797478E+01	3.7609375000000000E+01
3.8140386402606964E+01	3.7609375000000000E+01
3.8208907037973404E+01	3.7609375000000000E+01
3.8277718037366867E+01	3.7609375000000000E+01
3.8345995374023914E+01	3.7609375000000000E+01
3.8414190493524075E+01	3.7609375000000000E+01
3.8482373580336571E+01	3.7609375000000000E+01
3.8550492867827415E+01	3.7609375000000000E+01
3.8618620574474335E+01	3.7609375000000000E+01
3.8687454864382744E+01	3.7609375000000000E+01
3.8756103545427322E+01	3.7609375000000000E+01
3.8824262864887714E+01	3.7609375000000000E+01
3.8892396874725819E+01	3.7609375000000000E+01
3.8960556559264660E+01	3.7609375000000000E+01
3.9028694540262222E+01	3.7609375000000000E+01
3.9096817865967751E+01	3.7609375000000000E+01
3.9164940968155861E+01	3.7609375000000000E+01
3.9233101241290569E+01	3.7609375000000000E+01
3.9301274552941322E+01	3.7609375000000000E+01
3.9369434155523777E+01	3.7609375000000000E+01
3.9438092157244682E+01	3.7609375000000000E+01
3.9506314001977444E+01	3.7609375000000000E+01
3.9574464254081249E+01	3.7609375000000000E+01
3.9642642393708229E+01	3.7609375000000000E+01
3.9711126439273357E+01	3.7609375000000000E+01
3.9779314927756786E+01	3.7609375000000000E+01
3.9847503751516342E+01	3.7609375000000000E+01
3.9916395641863346E+01	3.7609375000000000E+01
3.9984610632061958E+01	3.7609375000000000E+01
4.0053152240812778E+01	3.7609375000000000E+01
4.0121344588696957E+01	3.7609375000000000E+01
4.0189542353153229E+01	3.7609375000000000E+01
4.0258473128080368E+01	3.7609375000000000E+01
4.0326718829572201E+01	3.7609375000000000E+01
4.0395657047629356E+01	3.7609375000000000E+01
4.0463880665600300E+01	3.7609375000000000E+01
4.0532118029892445E+01	3.7609375000000000E+01
4.0600333228707314E+01	3.7609375000000000E+01
4.0669059224426746E+01	3.7609375000000000E+01
4.0737282499670982E+01	3.7609375000000000E+01
4.0805481486022472E+01	3.7609375000000000E+01
4.0873720809817314E+01	3.7609375000000000E+01
4.0941962182521820E+01	3.7609375000000000E+01
4.1010227434337139E+01	3.7609375000000000E+01
4.1078505702316761E+01	3.7609375000000000E+01
4.1146787174046040E+01	3.7609375000000000E+01
4.1215065680444241E+01	3.7609375000000000E+01
4.1283346928656101E+01	3.7609375000000000E+01
4.1352153681218624E+01	3.7609375000000000E+01
4.1420475974678993E+01	3.7609375000000000E+01
4.1488765396177769E+01	3.7609375000000000E+01
4.1557030327618122E+01	3.7609375000000000E+01
4.1625345185399055E+01	3.7609375000000000E+01
4.1693696558475494E+01	3.7609375000000000E+01
4.1762596972286701E+01	3.7609375000000000E+01
4.1830988489091396E+01	3.7609375000000000E+01
4.1899417340755463E+01	3.7609375000000000E+01
4.1967877373099327E+01	3.7609375000000000E+01
4.2036415964365005E+01	3.7609375000000000E+01
4.2105394646525383E+01	3.7609375000000000E+01
4.2173894904553890E+01	3.7609375000000000E+01
4.2242426201701164E+01	3.7609375000000000E+01
4.2311271101236343E+01	3.7609375000000000E+01
4.2379803657531738E+01	3.7609375000000000E+01
4.2448369055986404E+01	3.7609375000000000E+01
4.2516901612281799E+01	3.7609375000000000E+01
4.2585891455411911E+01	3.7609375000000000E+01
4.2654462240636349E+01	3.7609375000000000E+01
4.2723011374473572E+01	3.7609375000000000E+01
4.2791545532643795E+01	3.7609375000000000E+01
4.2860091559588909E+01	3.7609375000000000E+01
4.2928734399378300E+01	3.7609375000000000E+01
4.2997334957122803E+01	3.7609375000000000E+01
4.3065975613892078E+01	3.7609375000000000E+01
4.3134670555591583E+01	3.7609375000000000E+01
4.3203401468694210E+01	3.7609375000000000E+01
4.3273044981062412E+01	3.7609375000000000E+01
4.3342414498329163E+01	3.7609375000000000E+01
4.3411720782518387E+01	3.7609375000000000E+01
4.3481246665120125E+01	3.7609375000000000E+01
4.3550522856414318E+01	3.7609375000000000E+01
4.3620067752897739E+01	3.7609375000000000E+01
4.3689324878156185E+01	3.7609375000000000E+01
4.3758640542626381E+01	3.7609375000000000E+01
4.3828010544180870E+01	3.7609375000000000E+01
4.3897524170577526E+01	3.7609375000000000E+01
4.3966815605759621E+01	3.7609375000000000E+01
4.4036244057118893E+01	3.7609375000000000E+01
4.4105469703674316E+01	3.7609375000000000E+01
4.4174739882349968E+01	3.7609375000000000E+01
4.4244201876223087E+01	3.7609375000000000E+01
4.4313303865492344E+01	3.7609375000000000E+01
4.4382560975849628E+01	3.7609375000000000E+01
4.4451889544725418E+01	3.7609375000000000E+01
4.4521196953952312E+01	3.7609375000000000E+01
4.4590685397386551E+01	3.7609375000000000E+01
4.4660303592681885E+01	3.7609375000000000E+01
4.4729529984295368E+01	3.7609375000000000E+01
4.4798910453915596E+01	3.7609375000000000E+01
4.4868069604039192E+01	3.7609375000000000E+01
4.4937122955918312E+01	3.7609375000000000E+01
4.5006205037236214E+01	3.7609375000000000E+01
4.5075354717671871E+01	3.7609375000000000E+01
4.5144368954002857E+01	3.7609375000000000E+01
4.5213431499898434E+01	3.7609375000000000E+01
4.5282617673277855E+01	3.7609375000000000E+01
4.5351762011647224E+01	3.7609375000000000E+01
4.5420972377061844E+01	3.7609375000000000E+01
4.5489928528666496E+01	3.7609375000000000E+01
4.5558886066079140E+01	3.7609375000000000E+01
4.5627959750592709E+01	3.7609375000000000E+01
4.5696945898234844E+01	3.7609375000000000E+01
4.5765926152467728E+01	3.7609375000000000E+01
4.5835002206265926E+01	3.7609375000000000E+01
4.5903941661119461E+01	3.7609375000000000E+01
4.5972790673375130E+01	3.7609375000000000E+01
4.6041364952921867E+01	3.7609375000000000E+01
4.6109561182558537E+01	3.7609375000000000E+01
4.6177734442055225E+01	3.7609375000000000E+01
4.6246588557958603E+01	3.7609375000000000E+01
4.6314725458621979E+01	3.7609375000000000E+01
4.6382932096719742E+01	3.7609375000000000E+01
4.6451069816946983E+01	3.7609375000000000E+01
4.6519225656986237E+01	3.7609375000000000E+01
4.6587373182177544E+01	3.7609375000000000E+01
4.6655524790287018E+01	3.7609375000000000E+01
4.6723861195147038E+01	3.7609375000000000E+01
4.6792005449533463E+01	3.7609375000000000E+01
4.6860175304114819E+01	3.7609375000000000E+01
4.6928349427878857E+01	3.7609375000000000E+01
4.6996507741510868E+01	3.7609375000000000E+01
4.7064800895750523E+01	3.7609375000000000E+01
4.7132892318069935E+01	3.7609375000000000E+01
4.7201004803180695E+01	3.7609375000000000E+01
4.7269086673855782E+01	3.7609375000000000E+01
4.7337139785289764E+01	3.7609375000000000E+01
4.7405164249241352E+01	3.7609375000000000E+01
4.7473134517669678E+01	3.7609375000000000E+01
4.7541760668158531E+01	3.7609375000000000E+01
4.7610431075096130E+01	3.7609375000000000E+01
4.7678669169545174E+01	3.7609375000000000E+01
4.7746578641235828E+01	3.7609375000000000E+01
4.7814384035766125E+01	3.7609375000000000E+01
4.7882440723478794E+01	3.7609375000000000E+01
4.7950344160199165E+01	3.7609375000000000E+01
4.8018091306090355E+01	3.7609375000000000E+01
4.8086644768714905E+01	3.7609375000000000E+01
4.8154619194567204E+01	3.7609375000000000E+01
4.8222607396543026E+01	3.7609375000000000E+01
4.8290669560432434E+01	3.7609375000000000E+01
4.8358644336462021E+01	3.7609375000000000E+01
4.8426703356206417E+01	3.7609375000000000E+01
4.8494703724980354E+01	3.7609375000000000E+01
4.8562670007348061E+01	3.7609375000000000E+01
4.8630436830222607E+01	3.7609375000000000E+01
4.8698126703500748E+01	3.7609375000000000E+01
4.8765973113477230E+01	3.7609375000000000E+01
4.8833663299679756E+01	3.7609375000000000E+01
4.8901321962475777E+01	3.7609375000000000E+01
4.8968984372913837E+01	3.7609375000000000E+01
4.9036565594375134E+01	3.7609375000000000E+01
4.9103927217423916E+01	3.7609375000000000E+01
4.9171564258635044E+01	3.7609375000000000E+01
4.9239000715315342E+01	3.7609375000000000E+01
4.9306299209594727E+01	3.7609375000000000E+01
4.9373495332896709E+01	3.7609375000000000E+01
4.9440653547644615E+01	3.7609375000000000E+01
4.9507877856492996E+01	3.7609375000000000E+01
4.9575093403458595E+01	3.7609375000000000E+01
4.9642337396740913E+01	3.7609375000000000E+01
4.9709875300526619E+01	3.7609375000000000E+01
4.9778003990650177E+01	3.7609375000000000E+01
4.9846417345106602E+01	3.7609375000000000E+01
4.9914206922054291E+01	3.7609375000000000E+01
4.9981930784881115E+01	3.7609375000000000E+01
5.0049901522696018E+01	3.7609375000000000E+01
5.0118017502129078E+01	3.7609375000000000E+01
5.0186133883893490E+01	3.7609375000000000E+01
5.0254215098917484E+01	3.7609375000000000E+01
5.0322494246065617E+01	3.7609375000000000E+01
5.0391322821378708E+01	3.7609375000000000E+01
5.0459768123924732E+01	3.7609375000000000E+01
5.0528440505266190E+01	3.7609375000000000E+01
5.0597108297049999E+01	3.7609375000000000E+01
5.0666303999722004E+01	3.7609375000000000E+01
5.0734941124916077E+01	3.7609375000000000E+01
5.0803662605583668E+01	3.7609375000000000E+01
5.0872453220188618E+01	3.7609375000000000E+01
5.0941202364861965E+01	3.7609375000000000E+01
5.1009942777454853E+01	3.7609375000000000E+01
5.1078932620584965E+01	3.7609375000000000E+01
5.1148151837289333E+01	3.7609375000000000E+01
5.1216930814087391E+01	3.7609375000000000E+01
5.1285688169300556E+01	3.7609375000000000E+01
5.1354437753558159E+01	3.7609375000000000E+01
5.1423691235482693E+01	3.7609375000000000E+01
5.1492496475577354E+01	3.7609375000000000E+01
5.1561669424176216E+01	3.7609375000000000E+01
5.1630837306380272E+01	3.7609375000000000E+01
5.1700296729803085E+01	3.7609375000000000E+01
5.1769851587712765E+01	3.7609375000000000E+01
5.1838703274726868E+01	3.7609375000000000E+01
5.1907737262547016E+01	3.7609375000000000E+01
5.1976813785731792E+01	3.7609375000000000E+01
5.2046041823923588E+01	3.7609375000000000E+01
5.2114917606115341E+01	3.7609375000000000E+01
5.2184336274862289E+01	3.7609375000000000E+01
5.2253299675881863E+01	3.7609375000000000E+01
5.2322238519787788E+01	3.7609375000000000E+01
5.2391822405159473E+01	3.7609375000000000E+01
5.2460843816399574E+01	3.7609375000000000E+01
5.2530039645731449E+01	3.7609375000000000E+01
5.2598957709968090E+01	3.7609375000000000E+01
5.2667880497872829E+01	3.7609375000000000E+01
5.2736827164888382E+01	3.7609375000000000E+01
5.2805744759738445E+01	3.7609375000000000E+01
5.2874882392585278E+01	3.7609375000000000E+01
5.2943795859813690E+01	3.7609375000000000E+01
5.3012753404676914E+01	3.7609375000000000E+01
5.3081723690032959E+01	3.7609375000000000E+01
5.3150638692080975E+01	3.7609375000000000E+01
5.3220253147184849E+01	3.7609375000000000E+01
5.3289195097982883E+01	3.7609375000000000E+01
5.3358245156705379E+01	3.7609375000000000E+01
5.3427226454019547E+01	3.7609375000000000E+01
5.3496707729995251E+01	3.7609375000000000E+01
5.3565608091652393E+01	3.7609375000000000E+01
5.3634484462440014E+01	3.7609375000000000E+01
5.3703360512852669E+01	3.7609375000000000E+01
5.3772235982120037E+01	3.7609375000000000E+01
5.3841107435524464E+01	3.7609375000000000E+01
5.3909980036318302E+01	3.7609375000000000E+01
5.3979013994336128E+01	3.7609375000000000E+01
5.4047897316515446E+01	3.7609375000000000E+01
5.4116658560931683E+01	3.7609375000000000E+01
5.4185723789036274E+01	3.7609375000000000E+01
5.4254400908946991E+01	3.7609375000000000E+01
5.4323065549135208E+01	3.7609375000000000E+01
5.4391714841127396E+01	3.7609375000000000E+01
5.4460303053259850E+01	3.7609375000000000E+01
5.4528872191905975E+01	3.7609375000000000E+01
5.4597424939274788E+01	3.7609375000000000E+01
5.4665956966578960E+01	3.7609375000000000E+01
5.4734396956861019E+01	3.7609375000000000E+01
5.4802863024175167E+01	3.7609375000000000E+01
5.4871286526322365E+01	3.7609375000000000E+01
5.4940130665898323E+01	3.7609375000000000E+01
5.5008661381900311E+01	3.7609375000000000E+01
5.5077060334384441E+01	3.7609375000000000E+01
5.5145462356507778E+01	3.7609375000000000E+01
5.5213819205760956E+01	3.7609375000000000E+01
5.5282135009765625E+01	3.7609375000000000E+01
5.5350477188825607E+01	3.7609375000000000E+01
5.5418807134032249E+01	3.7609375000000000E+01
5.5487335756421089E+01	3.7609375000000000E+01
5.5556039236485958E+01	3.7609375000000000E+01
5.5624302983283997E+01	3.7609375000000000E+01
5.5692578785121441E+01	3.7609375000000000E+01
5.5760858505964279E+01	3.7609375000000000E+01
5.5829133644700050E+01	3.7609375000000000E+01
5.5897447198629379E+01	3.7609375000000000E+01
5.5966332614421844E+01	3.7609375000000000E+01
5.6034956470131874E+01	3.7609375000000000E+01
5.6103311859071255E+01	3.7609375000000000E+01
5.6171582363545895E+01	3.7609375000000000E+01
5.6240364275872707E+01	3.7609375000000000E+01
5.6308624051511288E+01	3.7609375000000000E+01
5.6376880958676338E+01	3.7609375000000000E+01
5.6445139303803444E+01	3.7609375000000000E+01
5.6513824604451656E+01	3.7609375000000000E+01
5.6582284569740295E+01	3.7609375000000000E+01
5.6650534056127071E+01	3.7609375000000000E+01
5.6719410441815853E+01	3.7609375000000000E+01
5.6787933319807053E+01	3.7609375000000000E+01
5.6856143228709698E+01	3.7609375000000000E+01
5.6924389310181141E+01	3.7609375000000000E+01
5.6992849200963974E+01	3.7609375000000000E+01
5.7061059772968292E+01	3.7609375000000000E+01
5.7129541978240013E+01	3.7609375000000000E+01
5.7197759732604027E+01	3.7609375000000000E+01
5.7266578383743763E+01	3.7609375000000000E+01
5.7334747128188610E+01	3.7609375000000000E+01
5.7403000906109810E+01	3.7609375000000000E+01
5.7471258185803890E+01	3.7609375000000000E+01
5.7539601340889931E+01	3.7609375000000000E+01
5.7607912078499794E+01	3.7609375000000000E+01
5.7676250107586384E+01	3.7609375000000000E+01
5.7745058216154575E+01	3.7609375000000000E+01
5.7813538581132889E+01	3.7609375000000000E+01
5.7882033161818981E+01	3.7609375000000000E+01
5.7950496099889278E+01	3.7609375000000000E+01
5.8018998414278030E+01	3.7609375000000000E+01
5.8087571240961552E+01	3.7609375000000000E+01
5.8156398996710777E+01	3.7609375000000000E+01
5.8225037932395935E+01	3.7609375000000000E+01
5.8293680787086487E+01	3.7609375000000000E+01
5.8362377367913723E+01	3.7609375000000000E+01
5.8431502796709538E+01	3.7609375000000000E+01
5.8500225290656090E+01	3.7609375000000000E+01
5.8568965882062912E+01	3.7609375000000000E+01
5.8637719929218292E+01	3.7609375000000000E+01
5.8706881947815418E+01	3.7609375000000000E+01
5.8776337884366512E+01	3.7609375000000000E+01
5.8845226936042309E+01	3.7609375000000000E+01
5.8914130717515945E+01	3.7609375000000000E+01
5.8983060210943222E+01	3.7609375000000000E+01
5.9051986210048199E+01	3.7609375000000000E+01
5.9120908677577972E+01	3.7609375000000000E+01
5.9189841322600842E+01	3.7609375000000000E+01
5.9258790060877800E+01	3.7609375000000000E+01
5.9327744282782078E+01	3.7609375000000000E+01
5.9396703720092773E+01	3.7609375000000000E+01
5.9465660363435745E+01	3.7609375000000000E+01
5.9534620605409145E+01	3.7609375000000000E+01
5.9603607133030891E+01	3.7609375000000000E+01
5.9672984436154366E+01	3.7609375000000000E+01
5.9742291137576103E+01	3.7609375000000000E+01
5.9811286248266697E+01	3.7609375000000000E+01
5.9880756646394730E+01	3.7609375000000000E+01
5.9949732676148415E+01	3.7609375000000000E+01
6.0018708549439907E+01	3.7609375000000000E+01
6.0087660871446133E+01	3.7609375000000000E+01
6.0156595721840858E+01	3.7609375000000000E+01
6.0225567825138569E+01	3.7609375000000000E+01
6.0294550381600857E+01	3.7609375000000000E+01
6.0363544650375843E+01	3.7609375000000000E+01
6.0432533852756023E+01	3.7609375000000000E+01
6.0501545332372189E+01	3.7609375000000000E+01
6.0570547461509705E+01	3.7609375000000000E+01
6.0639552615582943E+01	3.7609375000000000E+01
6.0708558551967144E+01	3.7609375000000000E+01
6.0777947321534157E+01	3.7609375000000000E+01
6.0846916615962982E+01	3.7609375000000000E+01
6.0915910698473454E+01	3.7609375000000000E+01
6.0984908774495125E+01	3.7609375000000000E+01
6.1053891047835350E+01	3.7609375000000000E+01
6.1122872993350029E+01	3.7609375000000000E+01
6.1191976837813854E+01	3.7609375000000000E+01
6.1260973684489727E+01	3.7609375000000000E+01
6.1329938888549805E+01	3.7609375000000000E+01
6.1399110250174999E+01	3.7609375000000000E+01
6.1468084521591663E+01	3.7609375000000000E+01
6.1537067949771881E+01	3.7609375000000000E+01
6.1606060050427914E+01	3.7609375000000000E+01
6.1675037741661072E+01	3.7609375000000000E+01
6.1744009010493755E+01	3.7609375000000000E+01
6.1812950357794762E+01	3.7609375000000000E+01
6.1881933622062206E+01	3.7609375000000000E+01
6.1950892522931099E+01	3.7609375000000000E+01
6.2019841991364956E+01	3.7609375000000000E+01
6.2088808827102184E+01	3.7609375000000000E+01
6.2157775223255157E+01	3.7609375000000000E+01
6.2226716011762619E+01	3.7609375000000000E+01
6.2296238504350185E+01	3.7609375000000000E+01
6.2365180522203445E+01	3.7609375000000000E+01
6.2434116624295712E+01	3.7609375000000000E+01
6.2503062970936298E+01	3.7609375000000000E+01
6.2571992851793766E+01	3.7609375000000000E+01
6.2640921778976917E+01	3.7609375000000000E+01
6.2709843523800373E+01	3.7609375000000000E+01
6.2778742969036102E+01	3.7609375000000000E+01
6.2847650386393070E+01	3.7609375000000000E+01
6.2916490189731121E+01	3.7609375000000000E+01
6.2985336333513260E+01	3.7609375000000000E+01
6.3054257914423943E+01	3.7609375000000000E+01
6.3123079657554626E+01	3.7609375000000000E+01
6.3191896945238113E+01	3.7609375000000000E+01
6.3260637044906616E+01	3.7609375000000000E+01
6.3329441003501415E+01	3.7609375000000000E+01
6.3398100167512894E+01	3.7609375000000000E+01
6.3467380754649639E+01	3.7609375000000000E+01
6.3536109931766987E+01	3.7609375000000000E+01
6.3604813456535339E+01	3.7609375000000000E+01
6.3673553265631199E+01	3.7609375000000000E+01
6.3742209948599339E+01	3.7609375000000000E+01
6.3810766167938709E+01	3.7609375000000000E+01
6.3879264459013939E+01	3.7609375000000000E+01
6.3947743348777294E+01	3.7609375000000000E+01
6.4016154669225216E+01	3.7609375000000000E+01
6.4084590472280979E+01	3.7609375000000000E+01
6.4152956172823906E+01	3.7609375000000000E+01
6.4221302278339863E+01	3.7609375000000000E+01
6.4289596989750862E+01	3.7609375000000000E+01
6.4357883170247078E+01	3.7609375000000000E+01
6.4426153950393200E+01	3.7609375000000000E+01
6.4494652502238750E+01	3.7609375000000000E+01
6.4562897250056267E+01	3.7609375000000000E+01
6.4631102047860622E+01	3.7609375000000000E+01
6.4699323348701000E+01	3.7609375000000000E+01
6.4767504513263702E+01	3.7609375000000000E+01
6.4835728101432323E+01	3.7609375000000000E+01
6.4904382944107056E+01	3.7609375000000000E+01
6.4972573973238468E+01	3.7609375000000000E+01
6.5040759757161140E+01	3.7609375000000000E+01
6.5108941085636616E+01	3.7609375000000000E+01
6.5177174374461174E+01	3.7609375000000000E+01
6.5245345108211040E+01	3.7609375000000000E+01
6.5313716597855091E+01	3.7609375000000000E+01
6.5381864637136459E+01	3.7609375000000000E+01
6.5450012490153313E+01	3.7609375000000000E+01
6.5518210873007774E+01	3.7609375000000000E+01
6.5586409240961075E+01	3.7609375000000000E+01
6.5654560059309006E+01	3.7609375000000000E+01
6.5723358869552612E+01	3.7609375000000000E+01
6.5791508421301842E+01	3.7609375000000000E+01
6.5859696291387081E+01	3.7609375000000000E+01
6.5927899718284607E+01	3.7609375000000000E+01
6.5996104441583157E+01	3.7609375000000000E+01
6.6064336769282818E+01	3.7609375000000000E+01
6.6132511556148529E+01	3.7609375000000000E+01
6.6201272808015347E+01	3.7609375000000000E+01
6.6269459694623947E+01	3.7609375000000000E+01
6.6337664641439915E+01	3.7609375000000000E+01
6.6405880503356457E+01	3.7609375000000000E+01
6.6474591925740242E+01	3.7609375000000000E+01
6.6542820140719414E+01	3.7609375000000000E+01
6.6611694380640984E+01	3.7609375000000000E+01
6.6681034602224827E+01	3.7609375000000000E+01
6.6749416910111904E+01	3.7609375000000000E+01
6.6817677140235901E+01	3.7609375000000000E+01
6.6885905325412750E+01	3.7609375000000000E+01
6.6954150043427944E+01	3.7609375000000000E+01
6.7022426053881645E+01	3.7609375000000000E+01
6.7090657740831375E+01	3.7609375000000000E+01
6.7159253984689713E+01	3.7609375000000000E+01
6.7229749135673046E+01	3.7609375000000000E+01
6.7348737992346287E+01	3.7699218750000000E+01
6.7466704741120338E+01	3.7699218750000000E+01
6.7576903358101845E+01	3.7699218750000000E+01
6.7670743517577648E+01	3.7699218750000000E+01
6.7729650840163231E+01	3.7699218750000000E+01
6.7756486065685749E+01	3.7699218750000000E+01
6.7783335819840431E+01	3.7699218750000000E+01
6.7810318380594254E+01	3.7699218750000000E+01
6.7837055258452892E+01	3.7699218750000000E+01
6.7863815978169441E+01	3.7699218750000000E+01
6.7890818268060684E+01	3.7699218750000000E+01
