0.0000000000000000E+00	9.8884826292053440E-01
1.0010010010010010E+05	9.8884053180103781E-01
2.0020020020020020E+05	9.8883280061354606E-01
3.0030030030030030E+05	9.8882507881965631E-01
4.0040040040040039E+05	9.8881736638834283E-01
5.0050050050050049E+05	9.8880965692866518E-01
6.0060060060060059E+05	9.8880194393257548E-01
7.0070070070070075E+05	9.8879422089202718E-01
8.0080080080080079E+05	9.8878648132769942E-01
9.0090090090090083E+05	9.8877872135591327E-01
1.0010010010010010E+06	9.8877094171888058E-01
1.1011011011011011E+06	9.8876314363659190E-01
1.2012012012012012E+06	9.8875532832903867E-01
1.3013013013013012E+06	9.8874749701621190E-01
1.4014014014014015E+06	9.8873965091810290E-01
1.5015015015015015E+06	9.8873179085008911E-01
1.6016016016016016E+06	9.8872391496228751E-01
1.7017017017017016E+06	9.8871602032655714E-01
1.8018018018018017E+06	9.8870810401171938E-01
1.9019019019019019E+06	9.8870016308659603E-01
2.0020020020020020E+06	9.8869219462000835E-01
2.1021021021021022E+06	9.8868419568077814E-01
2.2022022022022023E+06	9.8867616334058528E-01
2.3023023023023023E+06	9.8866809826557711E-01
2.4024024024024024E+06	9.8866001174042328E-01
2.5025025025025024E+06	9.8865191700111488E-01
2.6026026026026024E+06	9.8864382728364242E-01
2.7027027027027025E+06	9.8863575355659750E-01
2.8028028028028030E+06	9.8862769376265358E-01
2.9029029029029030E+06	9.8861964120179180E-01
3.0030030030030031E+06	9.8861158916829550E-01
3.1031031031031031E+06	9.8860353095644793E-01
3.2032032032032032E+06	9.8859546054908409E-01
3.3033033033033032E+06	9.8858737679038033E-01
3.4034034034034032E+06	9.8857928061744171E-01
3.5035035035035033E+06	9.8857117297553876E-01
3.6036036036036033E+06	9.8856305480994100E-01
3.7037037037037038E+06	9.8855492706591830E-01
3.8038038038038039E+06	9.8854679032105786E-01
3.9039039039039039E+06	9.8853864178859407E-01
4.0040040040040039E+06	9.8853047687734386E-01
4.1041041041041040E+06	9.8852229097891930E-01
4.2042042042042045E+06	9.8851407948493286E-01
4.3043043043043045E+06	9.8850583778699630E-01
4.4044044044044046E+06	9.8849756127672139E-01
4.5045045045045046E+06	9.8848924561171381E-01
4.6046046046046047E+06	9.8848089470714040E-01
4.7047047047047047E+06	9.8847252213504377E-01
4.8048048048048047E+06	9.8846414201547528E-01
4.9049049049049048E+06	9.8845576842091099E-01
5.0050050050050048E+06	9.8844740924659280E-01
5.1051051051051049E+06	9.8843906015743421E-01
5.2052052052052049E+06	9.8843071538005733E-01
5.3053053053053049E+06	9.8842236914108450E-01
5.4054054054054050E+06	9.8841401567647547E-01
5.5055055055055050E+06	9.8840565104650446E-01
5.6056056056056060E+06	9.8839727530797150E-01
5.7057057057057060E+06	9.8838888904718303E-01
5.8058058058058061E+06	9.8838049285044516E-01
5.9059059059059061E+06	9.8837208730406334E-01
6.0060060060060062E+06	9.8836367299203354E-01
6.1061061061061062E+06	9.8835524966529176E-01
6.2062062062062062E+06	9.8834681500991461E-01
6.3063063063063063E+06	9.8833836639755579E-01
6.4064064064064063E+06	9.8832990119987063E-01
6.5065065065065064E+06	9.8832141678851371E-01
6.6066066066066064E+06	9.8831291053513926E-01
6.7067067067067064E+06	9.8830437981140240E-01
6.8068068068068065E+06	9.8829582390257198E-01
6.9069069069069065E+06	9.8828725212565449E-01
7.0070070070070066E+06	9.8827867707371575E-01
7.1071071071071066E+06	9.8827011134165610E-01
7.2072072072072066E+06	9.8826156561607537E-01
7.3073073073073076E+06	9.8825303680208942E-01
7.4074074074074076E+06	9.8824451575171346E-01
7.5075075075075077E+06	9.8823599329096479E-01
7.6076076076076077E+06	9.8822746024586061E-01
7.7077077077077078E+06	9.8821890868856566E-01
7.8078078078078078E+06	9.8821033777941747E-01
7.9079079079079079E+06	9.8820174918149317E-01
8.0080080080080079E+06	9.8819314456072216E-01
8.1081081081081079E+06	9.8818452558303460E-01
8.2082082082082080E+06	9.8817589391436000E-01
8.3083083083083080E+06	9.8816725068623601E-01
8.4084084084084090E+06	9.8815859472718337E-01
8.5085085085085090E+06	9.8814992424545522E-01
8.6086086086086091E+06	9.8814123744929550E-01
8.7087087087087091E+06	9.8813253254694788E-01
8.8088088088088091E+06	9.8812380774665654E-01
8.9089089089089092E+06	9.8811506125666537E-01
9.0090090090090092E+06	9.8810629321346655E-01
9.1091091091091093E+06	9.8809751466995166E-01
9.2092092092092093E+06	9.8808874051625806E-01
9.3093093093093093E+06	9.8807998564674360E-01
9.4094094094094094E+06	9.8807126162334658E-01
9.5095095095095094E+06	9.8806256470411624E-01
9.6096096096096095E+06	9.8805388675659800E-01
9.7097097097097095E+06	9.8804521964796377E-01
9.8098098098098096E+06	9.8803655526742140E-01
9.9099099099099096E+06	9.8802788855775669E-01
1.0010010010010010E+07	9.8801922061288605E-01
1.0110110110110110E+07	9.8801055326525011E-01
1.0210210210210210E+07	9.8800188834728886E-01
1.0310310310310310E+07	9.8799322769144293E-01
1.0410410410410410E+07	9.8798457287999664E-01
1.0510510510510510E+07	9.8797592137172729E-01
1.0610610610610610E+07	9.8796726724456541E-01
1.0710710710710710E+07	9.8795860447665407E-01
1.0810810810810810E+07	9.8794992704613671E-01
1.0910910910910910E+07	9.8794122893115666E-01
1.1011011011011010E+07	9.8793250410985778E-01
1.1111111111111110E+07	9.8792374812410766E-01
1.1211211211211212E+07	9.8791496872079332E-01
1.1311311311311312E+07	9.8790617938144720E-01
1.1411411411411412E+07	9.8789739362082507E-01
1.1511511511511512E+07	9.8788862369384767E-01
1.1611611611611612E+07	9.8787987093189944E-01
1.1711711711711712E+07	9.8787113105952917E-01
1.1811811811811812E+07	9.8786239975547085E-01
1.1911911911911912E+07	9.8785367269845825E-01
1.2012012012012012E+07	9.8784494624197516E-01
1.2112112112112112E+07	9.8783622024970152E-01
1.2212212212212212E+07	9.8782749572316497E-01
1.2312312312312312E+07	9.8781877366448123E-01
1.2412412412412412E+07	9.8781005507576680E-01
1.2512512512512513E+07	9.8780134095874406E-01
1.2612612612612613E+07	9.8779263187763622E-01
1.2712712712712713E+07	9.8778392712211927E-01
1.2812812812812813E+07	9.8777522575104137E-01
1.2912912912912913E+07	9.8776652682325039E-01
1.3013013013013013E+07	9.8775782939759371E-01
1.3113113113113113E+07	9.8774913253291974E-01
1.3213213213213213E+07	9.8774043528810174E-01
1.3313313313313313E+07	9.8773173673621772E-01
1.3413413413413413E+07	9.8772303598797329E-01
1.3513513513513513E+07	9.8771433216023585E-01
1.3613613613613613E+07	9.8770562436987197E-01
1.3713713713713713E+07	9.8769691173374874E-01
1.3813813813813813E+07	9.8768819336873304E-01
1.3913913913913913E+07	9.8767946839169185E-01
1.4014014014014013E+07	9.8767073593991439E-01
1.4114114114114113E+07	9.8766199728003701E-01
1.4214214214214213E+07	9.8765325764206280E-01
1.4314314314314313E+07	9.8764452268822045E-01
1.4414414414414413E+07	9.8763579808073843E-01
1.4514514514514515E+07	9.8762708948184585E-01
1.4614614614614615E+07	9.8761840255377109E-01
1.4714714714714715E+07	9.8760974238011945E-01
1.4814814814814815E+07	9.8760111148381424E-01
1.4914914914914915E+07	9.8759251167965512E-01
1.5015015015015015E+07	9.8758394478241618E-01
1.5115115115115115E+07	9.8757541260687243E-01
1.5215215215215215E+07	9.8756691694691745E-01
1.5315315315315315E+07	9.8755845726612690E-01
1.5415415415415416E+07	9.8755002860413599E-01
1.5515515515515516E+07	9.8754162550623414E-01
1.5615615615615616E+07	9.8753324251771113E-01
1.5715715715715716E+07	9.8752487418385582E-01
1.5815815815815816E+07	9.8751651504995797E-01
1.5915915915915916E+07	9.8750815973646600E-01
1.6016016016016016E+07	9.8749980425019679E-01
1.6116116116116116E+07	9.8749144581723924E-01
1.6216216216216216E+07	9.8748308170525068E-01
1.6316316316316316E+07	9.8747470918188773E-01
1.6416416416416416E+07	9.8746632551480706E-01
1.6516516516516516E+07	9.8745792797166565E-01
1.6616616616616616E+07	9.8744951382012003E-01
1.6716716716716716E+07	9.8744108046564649E-01
1.6816816816816818E+07	9.8743262850944380E-01
1.6916916916916918E+07	9.8742416176287406E-01
1.7017017017017018E+07	9.8741568417800907E-01
1.7117117117117118E+07	9.8740719970691859E-01
1.7217217217217218E+07	9.8739871230167364E-01
1.7317317317317318E+07	9.8739022591434433E-01
1.7417417417417418E+07	9.8738174449700222E-01
1.7517517517517518E+07	9.8737327200171754E-01
1.7617617617617618E+07	9.8736481238056084E-01
1.7717717717717718E+07	9.8735636942326610E-01
1.7817817817817818E+07	9.8734794585324825E-01
1.7917917917917918E+07	9.8733954396363777E-01
1.8018018018018018E+07	9.8733116604637072E-01
1.8118118118118118E+07	9.8732281439338310E-01
1.8218218218218219E+07	9.8731449129661075E-01
1.8318318318318319E+07	9.8730619904798989E-01
1.8418418418418419E+07	9.8729793993945592E-01
1.8518518518518519E+07	9.8728971626294515E-01
1.8618618618618619E+07	9.8728153031039367E-01
1.8718718718718719E+07	9.8727338437373702E-01
1.8818818818818819E+07	9.8726528073003672E-01
1.8918918918918919E+07	9.8725721974122438E-01
1.9019019019019019E+07	9.8724919798607269E-01
1.9119119119119119E+07	9.8724121159967182E-01
1.9219219219219219E+07	9.8723325671711171E-01
1.9319319319319319E+07	9.8722532947348185E-01
1.9419419419419419E+07	9.8721742600387230E-01
1.9519519519519519E+07	9.8720954244337289E-01
1.9619619619619619E+07	9.8720167492707367E-01
1.9719719719719719E+07	9.8719381959006414E-01
1.9819819819819819E+07	9.8718597256743412E-01
1.9919919919919919E+07	9.8717812999427401E-01
2.0020020020020019E+07	9.8717028800587414E-01
2.0120120120120119E+07	9.8716244381739160E-01
2.0220220220220219E+07	9.8715459824842111E-01
2.0320320320320319E+07	9.8714675286969833E-01
2.0420420420420419E+07	9.8713890925195746E-01
2.0520520520520519E+07	9.8713106896593428E-01
2.0620620620620620E+07	9.8712323358236365E-01
2.0720720720720720E+07	9.8711540467198078E-01
2.0820820820820820E+07	9.8710758380552088E-01
2.0920920920920920E+07	9.8709977255371895E-01
2.1021021021021020E+07	9.8709197248731007E-01
2.1121121121121120E+07	9.8708418517702945E-01
2.1221221221221220E+07	9.8707641219361220E-01
2.1321321321321320E+07	9.8706865453528392E-01
2.1421421421421420E+07	9.8706091075777880E-01
2.1521521521521520E+07	9.8705317876559107E-01
2.1621621621621620E+07	9.8704545646320929E-01
2.1721721721721720E+07	9.8703774175512204E-01
2.1821821821821820E+07	9.8703003254581734E-01
2.1921921921921920E+07	9.8702232673978363E-01
2.2022022022022020E+07	9.8701462224150960E-01
2.2122122122122120E+07	9.8700691695548315E-01
2.2222222222222220E+07	9.8699920878619318E-01
2.2322322322322320E+07	9.8699149563812760E-01
2.2422422422422424E+07	9.8698377542861637E-01
2.2522522522522524E+07	9.8697604662277583E-01
2.2622622622622624E+07	9.8696830842678096E-01
2.2722722722722724E+07	9.8696056009941180E-01
2.2822822822822824E+07	9.8695280089944804E-01
2.2922922922922924E+07	9.8694503008566969E-01
2.3023023023023024E+07	9.8693724691685636E-01
2.3123123123123124E+07	9.8692945065178805E-01
2.3223223223223224E+07	9.8692164054924458E-01
2.3323323323323324E+07	9.8691381586800553E-01
2.3423423423423424E+07	9.8690597586685125E-01
2.3523523523523524E+07	9.8689811980456121E-01
2.3623623623623624E+07	9.8689024693991534E-01
2.3723723723723724E+07	9.8688235650366818E-01
2.3823823823823825E+07	9.8687444757785969E-01
2.3923923923923925E+07	9.8686651919539115E-01
2.4024024024024025E+07	9.8685857038913194E-01
2.4124124124124125E+07	9.8685060019195248E-01
2.4224224224224225E+07	9.8684260763672238E-01
2.4324324324324325E+07	9.8683459175631161E-01
2.4424424424424425E+07	9.8682655158358989E-01
2.4524524524524525E+07	9.8681848615142753E-01
2.4624624624624625E+07	9.8681039449269436E-01
2.4724724724724725E+07	9.8680227564026024E-01
2.4824824824824825E+07	9.8679412862699478E-01
2.4924924924924925E+07	9.8678595248576839E-01
2.5025025025025025E+07	9.8677774639441374E-01
2.5125125125125125E+07	9.8676951133768565E-01
2.5225225225225225E+07	9.8676124952662769E-01
2.5325325325325325E+07	9.8675296319562134E-01
2.5425425425425425E+07	9.8674465457904781E-01
2.5525525525525525E+07	9.8673632591128868E-01
2.5625625625625625E+07	9.8672797942672541E-01
2.5725725725725725E+07	9.8671961735973968E-01
2.5825825825825825E+07	9.8671124194471271E-01
2.5925925925925925E+07	9.8670285541602609E-01
2.6026026026026025E+07	9.8669446000806138E-01
2.6126126126126125E+07	9.8668605795317310E-01
2.6226226226226225E+07	9.8667765052360445E-01
2.6326326326326326E+07	9.8666923649978167E-01
2.6426426426426426E+07	9.8666081426312946E-01
2.6526526526526526E+07	9.8665238219507367E-01
2.6626626626626626E+07	9.8664393867703992E-01
2.6726726726726726E+07	9.8663548209045315E-01
2.6826826826826826E+07	9.8662701081673909E-01
2.6926926926926926E+07	9.8661852323732280E-01
2.7027027027027026E+07	9.8661001773363011E-01
2.7127127127127126E+07	9.8660149268708641E-01
2.7227227227227226E+07	9.8659294633122052E-01
2.7327327327327326E+07	9.8658437508121799E-01
2.7427427427427426E+07	9.8657577413032604E-01
2.7527527527527526E+07	9.8656713864911560E-01
2.7627627627627626E+07	9.8655846380815804E-01
2.7727727727727726E+07	9.8654974477802537E-01
2.7827827827827826E+07	9.8654097672928887E-01
2.7927927927927926E+07	9.8653215483251988E-01
2.8028028028028026E+07	9.8652327425828934E-01
2.8128128128128126E+07	9.8651433017716961E-01
2.8228228228228226E+07	9.8650531775973138E-01
2.8328328328328326E+07	9.8649623217654647E-01
2.8428428428428426E+07	9.8648706886864956E-01
2.8528528528528526E+07	9.8647782504740111E-01
2.8628628628628626E+07	9.8646849863625419E-01
2.8728728728728727E+07	9.8645908756060396E-01
2.8828828828828827E+07	9.8644958974584618E-01
2.8928928928928930E+07	9.8644000311737523E-01
2.9029029029029030E+07	9.8643032560058641E-01
2.9129129129129130E+07	9.8642055512087534E-01
2.9229229229229230E+07	9.8641068960363665E-01
2.9329329329329330E+07	9.8640072697426595E-01
2.9429429429429431E+07	9.8639066515815765E-01
2.9529529529529531E+07	9.8638050208070771E-01
2.9629629629629631E+07	9.8637023578653249E-01
2.9729729729729731E+07	9.8635986846608792E-01
2.9829829829829831E+07	9.8634940742851795E-01
2.9929929929929931E+07	9.8633886029947049E-01
3.0030030030030031E+07	9.8632823470459419E-01
3.0130130130130131E+07	9.8631753826953694E-01
3.0230230230230231E+07	9.8630677861994753E-01
3.0330330330330331E+07	9.8629596338147374E-01
3.0430430430430431E+07	9.8628510017976434E-01
3.0530530530530531E+07	9.8627419664046734E-01
3.0630630630630631E+07	9.8626326038703094E-01
3.0730730730730731E+07	9.8625229764796196E-01
3.0830830830830831E+07	9.8624131086891220E-01
3.0930930930930931E+07	9.8623030186047378E-01
3.1031031031031031E+07	9.8621927243323804E-01
3.1131131131131131E+07	9.8620822439779676E-01
3.1231231231231231E+07	9.8619715956474130E-01
3.1331331331331331E+07	9.8618607974466410E-01
3.1431431431431431E+07	9.8617498674815629E-01
3.1531531531531531E+07	9.8616388238580954E-01
3.1631631631631631E+07	9.8615276846821576E-01
3.1731731731731731E+07	9.8614164651754066E-01
3.1831831831831831E+07	9.8613051620149184E-01
3.1931931931931932E+07	9.8611937645389580E-01
3.2032032032032032E+07	9.8610822620675764E-01
3.2132132132132132E+07	9.8609706439208178E-01
3.2232232232232232E+07	9.8608588994187318E-01
3.2332332332332332E+07	9.8607470178813672E-01
3.2432432432432432E+07	9.8606349886287692E-01
3.2532532532532532E+07	9.8605228009809864E-01
3.2632632632632632E+07	9.8604104442580631E-01
3.2732732732732732E+07	9.8602979077800501E-01
3.2832832832832832E+07	9.8601851808669960E-01
3.2932932932932932E+07	9.8600722532361773E-01
3.3033033033033032E+07	9.8599591186032698E-01
3.3133133133133132E+07	9.8598457729969557E-01
3.3233233233233232E+07	9.8597322124740860E-01
3.3333333333333332E+07	9.8596184330915126E-01
3.3433433433433432E+07	9.8595044309060864E-01
3.3533533533533532E+07	9.8593902019746593E-01
3.3633633633633636E+07	9.8592757423540800E-01
3.3733733733733736E+07	9.8591610481012026E-01
3.3833833833833836E+07	9.8590461152728770E-01
3.3933933933933936E+07	9.8589309399259550E-01
3.4034034034034036E+07	9.8588155181172854E-01
3.4134134134134136E+07	9.8586998459037212E-01
3.4234234234234236E+07	9.8585839163520561E-01
3.4334334334334336E+07	9.8584677029496515E-01
3.4434434434434436E+07	9.8583511713053740E-01
3.4534534534534536E+07	9.8582342870065731E-01
3.4634634634634636E+07	9.8581170156405906E-01
3.4734734734734736E+07	9.8579993227947660E-01
3.4834834834834836E+07	9.8578811740564509E-01
3.4934934934934936E+07	9.8577625350129805E-01
3.5035035035035037E+07	9.8576433712517042E-01
3.5135135135135137E+07	9.8575236483599593E-01
3.5235235235235237E+07	9.8574033319250942E-01
3.5335335335335337E+07	9.8572823875344517E-01
3.5435435435435437E+07	9.8571607807753703E-01
3.5535535535535537E+07	9.8570384757905005E-01
3.5635635635635637E+07	9.8569154247409008E-01
3.5735735735735737E+07	9.8567915738608936E-01
3.5835835835835837E+07	9.8566668693426096E-01
3.5935935935935937E+07	9.8565412573781930E-01
3.6036036036036037E+07	9.8564146841597722E-01
3.6136136136136137E+07	9.8562870958794813E-01
3.6236236236236237E+07	9.8561584387294610E-01
3.6336336336336337E+07	9.8560286589018431E-01
3.6436436436436437E+07	9.8558977025887606E-01
3.6536536536536537E+07	9.8557655159823498E-01
3.6636636636636637E+07	9.8556320452747470E-01
3.6736736736736737E+07	9.8554972366580873E-01
3.6836836836836837E+07	9.8553610442979289E-01
3.6936936936936937E+07	9.8552234931449079E-01
3.7037037037037037E+07	9.8550846451927032E-01
3.7137137137137137E+07	9.8549445627593890E-01
3.7237237237237237E+07	9.8548033081630382E-01
3.7337337337337337E+07	9.8546609437217303E-01
3.7437437437437437E+07	9.8545175317535383E-01
3.7537537537537538E+07	9.8543731345765351E-01
3.7637637637637638E+07	9.8542278145087936E-01
3.7737737737737738E+07	9.8540816338683912E-01
3.7837837837837838E+07	9.8539346549734019E-01
3.7937937937937938E+07	9.8537869401418965E-01
3.8038038038038038E+07	9.8536385498914048E-01
3.8138138138138138E+07	9.8534895197041195E-01
3.8238238238238238E+07	9.8533398667206429E-01
3.8338338338338338E+07	9.8531896076605208E-01
3.8438438438438438E+07	9.8530387592433100E-01
3.8538538538538538E+07	9.8528873381885584E-01
3.8638638638638638E+07	9.8527353612158153E-01
3.8738738738738738E+07	9.8525828450446351E-01
3.8838838838838838E+07	9.8524298063945648E-01
3.8938938938938938E+07	9.8522762619851600E-01
3.9039039039039038E+07	9.8521222285359655E-01
3.9139139139139138E+07	9.8519677225834712E-01
3.9239239239239238E+07	9.8518127474224038E-01
3.9339339339339338E+07	9.8516572844071182E-01
3.9439439439439438E+07	9.8515013128288942E-01
3.9539539539539538E+07	9.8513448119790070E-01
3.9639639639639638E+07	9.8511877611487342E-01
3.9739739739739738E+07	9.8510301396293454E-01
3.9839839839839838E+07	9.8508719267121259E-01
3.9939939939939938E+07	9.8507131016883465E-01
4.0040040040040039E+07	9.8505536438492824E-01
4.0140140140140139E+07	9.8503935324862124E-01
4.0240240240240239E+07	9.8502327468992168E-01
4.0340340340340339E+07	9.8500712685377745E-01
4.0440440440440439E+07	9.8499090837943648E-01
4.0540540540540539E+07	9.8497461797537489E-01
4.0640640640640639E+07	9.8495825435006812E-01
4.0740740740740739E+07	9.8494181621199139E-01
4.0840840840840839E+07	9.8492530226961983E-01
4.0940940940940939E+07	9.8490871123142965E-01
4.1041041041041039E+07	9.8489204180589640E-01
4.1141141141141139E+07	9.8487529270149476E-01
4.1241241241241239E+07	9.8485846262670118E-01
4.1341341341341339E+07	9.8484155030644460E-01
4.1441441441441439E+07	9.8482455516285350E-01
4.1541541541541539E+07	9.8480747755852416E-01
4.1641641641641639E+07	9.8479031792253136E-01
4.1741741741741739E+07	9.8477307668394876E-01
4.1841841841841839E+07	9.8475575427185058E-01
4.1941941941941939E+07	9.8473835111531127E-01
4.2042042042042039E+07	9.8472086764340494E-01
4.2142142142142139E+07	9.8470330428520592E-01
4.2242242242242239E+07	9.8468566146978787E-01
4.2342342342342339E+07	9.8466793962622579E-01
4.2442442442442439E+07	9.8465013907776078E-01
4.2542542542542540E+07	9.8463225963584877E-01
4.2642642642642640E+07	9.8461430095745162E-01
4.2742742742742740E+07	9.8459626269949796E-01
4.2842842842842840E+07	9.8457814451891679E-01
4.2942942942942940E+07	9.8455994607263653E-01
4.3043043043043040E+07	9.8454166701758705E-01
4.3143143143143140E+07	9.8452330701069724E-01
4.3243243243243240E+07	9.8450486570889528E-01
4.3343343343343340E+07	9.8448634276911096E-01
4.3443443443443440E+07	9.8446773753366679E-01
4.3543543543543540E+07	9.8444904759130270E-01
4.3643643643643640E+07	9.8443026992339600E-01
4.3743743743743740E+07	9.8441140151073359E-01
4.3843843843843840E+07	9.8439243933410125E-01
4.3943943943943940E+07	9.8437338037428579E-01
4.4044044044044040E+07	9.8435422161207298E-01
4.4144144144144140E+07	9.8433496002825005E-01
4.4244244244244240E+07	9.8431559260360313E-01
4.4344344344344340E+07	9.8429611631345704E-01
4.4444444444444440E+07	9.8427652763430418E-01
4.4544544544544540E+07	9.8425682215060861E-01
4.4644644644644640E+07	9.8423699535430720E-01
4.4744744744744740E+07	9.8421704273733668E-01
4.4844844844844848E+07	9.8419695979163446E-01
4.4944944944944948E+07	9.8417674200913718E-01
4.5045045045045048E+07	9.8415638488178148E-01
4.5145145145145148E+07	9.8413588390150508E-01
4.5245245245245248E+07	9.8411523456059047E-01
4.5345345345345348E+07	9.8409443333707436E-01
4.5445445445445448E+07	9.8407347985351579E-01
4.5545545545545548E+07	9.8405237435813131E-01
4.5645645645645648E+07	9.8403111709913671E-01
4.5745745745745748E+07	9.8400970832474710E-01
4.5845845845845848E+07	9.8398814828317971E-01
4.5945945945945948E+07	9.8396643722264965E-01
4.6046046046046048E+07	9.8394457539137303E-01
4.6146146146146148E+07	9.8392256304442571E-01
4.6246246246246248E+07	9.8390040212219410E-01
4.6346346346346349E+07	9.8387809844547103E-01
4.6446446446446449E+07	9.8385565837925237E-01
4.6546546546546549E+07	9.8383308828853544E-01
4.6646646646646649E+07	9.8381039453831609E-01
4.6746746746746749E+07	9.8378758349359074E-01
4.6846846846846849E+07	9.8376466151935504E-01
4.6946946946946949E+07	9.8374163498060663E-01
4.7047047047047049E+07	9.8371851002636268E-01
4.7147147147147149E+07	9.8369529019383273E-01
4.7247247247247249E+07	9.8367197728592515E-01
4.7347347347347349E+07	9.8364857307434883E-01
4.7447447447447449E+07	9.8362507933081067E-01
4.7547547547547549E+07	9.8360149782701833E-01
4.7647647647647649E+07	9.8357783033468038E-01
4.7747747747747749E+07	9.8355407862550426E-01
4.7847847847847849E+07	9.8353024440755610E-01
4.7947947947947949E+07	9.8350632822390460E-01
4.8048048048048049E+07	9.8348232959779158E-01
4.8148148148148149E+07	9.8345824801801163E-01
4.8248248248248249E+07	9.8343408297335899E-01
4.8348348348348349E+07	9.8340983395262949E-01
4.8448448448448449E+07	9.8338550044461759E-01
4.8548548548548549E+07	9.8336108193811800E-01
4.8648648648648649E+07	9.8333657782919826E-01
4.8748748748748749E+07	9.8331198686168608E-01
4.8848848848848850E+07	9.8328730749952686E-01
4.8948948948948950E+07	9.8326253820559262E-01
4.9049049049049050E+07	9.8323767744275636E-01
4.9149149149149150E+07	9.8321272367388945E-01
4.9249249249249250E+07	9.8318767536186447E-01
4.9349349349349350E+07	9.8316253099154072E-01
4.9449449449449450E+07	9.8313729003398853E-01
4.9549549549549550E+07	9.8311195332307255E-01
4.9649649649649650E+07	9.8308652179244216E-01
4.9749749749749750E+07	9.8306099637574851E-01
4.9849849849849850E+07	9.8303537800664020E-01
4.9949949949949950E+07	9.8300966761876707E-01
5.0050050050050050E+07	9.8298386614105882E-01
5.0150150150150150E+07	9.8295797339705537E-01
5.0250250250250250E+07	9.8293198669046866E-01
5.0350350350350350E+07	9.8290590297560521E-01
5.0450450450450450E+07	9.8287971920677064E-01
5.0550550550550550E+07	9.8285343233827216E-01
5.0650650650650650E+07	9.8282703932441540E-01
5.0750750750750750E+07	9.8280053711918980E-01
5.0850850850850850E+07	9.8277392262904939E-01
5.0950950950950950E+07	9.8274719266264854E-01
5.1051051051051050E+07	9.8272034401660213E-01
5.1151151151151150E+07	9.8269337348752495E-01
5.1251251251251251E+07	9.8266627787203253E-01
5.1351351351351351E+07	9.8263905396673978E-01
5.1451451451451451E+07	9.8261169869696874E-01
5.1551551551551551E+07	9.8258421276299968E-01
5.1651651651651651E+07	9.8255660115720378E-01
5.1751751751751751E+07	9.8252886910462334E-01
5.1851851851851851E+07	9.8250102183029919E-01
5.1951951951951951E+07	9.8247306455927463E-01
5.2052052052052051E+07	9.8244500251659050E-01
5.2152152152152151E+07	9.8241683976880734E-01
5.2252252252252251E+07	9.8238857213670328E-01
5.2352352352352351E+07	9.8236019186544121E-01
5.2452452452452451E+07	9.8233169118573938E-01
5.2552552552552551E+07	9.8230306232831577E-01
5.2652652652652651E+07	9.8227429752388928E-01
5.2752752752752751E+07	9.8224538901514180E-01
5.2852852852852851E+07	9.8221633002955711E-01
5.2952952952952951E+07	9.8218711549834803E-01
5.3053053053053051E+07	9.8215774052215998E-01
5.3153153153153151E+07	9.8212820020163871E-01
5.3253253253253251E+07	9.8209848963742907E-01
5.3353353353353351E+07	9.8206860393017803E-01
5.3453453453453451E+07	9.8203853897424076E-01
5.3553553553553551E+07	9.8200829491705299E-01
5.3653653653653651E+07	9.8197787332462405E-01
5.3753753753753752E+07	9.8194727576394680E-01
5.3853853853853852E+07	9.8191650380201234E-01
5.3953953953953952E+07	9.8188555900581143E-01
5.4054054054054052E+07	9.8185444295682800E-01
5.4154154154154152E+07	9.8182315739535819E-01
5.4254254254254252E+07	9.8179170415975814E-01
5.4354354354354352E+07	9.8176008508983037E-01
5.4454454454454452E+07	9.8172830202538020E-01
5.4554554554554552E+07	9.8169635680621026E-01
5.4654654654654652E+07	9.8166425201921126E-01
5.4754754754754752E+07	9.8163199995593298E-01
5.4854854854854852E+07	9.8159961968990384E-01
5.4954954954954952E+07	9.8156713043357435E-01
5.5055055055055052E+07	9.8153455139939472E-01
5.5155155155155152E+07	9.8150190179981656E-01
5.5255255255255252E+07	9.8146919884808537E-01
5.5355355355355352E+07	9.8143644158870225E-01
5.5455455455455452E+07	9.8140361937524345E-01
5.5555555555555552E+07	9.8137072147060589E-01
5.5655655655655652E+07	9.8133773713768713E-01
5.5755755755755752E+07	9.8130465563938385E-01
5.5855855855855852E+07	9.8127146841617940E-01
5.5955955955955952E+07	9.8123817649958300E-01
5.6056056056056052E+07	9.8120478356084595E-01
5.6156156156156152E+07	9.8117129327130193E-01
5.6256256256256253E+07	9.8113770930228084E-01
5.6356356356356353E+07	9.8110403534209789E-01
5.6456456456456453E+07	9.8107027625741616E-01
5.6556556556556553E+07	9.8103643883941571E-01
5.6656656656656653E+07	9.8100253005684313E-01
5.6756756756756753E+07	9.8096855687844464E-01
5.6856856856856853E+07	9.8093452627296618E-01
5.6956956956956953E+07	9.8090044227152695E-01
5.7057057057057053E+07	9.8086628930886177E-01
5.7157157157157153E+07	9.8083204380072153E-01
5.7257257257257253E+07	9.8079768213879959E-01
5.7357357357357353E+07	9.8076318071478730E-01
5.7457457457457453E+07	9.8072851510541659E-01
5.7557557557557553E+07	9.8069364656577496E-01
5.7657657657657653E+07	9.8065852412545740E-01
5.7757757757757761E+07	9.8062309642162038E-01
5.7857857857857861E+07	9.8058731209141980E-01
5.7957957957957961E+07	9.8055111764818748E-01
5.8058058058058061E+07	9.8051439357667547E-01
5.8158158158158161E+07	9.8047694308894040E-01
5.8258258258258261E+07	9.8043856500694149E-01
5.8358358358358361E+07	9.8039905815264017E-01
5.8458458458458461E+07	9.8035822803594042E-01
5.8558558558558561E+07	9.8031612153803671E-01
5.8658658658658661E+07	9.8027308872278707E-01
5.8758758758758761E+07	9.8022949890606559E-01
5.8858858858858861E+07	9.8018572140374738E-01
5.8958958958958961E+07	9.8014212727856109E-01
5.9059059059059061E+07	9.8009911880932921E-01
5.9159159159159161E+07	9.8005712519971100E-01
5.9259259259259261E+07	9.8001657653608298E-01
5.9359359359359361E+07	9.7997790247111505E-01
5.9459459459459461E+07	9.7994119943356872E-01
5.9559559559559561E+07	9.7990563607502368E-01
5.9659659659659661E+07	9.7987022085835218E-01
5.9759759759759761E+07	9.7983398369533481E-01
5.9859859859859861E+07	9.7979652814567653E-01
5.9959959959959961E+07	9.7975807994275943E-01
6.0060060060060062E+07	9.7971889599408746E-01
6.0160160160160162E+07	9.7967920825812060E-01
6.0260260260260262E+07	9.7963908621162099E-01
6.0360360360360362E+07	9.7959853427474652E-01
6.0460460460460462E+07	9.7955755669482036E-01
6.0560560560560562E+07	9.7951617737108920E-01
6.0660660660660662E+07	9.7947464461545530E-01
6.0760760760760762E+07	9.7943334962617867E-01
6.0860860860860862E+07	9.7939268589920991E-01
6.0960960960960962E+07	9.7935303173852251E-01
6.1061061061061062E+07	9.7931436954853568E-01
6.1161161161161162E+07	9.7927625814635655E-01
6.1261261261261262E+07	9.7923823561163092E-01
6.1361361361361362E+07	9.7919986153744132E-01
6.1461461461461462E+07	9.7916099775310450E-01
6.1561561561561562E+07	9.7912172908379291E-01
6.1661661661661662E+07	9.7908214555931794E-01
6.1761761761761762E+07	9.7904233219958958E-01
6.1861861861861862E+07	9.7900233682796045E-01
6.1961961961961962E+07	9.7896219052932076E-01
6.2062062062062062E+07	9.7892192430816283E-01
6.2162162162162162E+07	9.7888156604288568E-01
6.2262262262262262E+07	9.7884110752778708E-01
6.2362362362362362E+07	9.7880051739841867E-01
6.2462462462462462E+07	9.7875976390976716E-01
6.2562562562562563E+07	9.7871881533219207E-01
6.2662662662662663E+07	9.7867764029403614E-01
6.2762762762762763E+07	9.7863620778413030E-01
6.2862862862862863E+07	9.7859448680717498E-01
6.2962962962962963E+07	9.7855244663391783E-01
6.3063063063063063E+07	9.7851007303410076E-01
6.3163163163163163E+07	9.7846737766413661E-01
6.3263263263263263E+07	9.7842437444426322E-01
6.3363363363363363E+07	9.7838107729593238E-01
6.3463463463463463E+07	9.7833750079636539E-01
6.3563563563563563E+07	9.7829366126031769E-01
6.3663663663663663E+07	9.7824957528706113E-01
6.3763763763763763E+07	9.7820525947586534E-01
6.3863863863863863E+07	9.7816073310401574E-01
6.3963963963963963E+07	9.7811602754656946E-01
6.4064064064064063E+07	9.7807117759313023E-01
6.4164164164164163E+07	9.7802621803350098E-01
6.4264264264264263E+07	9.7798117642775662E-01
6.4364364364364363E+07	9.7793603121949191E-01
6.4464464464464463E+07	9.7789074042033719E-01
6.4564564564564563E+07	9.7784526197498089E-01
6.4664664664664663E+07	9.7779955511583205E-01
6.4764764764764763E+07	9.7775358977805338E-01
6.4864864864864863E+07	9.7770734120053870E-01
6.4964964964964963E+07	9.7766078466019801E-01
6.5065065065065064E+07	9.7761389505564888E-01
6.5165165165165164E+07	9.7756664406480587E-01
6.5265265265265264E+07	9.7751900173723905E-01
6.5365365365365364E+07	9.7747093810992980E-01
6.5465465465465464E+07	9.7742242996390394E-01
6.5565565565565564E+07	9.7737350528036870E-01
6.5665665665665664E+07	9.7732421553077486E-01
6.5765765765765764E+07	9.7727461230950763E-01
6.5865865865865864E+07	9.7722474901122669E-01
6.5965965965965964E+07	9.7717468921235495E-01
6.6066066066066064E+07	9.7712450006494322E-01
6.6166166166166164E+07	9.7707424871810589E-01
6.6266266266266264E+07	9.7702397751165326E-01
6.6366366366366364E+07	9.7697364816625210E-01
6.6466466466466464E+07	9.7692320605513572E-01
6.6566566566566564E+07	9.7687259658920922E-01
6.6666666666666664E+07	9.7682176693541334E-01
6.6766766766766764E+07	9.7677066672658575E-01
6.6866866866866864E+07	9.7671924578035552E-01
6.6966966966966964E+07	9.7666745784998599E-01
6.7067067067067064E+07	9.7661529235779410E-01
6.7167167167167172E+07	9.7656275770917766E-01
6.7267267267267272E+07	9.7650986248835592E-01
6.7367367367367372E+07	9.7645661723790300E-01
6.7467467467467472E+07	9.7640303795443417E-01
6.7567567567567572E+07	9.7634914157652808E-01
6.7667667667667672E+07	9.7629494506710124E-01
6.7767767767767772E+07	9.7624046584063118E-01
6.7867867867867872E+07	9.7618572171011786E-01
6.7967967967967972E+07	9.7613073049332344E-01
6.8068068068068072E+07	9.7607544626455378E-01
6.8168168168168172E+07	9.7601960663577902E-01
6.8268268268268272E+07	9.7596290331380520E-01
6.8368368368368372E+07	9.7590503628447300E-01
6.8468468468468472E+07	9.7584581399659465E-01
6.8568568568568572E+07	9.7578512115125549E-01
6.8668668668668672E+07	9.7572284771684459E-01
6.8768768768768772E+07	9.7565929999383505E-01
6.8868868868868873E+07	9.7559557760714410E-01
6.8968968968968973E+07	9.7553286923614413E-01
6.9069069069069073E+07	9.7547204473020532E-01
6.9169169169169173E+07	9.7541243571630676E-01
6.9269269269269273E+07	9.7535291053005713E-01
6.9369369369369373E+07	9.7529238541453178E-01
6.9469469469469473E+07	9.7523003616554671E-01
6.9569569569569573E+07	9.7516512590614768E-01
6.9669669669669673E+07	9.7509739406771623E-01
6.9769769769769773E+07	9.7502848192848612E-01
6.9869869869869873E+07	9.7496050544824608E-01
6.9969969969969973E+07	9.7489466543316028E-01
7.0070070070070073E+07	9.7482858826063923E-01
7.0170170170170173E+07	9.7475903460186819E-01
7.0270270270270273E+07	9.7468479338500358E-01
7.0370370370370373E+07	9.7460949979545985E-01
7.0470470470470473E+07	9.7453740573760195E-01
7.0570570570570573E+07	9.7446975970226890E-01
7.0670670670670673E+07	9.7440420782293702E-01
7.0770770770770773E+07	9.7433822647431356E-01
7.0870870870870873E+07	9.7426949542869912E-01
7.0970970970970973E+07	9.7419604308684449E-01
7.1071071071071073E+07	9.7411971636660499E-01
7.1171171171171173E+07	9.7404506422513704E-01
7.1271271271271273E+07	9.7397517896551267E-01
7.1371371371371374E+07	9.7390837809295960E-01
7.1471471471471474E+07	9.7384209295206525E-01
7.1571571571571574E+07	9.7377423243180394E-01
7.1671671671671674E+07	9.7370312713447238E-01
7.1771771771771774E+07	9.7362977938729900E-01
7.1871871871871874E+07	9.7355731918081889E-01
7.1971971971971974E+07	9.7348732125990833E-01
7.2072072072072074E+07	9.7341750246668524E-01
7.2172172172172174E+07	9.7334532347393277E-01
7.2272272272272274E+07	9.7327083271080295E-01
7.2372372372372374E+07	9.7319536754915681E-01
7.2472472472472474E+07	9.7312001528539194E-01
7.2572572572572574E+07	9.7304550510647625E-01
7.2672672672672674E+07	9.7297228664760194E-01
7.2772772772772774E+07	9.7289926533514859E-01
7.2872872872872874E+07	9.7282479694603718E-01
7.2972972972972974E+07	9.7274833807482153E-01
7.3073073073073074E+07	9.7267069996883393E-01
7.3173173173173174E+07	9.7259264211182084E-01
7.3273273273273274E+07	9.7251437315518485E-01
7.3373373373373374E+07	9.7243594724444216E-01
7.3473473473473474E+07	9.7235708850388802E-01
7.3573573573573574E+07	9.7227718660647056E-01
7.3673673673673674E+07	9.7219571962668316E-01
7.3773773773773775E+07	9.7211255902902893E-01
7.3873873873873875E+07	9.7202771150485601E-01
7.3973973973973975E+07	9.7194195356923530E-01
7.4074074074074075E+07	9.7185673974736542E-01
7.4174174174174175E+07	9.7177292183684283E-01
7.4274274274274275E+07	9.7168948029244551E-01
7.4374374374374375E+07	9.7160517068098307E-01
7.4474474474474475E+07	9.7151973328207097E-01
7.4574574574574575E+07	9.7143337725781753E-01
7.4674674674674675E+07	9.7134625625628712E-01
7.4774774774774775E+07	9.7125846976899466E-01
7.4874874874874875E+07	9.7117009236859986E-01
7.4974974974974975E+07	9.7108115373302251E-01
7.5075075075075075E+07	9.7099164953788863E-01
7.5175175175175175E+07	9.7090144627811692E-01
7.5275275275275275E+07	9.7081039002330571E-01
7.5375375375375375E+07	9.7071848962535534E-01
7.5475475475475475E+07	9.7062584772899829E-01
7.5575575575575575E+07	9.7053251364958659E-01
7.5675675675675675E+07	9.7043847858050147E-01
7.5775775775775775E+07	9.7034374745913576E-01
7.5875875875875875E+07	9.7024835315182778E-01
7.5975975975975975E+07	9.7015211344262753E-01
7.6076076076076075E+07	9.7005429795247233E-01
7.6176176176176175E+07	9.6995429595367144E-01
7.6276276276276276E+07	9.6985221105770436E-01
7.6376376376376376E+07	9.6974851557027686E-01
7.6476476476476476E+07	9.6964470490432941E-01
7.6576576576576576E+07	9.6954220544107539E-01
7.6676676676676676E+07	9.6944008670017789E-01
7.6776776776776776E+07	9.6933676155191117E-01
7.6876876876876876E+07	9.6923214672766023E-01
7.6976976976976976E+07	9.6912662596759369E-01
7.7077077077077076E+07	9.6902019462840594E-01
7.7177177177177176E+07	9.6891278837546169E-01
7.7277277277277276E+07	9.6880452890445135E-01
7.7377377377377376E+07	9.6869558125671773E-01
7.7477477477477476E+07	9.6858610797784750E-01
7.7577577577577576E+07	9.6847563022126504E-01
7.7677677677677676E+07	9.6836250974057003E-01
7.7777777777777776E+07	9.6824600158444851E-01
7.7877877877877876E+07	9.6812670436916248E-01
7.7977977977977976E+07	9.6800647689825281E-01
7.8078078078078076E+07	9.6788789355078930E-01
7.8178178178178176E+07	9.6777041282990572E-01
7.8278278278278276E+07	9.6765210394396450E-01
7.8378378378378376E+07	9.6753315851955257E-01
7.8478478478478476E+07	9.6741354527044177E-01
7.8578578578578576E+07	9.6729160187843810E-01
7.8678678678678676E+07	9.6716635593422096E-01
7.8778778778778777E+07	9.6703795745187082E-01
7.8878878878878877E+07	9.6690890045147226E-01
7.8978978978978977E+07	9.6678139680216935E-01
7.9079079079079077E+07	9.6665332578810559E-01
7.9179179179179177E+07	9.6652328878225535E-01
7.9279279279279277E+07	9.6639211710429218E-01
7.9379379379379377E+07	9.6626069192540376E-01
7.9479479479479477E+07	9.6612945760118452E-01
7.9579579579579577E+07	9.6599779558343224E-01
7.9679679679679677E+07	9.6586468914923829E-01
7.9779779779779777E+07	9.6572913935771609E-01
7.9879879879879877E+07	9.6559120094754880E-01
7.9979979979979977E+07	9.6545163810533952E-01
8.0080080080080077E+07	9.6531161792240383E-01
8.0180180180180177E+07	9.6517094829461847E-01
8.0280280280280277E+07	9.6502910021407673E-01
8.0380380380380377E+07	9.6488613770237985E-01
8.0480480480480477E+07	9.6474081746050255E-01
8.0580580580580577E+07	9.6459118647754971E-01
8.0680680680680677E+07	9.6443607438750178E-01
8.0780780780780777E+07	9.6427962046535032E-01
8.0880880880880877E+07	9.6412629226012858E-01
8.0980980980980977E+07	9.6397312169158356E-01
8.1081081081081077E+07	9.6381846383488601E-01
8.1181181181181177E+07	9.6366190926541495E-01
8.1281281281281278E+07	9.6350287702442250E-01
8.1381381381381378E+07	9.6334172273460172E-01
8.1481481481481478E+07	9.6317832406073622E-01
8.1581581581581578E+07	9.6301234173990513E-01
8.1681681681681678E+07	9.6284456615008940E-01
8.1781781781781778E+07	9.6267557711314256E-01
8.1881881881881878E+07	9.6250541216642005E-01
8.1981981981981978E+07	9.6233357450783308E-01
8.2082082082082078E+07	9.6215919736581179E-01
8.2182182182182178E+07	9.6198118686013712E-01
8.2282282282282278E+07	9.6180065782121338E-01
8.2382382382382378E+07	9.6161922623799445E-01
8.2482482482482478E+07	9.6143603958568447E-01
8.2582582582582578E+07	9.6125214482709509E-01
8.2682682682682678E+07	9.6106559392303370E-01
8.2782782782782778E+07	9.6087497268019229E-01
8.2882882882882878E+07	9.6068193024542592E-01
8.2982982982982978E+07	9.6048777642543348E-01
8.3083083083083078E+07	9.6029050519758175E-01
8.3183183183183178E+07	9.6009206006515357E-01
8.3283283283283278E+07	9.5989140587485999E-01
8.3383383383383378E+07	9.5968808216429136E-01
8.3483483483483478E+07	9.5948281559645410E-01
8.3583583583583578E+07	9.5927424464474309E-01
8.3683683683683679E+07	9.5906182512916416E-01
8.3783783783783779E+07	9.5884782395875667E-01
8.3883883883883879E+07	9.5863114409671568E-01
8.3983983983983979E+07	9.5841094295033891E-01
8.4084084084084079E+07	9.5818675882756232E-01
8.4184184184184179E+07	9.5796140247858708E-01
8.4284284284284279E+07	9.5773376506568142E-01
8.4384384384384379E+07	9.5749986612101723E-01
8.4484484484484479E+07	9.5726485441595655E-01
8.4584584584584579E+07	9.5702668872555041E-01
8.4684684684684679E+07	9.5678266604576034E-01
8.4784784784784779E+07	9.5653838017226067E-01
8.4884884884884879E+07	9.5629213238521626E-01
8.4984984984984979E+07	9.5604043451869469E-01
8.5085085085085079E+07	9.5578605351431656E-01
8.5185185185185179E+07	9.5552951325918267E-01
8.5285285285285279E+07	9.5526886949644385E-01
8.5385385385385379E+07	9.5500534465179177E-01
8.5485485485485479E+07	9.5473657441216819E-01
8.5585585585585579E+07	9.5446440510159303E-01
8.5685685685685679E+07	9.5418802778641887E-01
8.5785785785785779E+07	9.5390704448240193E-01
8.5885885885885879E+07	9.5362201873165087E-01
8.5985985985985979E+07	9.5333014298497865E-01
8.6086086086086079E+07	9.5303021521617115E-01
8.6186186186186180E+07	9.5272811111468114E-01
8.6286286286286280E+07	9.5242007749095681E-01
8.6386386386386380E+07	9.5210426206148602E-01
8.6486486486486480E+07	9.5178546423593624E-01
8.6586586586586580E+07	9.5146028899488011E-01
8.6686686686686680E+07	9.5113326378526852E-01
8.6786786786786780E+07	9.5080010186427799E-01
8.6886886886886880E+07	9.5046732764546737E-01
8.6986986986986980E+07	9.5013214466331763E-01
8.7087087087087080E+07	9.4979465826157472E-01
8.7187187187187180E+07	9.4944895674562391E-01
8.7287287287287280E+07	9.4909721005415926E-01
8.7387387387387380E+07	9.4873743448258518E-01
8.7487487487487480E+07	9.4837302190922934E-01
8.7587587587587580E+07	9.4800897384961080E-01
8.7687687687687680E+07	9.4763962946623670E-01
8.7787787787787780E+07	9.4726403896238398E-01
8.7887887887887880E+07	9.4688180721708681E-01
8.7987987987987980E+07	9.4649422338151457E-01
8.8088088088088080E+07	9.4610151166650747E-01
8.8188188188188180E+07	9.4569938941559661E-01
8.8288288288288280E+07	9.4528795400503163E-01
8.8388388388388380E+07	9.4487653681215455E-01
8.8488488488488480E+07	9.4444859752639898E-01
8.8588588588588580E+07	9.4401448337767613E-01
8.8688688688688681E+07	9.4357556313342850E-01
8.8788788788788781E+07	9.4312898775859566E-01
8.8888888888888881E+07	9.4266931028167233E-01
8.8988988988988981E+07	9.4220524597026267E-01
8.9089089089089081E+07	9.4173495967238730E-01
8.9189189189189181E+07	9.4125697564596045E-01
8.9289289289289281E+07	9.4076738365054546E-01
8.9389389389389381E+07	9.4027114108449672E-01
8.9489489489489481E+07	9.3976619614418266E-01
8.9589589589589581E+07	9.3925524403322669E-01
8.9689689689689696E+07	9.3873268299787560E-01
8.9789789789789796E+07	9.3820780456149000E-01
8.9889889889889896E+07	9.3767319377256919E-01
8.9989989989989996E+07	9.3713054244885552E-01
9.0090090090090096E+07	9.3657172993134741E-01
9.0190190190190196E+07	9.3600387079677183E-01
9.0290290290290296E+07	9.3542850087948137E-01
9.0390390390390396E+07	9.3484243056010152E-01
9.0490490490490496E+07	9.3424463115483192E-01
9.0590590590590596E+07	9.3363647046803555E-01
9.0690690690690696E+07	9.3301614549483969E-01
9.0790790790790796E+07	9.3238519376900508E-01
9.0890890890890896E+07	9.3173945861861895E-01
9.0990990990990996E+07	9.3108391012010072E-01
9.1091091091091096E+07	9.3041077845882003E-01
9.1191191191191196E+07	9.2974304930361129E-01
9.1291291291291296E+07	9.2907419936195335E-01
9.1391391391391397E+07	9.2838125981105502E-01
9.1491491491491497E+07	9.2766952572435102E-01
9.1591591591591597E+07	9.2694138220958311E-01
9.1691691691691697E+07	9.2619614716278831E-01
9.1791791791791797E+07	9.2543352989939009E-01
9.1891891891891897E+07	9.2465252161562339E-01
9.1991991991991997E+07	9.2385349512222603E-01
9.2092092092092097E+07	9.2303549326850842E-01
9.2192192192192197E+07	9.2219773241196401E-01
9.2292292292292297E+07	9.2133949388439773E-01
9.2392392392392397E+07	9.2046056234349616E-01
9.2492492492492497E+07	9.1956004998314200E-01
9.2592592592592597E+07	9.1863676744870559E-01
9.2692692692692697E+07	9.1768985721594620E-01
9.2792792792792797E+07	9.1671916283428678E-01
9.2892892892892897E+07	9.1572299227744947E-01
9.2992992992992997E+07	9.1470104702486255E-01
9.3093093093093097E+07	9.1365231639370559E-01
9.3193193193193197E+07	9.1257592842082369E-01
9.3293293293293297E+07	9.1147047817890481E-01
9.3393393393393397E+07	9.1033553920570220E-01
9.3493493493493497E+07	9.0916929003513303E-01
9.3593593593593597E+07	9.0797041914256726E-01
9.3693693693693697E+07	9.0673768161060020E-01
9.3793793793793797E+07	9.0547117424110968E-01
9.3893893893893898E+07	9.0416784886265678E-01
9.3993993993993998E+07	9.0282612980533183E-01
9.4094094094094098E+07	9.0144529586988642E-01
9.4194194194194198E+07	9.0002325120299909E-01
9.4294294294294298E+07	8.9855818085358885E-01
9.4394394394394398E+07	8.9704836348355232E-01
9.4494494494494498E+07	8.9549156619162618E-01
9.4594594594594598E+07	8.9388565947579524E-01
9.4694694694694698E+07	8.9222827219976630E-01
9.4794794794794798E+07	8.9051873572494022E-01
9.4894894894894898E+07	8.8875308593950186E-01
9.4994994994994998E+07	8.8692856415220056E-01
9.5095095095095098E+07	8.8504331723369201E-01
9.5195195195195198E+07	8.8309312813787144E-01
9.5295295295295298E+07	8.8107570770420884E-01
9.5395395395395398E+07	8.7898751493509286E-01
9.5495495495495498E+07	8.7682511697955701E-01
9.5595595595595598E+07	8.7458500633527569E-01
9.5695695695695698E+07	8.7226328805003139E-01
9.5795795795795798E+07	8.6985539734975870E-01
9.5895895895895898E+07	8.6735614234894731E-01
9.5995995995995998E+07	8.6476107845086836E-01
9.6096096096096098E+07	8.6206599250528304E-01
9.6196196196196198E+07	8.5926441995178449E-01
9.6296296296296299E+07	8.5634927540019967E-01
9.6396396396396399E+07	8.5331427932551318E-01
9.6496496496496499E+07	8.5015309837806785E-01
9.6596596596596599E+07	8.4685794269961856E-01
9.6696696696696699E+07	8.4342061031280557E-01
9.6796796796796799E+07	8.3983227091341039E-01
9.6896896896896899E+07	8.3611074581104594E-01
9.6996996996996999E+07	8.3218629101028052E-01
9.7097097097097099E+07	8.2808174069572227E-01
9.7197197197197199E+07	8.2378159576344556E-01
9.7297297297297299E+07	8.1927385152007881E-01
9.7397397397397399E+07	8.1457020862222185E-01
9.7497497497497499E+07	8.0959736312629471E-01
9.7597597597597599E+07	8.0441429397896935E-01
9.7697697697697699E+07	7.9891942488880530E-01
9.7797797797797799E+07	7.9315899958105862E-01
9.7897897897897899E+07	7.8720137575273541E-01
9.7997997997997999E+07	7.8090752809373443E-01
9.8098098098098099E+07	7.7425780603216321E-01
9.8198198198198199E+07	7.6721069820948151E-01
9.8298298298298299E+07	7.5973355379126029E-01
9.8398398398398399E+07	7.5178794858242670E-01
9.8498498498498499E+07	7.4333156602748562E-01
9.8598598598598599E+07	7.3431524476144017E-01
9.8698698698698699E+07	7.2468399984235554E-01
9.8798798798798800E+07	7.1437286519506060E-01
9.8898898898898900E+07	7.0331087930806213E-01
9.8998998998999000E+07	6.9141723361701579E-01
9.9099099099099100E+07	6.7859780505785672E-01
9.9199199199199200E+07	6.6474703293226745E-01
9.9299299299299300E+07	6.4974311478056102E-01
9.9399399399399400E+07	6.3345152546809380E-01
9.9499499499499500E+07	6.1572607450640737E-01
9.9599599599599600E+07	5.9642900173094093E-01
9.9699699699699700E+07	5.7551036928426458E-01
9.9799799799799800E+07	5.7529519975511700E-01
9.9899899899899900E+07	5.7520877874735732E-01
1.0000000000000000E+08	5.7514943606649327E-01
