2.9646195471286774E-01	3.7539062500000000E+01
8.4248096644878387E+00	3.7589843750000000E+01
1.6542076610028744E+01	3.7597656250000000E+01
2.4651202358305454E+01	3.7601562500000000E+01
3.2799409694969654E+01	3.7601562500000000E+01
4.0954582110047340E+01	3.7601562500000000E+01
4.9092438280582428E+01	3.7601562500000000E+01
5.7195499815046787E+01	3.7601562500000000E+01
6.5311961784958839E+01	3.7601562500000000E+01
7.3438265196979046E+01	3.7601562500000000E+01
8.1563728973269463E+01	3.7601562500000000E+01
8.9676267072558403E+01	3.7601562500000000E+01
9.7790564775466919E+01	3.7601562500000000E+01
1.0593952878564596E+02	3.7601562500000000E+01
1.1408821766823530E+02	3.7601562500000000E+01
1.2221221153438091E+02	3.7601562500000000E+01
1.3031382983922958E+02	3.7601562500000000E+01
1.3842967499047518E+02	3.7601562500000000E+01
1.4655844618380070E+02	3.7609375000000000E+01
1.5468145760148764E+02	3.7609375000000000E+01
1.6278695773333311E+02	3.7609375000000000E+01
1.7091110852360725E+02	3.7609375000000000E+01
1.7906182391941547E+02	3.7609375000000000E+01
1.8719990611821413E+02	3.7609375000000000E+01
1.9531024536490440E+02	3.7609375000000000E+01
2.0341189984977245E+02	3.7609375000000000E+01
2.1152890144288540E+02	3.7609375000000000E+01
2.1965404715389013E+02	3.7609375000000000E+01
2.2777670812606812E+02	3.7609375000000000E+01
2.3587828560173512E+02	3.7609375000000000E+01
2.4400891745835543E+02	3.7609375000000000E+01
2.5214895360171795E+02	3.7609375000000000E+01
2.6027501806616783E+02	3.7613281250000000E+01
2.6837351132929325E+02	3.7613281250000000E+01
2.7647233793139458E+02	3.7613281250000000E+01
2.8458755514025688E+02	3.7613281250000000E+01
2.9271122024208307E+02	3.7613281250000000E+01
3.0083216911554337E+02	3.7613281250000000E+01
3.0893052235990763E+02	3.7613281250000000E+01
3.1706246688216925E+02	3.7613281250000000E+01
3.2519379664957523E+02	3.7613281250000000E+01
3.3330885812640190E+02	3.7613281250000000E+01
3.4140124993771315E+02	3.7613281250000000E+01
3.4950011823326349E+02	3.7613281250000000E+01
3.5761716103553772E+02	3.7613281250000000E+01
3.6574473334103823E+02	3.7613281250000000E+01
3.7385892191529274E+02	3.7613281250000000E+01
3.8195883108675480E+02	3.7613281250000000E+01
3.9008625549077988E+02	3.7613281250000000E+01
3.9820561029762030E+02	3.7613281250000000E+01
4.0630883104354143E+02	3.7613281250000000E+01
4.1439662636816502E+02	3.7613281250000000E+01
4.2249873663485050E+02	3.7613281250000000E+01
4.3061547544598579E+02	3.7613281250000000E+01
4.3874654091149569E+02	3.7613281250000000E+01
4.4685429524630308E+02	3.7613281250000000E+01
4.5495744289457798E+02	3.7613281250000000E+01
4.6307762035727501E+02	3.7613281250000000E+01
4.7119207277148962E+02	3.7613281250000000E+01
4.7929262427240610E+02	3.7613281250000000E+01
4.8737785046547651E+02	3.7613281250000000E+01
4.9548660669475794E+02	3.7613281250000000E+01
5.0361418094485998E+02	3.7613281250000000E+01
5.1174557470530272E+02	3.7613281250000000E+01
5.1983988808095455E+02	3.7613281250000000E+01
5.2794375317543745E+02	3.7613281250000000E+01
5.3605911393463612E+02	3.7613281250000000E+01
5.4416794081777334E+02	3.7613281250000000E+01
5.5226256985217333E+02	3.7613281250000000E+01
5.6034868820011616E+02	3.7613281250000000E+01
5.6846431738138199E+02	3.7613281250000000E+01
5.7659630863368511E+02	3.7613281250000000E+01
5.8471724132448435E+02	3.7613281250000000E+01
5.9279785025864840E+02	3.7613281250000000E+01
6.0090140380710363E+02	3.7613281250000000E+01
6.0901109281182289E+02	3.7613281250000000E+01
6.1711585819721222E+02	3.7613281250000000E+01
6.2520110732316971E+02	3.7613281250000000E+01
6.3329057956486940E+02	3.7613281250000000E+01
6.4141456755250692E+02	3.7613281250000000E+01
6.4954757363349199E+02	3.7613281250000000E+01
6.5765383502840996E+02	3.7613281250000000E+01
6.6572955868393183E+02	3.7613281250000000E+01
6.7383075699210167E+02	3.7613281250000000E+01
6.8194419401884079E+02	3.7613281250000000E+01
6.9004420726001263E+02	3.7613281250000000E+01
6.9812301423400640E+02	3.7613281250000000E+01
7.0621901264786720E+02	3.7613281250000000E+01
7.1434809114038944E+02	3.7613281250000000E+01
7.2247664751857519E+02	3.7613281250000000E+01
7.3056993497163057E+02	3.7613281250000000E+01
7.3865004534274340E+02	3.7613281250000000E+01
7.4675281167030334E+02	3.7613281250000000E+01
7.5485254291445017E+02	3.7613281250000000E+01
7.6294715063273907E+02	3.7613281250000000E+01
7.7102030594646931E+02	3.7613281250000000E+01
7.7912589477002621E+02	3.7613281250000000E+01
7.8725339893996716E+02	3.7613281250000000E+01
7.9537212599068880E+02	3.7613281250000000E+01
8.0345620658248663E+02	3.7613281250000000E+01
8.1153777395188808E+02	3.7613281250000000E+01
8.1963832140713930E+02	3.7613281250000000E+01
8.2774088855832815E+02	3.7613281250000000E+01
8.3583645596355200E+02	3.7613281250000000E+01
8.4391272042691708E+02	3.7613281250000000E+01
8.5202696529775858E+02	3.7613281250000000E+01
8.6015296945720911E+02	3.7613281250000000E+01
8.6826354169845581E+02	3.7613281250000000E+01
8.7634057459235191E+02	3.7613281250000000E+01
8.8442486206442118E+02	3.7613281250000000E+01
8.9252351859211922E+02	3.7613281250000000E+01
9.0062605814635754E+02	3.7613281250000000E+01
9.0871727813035250E+02	3.7613281250000000E+01
9.1679530604928732E+02	3.7613281250000000E+01
9.2490990015864372E+02	3.7613281250000000E+01
9.3302686319500208E+02	3.7613281250000000E+01
9.4112480192631483E+02	3.7613281250000000E+01
9.4919998192787170E+02	3.7613281250000000E+01
9.5728632129728794E+02	3.7613281250000000E+01
9.6538418427109718E+02	3.7613281250000000E+01
9.7348945987969637E+02	3.7613281250000000E+01
9.8157916734367609E+02	3.7613281250000000E+01
9.8966558207571507E+02	3.7613281250000000E+01
9.9778150814026594E+02	3.7613281250000000E+01
1.0058902224078774E+03	3.7613281250000000E+01
1.0139783510416746E+03	3.7613281250000000E+01
1.0220501830428839E+03	3.7613281250000000E+01
1.0301401475295424E+03	3.7613281250000000E+01
1.0382405580878258E+03	3.7613281250000000E+01
1.0463460341915488E+03	3.7613281250000000E+01
1.0544220626875758E+03	3.7613281250000000E+01
1.0625153966769576E+03	3.7613281250000000E+01
1.0706288004666567E+03	3.7613281250000000E+01
1.0787322950437665E+03	3.7613281250000000E+01
1.0868132257163525E+03	3.7613281250000000E+01
1.0948873234763741E+03	3.7613281250000000E+01
1.1029839349314570E+03	3.7613281250000000E+01
1.1110902566164732E+03	3.7613281250000000E+01
1.1191935654208064E+03	3.7613281250000000E+01
1.1272653800398111E+03	3.7613281250000000E+01
1.1353631831407547E+03	3.7613281250000000E+01
1.1434694495424628E+03	3.7613281250000000E+01
1.1515645910874009E+03	3.7613281250000000E+01
1.1596382234692574E+03	3.7613281250000000E+01
1.1677149392068386E+03	3.7613281250000000E+01
1.1758131542801857E+03	3.7613281250000000E+01
1.1839224687144160E+03	3.7613281250000000E+01
1.1920153916329145E+03	3.7613281250000000E+01
1.2000861093774438E+03	3.7613281250000000E+01
1.2081843051463366E+03	3.7613281250000000E+01
1.2162817891985178E+03	3.7613281250000000E+01
1.2243725241944194E+03	3.7613281250000000E+01
1.2324405591487885E+03	3.7613281250000000E+01
1.2405116884037852E+03	3.7613281250000000E+01
1.2486143694743514E+03	3.7613281250000000E+01
1.2567253315523267E+03	3.7613281250000000E+01
1.2648040684387088E+03	3.7613281250000000E+01
1.2728719110265374E+03	3.7613281250000000E+01
1.2809635040014982E+03	3.7613281250000000E+01
1.2890574831068516E+03	3.7613281250000000E+01
1.2971394028067589E+03	3.7613281250000000E+01
1.3052030787914991E+03	3.7613281250000000E+01
1.3132865727543831E+03	3.7613281250000000E+01
1.3213966702222824E+03	3.7613281250000000E+01
1.3295055102631450E+03	3.7613281250000000E+01
1.3375803928300738E+03	3.7613281250000000E+01
1.3456557496041059E+03	3.7613281250000000E+01
1.3537485505938530E+03	3.7613281250000000E+01
1.3618388944119215E+03	3.7613281250000000E+01
1.3699143993332982E+03	3.7613281250000000E+01
1.3779762567877769E+03	3.7613281250000000E+01
1.3860675154402852E+03	3.7613281250000000E+01
1.3941824596151710E+03	3.7613281250000000E+01
1.4022859290093184E+03	3.7613281250000000E+01
1.4103510114848614E+03	3.7613281250000000E+01
1.4184268462434411E+03	3.7613281250000000E+01
1.4265179995000362E+03	3.7613281250000000E+01
1.4346042103916407E+03	3.7613281250000000E+01
1.4426726281568408E+03	3.7613281250000000E+01
1.4507361878231168E+03	3.7613281250000000E+01
1.4588382493406534E+03	3.7613281250000000E+01
1.4669544261246920E+03	3.7613281250000000E+01
1.4750457532107830E+03	3.7613281250000000E+01
1.4831050663068891E+03	3.7613281250000000E+01
1.4911801709160209E+03	3.7613281250000000E+01
1.4992672669067979E+03	3.7613281250000000E+01
1.5073525346443057E+03	3.7613281250000000E+01
1.5154156008586287E+03	3.7613281250000000E+01
1.5234836389198899E+03	3.7613281250000000E+01
1.5315904470905662E+03	3.7613281250000000E+01
1.5397000730559230E+03	3.7613281250000000E+01
1.5477781285569072E+03	3.7613281250000000E+01
1.5558338380903006E+03	3.7613281250000000E+01
1.5639102787077427E+03	3.7613281250000000E+01
1.5719912004023790E+03	3.7613281250000000E+01
1.5800691340863705E+03	3.7613281250000000E+01
1.5881286642849445E+03	3.7613281250000000E+01
1.5962054865583777E+03	3.7613281250000000E+01
1.6043117248788476E+03	3.7613281250000000E+01
1.6124085539951921E+03	3.7613281250000000E+01
1.6204759300798178E+03	3.7613281250000000E+01
1.6285343241691589E+03	3.7613281250000000E+01
1.6366113911941648E+03	3.7613281250000000E+01
1.6446962893307209E+03	3.7613281250000000E+01
1.6527755548357964E+03	3.7613281250000000E+01
1.6608301376104355E+03	3.7613281250000000E+01
1.6689134562164545E+03	3.7613281250000000E+01
1.6770159246325493E+03	3.7613281250000000E+01
1.6851072654724121E+03	3.7613281250000000E+01
1.6931687994897366E+03	3.7613281250000000E+01
1.7012294100448489E+03	3.7613281250000000E+01
1.7093067081868649E+03	3.7613281250000000E+01
1.7173898746147752E+03	3.7613281250000000E+01
1.7254655107781291E+03	3.7613281250000000E+01
1.7335130405128002E+03	3.7613281250000000E+01
1.7416026628613472E+03	3.7613281250000000E+01
1.7497003078758717E+03	3.7613281250000000E+01
1.7577817484959960E+03	3.7613281250000000E+01
1.7658360263407230E+03	3.7613281250000000E+01
1.7738979995474219E+03	3.7613281250000000E+01
1.7819753966256976E+03	3.7613281250000000E+01
1.7900622141212225E+03	3.7613281250000000E+01
1.7981331516355276E+03	3.7613281250000000E+01
1.8061824410483241E+03	3.7613281250000000E+01
1.8142721417322755E+03	3.7613281250000000E+01
1.8223606989011168E+03	3.7613281250000000E+01
1.8304371631368995E+03	3.7613281250000000E+01
1.8384822225570679E+03	3.7613281250000000E+01
1.8465463461801410E+03	3.7613281250000000E+01
1.8546263549625874E+03	3.7613281250000000E+01
1.8627191527709365E+03	3.7613281250000000E+01
1.8707823359519243E+03	3.7613281250000000E+01
1.8788334223031998E+03	3.7613281250000000E+01
1.8869199991598725E+03	3.7613281250000000E+01
1.8950009704008698E+03	3.7613281250000000E+01
1.9030690409541130E+03	3.7613281250000000E+01
1.9111017562001944E+03	3.7613281250000000E+01
1.9191662972420454E+03	3.7613281250000000E+01
1.9272541747316718E+03	3.7613281250000000E+01
1.9353466413319111E+03	3.7613281250000000E+01
1.9434004724770784E+03	3.7613281250000000E+01
1.9514535416737199E+03	3.7613281250000000E+01
1.9595342300012708E+03	3.7613281250000000E+01
1.9676107279360294E+03	3.7613281250000000E+01
1.9756709538847208E+03	3.7613281250000000E+01
1.9837085633203387E+03	3.7613281250000000E+01
1.9917769070267677E+03	3.7613281250000000E+01
1.9998750611767173E+03	3.7613281250000000E+01
2.0079604144543409E+03	3.7613281250000000E+01
2.0160117888823152E+03	3.7613281250000000E+01
2.0240664766952395E+03	3.7613281250000000E+01
2.0321464441791177E+03	3.7613281250000000E+01
2.0402235521599650E+03	3.7613281250000000E+01
2.0482730880230665E+03	3.7613281250000000E+01
2.0563100853636861E+03	3.7613281250000000E+01
2.0643818275555968E+03	3.7613281250000000E+01
2.0724860288351774E+03	3.7613281250000000E+01
2.0805559149757028E+03	3.7613281250000000E+01
2.0885937781408429E+03	3.7613281250000000E+01
2.0966440400034189E+03	3.7613281250000000E+01
2.1047225856184959E+03	3.7613281250000000E+01
2.1127940375208855E+03	3.7613281250000000E+01
2.1208358370065689E+03	3.7613281250000000E+01
2.1288808154389262E+03	3.7613281250000000E+01
2.1369613010436296E+03	3.7613281250000000E+01
2.1450547970235348E+03	3.7613281250000000E+01
2.1531185810267925E+03	3.7613281250000000E+01
2.1611610316038132E+03	3.7613281250000000E+01
2.1692143790423870E+03	3.7613281250000000E+01
2.1772902666330338E+03	3.7613281250000000E+01
2.1853522430434823E+03	3.7613281250000000E+01
2.1933952509090304E+03	3.7613281250000000E+01
2.2014512869641185E+03	3.7613281250000000E+01
2.2095370013490319E+03	3.7613281250000000E+01
2.2176246648505330E+03	3.7613281250000000E+01
2.2256820045411587E+03	3.7613281250000000E+01
2.2337222859039903E+03	3.7613281250000000E+01
2.2417739543244243E+03	3.7613281250000000E+01
2.2498470078334212E+03	3.7613281250000000E+01
2.2579015673995018E+03	3.7613281250000000E+01
2.2659440931677818E+03	3.7613281250000000E+01
2.2740078322738409E+03	3.7613281250000000E+01
2.2820948980227113E+03	3.7613281250000000E+01
2.2901737723127007E+03	3.7613281250000000E+01
2.2982192046344280E+03	3.7613281250000000E+01
2.3062593268677592E+03	3.7613281250000000E+01
2.3143164248093963E+03	3.7613281250000000E+01
2.3223818199262023E+03	3.7613281250000000E+01
2.3304350752756000E+03	3.7613281250000000E+01
2.3384782698303461E+03	3.7613281250000000E+01
2.3465519008859992E+03	3.7613281250000000E+01
2.3546313262656331E+03	3.7613281250000000E+01
2.3627009200453758E+03	3.7613281250000000E+01
2.3707411759868264E+03	3.7613281250000000E+01
2.3787788442224264E+03	3.7613281250000000E+01
2.3868352241218090E+03	3.7613281250000000E+01
2.3948982735052705E+03	3.7613281250000000E+01
2.4029560795351863E+03	3.7613281250000000E+01
2.4110004391521215E+03	3.7613281250000000E+01
2.4190784867033362E+03	3.7613281250000000E+01
2.4271543856784701E+03	3.7613281250000000E+01
2.4352133155092597E+03	3.7613281250000000E+01
2.4432468292713165E+03	3.7613281250000000E+01
2.4512920375913382E+03	3.7613281250000000E+01
2.4593514422476292E+03	3.7613281250000000E+01
2.4674192070960999E+03	3.7613281250000000E+01
2.4754700201153755E+03	3.7613281250000000E+01
2.4835240187868476E+03	3.7613281250000000E+01
2.4916024017781019E+03	3.7613281250000000E+01
2.4996623301506042E+03	3.7613281250000000E+01
2.5077129446566105E+03	3.7613281250000000E+01
2.5157452112734318E+03	3.7613281250000000E+01
2.5237980566844344E+03	3.7613281250000000E+01
2.5318615097627044E+03	3.7613281250000000E+01
2.5399326759129763E+03	3.7613281250000000E+01
2.5479898173287511E+03	3.7613281250000000E+01
2.5560575282499194E+03	3.7613281250000000E+01
2.5641337361112237E+03	3.7613281250000000E+01
2.5721967156380415E+03	3.7613281250000000E+01
2.5802437928989530E+03	3.7613281250000000E+01
2.5882814779207110E+03	3.7613281250000000E+01
2.5963356420621276E+03	3.7613281250000000E+01
2.6044058113470674E+03	3.7613281250000000E+01
2.6124807924330235E+03	3.7613281250000000E+01
2.6205337503552437E+03	3.7613281250000000E+01
2.6286018589660525E+03	3.7613281250000000E+01
2.6366708931028843E+03	3.7613281250000000E+01
2.6447278893813491E+03	3.7613281250000000E+01
2.6527687630653381E+03	3.7613281250000000E+01
2.6608104197531939E+03	3.7613281250000000E+01
2.6688698036149144E+03	3.7613281250000000E+01
2.6769478538930416E+03	3.7613281250000000E+01
2.6850199504196644E+03	3.7613281250000000E+01
2.6930679206550121E+03	3.7613281250000000E+01
2.7011349564641714E+03	3.7613281250000000E+01
2.7092014378532767E+03	3.7613281250000000E+01
2.7172547855377197E+03	3.7613281250000000E+01
2.7252925267368555E+03	3.7613281250000000E+01
2.7333390851542354E+03	3.7613281250000000E+01
2.7414067268446088E+03	3.7613281250000000E+01
2.7494913098886609E+03	3.7613281250000000E+01
2.7575576778724790E+03	3.7613281250000000E+01
2.7656065456122160E+03	3.7613281250000000E+01
2.7736672709435225E+03	3.7613281250000000E+01
2.7817316842451692E+03	3.7613281250000000E+01
2.7897834476679564E+03	3.7613281250000000E+01
2.7978168397247791E+03	3.7613281250000000E+01
2.8058698912113905E+03	3.7613281250000000E+01
2.8139488696530461E+03	3.7613281250000000E+01
2.8220368108004332E+03	3.7613281250000000E+01
2.8300962495207787E+03	3.7613281250000000E+01
2.8381424781903625E+03	3.7613281250000000E+01
2.8462025702595711E+03	3.7613281250000000E+01
2.8542659691348672E+03	3.7613281250000000E+01
2.8623149078115821E+03	3.7613281250000000E+01
2.8703551035150886E+03	3.7613281250000000E+01
2.8784211645871401E+03	3.7613281250000000E+01
2.8865102405250072E+03	3.7613281250000000E+01
2.8945959699079394E+03	3.7613281250000000E+01
2.9026450216546655E+03	3.7613281250000000E+01
2.9106940965801477E+03	3.7613281250000000E+01
2.9187553321123123E+03	3.7613281250000000E+01
2.9268191397115588E+03	3.7613281250000000E+01
2.9348696120008826E+03	3.7613281250000000E+01
2.9429143034592271E+03	3.7613281250000000E+01
2.9509915230274200E+03	3.7613281250000000E+01
2.9590801619067788E+03	3.7613281250000000E+01
2.9671577477008104E+03	3.7613281250000000E+01
2.9752054290473461E+03	3.7613281250000000E+01
2.9832553527951241E+03	3.7613281250000000E+01
2.9913150911033154E+03	3.7613281250000000E+01
2.9993750527054071E+03	3.7613281250000000E+01
3.0074233832731843E+03	3.7613281250000000E+01
3.0154689317643642E+03	3.7613281250000000E+01
3.0235519388467073E+03	3.7613281250000000E+01
3.0316372192203999E+03	3.7613281250000000E+01
3.0396976613923907E+03	3.7613281250000000E+01
3.0477296586558223E+03	3.7613281250000000E+01
3.0557766758576035E+03	3.7613281250000000E+01
3.0638402645438910E+03	3.7613281250000000E+01
3.0718977560028434E+03	3.7613281250000000E+01
3.0799370693489909E+03	3.7613281250000000E+01
3.0879889916107059E+03	3.7613281250000000E+01
3.0960743895024061E+03	3.7613281250000000E+01
3.1041512560397387E+03	3.7613281250000000E+01
3.1122003488391638E+03	3.7613281250000000E+01
3.1202337733134627E+03	3.7613281250000000E+01
3.1282858521491289E+03	3.7613281250000000E+01
3.1363488179966807E+03	3.7613281250000000E+01
3.1444072280526161E+03	3.7613281250000000E+01
3.1524476946890354E+03	3.7613281250000000E+01
3.1605122201889753E+03	3.7613281250000000E+01
3.1685925468206406E+03	3.7613281250000000E+01
3.1766585504189134E+03	3.7613281250000000E+01
3.1846948123052716E+03	3.7613281250000000E+01
3.1927289562299848E+03	3.7613281250000000E+01
3.2007841313183308E+03	3.7613281250000000E+01
3.2088491001501679E+03	3.7613281250000000E+01
3.2169133257195354E+03	3.7613281250000000E+01
3.2249522848203778E+03	3.7613281250000000E+01
3.2330234142839909E+03	3.7613281250000000E+01
3.2411018105372787E+03	3.7613281250000000E+01
3.2491620340496302E+03	3.7613281250000000E+01
3.2571943189054728E+03	3.7613281250000000E+01
3.2652337374091148E+03	3.7613281250000000E+01
3.2732942608594894E+03	3.7613281250000000E+01
3.2813645932823420E+03	3.7613281250000000E+01
3.2894293100237846E+03	3.7613281250000000E+01
3.2974714100286365E+03	3.7613281250000000E+01
3.3055366027057171E+03	3.7613281250000000E+01
3.3136078877970576E+03	3.7613281250000000E+01
3.3216612657532096E+03	3.7613281250000000E+01
3.3296949749290943E+03	3.7613281250000000E+01
3.3377372916266322E+03	3.7613281250000000E+01
3.3457982950806618E+03	3.7613281250000000E+01
3.3538738420680165E+03	3.7613281250000000E+01
3.3619335359185934E+03	3.7613281250000000E+01
3.3699743398353457E+03	3.7613281250000000E+01
3.3780380828306079E+03	3.7613281250000000E+01
3.3860994619280100E+03	3.7613281250000000E+01
3.3941458940878510E+03	3.7613281250000000E+01
3.4021757505089045E+03	3.7613281250000000E+01
3.4102228231504560E+03	3.7613281250000000E+01
3.4182919283509254E+03	3.7613281250000000E+01
3.4263702650740743E+03	3.7613281250000000E+01
3.4344164324030280E+03	3.7613281250000000E+01
3.4424602499082685E+03	3.7613281250000000E+01
3.4505234986841679E+03	3.7613281250000000E+01
3.4585836413130164E+03	3.7613281250000000E+01
3.4666279412433505E+03	3.7613281250000000E+01
3.4746523437798023E+03	3.7613281250000000E+01
3.4827099501714110E+03	3.7613281250000000E+01
3.4907889761030674E+03	3.7613281250000000E+01
3.4988677263855934E+03	3.7613281250000000E+01
3.5069012230560184E+03	3.7613281250000000E+01
3.5149450441449881E+03	3.7613281250000000E+01
3.5230064463689923E+03	3.7613281250000000E+01
3.5310654833614826E+03	3.7613281250000000E+01
3.5391048500165343E+03	3.7613281250000000E+01
3.5471322162747383E+03	3.7613281250000000E+01
3.5551968518644571E+03	3.7613281250000000E+01
3.5632773973643780E+03	3.7613281250000000E+01
3.5713491040542722E+03	3.7613281250000000E+01
3.5793715292811394E+03	3.7613281250000000E+01
3.5874182581827044E+03	3.7613281250000000E+01
3.5954781299382448E+03	3.7613281250000000E+01
3.6035328892022371E+03	3.7613281250000000E+01
3.6115697943642735E+03	3.7613281250000000E+01
3.6196018509045243E+03	3.7613281250000000E+01
3.6276776993274689E+03	3.7613281250000000E+01
3.6357623544037342E+03	3.7613281250000000E+01
3.6438216869384050E+03	3.7613281250000000E+01
3.6518490357026458E+03	3.7613281250000000E+01
3.6598953702896833E+03	3.7613281250000000E+01
3.6679560896307230E+03	3.7613281250000000E+01
3.6760073666796088E+03	3.7613281250000000E+01
3.6840366724953055E+03	3.7613281250000000E+01
3.6920819298550487E+03	3.7613281250000000E+01
3.7001620320826769E+03	3.7613281250000000E+01
3.7082422596514225E+03	3.7613281250000000E+01
3.7162877224460244E+03	3.7613281250000000E+01
3.7243160066008568E+03	3.7613281250000000E+01
3.7323648310974240E+03	3.7613281250000000E+01
3.7404274347200990E+03	3.7613281250000000E+01
3.7484812754169106E+03	3.7613281250000000E+01
3.7565139786750078E+03	3.7613281250000000E+01
3.7645672002807260E+03	3.7613281250000000E+01
3.7726500567048788E+03	3.7613281250000000E+01
3.7807207728400826E+03	3.7613281250000000E+01
3.7887610902711749E+03	3.7613281250000000E+01
3.7967913082018495E+03	3.7613281250000000E+01
3.8048411147147417E+03	3.7613281250000000E+01
3.8129011766761541E+03	3.7613281250000000E+01
3.8209537705779076E+03	3.7613281250000000E+01
3.8289851344972849E+03	3.7613281250000000E+01
3.8370537945479155E+03	3.7613281250000000E+01
3.8451323982700706E+03	3.7613281250000000E+01
3.8531913357600570E+03	3.7613281250000000E+01
3.8612264393121004E+03	3.7613281250000000E+01
3.8692615557685494E+03	3.7613281250000000E+01
3.8773141627982259E+03	3.7613281250000000E+01
3.8853730935454369E+03	3.7613281250000000E+01
3.8934212975427508E+03	3.7613281250000000E+01
3.9014572835713625E+03	3.7613281250000000E+01
3.9095261650234461E+03	3.7613281250000000E+01
3.9175904264599085E+03	3.7613281250000000E+01
3.9256367531195283E+03	3.7613281250000000E+01
3.9336700920313597E+03	3.7613281250000000E+01
3.9417076392769814E+03	3.7613281250000000E+01
3.9497566881328821E+03	3.7613281250000000E+01
3.9578164550960064E+03	3.7613281250000000E+01
3.9658652316555381E+03	3.7613281250000000E+01
3.9739019011631608E+03	3.7613281250000000E+01
3.9819685359299183E+03	3.7613281250000000E+01
3.9900266221910715E+03	3.7613281250000000E+01
3.9980706892833114E+03	3.7613281250000000E+01
4.0060975436419249E+03	3.7613281250000000E+01
4.0141369439810514E+03	3.7613281250000000E+01
4.0221907502338290E+03	3.7613281250000000E+01
4.0302529273778200E+03	3.7613281250000000E+01
4.0382915883287787E+03	3.7613281250000000E+01
4.0463269152194262E+03	3.7613281250000000E+01
4.0543877240493894E+03	3.7613281250000000E+01
4.0624381077066064E+03	3.7613281250000000E+01
4.0704742398709059E+03	3.7613281250000000E+01
4.0785020135343075E+03	3.7613281250000000E+01
4.0865467092841864E+03	3.7613281250000000E+01
4.0946060452684760E+03	3.7613281250000000E+01
4.1026745335087180E+03	3.7613281250000000E+01
4.1107082291394472E+03	3.7613281250000000E+01
4.1187504457682371E+03	3.7613281250000000E+01
4.1268078454062343E+03	3.7613281250000000E+01
4.1348566069528461E+03	3.7613281250000000E+01
4.1428918812125921E+03	3.7613281250000000E+01
4.1509180042445660E+03	3.7613281250000000E+01
4.1589694844633341E+03	3.7613281250000000E+01
4.1670344602763653E+03	3.7613281250000000E+01
4.1751004413813353E+03	3.7613281250000000E+01
4.1831233392879367E+03	3.7613281250000000E+01
4.1911622358411551E+03	3.7613281250000000E+01
4.1992153613045812E+03	3.7613281250000000E+01
4.2072647146433592E+03	3.7613281250000000E+01
4.2152958134338260E+03	3.7613281250000000E+01
4.2233236376196146E+03	3.7613281250000000E+01
4.2313827182650566E+03	3.7613281250000000E+01
4.2394573179632425E+03	3.7613281250000000E+01
4.2475154457688332E+03	3.7613281250000000E+01
4.2555384877398610E+03	3.7613281250000000E+01
4.2635861693918705E+03	3.7613281250000000E+01
4.2716395253986120E+03	3.7613281250000000E+01
4.2796857913732529E+03	3.7613281250000000E+01
4.2877143413275480E+03	3.7613281250000000E+01
4.2957499802112579E+03	3.7613281250000000E+01
4.3038199438229203E+03	3.7613281250000000E+01
4.3119005468711257E+03	3.7613281250000000E+01
4.3199547702595592E+03	3.7613281250000000E+01
4.3279784969985485E+03	3.7613281250000000E+01
4.3360224951729178E+03	3.7613281250000000E+01
4.3440915044024587E+03	3.7613281250000000E+01
4.3521436480805278E+03	3.7613281250000000E+01
4.3601696901693940E+03	3.7613281250000000E+01
4.3682122089564800E+03	3.7613281250000000E+01
4.3762906430140138E+03	3.7613281250000000E+01
4.3843764436244965E+03	3.7613281250000000E+01
4.3924265913367271E+03	3.7613281250000000E+01
4.4004598733633757E+03	3.7613281250000000E+01
4.4085122451707721E+03	3.7613281250000000E+01
4.4165761771202087E+03	3.7613281250000000E+01
4.4246253911033273E+03	3.7613281250000000E+01
4.4326623454913497E+03	3.7613281250000000E+01
4.4407212155908346E+03	3.7613281250000000E+01
4.4488112722635269E+03	3.7613281250000000E+01
4.4568927595466375E+03	3.7613281250000000E+01
4.4649427206739783E+03	3.7613281250000000E+01
4.4729859417751431E+03	3.7613281250000000E+01
4.4810447538048029E+03	3.7613281250000000E+01
4.4891077250540257E+03	3.7613281250000000E+01
4.4971625723764300E+03	3.7613281250000000E+01
4.5052070214748383E+03	3.7613281250000000E+01
4.5132716136649251E+03	3.7613281250000000E+01
4.5213624331504107E+03	3.7613281250000000E+01
4.5294473298415542E+03	3.7613281250000000E+01
4.5374947027862072E+03	3.7613281250000000E+01
4.5455368145778775E+03	3.7613281250000000E+01
4.5536038425788283E+03	3.7613281250000000E+01
4.5616739421412349E+03	3.7613281250000000E+01
4.5697332767471671E+03	3.7613281250000000E+01
4.5777756628096104E+03	3.7613281250000000E+01
4.5858408731222153E+03	3.7613281250000000E+01
4.5939310271441936E+03	3.7613281250000000E+01
4.6020046499222517E+03	3.7613281250000000E+01
4.6100481932908297E+03	3.7613281250000000E+01
4.6180984668359160E+03	3.7613281250000000E+01
4.6261711680814624E+03	3.7613281250000000E+01
4.6342470142915845E+03	3.7613281250000000E+01
4.6422969989925623E+03	3.7613281250000000E+01
4.6503234411403537E+03	3.7613281250000000E+01
4.6583980680480599E+03	3.7613281250000000E+01
4.6664837522059679E+03	3.7613281250000000E+01
4.6745561547726393E+03	3.7613281250000000E+01
4.6825965314432979E+03	3.7613281250000000E+01
4.6906493898034096E+03	3.7613281250000000E+01
4.6987277637124062E+03	3.7613281250000000E+01
4.7068130809366703E+03	3.7613281250000000E+01
4.7148650883212686E+03	3.7613281250000000E+01
4.7228965787366033E+03	3.7613281250000000E+01
4.7309749409630895E+03	3.7613281250000000E+01
4.7390607482865453E+03	3.7613281250000000E+01
4.7471295449435711E+03	3.7613281250000000E+01
4.7551633301675320E+03	3.7613281250000000E+01
4.7632194970995188E+03	3.7613281250000000E+01
4.7713089863583446E+03	3.7613281250000000E+01
4.7793980565965176E+03	3.7613281250000000E+01
4.7874427021220326E+03	3.7613281250000000E+01
4.7954758837074041E+03	3.7613281250000000E+01
4.8035625423565507E+03	3.7613281250000000E+01
4.8116480299755931E+03	3.7613281250000000E+01
4.8197141615599394E+03	3.7613281250000000E+01
4.8277336651235819E+03	3.7613281250000000E+01
4.8357980947569013E+03	3.7613281250000000E+01
4.8438918052837253E+03	3.7613281250000000E+01
4.8519887614324689E+03	3.7613281250000000E+01
4.8600128158107400E+03	3.7613281250000000E+01
4.8680381529703736E+03	3.7613281250000000E+01
4.8761283302754164E+03	3.7613281250000000E+01
4.8842203579396009E+03	3.7613281250000000E+01
4.8922927084192634E+03	3.7613281250000000E+01
4.9003108973950148E+03	3.7613281250000000E+01
4.9083824241310358E+03	3.7613281250000000E+01
4.9164914683252573E+03	3.7613281250000000E+01
4.9245953763872385E+03	3.7613281250000000E+01
4.9326176868826151E+03	3.7613281250000000E+01
4.9406673434525728E+03	3.7613281250000000E+01
4.9487636181041598E+03	3.7613281250000000E+01
4.9568587156087160E+03	3.7613281250000000E+01
4.9649203080162406E+03	3.7613281250000000E+01
4.9729405325874686E+03	3.7613281250000000E+01
4.9810288027450442E+03	3.7613281250000000E+01
4.9891449167057872E+03	3.7613281250000000E+01
4.9972572737559676E+03	3.7613281250000000E+01
5.0052812885269523E+03	3.7613281250000000E+01
5.0133435307219625E+03	3.7613281250000000E+01
5.0214440779834986E+03	3.7613281250000000E+01
5.0295483870133758E+03	3.7613281250000000E+01
5.0376221109628677E+03	3.7613281250000000E+01
5.0456595691964030E+03	3.7613281250000000E+01
5.0537630762308836E+03	3.7613281250000000E+01
5.0618912851139903E+03	3.7613281250000000E+01
5.0699863761886954E+03	3.7613281250000000E+01
5.0780208026245236E+03	3.7613281250000000E+01
5.0861019724309444E+03	3.7613281250000000E+01
5.0942038282975554E+03	3.7613281250000000E+01
5.1023021714016795E+03	3.7613281250000000E+01
5.1103628756105900E+03	3.7613281250000000E+01
5.1184268830493093E+03	3.7613281250000000E+01
5.1265486956685781E+03	3.7613281250000000E+01
5.1346783815249801E+03	3.7613281250000000E+01
5.1427552085295320E+03	3.7613281250000000E+01
5.1507948469147086E+03	3.7613281250000000E+01
5.1588845605403185E+03	3.7613281250000000E+01
5.1669805580452085E+03	3.7613281250000000E+01
5.1750746800526977E+03	3.7613281250000000E+01
5.1831340691670775E+03	3.7613281250000000E+01
5.1911942470744252E+03	3.7613281250000000E+01
5.1993157645091414E+03	3.7613281250000000E+01
5.2074406748414040E+03	3.7613281250000000E+01
5.2155185151621699E+03	3.7613281250000000E+01
5.2235683701261878E+03	3.7613281250000000E+01
5.2316601654738188E+03	3.7613281250000000E+01
5.2397592547088861E+03	3.7613281250000000E+01
5.2478526430279016E+03	3.7613281250000000E+01
5.2559188354313374E+03	3.7613281250000000E+01
5.2639974801987410E+03	3.7613281250000000E+01
5.2721240218803287E+03	3.7613281250000000E+01
5.2802488290369511E+03	3.7613281250000000E+01
5.2883188118785620E+03	3.7613281250000000E+01
5.2963682248815894E+03	3.7613281250000000E+01
5.3044639404043555E+03	3.7613281250000000E+01
5.3125742224827409E+03	3.7613281250000000E+01
5.3206760960370302E+03	3.7613281250000000E+01
5.3287164905741811E+03	3.7613281250000000E+01
5.3367874784469604E+03	3.7613281250000000E+01
5.3449223382920027E+03	3.7613281250000000E+01
5.3530300775244832E+03	3.7613281250000000E+01
5.3610818540975451E+03	3.7613281250000000E+01
5.3691278619468212E+03	3.7613281250000000E+01
5.3772263708040118E+03	3.7613281250000000E+01
5.3853347764611244E+03	3.7613281250000000E+01
5.3934219375625253E+03	3.7613281250000000E+01
5.4014586252197623E+03	3.7613281250000000E+01
5.4095433628484607E+03	3.7613281250000000E+01
5.4176651476100087E+03	3.7613281250000000E+01
5.4257730727046728E+03	3.7613281250000000E+01
5.4338318586051464E+03	3.7613281250000000E+01
5.4419123435616493E+03	3.7613281250000000E+01
5.4500247502326965E+03	3.7613281250000000E+01
5.4581347003653646E+03	3.7613281250000000E+01
5.4662154513001442E+03	3.7613281250000000E+01
5.4742450025528669E+03	3.7613281250000000E+01
5.4823626133725047E+03	3.7613281250000000E+01
5.4904923245161772E+03	3.7613281250000000E+01
5.4986129911318421E+03	3.7613281250000000E+01
5.5066823994815350E+03	3.7613281250000000E+01
5.5147692878693342E+03	3.7613281250000000E+01
5.5228929419443011E+03	3.7613281250000000E+01
5.5310199202820659E+03	3.7613281250000000E+01
5.5391191849708557E+03	3.7613281250000000E+01
5.5471496801450849E+03	3.7613281250000000E+01
5.5552755706906319E+03	3.7613281250000000E+01
5.5634061534404755E+03	3.7613281250000000E+01
5.5715238614901900E+03	3.7613281250000000E+01
5.5795982990711927E+03	3.7613281250000000E+01
5.5876899187862873E+03	3.7613281250000000E+01
5.5958217805474997E+03	3.7613281250000000E+01
5.6039771648794413E+03	3.7613281250000000E+01
5.6120696039646864E+03	3.7613281250000000E+01
5.6201134548485279E+03	3.7613281250000000E+01
5.6282621634155512E+03	3.7613281250000000E+01
5.6364036234766245E+03	3.7613281250000000E+01
5.6445339489504695E+03	3.7613281250000000E+01
5.6525790158212185E+03	3.7613281250000000E+01
5.6606937410235405E+03	3.7613281250000000E+01
5.6688475805893540E+03	3.7613281250000000E+01
5.6770058972686529E+03	3.7613281250000000E+01
5.6850749767050147E+03	3.7613281250000000E+01
5.6931250006407499E+03	3.7613281250000000E+01
5.7012686722427607E+03	3.7613281250000000E+01
5.7094201592952013E+03	3.7613281250000000E+01
5.7175517784357071E+03	3.7613281250000000E+01
5.7256006574109197E+03	3.7613281250000000E+01
5.7336935882121325E+03	3.7613281250000000E+01
5.7418507580086589E+03	3.7613281250000000E+01
5.7500134449452162E+03	3.7613281250000000E+01
5.7581099394708872E+03	3.7613281250000000E+01
5.7661605353429914E+03	3.7613281250000000E+01
5.7742971151247621E+03	3.7613281250000000E+01
5.7824497486576438E+03	3.7613281250000000E+01
5.7905927834957838E+03	3.7613281250000000E+01
5.7986523928046227E+03	3.7613281250000000E+01
5.8067495133802295E+03	3.7613281250000000E+01
5.8149117122814059E+03	3.7613281250000000E+01
5.8230858227238059E+03	3.7613281250000000E+01
5.8312072231546044E+03	3.7613281250000000E+01
5.8392568620815873E+03	3.7613281250000000E+01
5.8473959341198206E+03	3.7613281250000000E+01
5.8555469090640545E+03	3.7613281250000000E+01
5.8636933065503836E+03	3.7613281250000000E+01
5.8717873125150800E+03	3.7613281250000000E+01
5.8798994579389691E+03	3.7613281250000000E+01
5.8880860352888703E+03	3.7613281250000000E+01
5.8962765361890197E+03	3.7613281250000000E+01
5.9044305843785405E+03	3.7613281250000000E+01
5.9125406761914492E+03	3.7613281250000000E+01
5.9206883539855480E+03	3.7613281250000000E+01
5.9288459211662412E+03	3.7613281250000000E+01
5.9370024752840400E+03	3.7613281250000000E+01
5.9451307268366218E+03	3.7613281250000000E+01
5.9532772846519947E+03	3.7613281250000000E+01
5.9614818475171924E+03	3.7613281250000000E+01
5.9696825786605477E+03	3.7613281250000000E+01
5.9778356748893857E+03	3.7613281250000000E+01
5.9859453071281314E+03	3.7613281250000000E+01
5.9940950176119804E+03	3.7613281250000000E+01
6.0022524716034532E+03	3.7613281250000000E+01
6.0104092411249876E+03	3.7613281250000000E+01
6.0185249754488468E+03	3.7613281250000000E+01
6.0266501274108887E+03	3.7613281250000000E+01
6.0348334650844336E+03	3.7613281250000000E+01
6.0430030083283782E+03	3.7613281250000000E+01
6.0511195657923818E+03	3.7613281250000000E+01
6.0592222559079528E+03	3.7613281250000000E+01
6.0673548899292946E+03	3.7613281250000000E+01
6.0755003341436386E+03	3.7613281250000000E+01
6.0836529233604670E+03	3.7613281250000000E+01
6.0918010880798101E+03	3.7613281250000000E+01
6.0999184356331825E+03	3.7613281250000000E+01
6.1080624230206013E+03	3.7613281250000000E+01
6.1162075466290116E+03	3.7613281250000000E+01
6.1243438841700554E+03	3.7613281250000000E+01
6.1324809810891747E+03	3.7613281250000000E+01
6.1406181390807033E+03	3.7613281250000000E+01
6.1487352827563882E+03	3.7613281250000000E+01
6.1568409397900105E+03	3.7613281250000000E+01
6.1649966965541244E+03	3.7613281250000000E+01
6.1731556147709489E+03	3.7613281250000000E+01
6.1812862304449081E+03	3.7613281250000000E+01
6.1893918964043260E+03	3.7613281250000000E+01
6.1975350656807423E+03	3.7613281250000000E+01
6.2056777771264315E+03	3.7613281250000000E+01
6.2137950876578689E+03	3.7613281250000000E+01
6.2218587440252304E+03	3.7613281250000000E+01
6.2299783026427031E+03	3.7613281250000000E+01
6.2381380743160844E+03	3.7613281250000000E+01
6.2462839144766331E+03	3.7613281250000000E+01
6.2543530109077692E+03	3.7613281250000000E+01
6.2624347769021988E+03	3.7613281250000000E+01
6.2705682609677315E+03	3.7613281250000000E+01
6.2787020317837596E+03	3.7613281250000000E+01
6.2867813923582435E+03	3.7613281250000000E+01
6.2948333017379045E+03	3.7613281250000000E+01
6.3029793687164783E+03	3.7613281250000000E+01
6.3111288589909673E+03	3.7613281250000000E+01
6.3191973788738251E+03	3.7613281250000000E+01
6.3272003904879093E+03	3.7613281250000000E+01
6.3353239665478468E+03	3.7613281250000000E+01
6.3434570379629731E+03	3.7613281250000000E+01
6.3515805688574910E+03	3.7613281250000000E+01
6.3595649762973189E+03	3.7613281250000000E+01
6.3675985556319356E+03	3.7613281250000000E+01
6.3757452460527420E+03	3.7613281250000000E+01
6.3838874555826187E+03	3.7613281250000000E+01
6.3919045347571373E+03	3.7613281250000000E+01
6.3998716050013900E+03	3.7613281250000000E+01
6.4079857730716467E+03	3.7613281250000000E+01
6.4161079443171620E+03	3.7613281250000000E+01
6.4242019523531199E+03	3.7613281250000000E+01
6.4321675603315234E+03	3.7613281250000000E+01
6.4401822742223740E+03	3.7613281250000000E+01
6.4483108904585242E+03	3.7613281250000000E+01
6.4564419263228774E+03	3.7613281250000000E+01
6.4644723448529840E+03	3.7613281250000000E+01
6.4724665620550513E+03	3.7613281250000000E+01
6.4805927241593599E+03	3.7613281250000000E+01
6.4887256475239992E+03	3.7613281250000000E+01
6.4968506571352482E+03	3.7613281250000000E+01
6.5048581825047731E+03	3.7613281250000000E+01
6.5129501873105764E+03	3.7613281250000000E+01
6.5211085260510445E+03	3.7613281250000000E+01
6.5292395685240626E+03	3.7613281250000000E+01
6.5372779706045985E+03	3.7613281250000000E+01
6.5453160366863012E+03	3.7613281250000000E+01
6.5534465745240450E+03	3.7613281250000000E+01
6.5615728579461575E+03	3.7613281250000000E+01
6.5696471304893494E+03	3.7613281250000000E+01
6.5776844745054841E+03	3.7613281250000000E+01
6.5857653949633241E+03	3.7613281250000000E+01
6.5938950033858418E+03	3.7613281250000000E+01
6.6019671090766788E+03	3.7613281250000000E+01
6.6099347870722413E+03	3.7613281250000000E+01
6.6180104308947921E+03	3.7613281250000000E+01
6.6261394499093294E+03	3.7613281250000000E+01
6.6342741510421038E+03	3.7613281250000000E+01
6.6423429869189858E+03	3.7613281250000000E+01
6.6504133026003838E+03	3.7613281250000000E+01
6.6585566055998206E+03	3.7613281250000000E+01
6.6667311939746141E+03	3.7613281250000000E+01
6.6748666460663080E+03	3.7613281250000000E+01
6.6829288248345256E+03	3.7613281250000000E+01
6.6910236184075475E+03	3.7613281250000000E+01
6.6991586018353701E+03	3.7613281250000000E+01
6.7072866306900978E+03	3.7613281250000000E+01
6.7152399093732238E+03	3.7613281250000000E+01
6.7232488809973001E+03	3.7613281250000000E+01
6.7314208848252892E+03	3.7613281250000000E+01
6.7395933885350823E+03	3.7613281250000000E+01
6.7477119981199503E+03	3.7613281250000000E+01
6.7557110249102116E+03	3.7613281250000000E+01
6.7638389665558934E+03	3.7613281250000000E+01
6.7719902888610959E+03	3.7613281250000000E+01
6.7801379500702024E+03	3.7613281250000000E+01
6.7881216415986419E+03	3.7613281250000000E+01
6.7962005020827055E+03	3.7613281250000000E+01
6.8043852332085371E+03	3.7613281250000000E+01
6.8125730194747448E+03	3.7613281250000000E+01
6.8205934228822589E+03	3.7613281250000000E+01
6.8285832182988524E+03	3.7613281250000000E+01
6.8367500580549240E+03	3.7613281250000000E+01
6.8449221023991704E+03	3.7613281250000000E+01
6.8530730901509523E+03	3.7613281250000000E+01
6.8610483307689428E+03	3.7613281250000000E+01
6.8690909156724811E+03	3.7613281250000000E+01
6.8772757794708014E+03	3.7613281250000000E+01
6.8854501702040434E+03	3.7613281250000000E+01
6.8934409244805574E+03	3.7613281250000000E+01
6.9014598645344377E+03	3.7613281250000000E+01
6.9096464169621468E+03	3.7613281250000000E+01
6.9178497992157936E+03	3.7613281250000000E+01
6.9260420148149133E+03	3.7613281250000000E+01
6.9340500004291534E+03	3.7613281250000000E+01
6.9421116258949041E+03	3.7613281250000000E+01
6.9503011912405491E+03	3.7613281250000000E+01
6.9584696975499392E+03	3.7613281250000000E+01
6.9664915396794677E+03	3.7613281250000000E+01
6.9745739591121674E+03	3.7613281250000000E+01
6.9827711185440421E+03	3.7613281250000000E+01
6.9909853849709034E+03	3.7613281250000000E+01
6.9991775400638580E+03	3.7613281250000000E+01
7.0071879865899682E+03	3.7613281250000000E+01
7.0152928663939238E+03	3.7613281250000000E+01
7.0234941903427243E+03	3.7613281250000000E+01
7.0317189846783876E+03	3.7613281250000000E+01
7.0398259749040008E+03	3.7613281250000000E+01
7.0478717347905040E+03	3.7613281250000000E+01
7.0560874148979783E+03	3.7613281250000000E+01
7.0643255690932274E+03	3.7613281250000000E+01
7.0725654355362058E+03	3.7613281250000000E+01
7.0807085485234857E+03	3.7613281250000000E+01
7.0886951897591352E+03	3.7613281250000000E+01
7.0968930843770504E+03	3.7613281250000000E+01
7.1051183023229241E+03	3.7613281250000000E+01
7.1133597303703427E+03	3.7613281250000000E+01
7.1215289809927344E+03	3.7613281250000000E+01
7.1295773840770125E+03	3.7613281250000000E+01
7.1377480079829693E+03	3.7613281250000000E+01
7.1459683962389827E+03	3.7613281250000000E+01
7.1542194985672832E+03	3.7613281250000000E+01
7.1623482159227133E+03	3.7613281250000000E+01
7.1704213823229074E+03	3.7613281250000000E+01
7.1786597406342626E+03	3.7613281250000000E+01
7.1869012646004558E+03	3.7613281250000000E+01
7.1951368664428592E+03	3.7613281250000000E+01
7.2032687294557691E+03	3.7613281250000000E+01
7.2114484482929111E+03	3.7613281250000000E+01
7.2196859444975853E+03	3.7613281250000000E+01
7.2279269030392170E+03	3.7613281250000000E+01
7.2360655036270618E+03	3.7613281250000000E+01
7.2440956577956676E+03	3.7613281250000000E+01
7.2523073496446013E+03	3.7613281250000000E+01
7.2605228789448738E+03	3.7613281250000000E+01
7.2687297286167741E+03	3.7613281250000000E+01
7.2767683329284191E+03	3.7613281250000000E+01
7.2849504193067551E+03	3.7613281250000000E+01
7.2931847741380334E+03	3.7613281250000000E+01
7.3014223544448614E+03	3.7613281250000000E+01
7.3096372576430440E+03	3.7613281250000000E+01
7.3178574124425650E+03	3.7613281250000000E+01
7.3260876066759229E+03	3.7613281250000000E+01
7.3343376709595323E+03	3.7613281250000000E+01
7.3425725357979536E+03	3.7613281250000000E+01
7.3507498514577746E+03	3.7613281250000000E+01
7.3589091596379876E+03	3.7613281250000000E+01
7.3671424306556582E+03	3.7613281250000000E+01
7.3753965421169996E+03	3.7613281250000000E+01
7.3836431266143918E+03	3.7613281250000000E+01
7.3919014494940639E+03	3.7613281250000000E+01
7.4001253479123116E+03	3.7613281250000000E+01
7.4083942592442036E+03	3.7613281250000000E+01
7.4166516655832529E+03	3.7613281250000000E+01
7.4249136255383492E+03	3.7613281250000000E+01
7.4330711111202836E+03	3.7613281250000000E+01
7.4413080586418509E+03	3.7613281250000000E+01
7.4496098349541426E+03	3.7613281250000000E+01
7.4579038903936744E+03	3.7613281250000000E+01
7.4662090929821134E+03	3.7613281250000000E+01
7.4743794778361917E+03	3.7613281250000000E+01
7.4826664144024253E+03	3.7613281250000000E+01
7.4909677235037088E+03	3.7613281250000000E+01
7.4992598033472896E+03	3.7613281250000000E+01
7.5075693939477205E+03	3.7613281250000000E+01
7.5158881961628795E+03	3.7613281250000000E+01
7.5241949218437076E+03	3.7613281250000000E+01
7.5324982792437077E+03	3.7613281250000000E+01
7.5407465419545770E+03	3.7613281250000000E+01
7.5489977971464396E+03	3.7613281250000000E+01
7.5572480667531490E+03	3.7613281250000000E+01
7.5655969765931368E+03	3.7613281250000000E+01
7.5739138810336590E+03	3.7613281250000000E+01
7.5822776962816715E+03	3.7613281250000000E+01
7.5906012615934014E+03	3.7613281250000000E+01
7.5989208781123161E+03	3.7613281250000000E+01
7.6072885238453746E+03	3.7613281250000000E+01
7.6156657164469361E+03	3.7613281250000000E+01
7.6240065154582262E+03	3.7613281250000000E+01
7.6322034021690488E+03	3.7613281250000000E+01
7.6405821243450046E+03	3.7613281250000000E+01
7.6489844061508775E+03	3.7613281250000000E+01
7.6573870065212250E+03	3.7613281250000000E+01
7.6658059483245015E+03	3.7613281250000000E+01
7.6742379773035645E+03	3.7613281250000000E+01
7.6826983342245221E+03	3.7613281250000000E+01
7.6911587449237704E+03	3.7613281250000000E+01
7.6995952122583985E+03	3.7613281250000000E+01
7.7080231364741921E+03	3.7613281250000000E+01
7.7164570818766952E+03	3.7613281250000000E+01
7.7249165687039495E+03	3.7613281250000000E+01
7.7333226768150926E+03	3.7613281250000000E+01
7.7417057270035148E+03	3.7613281250000000E+01
7.7500830367356539E+03	3.7613281250000000E+01
7.7584956262484193E+03	3.7613281250000000E+01
7.7669001579731703E+03	3.7613281250000000E+01
7.7752886864840984E+03	3.7613281250000000E+01
7.7837093500718474E+03	3.7613281250000000E+01
7.7920472778379917E+03	3.7613281250000000E+01
7.8001607305929065E+03	3.7613281250000000E+01
7.8084552104473114E+03	3.7613281250000000E+01
7.8166848448440433E+03	3.7613281250000000E+01
7.8248391477614641E+03	3.7613281250000000E+01
7.8330205999612808E+03	3.7613281250000000E+01
7.8412818474099040E+03	3.7613281250000000E+01
7.8494933456033468E+03	3.7613281250000000E+01
7.8576832761168480E+03	3.7613281250000000E+01
7.8639951814562082E+03	3.7707031250000000E+01
7.8664507830888033E+03	3.7707031250000000E+01
7.8689129242002964E+03	3.7707031250000000E+01
7.8713727958649397E+03	3.7707031250000000E+01
7.8738165561705828E+03	3.7707031250000000E+01
7.8762735514268279E+03	3.7707031250000000E+01
7.8787372700870037E+03	3.7707031250000000E+01
7.8812033899128437E+03	3.7710937500000000E+01
7.8836757490113378E+03	3.7710937500000000E+01
7.8861371511071920E+03	3.7710937500000000E+01
7.8885941486209631E+03	3.7710937500000000E+01
7.8910511908084154E+03	3.7710937500000000E+01
7.8935142496302724E+03	3.7710937500000000E+01
7.8959903016164899E+03	3.7710937500000000E+01
7.8984617661684752E+03	3.7710937500000000E+01
7.9009432173594832E+03	3.7710937500000000E+01
7.9033442123755813E+03	3.7710937500000000E+01
7.9057657761648297E+03	3.7710937500000000E+01
7.9080920194014907E+03	3.7714843750000000E+01
7.9103601658418775E+03	3.7714843750000000E+01
7.9125948152095079E+03	3.7714843750000000E+01
7.9148619324564934E+03	3.7714843750000000E+01
7.9171452745571733E+03	3.7714843750000000E+01
7.9193671925887465E+03	3.7714843750000000E+01
7.9215838293135166E+03	3.7714843750000000E+01
7.9237772696763277E+03	3.7714843750000000E+01
7.9260179553776979E+03	3.7714843750000000E+01
7.9282168338820338E+03	3.7714843750000000E+01
7.9303895796462893E+03	3.7714843750000000E+01
