0.0000000000000000E+00	1.5181866984805894E+00
1.0010010010010010E+05	1.5182111398395346E+00
2.0020020020020020E+05	1.5182207268549692E+00
3.0030030030030030E+05	1.5182350762684937E+00
4.0040040040040039E+05	1.5182361913992319E+00
5.0050050050050049E+05	1.5182596421639674E+00
6.0060060060060059E+05	1.5182689156294797E+00
7.0070070070070075E+05	1.5182861151058185E+00
8.0080080080080079E+05	1.5182953058687552E+00
9.0090090090090083E+05	1.5182945863252031E+00
1.0010010010010010E+06	1.5183044294166126E+00
1.1011011011011011E+06	1.5183323162951079E+00
1.2012012012012012E+06	1.5183446712163846E+00
1.3013013013013012E+06	1.5183519462042017E+00
1.4014014014014015E+06	1.5183637404565455E+00
1.5015015015015015E+06	1.5183802585446780E+00
1.6016016016016016E+06	1.5183919489268687E+00
1.7017017017017016E+06	1.5183910624581596E+00
1.8018018018018017E+06	1.5184078415911284E+00
1.9019019019019019E+06	1.5184275624771255E+00
2.0020020020020020E+06	1.5184406427228232E+00
2.1021021021021022E+06	1.5184491840752423E+00
2.2022022022022023E+06	1.5184603784931885E+00
2.3023023023023023E+06	1.5184792532659790E+00
2.4024024024024024E+06	1.5184905592780094E+00
2.5025025025025024E+06	1.5184971768878397E+00
2.6026026026026024E+06	1.5185153439431238E+00
2.7027027027027025E+06	1.5185134649192198E+00
2.8028028028028030E+06	1.5185364816020026E+00
2.9029029029029030E+06	1.5185381073744828E+00
3.0030030030030031E+06	1.5185643852565620E+00
3.1031031031031031E+06	1.5185700880710011E+00
3.2032032032032032E+06	1.5185894853303863E+00
3.3033033033033032E+06	1.5186023413019134E+00
3.4034034034034032E+06	1.5186114328502716E+00
3.5035035035035033E+06	1.5186253502007387E+00
3.6036036036036033E+06	1.5186277432396027E+00
3.7037037037037038E+06	1.5186471955579288E+00
3.8038038038038039E+06	1.5186642456139834E+00
3.9039039039039039E+06	1.5186773193840803E+00
4.0040040040040039E+06	1.5186847292412131E+00
4.1041041041041040E+06	1.5187015386917591E+00
4.2042042042042045E+06	1.5187101202857562E+00
4.3043043043043045E+06	1.5187234624495058E+00
4.4044044044044046E+06	1.5187354547001055E+00
4.5045045045045046E+06	1.5187517026181827E+00
4.6046046046046047E+06	1.5187660112782435E+00
4.7047047047047047E+06	1.5187700897211627E+00
4.8048048048048047E+06	1.5187901577871190E+00
4.9049049049049048E+06	1.5187894635478660E+00
5.0050050050050048E+06	1.5188140436858375E+00
5.1051051051051049E+06	1.5188286882793434E+00
5.2052052052052049E+06	1.5188396688679664E+00
5.3053053053053049E+06	1.5188510755248248E+00
5.4054054054054050E+06	1.5188657078799523E+00
5.5055055055055050E+06	1.5188659246407203E+00
5.6056056056056060E+06	1.5188877914614447E+00
5.7057057057057060E+06	1.5189057277829623E+00
5.8058058058058061E+06	1.5189182862512933E+00
5.9059059059059061E+06	1.5189302437369259E+00
6.0060060060060062E+06	1.5189437878917542E+00
6.1061061061061062E+06	1.5189573793176545E+00
6.2062062062062062E+06	1.5189581518819077E+00
6.3063063063063063E+06	1.5189694511036220E+00
6.4064064064064063E+06	1.5189964414369364E+00
6.5065065065065064E+06	1.5190060097219638E+00
6.6066066066066064E+06	1.5190111964166666E+00
6.7067067067067064E+06	1.5190344661018920E+00
6.8068068068068065E+06	1.5190490329877735E+00
6.9069069069069065E+06	1.5190619224166138E+00
7.0070070070070066E+06	1.5190757106759467E+00
7.1071071071071066E+06	1.5190880067807238E+00
7.2072072072072066E+06	1.5190978887171742E+00
7.3073073073073076E+06	1.5191133057806070E+00
7.4074074074074076E+06	1.5191245674603613E+00
7.5075075075075077E+06	1.5191392537932840E+00
7.6076076076076077E+06	1.5191541775295414E+00
7.7077077077077078E+06	1.5191682242373967E+00
7.8078078078078078E+06	1.5191793169479229E+00
7.9079079079079079E+06	1.5191926584867419E+00
8.0080080080080079E+06	1.5192006242497205E+00
8.1081081081081079E+06	1.5192183138074555E+00
8.2082082082082080E+06	1.5192289546108950E+00
8.3083083083083080E+06	1.5192452091571389E+00
8.4084084084084090E+06	1.5192566696517908E+00
8.5085085085085090E+06	1.5192730720113252E+00
8.6086086086086091E+06	1.5192818754764041E+00
8.7087087087087091E+06	1.5192964217102083E+00
8.8088088088088091E+06	1.5193117772746505E+00
8.9089089089089092E+06	1.5193181697990921E+00
9.0090090090090092E+06	1.5193305245015163E+00
9.1091091091091093E+06	1.5193526117650422E+00
9.2092092092092093E+06	1.5193626206938535E+00
9.3093093093093093E+06	1.5193687756141345E+00
9.4094094094094094E+06	1.5193923580496320E+00
9.5095095095095094E+06	1.5194039220992981E+00
9.6096096096096095E+06	1.5194165963372277E+00
9.7097097097097095E+06	1.5194348028396771E+00
9.8098098098098096E+06	1.5194475331232780E+00
9.9099099099099096E+06	1.5194604045168734E+00
1.0010010010010010E+07	1.5194693944820579E+00
1.0110110110110110E+07	1.5194826925661011E+00
1.0210210210210210E+07	1.5194955190344817E+00
1.0310310310310310E+07	1.5195141078775645E+00
1.0410410410410410E+07	1.5195262920144439E+00
1.0510510510510510E+07	1.5195381404650932E+00
1.0610610610610610E+07	1.5195519338781149E+00
1.0710710710710710E+07	1.5195651742200889E+00
1.0810810810810810E+07	1.5195794298591956E+00
1.0910910910910910E+07	1.5195946167230223E+00
1.1011011011011010E+07	1.5196064012511636E+00
1.1111111111111110E+07	1.5196175515514037E+00
1.1211211211211212E+07	1.5196337778392450E+00
1.1311311311311312E+07	1.5196480738283167E+00
1.1411411411411412E+07	1.5196575425317500E+00
1.1511511511511512E+07	1.5196726964801432E+00
1.1611611611611612E+07	1.5196872754857249E+00
1.1711711711711712E+07	1.5196902998693691E+00
1.1811811811811812E+07	1.5197147180790744E+00
1.1911911911911912E+07	1.5197285466102837E+00
1.2012012012012012E+07	1.5197270544751400E+00
1.2112112112112112E+07	1.5197512571112219E+00
1.2212212212212212E+07	1.5197648917159148E+00
1.2312312312312312E+07	1.5197784624944151E+00
1.2412412412412412E+07	1.5197900388760623E+00
1.2512512512512513E+07	1.5198034400964204E+00
1.2612612612612613E+07	1.5198225375961489E+00
1.2712712712712713E+07	1.5198361322739704E+00
1.2812812812812813E+07	1.5198490120497752E+00
1.2912912912912913E+07	1.5198571285680316E+00
1.3013013013013013E+07	1.5198709752896626E+00
1.3113113113113113E+07	1.5198839563362596E+00
1.3213213213213213E+07	1.5199032718709398E+00
1.3313313313313313E+07	1.5199156156440552E+00
1.3413413413413413E+07	1.5199293975988604E+00
1.3513513513513513E+07	1.5199396348533700E+00
1.3613613613613613E+07	1.5199527006060616E+00
1.3713713713713713E+07	1.5199685724730854E+00
1.3813813813813813E+07	1.5199758384451629E+00
1.3913913913913913E+07	1.5199924533948430E+00
1.4014014014014013E+07	1.5200099667573608E+00
1.4114114114114113E+07	1.5200204219746491E+00
1.4214214214214213E+07	1.5200358586930638E+00
1.4314314314314313E+07	1.5200460957476445E+00
1.4414414414414413E+07	1.5200629955137093E+00
1.4514514514514515E+07	1.5200767466432887E+00
1.4614614614614615E+07	1.5200810035809675E+00
1.4714714714714715E+07	1.5201040562803905E+00
1.4814814814814815E+07	1.5201144776524462E+00
1.4914914914914915E+07	1.5201285381081688E+00
1.5015015015015015E+07	1.5201400227237201E+00
1.5115115115115115E+07	1.5201567651260433E+00
1.5215215215215215E+07	1.5201543121756600E+00
1.5315315315315315E+07	1.5201686000772670E+00
1.5415415415415416E+07	1.5201964772730701E+00
1.5515515515515516E+07	1.5202055811249673E+00
1.5615615615615616E+07	1.5202223189310153E+00
1.5715715715715716E+07	1.5202210508765406E+00
1.5815815815815816E+07	1.5202360117111278E+00
1.5915915915915916E+07	1.5202599918414901E+00
1.6016016016016016E+07	1.5202705814128132E+00
1.6116116116116116E+07	1.5202845115894563E+00
1.6216216216216216E+07	1.5202966126199693E+00
1.6316316316316316E+07	1.5203111669783127E+00
1.6416416416416416E+07	1.5203210868867740E+00
1.6516516516516516E+07	1.5203374352648429E+00
1.6616616616616616E+07	1.5203465335484567E+00
1.6716716716716716E+07	1.5203617841924035E+00
1.6816816816816818E+07	1.5203723884939551E+00
1.6916916916916918E+07	1.5203865759429698E+00
1.7017017017017018E+07	1.5203950631833647E+00
1.7117117117117118E+07	1.5204142678275774E+00
1.7217217217217218E+07	1.5204250091872875E+00
1.7317317317317318E+07	1.5204367765256654E+00
1.7417417417417418E+07	1.5204537999624037E+00
1.7517517517517518E+07	1.5204688560981054E+00
1.7617617617617618E+07	1.5204815430722749E+00
1.7717717717717718E+07	1.5204904135696571E+00
1.7817817817817818E+07	1.5205032319052483E+00
1.7917917917917918E+07	1.5205199080539471E+00
1.8018018018018018E+07	1.5205333030220052E+00
1.8118118118118118E+07	1.5205452569232649E+00
1.8218218218218219E+07	1.5205547779478916E+00
1.8318318318318319E+07	1.5205663476982985E+00
1.8418418418418419E+07	1.5205837139547806E+00
1.8518518518518519E+07	1.5205935323641300E+00
1.8618618618618619E+07	1.5205948142709294E+00
1.8718718718718719E+07	1.5206169747411105E+00
1.8818818818818819E+07	1.5206260768790480E+00
1.8918918918918919E+07	1.5206424743367684E+00
1.9019019019019019E+07	1.5206483859025555E+00
1.9119119119119119E+07	1.5206687017035148E+00
1.9219219219219219E+07	1.5206680432762205E+00
1.9319319319319319E+07	1.5206944207757929E+00
1.9419419419419419E+07	1.5207048557970901E+00
1.9519519519519519E+07	1.5207201874155869E+00
1.9619619619619619E+07	1.5207330384393334E+00
1.9719719719719719E+07	1.5207428967742900E+00
1.9819819819819819E+07	1.5207564492488450E+00
1.9919919919919919E+07	1.5207649353369133E+00
2.0020020020020019E+07	1.5207799521309422E+00
2.0120120120120119E+07	1.5207877136927241E+00
2.0220220220220219E+07	1.5208031596186531E+00
2.0320320320320319E+07	1.5208128075501322E+00
2.0420420420420419E+07	1.5208262140881088E+00
2.0520520520520519E+07	1.5208264203232105E+00
2.0620620620620620E+07	1.5208494721244825E+00
2.0720720720720720E+07	1.5208602688269945E+00
2.0820820820820820E+07	1.5208728254305615E+00
2.0920920920920920E+07	1.5208742725592805E+00
2.1021021021021020E+07	1.5208979970307066E+00
2.1121121121121120E+07	1.5209080532845360E+00
2.1221221221221220E+07	1.5209211469521966E+00
2.1321321321321320E+07	1.5209253067618054E+00
2.1421421421421420E+07	1.5209487415683398E+00
2.1521521521521520E+07	1.5209590547264003E+00
2.1621621621621620E+07	1.5209701289617412E+00
2.1721721721721720E+07	1.5209809508773422E+00
2.1821821821821820E+07	1.5209969043487375E+00
2.1921921921921920E+07	1.5210087542886901E+00
2.2022022022022020E+07	1.5210164351867812E+00
2.2122122122122120E+07	1.5210324271144056E+00
2.2222222222222220E+07	1.5210313937868982E+00
2.2322322322322320E+07	1.5210564544438234E+00
2.2422422422422424E+07	1.5210634294092285E+00
2.2522522522522524E+07	1.5210799538460085E+00
2.2622622622622624E+07	1.5210927566104115E+00
2.2722722722722724E+07	1.5211005771186863E+00
2.2822822822822824E+07	1.5211162068658668E+00
2.2922922922922924E+07	1.5211226425724931E+00
2.3023023023023024E+07	1.5211352063212817E+00
2.3123123123123124E+07	1.5211512697199343E+00
2.3223223223223224E+07	1.5211621282910976E+00
2.3323323323323324E+07	1.5211694875953621E+00
2.3423423423423424E+07	1.5211854058848060E+00
2.3523523523523524E+07	1.5211958308334357E+00
2.3623623623623624E+07	1.5212013815484744E+00
2.3723723723723724E+07	1.5212233597459122E+00
2.3823823823823825E+07	1.5212363041866506E+00
2.3923923923923925E+07	1.5212452453931160E+00
2.4024024024024025E+07	1.5212585324783847E+00
2.4124124124124125E+07	1.5212679854165021E+00
2.4224224224224225E+07	1.5212801488449206E+00
2.4324324324324325E+07	1.5212966903907295E+00
2.4424424424424425E+07	1.5213081743481967E+00
2.4524524524524525E+07	1.5213082270346898E+00
2.4624624624624625E+07	1.5213190244022630E+00
2.4724724724724725E+07	1.5213462086099774E+00
2.4824824824824825E+07	1.5213588377799445E+00
2.4924924924924925E+07	1.5213700639364685E+00
2.5025025025025025E+07	1.5213854455716138E+00
2.5125125125125125E+07	1.5213952295959565E+00
2.5225225225225225E+07	1.5214097539931788E+00
2.5325325325325325E+07	1.5214215350101776E+00
2.5425425425425425E+07	1.5214309733360920E+00
2.5525525525525525E+07	1.5214439876532859E+00
2.5625625625625625E+07	1.5214603856596347E+00
2.5725725725725725E+07	1.5214747675553830E+00
2.5825825825825825E+07	1.5214840994456429E+00
2.5925925925925925E+07	1.5215006116281964E+00
2.6026026026026025E+07	1.5215134134698898E+00
2.6126126126126125E+07	1.5215221939406633E+00
2.6226226226226225E+07	1.5215301425960790E+00
2.6326326326326326E+07	1.5215480461819784E+00
2.6426426426426426E+07	1.5215610411880121E+00
2.6526526526526526E+07	1.5215744998610912E+00
2.6626626626626626E+07	1.5215911663448025E+00
2.6726726726726726E+07	1.5216041881419531E+00
2.6826826826826826E+07	1.5216096198577205E+00
2.6926926926926926E+07	1.5216313644001904E+00
2.7027027027027026E+07	1.5216431881383417E+00
2.7127127127127126E+07	1.5216495551842888E+00
2.7227227227227226E+07	1.5216650055467742E+00
2.7327327327327326E+07	1.5216800493001637E+00
2.7427427427427426E+07	1.5216942075113682E+00
2.7527527527527526E+07	1.5217089145729816E+00
2.7627627627627626E+07	1.5217133915271341E+00
2.7727727727727726E+07	1.5217330422150017E+00
2.7827827827827826E+07	1.5217418176053377E+00
2.7927927927927926E+07	1.5217611467455059E+00
2.8028028028028026E+07	1.5217728064519809E+00
2.8128128128128126E+07	1.5217862321929869E+00
2.8228228228228226E+07	1.5218010467855239E+00
2.8328328328328326E+07	1.5218163911813196E+00
2.8428428428428426E+07	1.5218307331753074E+00
2.8528528528528526E+07	1.5218454308943541E+00
2.8628628628628626E+07	1.5218576073209029E+00
2.8728728728728727E+07	1.5218731178307361E+00
2.8828828828828827E+07	1.5218882504890436E+00
2.8928928928928930E+07	1.5219011689416004E+00
2.9029029029029030E+07	1.5219157422420215E+00
2.9129129129129130E+07	1.5219362687869467E+00
2.9229229229229230E+07	1.5219416770484249E+00
2.9329329329329330E+07	1.5219622446347503E+00
2.9429429429429431E+07	1.5219817849345161E+00
2.9529529529529531E+07	1.5219960712024849E+00
2.9629629629629631E+07	1.5220116436661368E+00
2.9729729729729731E+07	1.5220252871611244E+00
2.9829829829829831E+07	1.5220326323864601E+00
2.9929929929929931E+07	1.5220581509841227E+00
3.0030030030030031E+07	1.5220787881240305E+00
3.0130130130130131E+07	1.5220955158502616E+00
3.0230230230230231E+07	1.5221109373511359E+00
3.0330330330330331E+07	1.5221286560519780E+00
3.0430430430430431E+07	1.5221420451889520E+00
3.0530530530530531E+07	1.5221624169534933E+00
3.0630630630630631E+07	1.5221773592295078E+00
3.0730730730730731E+07	1.5221943454423761E+00
3.0830830830830831E+07	1.5222044929328682E+00
3.0930930930930931E+07	1.5222269726900559E+00
3.1031031031031031E+07	1.5222436905409040E+00
3.1131131131131131E+07	1.5222630136543458E+00
3.1231231231231231E+07	1.5222661478765955E+00
3.1331331331331331E+07	1.5222943322549680E+00
3.1431431431431431E+07	1.5223161188114336E+00
3.1531531531531531E+07	1.5223336019942360E+00
3.1631631631631631E+07	1.5223495784721399E+00
3.1731731731731731E+07	1.5223659317986669E+00
3.1831831831831831E+07	1.5223690815585256E+00
3.1931931931931932E+07	1.5224016557195139E+00
3.2032032032032032E+07	1.5224141672193472E+00
3.2132132132132132E+07	1.5224347841488097E+00
3.2232232232232232E+07	1.5224435210879939E+00
3.2332332332332332E+07	1.5224655561422509E+00
3.2432432432432432E+07	1.5224818337304438E+00
3.2532532532532532E+07	1.5224983343488756E+00
3.2632632632632632E+07	1.5225153062810921E+00
3.2732732732732732E+07	1.5225379764788858E+00
3.2832832832832832E+07	1.5225516088361239E+00
3.2932932932932932E+07	1.5225727174942709E+00
3.3033033033033032E+07	1.5225917667166107E+00
3.3133133133133132E+07	1.5226085273648982E+00
3.3233233233233232E+07	1.5226268157832294E+00
3.3333333333333332E+07	1.5226432979995910E+00
3.3433433433433432E+07	1.5226574995074533E+00
3.3533533533533532E+07	1.5226794482032295E+00
3.3633633633633636E+07	1.5226880545579875E+00
3.3733733733733736E+07	1.5227112121686113E+00
3.3833833833833836E+07	1.5227179053064257E+00
3.3933933933933936E+07	1.5227466323453742E+00
3.4034034034034036E+07	1.5227691002230046E+00
3.4134134134134136E+07	1.5227747868843757E+00
3.4234234234234236E+07	1.5228012101077610E+00
3.4334334334334336E+07	1.5228206666698367E+00
3.4434434434434436E+07	1.5228324362907395E+00
3.4534534534534536E+07	1.5228554390357691E+00
3.4634634634634636E+07	1.5228719651774187E+00
3.4734734734734736E+07	1.5228948246174452E+00
3.4834834834834836E+07	1.5229120988794564E+00
3.4934934934934936E+07	1.5229280990916760E+00
3.5035035035035037E+07	1.5229464687430367E+00
3.5135135135135137E+07	1.5229636212227919E+00
3.5235235235235237E+07	1.5229816054074934E+00
3.5335335335335337E+07	1.5230052709918398E+00
3.5435435435435437E+07	1.5230183011932839E+00
3.5535535535535537E+07	1.5230385690295154E+00
3.5635635635635637E+07	1.5230623590315453E+00
3.5735735735735737E+07	1.5230667755180889E+00
3.5835835835835837E+07	1.5230915234523761E+00
3.5935935935935937E+07	1.5231134047654324E+00
3.6036036036036037E+07	1.5231351049866517E+00
3.6136136136136137E+07	1.5231489901115076E+00
3.6236236236236237E+07	1.5231766118567169E+00
3.6336336336336337E+07	1.5231962547465772E+00
3.6436436436436437E+07	1.5232181839346903E+00
3.6536536536536537E+07	1.5232379374567475E+00
3.6636636636636637E+07	1.5232598484335327E+00
3.6736736736736737E+07	1.5232808861901082E+00
3.6836836836836837E+07	1.5232989095888119E+00
3.6936936936936937E+07	1.5233197916778385E+00
3.7037037037037037E+07	1.5233432953504304E+00
3.7137137137137137E+07	1.5233665443099240E+00
3.7237237237237237E+07	1.5233833308620335E+00
3.7337337337337337E+07	1.5234097960741517E+00
3.7437437437437437E+07	1.5234305777838375E+00
3.7537537537537538E+07	1.5234517082655106E+00
3.7637637637637638E+07	1.5234718360587078E+00
3.7737737737737738E+07	1.5234970694947654E+00
3.7837837837837838E+07	1.5235199319339949E+00
3.7937937937937938E+07	1.5235448189795406E+00
3.8038038038038038E+07	1.5235622314286528E+00
3.8138138138138138E+07	1.5235906549276135E+00
3.8238238238238238E+07	1.5236136630707668E+00
3.8338338338338338E+07	1.5236350420717499E+00
3.8438438438438438E+07	1.5236569627190049E+00
3.8538538538538538E+07	1.5236736223073486E+00
3.8638638638638638E+07	1.5237047109694803E+00
3.8738738738738738E+07	1.5237246429945639E+00
3.8838838838838838E+07	1.5237505282151065E+00
3.8938938938938938E+07	1.5237757684617168E+00
3.9039039039039038E+07	1.5238025246653895E+00
3.9139139139139138E+07	1.5238265282586474E+00
3.9239239239239238E+07	1.5238457655998172E+00
3.9339339339339338E+07	1.5238697540333717E+00
3.9439439439439438E+07	1.5238966192489058E+00
3.9539539539539538E+07	1.5239217583167051E+00
3.9639639639639638E+07	1.5239419522967828E+00
3.9739739739739738E+07	1.5239670161102106E+00
3.9839839839839838E+07	1.5239961824778896E+00
3.9939939939939938E+07	1.5240042800389402E+00
4.0040040040040039E+07	1.5240426420256228E+00
4.0140140140140139E+07	1.5240679456280586E+00
4.0240240240240239E+07	1.5240917293254341E+00
4.0340340340340339E+07	1.5241199232570415E+00
4.0440440440440439E+07	1.5241421605763139E+00
4.0540540540540539E+07	1.5241657353195370E+00
4.0640640640640639E+07	1.5241827105137302E+00
4.0740740740740739E+07	1.5242093841845716E+00
4.0840840840840839E+07	1.5242430893847505E+00
4.0940940940940939E+07	1.5242708698356953E+00
4.1041041041041039E+07	1.5242940572379593E+00
4.1141141141141139E+07	1.5243216869185980E+00
4.1241241241241239E+07	1.5243458781279784E+00
4.1341341341341339E+07	1.5243601025665956E+00
4.1441441441441439E+07	1.5243914642322904E+00
4.1541541541541539E+07	1.5244264431009549E+00
4.1641641641641639E+07	1.5244484432538938E+00
4.1741741741741739E+07	1.5244821741899377E+00
4.1841841841841839E+07	1.5245074805383740E+00
4.1941941941941939E+07	1.5245302445904909E+00
4.2042042042042039E+07	1.5245616017821013E+00
4.2142142142142139E+07	1.5245883048013613E+00
4.2242242242242239E+07	1.5246148255742644E+00
4.2342342342342339E+07	1.5246408224049208E+00
4.2442442442442439E+07	1.5246666687592778E+00
4.2542542542542540E+07	1.5246981571494638E+00
4.2642642642642640E+07	1.5247128651859052E+00
4.2742742742742740E+07	1.5247496950990251E+00
4.2842842842842840E+07	1.5247816502032114E+00
4.2942942942942940E+07	1.5248079994395023E+00
4.3043043043043040E+07	1.5248371695868326E+00
4.3143143143143140E+07	1.5248671264608837E+00
4.3243243243243240E+07	1.5248965046404559E+00
4.3343343343343340E+07	1.5249234863920371E+00
4.3443443443443440E+07	1.5249501835288430E+00
4.3543543543543540E+07	1.5249824489770496E+00
4.3643643643643640E+07	1.5250058410406966E+00
4.3743743743743740E+07	1.5250400368700514E+00
4.3843843843843840E+07	1.5250667807386447E+00
4.3943943943943940E+07	1.5250875296290061E+00
4.4044044044044040E+07	1.5251284473320852E+00
4.4144144144144140E+07	1.5251562976443995E+00
4.4244244244244240E+07	1.5251876341737995E+00
4.4344344344344340E+07	1.5252038775851795E+00
4.4444444444444440E+07	1.5252449259949405E+00
4.4544544544544540E+07	1.5252660465799985E+00
4.4644644644644640E+07	1.5253100428318112E+00
4.4744744744744740E+07	1.5253372794740547E+00
4.4844844844844848E+07	1.5253687589739260E+00
4.4944944944944948E+07	1.5254018784733714E+00
4.5045045045045048E+07	1.5254358888010309E+00
4.5145145145145148E+07	1.5254624085537001E+00
4.5245245245245248E+07	1.5254957282923687E+00
4.5345345345345348E+07	1.5255295171498287E+00
4.5445445445445448E+07	1.5255600139514667E+00
4.5545545545545548E+07	1.5255911938398499E+00
4.5645645645645648E+07	1.5256202858932573E+00
4.5745745745745748E+07	1.5256590410642885E+00
4.5845845845845848E+07	1.5256962256592184E+00
4.5945945945945948E+07	1.5257292699668892E+00
4.6046046046046048E+07	1.5257582611223415E+00
4.6146146146146148E+07	1.5257960163446265E+00
4.6246246246246248E+07	1.5258285614901073E+00
4.6346346346346349E+07	1.5258602976557289E+00
4.6446446446446449E+07	1.5258996914947229E+00
4.6546546546546549E+07	1.5259342038354504E+00
4.6646646646646649E+07	1.5259654055760214E+00
4.6746746746746749E+07	1.5259903830129600E+00
4.6846846846846849E+07	1.5260390898775726E+00
4.6946946946946949E+07	1.5260757438082040E+00
4.7047047047047049E+07	1.5261132801543049E+00
4.7147147147147149E+07	1.5261477060512130E+00
4.7247247247247249E+07	1.5261820489270688E+00
4.7347347347347349E+07	1.5262205630334169E+00
4.7447447447447449E+07	1.5262590783830088E+00
4.7547547547547549E+07	1.5262930305880749E+00
4.7647647647647649E+07	1.5263303091831959E+00
4.7747747747747749E+07	1.5263689299257470E+00
4.7847847847847849E+07	1.5264051650035817E+00
4.7947947947947949E+07	1.5264396322653753E+00
4.8048048048048049E+07	1.5264796405616479E+00
4.8148148148148149E+07	1.5265170355262125E+00
4.8248248248248249E+07	1.5265526578746271E+00
4.8348348348348349E+07	1.5265900579113822E+00
4.8448448448448449E+07	1.5266142504811195E+00
4.8548548548548549E+07	1.5266630477056400E+00
4.8648648648648649E+07	1.5267038149239593E+00
4.8748748748748749E+07	1.5267401727862124E+00
4.8848848848848850E+07	1.5267817602565310E+00
4.8948948948948950E+07	1.5268162638599503E+00
4.9049049049049050E+07	1.5268556292827460E+00
4.9149149149149150E+07	1.5268951961129333E+00
4.9249249249249250E+07	1.5269241308065999E+00
4.9349349349349350E+07	1.5269740718226823E+00
4.9449449449449450E+07	1.5270120315405633E+00
4.9549549549549550E+07	1.5270485909238600E+00
4.9649649649649650E+07	1.5270941428418385E+00
4.9749749749749750E+07	1.5271299881049187E+00
4.9849849849849850E+07	1.5271707819222227E+00
4.9949949949949950E+07	1.5271997319853303E+00
5.0050050050050050E+07	1.5272530961799420E+00
5.0150150150150150E+07	1.5272934025085683E+00
5.0250250250250250E+07	1.5273341495537587E+00
5.0350350350350350E+07	1.5273608095884250E+00
5.0450450450450450E+07	1.5274136538816898E+00
5.0550550550550550E+07	1.5274540900756000E+00
5.0650650650650650E+07	1.5274915107979985E+00
5.0750750750750750E+07	1.5275338186805787E+00
5.0850850850850850E+07	1.5275776719023888E+00
5.0950950950950950E+07	1.5276152180281959E+00
5.1051051051051050E+07	1.5276616598713184E+00
5.1151151151151150E+07	1.5276989649864887E+00
5.1251251251251251E+07	1.5277434055089725E+00
5.1351351351351351E+07	1.5277881506451969E+00
5.1451451451451451E+07	1.5278285438685844E+00
5.1551551551551551E+07	1.5278731097406766E+00
5.1651651651651651E+07	1.5279170988279267E+00
5.1751751751751751E+07	1.5279596254366687E+00
5.1851851851851851E+07	1.5279980075941539E+00
5.1951951951951951E+07	1.5280402359274536E+00
5.2052052052052051E+07	1.5280858810389049E+00
5.2152152152152151E+07	1.5281306546056677E+00
5.2252252252252251E+07	1.5281739374955920E+00
5.2352352352352351E+07	1.5282144796189430E+00
5.2452452452452451E+07	1.5282617972499080E+00
5.2552552552552551E+07	1.5283082431385080E+00
5.2652652652652651E+07	1.5283529113375622E+00
5.2752752752752751E+07	1.5283981941922062E+00
5.2852852852852851E+07	1.5284404404469405E+00
5.2952952952952951E+07	1.5284888615287378E+00
5.3053053053053051E+07	1.5285345459733723E+00
5.3153153153153151E+07	1.5285834469337045E+00
5.3253253253253251E+07	1.5286288435935496E+00
5.3353353353353351E+07	1.5286725024778807E+00
5.3453453453453451E+07	1.5287231469896110E+00
5.3553553553553551E+07	1.5287702977530258E+00
5.3653653653653651E+07	1.5288132945939250E+00
5.3753753753753752E+07	1.5288650892909790E+00
5.3853853853853852E+07	1.5289118442479663E+00
5.3953953953953952E+07	1.5289605811376619E+00
5.4054054054054052E+07	1.5290079470301825E+00
5.4154154154154152E+07	1.5290545516173260E+00
5.4254254254254252E+07	1.5291048778920033E+00
5.4354354354354352E+07	1.5291548595815432E+00
5.4454454454454452E+07	1.5292056885999479E+00
5.4554554554554552E+07	1.5292531244783638E+00
5.4654654654654652E+07	1.5293068823832547E+00
5.4754754754754752E+07	1.5293454310508146E+00
5.4854854854854852E+07	1.5294060416348707E+00
5.4954954954954952E+07	1.5294525827279573E+00
5.5055055055055052E+07	1.5295045777831662E+00
5.5155155155155152E+07	1.5295550583842912E+00
5.5255255255255252E+07	1.5296065055179771E+00
5.5355355355355352E+07	1.5296596269912586E+00
5.5455455455455452E+07	1.5297100011732392E+00
5.5555555555555552E+07	1.5297633752019899E+00
5.5655655655655652E+07	1.5298116606578589E+00
5.5755755755755752E+07	1.5298570036484802E+00
5.5855855855855852E+07	1.5299147300576221E+00
5.5955955955955952E+07	1.5299667662627765E+00
5.6056056056056052E+07	1.5300188147191340E+00
5.6156156156156152E+07	1.5300696114347747E+00
5.6256256256256253E+07	1.5301228407237513E+00
5.6356356356356353E+07	1.5301745573947136E+00
5.6456456456456453E+07	1.5302275593954751E+00
5.6556556556556553E+07	1.5302816006317996E+00
5.6656656656656653E+07	1.5303214211905847E+00
5.6756756756756753E+07	1.5303879220080510E+00
5.6856856856856853E+07	1.5304404303257739E+00
5.6956956956956953E+07	1.5304955237109947E+00
5.7057057057057053E+07	1.5305465323949015E+00
5.7157157157157153E+07	1.5306008924628676E+00
5.7257257257257253E+07	1.5306538057002530E+00
5.7357357357357353E+07	1.5307108422933509E+00
5.7457457457457453E+07	1.5307650493763458E+00
5.7557557557557553E+07	1.5308217156406574E+00
5.7657657657657653E+07	1.5308764439464451E+00
5.7757757757757761E+07	1.5309243448192209E+00
5.7857857857857861E+07	1.5309863221065250E+00
5.7957957957957961E+07	1.5310432388162589E+00
5.8058058058058061E+07	1.5311014534149718E+00
5.8158158158158161E+07	1.5311499409978322E+00
5.8258258258258261E+07	1.5312155101408169E+00
5.8358358358358361E+07	1.5312774490200678E+00
5.8458458458458461E+07	1.5313354866949820E+00
5.8558558558558561E+07	1.5314068828861984E+00
5.8658658658658661E+07	1.5314663217637778E+00
5.8758758758758761E+07	1.5315411681121822E+00
5.8858858858858861E+07	1.5316032783954063E+00
5.8958958958958961E+07	1.5316793463976526E+00
5.9059059059059061E+07	1.5317466807315925E+00
5.9159159159159161E+07	1.5318155421003832E+00
5.9259259259259261E+07	1.5318807460169295E+00
5.9359359359359361E+07	1.5319394917969735E+00
5.9459459459459461E+07	1.5319938533272557E+00
5.9559559559559561E+07	1.5320408305704265E+00
5.9659659659659661E+07	1.5321060245331357E+00
5.9759759759759761E+07	1.5321582984436422E+00
5.9859859859859861E+07	1.5322207471275853E+00
5.9959959959959961E+07	1.5322838835894297E+00
6.0060060060060062E+07	1.5323414147212917E+00
6.0160160160160162E+07	1.5323980090984974E+00
6.0260260260260262E+07	1.5324597798265538E+00
6.0360360360360362E+07	1.5325282529773856E+00
6.0460460460460462E+07	1.5325950901334471E+00
6.0560560560560562E+07	1.5326629168109627E+00
6.0660660660660662E+07	1.5327221022834119E+00
6.0760760760760762E+07	1.5327799357254781E+00
6.0860860860860862E+07	1.5328561084915973E+00
6.0960960960960962E+07	1.5329149868917147E+00
6.1061061061061062E+07	1.5329778862493382E+00
6.1161161161161162E+07	1.5330353961654932E+00
6.1261261261261262E+07	1.5330944925014398E+00
6.1361361361361362E+07	1.5331528341524046E+00
6.1461461461461462E+07	1.5332199969078297E+00
6.1561561561561562E+07	1.5332697787522258E+00
6.1661661661661662E+07	1.5333374176580028E+00
6.1761761761761762E+07	1.5334022814564057E+00
6.1861861861861862E+07	1.5334658838696478E+00
6.1961961961961962E+07	1.5335254387097150E+00
6.2062062062062062E+07	1.5335783925655073E+00
6.2162162162162162E+07	1.5336521871444919E+00
6.2262262262262262E+07	1.5337163427826914E+00
6.2362362362362362E+07	1.5337777365847098E+00
6.2462462462462462E+07	1.5338475238937275E+00
6.2562562562562563E+07	1.5339115735808369E+00
6.2662662662662663E+07	1.5339757348131791E+00
6.2762762762762763E+07	1.5340379226887768E+00
6.2862862862862863E+07	1.5341070975112461E+00
6.2962962962962963E+07	1.5341742269511289E+00
6.3063063063063063E+07	1.5342388302821026E+00
6.3163163163163163E+07	1.5343043663526899E+00
6.3263263263263263E+07	1.5343691021037917E+00
6.3363363363363363E+07	1.5344387942779170E+00
6.3463463463463463E+07	1.5345065687685331E+00
6.3563563563563563E+07	1.5345780806704405E+00
6.3663663663663663E+07	1.5346521655383303E+00
6.3763763763763763E+07	1.5347092642171936E+00
6.3863863863863863E+07	1.5347863662210428E+00
6.3963963963963963E+07	1.5348518275456373E+00
6.4064064064064063E+07	1.5349317053733489E+00
6.4164164164164163E+07	1.5349985350583841E+00
6.4264264264264263E+07	1.5350727949724192E+00
6.4364364364364363E+07	1.5351372453618621E+00
6.4464464464464463E+07	1.5352105064511534E+00
6.4564564564564563E+07	1.5352810660803038E+00
6.4664664664664663E+07	1.5353580038389807E+00
6.4764764764764763E+07	1.5354268447475041E+00
6.4864864864864863E+07	1.5355032396821695E+00
6.4964964964964963E+07	1.5355711452960970E+00
6.5065065065065064E+07	1.5356334810187484E+00
6.5165165165165164E+07	1.5357110969086711E+00
6.5265265265265264E+07	1.5357948246845101E+00
6.5365365365365364E+07	1.5358717618790640E+00
6.5465465465465464E+07	1.5359469685627800E+00
6.5565565565565564E+07	1.5360275758668418E+00
6.5665665665665664E+07	1.5360990291227274E+00
6.5765765765765764E+07	1.5361775415719976E+00
6.5865865865865864E+07	1.5362582731056837E+00
6.5965965965965964E+07	1.5363371542599509E+00
6.6066066066066064E+07	1.5364154532426413E+00
6.6166166166166164E+07	1.5364917186494522E+00
6.6266266266266264E+07	1.5365701071574875E+00
6.6366366366366364E+07	1.5366515179482494E+00
6.6466466466466464E+07	1.5367304196677822E+00
6.6566566566566564E+07	1.5368104258449944E+00
6.6666666666666664E+07	1.5368830098529891E+00
6.6766766766766764E+07	1.5369567080403315E+00
6.6866866866866864E+07	1.5370528547645737E+00
6.6966966966966964E+07	1.5371292162946153E+00
6.7067067067067064E+07	1.5372142223508751E+00
6.7167167167167172E+07	1.5372930873326816E+00
6.7267267267267272E+07	1.5373676790395303E+00
6.7367367367367372E+07	1.5374591509657498E+00
6.7467467467467472E+07	1.5375472152582013E+00
6.7567567567567572E+07	1.5376324626792350E+00
6.7667667667667672E+07	1.5377153432412627E+00
6.7767767767767772E+07	1.5378035125714766E+00
6.7867867867867872E+07	1.5378888255772514E+00
6.7967967967967972E+07	1.5379759929790331E+00
6.8068068068068072E+07	1.5380581572922325E+00
6.8168168168168172E+07	1.5381402840913392E+00
6.8268268268268272E+07	1.5382397934929015E+00
6.8368368368368372E+07	1.5383292150636321E+00
6.8468468468468472E+07	1.5384225414292252E+00
6.8568568568568572E+07	1.5385095654979302E+00
6.8668668668668672E+07	1.5386208051090040E+00
6.8768768768768772E+07	1.5387225376433102E+00
6.8868868868868873E+07	1.5388220631999885E+00
6.8968968968968973E+07	1.5389166248069266E+00
6.9069069069069073E+07	1.5390147274421679E+00
6.9169169169169173E+07	1.5391110902813812E+00
6.9269269269269273E+07	1.5391976617983241E+00
6.9369369369369373E+07	1.5392971788124068E+00
6.9469469469469473E+07	1.5393974621223985E+00
6.9569569569569573E+07	1.5394950578965598E+00
6.9669669669669673E+07	1.5396075669258411E+00
6.9769769769769773E+07	1.5397122702456068E+00
6.9869869869869873E+07	1.5398244693467178E+00
6.9969969969969973E+07	1.5399278649322214E+00
7.0070070070070073E+07	1.5400263158063381E+00
7.0170170170170173E+07	1.5401455633693346E+00
7.0270270270270273E+07	1.5402604803252766E+00
7.0370370370370373E+07	1.5403770980721081E+00
7.0470470470470473E+07	1.5404952033474142E+00
7.0570570570570573E+07	1.5406012562019813E+00
7.0670670670670673E+07	1.5407014860143113E+00
7.0770770770770773E+07	1.5407964258679470E+00
7.0870870870870873E+07	1.5409157181389732E+00
7.0970970970970973E+07	1.5410295514103223E+00
7.1071071071071073E+07	1.5411514464929963E+00
7.1171171171171173E+07	1.5412685584437673E+00
7.1271271271271273E+07	1.5413656360888661E+00
7.1371371371371374E+07	1.5414880633414207E+00
7.1471471471471474E+07	1.5415874673536438E+00
7.1571571571571574E+07	1.5416995100040545E+00
7.1671671671671674E+07	1.5418057568012127E+00
7.1771771771771774E+07	1.5419256323212276E+00
7.1871871871871874E+07	1.5420375797370462E+00
7.1971971971971974E+07	1.5421525985884552E+00
7.2072072072072074E+07	1.5422579949063517E+00
7.2172172172172174E+07	1.5423730803895379E+00
7.2272272272272274E+07	1.5424881023057766E+00
7.2372372372372374E+07	1.5426132650382360E+00
7.2472472472472474E+07	1.5427365685917267E+00
7.2572572572572574E+07	1.5428550635526004E+00
7.2672672672672674E+07	1.5429720770886997E+00
7.2772772772772774E+07	1.5430892467453907E+00
7.2872872872872874E+07	1.5432029298187881E+00
7.2972972972972974E+07	1.5433285339831173E+00
7.3073073073073074E+07	1.5434373623644351E+00
7.3173173173173174E+07	1.5435622968240672E+00
7.3273273273273274E+07	1.5436976963592206E+00
7.3373373373373374E+07	1.5438118809099011E+00
7.3473473473473474E+07	1.5439473834122652E+00
7.3573573573573574E+07	1.5440690954623357E+00
7.3673673673673674E+07	1.5442002310846201E+00
7.3773773773773775E+07	1.5443354714036741E+00
7.3873873873873875E+07	1.5444661895716627E+00
7.3973973973973975E+07	1.5446057706831846E+00
7.4074074074074075E+07	1.5447391946808855E+00
7.4174174174174175E+07	1.5448601066669252E+00
7.4274274274274275E+07	1.5450014942518473E+00
7.4374374374374375E+07	1.5451336868552596E+00
7.4474474474474475E+07	1.5452734813516060E+00
7.4574574574574575E+07	1.5453990884313571E+00
7.4674674674674675E+07	1.5455490828523859E+00
7.4774774774774775E+07	1.5456812321355471E+00
7.4874874874874875E+07	1.5458301956810190E+00
7.4974974974974975E+07	1.5459729310832477E+00
7.5075075075075075E+07	1.5461006517620326E+00
7.5175175175175175E+07	1.5462514077601950E+00
7.5275275275275275E+07	1.5463992898769499E+00
7.5375375375375375E+07	1.5465513658987042E+00
7.5475475475475475E+07	1.5466982820547774E+00
7.5575575575575575E+07	1.5468459587427184E+00
7.5675675675675675E+07	1.5469941070168023E+00
7.5775775775775775E+07	1.5471451214259542E+00
7.5875875875875875E+07	1.5473024324201616E+00
7.5975975975975975E+07	1.5474536573243518E+00
7.6076076076076075E+07	1.5476082235187472E+00
7.6176176176176175E+07	1.5477696163540264E+00
7.6276276276276276E+07	1.5479362927094913E+00
7.6376376376376376E+07	1.5480987955558096E+00
7.6476476476476476E+07	1.5482664251910270E+00
7.6576576576576576E+07	1.5484302241547681E+00
7.6676676676676676E+07	1.5485932043917348E+00
7.6776776776776776E+07	1.5487568648541952E+00
7.6876876876876876E+07	1.5489163590197619E+00
7.6976976976976976E+07	1.5490932721109738E+00
7.7077077077077076E+07	1.5492501204859910E+00
7.7177177177177176E+07	1.5494400004715834E+00
7.7277277277277276E+07	1.5496108000944036E+00
7.7377377377377376E+07	1.5497836005330625E+00
7.7477477477477476E+07	1.5499498264278913E+00
7.7577577577577576E+07	1.5501218150595706E+00
7.7677677677677676E+07	1.5503180540707377E+00
7.7777777777777776E+07	1.5504971964567085E+00
7.7877877877877876E+07	1.5506895220599841E+00
7.7977977977977976E+07	1.5508885155920340E+00
7.8078078078078076E+07	1.5510750831942450E+00
7.8178178178178176E+07	1.5512524529955833E+00
7.8278278278278276E+07	1.5514536337626352E+00
7.8378378378378376E+07	1.5516438585066692E+00
7.8478478478478476E+07	1.5518359099731656E+00
7.8578578578578576E+07	1.5520226268528945E+00
7.8678678678678676E+07	1.5522328343155463E+00
7.8778778778778777E+07	1.5524342406813605E+00
7.8878878878878877E+07	1.5526311584149277E+00
7.8978978978978977E+07	1.5528431438788233E+00
7.9079079079079077E+07	1.5530482248562829E+00
7.9179179179179177E+07	1.5532587631060493E+00
7.9279279279279277E+07	1.5534749458826431E+00
7.9379379379379377E+07	1.5536831952642909E+00
7.9479479479479477E+07	1.5538960635908796E+00
7.9579579579579577E+07	1.5541088346900853E+00
7.9679679679679677E+07	1.5543208294264708E+00
7.9779779779779777E+07	1.5545393544830810E+00
7.9879879879879877E+07	1.5547578855653521E+00
7.9979979979979977E+07	1.5549909793533769E+00
8.0080080080080077E+07	1.5552137613157955E+00
8.0180180180180177E+07	1.5554435287760660E+00
8.0280280280280277E+07	1.5556695565284189E+00
8.0380380380380377E+07	1.5558887292431842E+00
8.0480480480480477E+07	1.5561321343622756E+00
8.0580580580580577E+07	1.5563724986593093E+00
8.0680680680680677E+07	1.5566215462185591E+00
8.0780780780780777E+07	1.5568613813963557E+00
8.0880880880880877E+07	1.5571201826127512E+00
8.0980980980980977E+07	1.5573657729015198E+00
8.1081081081081077E+07	1.5576105880792548E+00
8.1181181181181177E+07	1.5578676370044486E+00
8.1281281281281278E+07	1.5581234130541546E+00
8.1381381381381378E+07	1.5583881762046570E+00
8.1481481481481478E+07	1.5586507464112649E+00
8.1581581581581578E+07	1.5589143208546057E+00
8.1681681681681678E+07	1.5591909970675446E+00
8.1781781781781778E+07	1.5594611025606107E+00
8.1881881881881878E+07	1.5597337387531505E+00
8.1981981981981978E+07	1.5600219649599683E+00
8.2082082082082078E+07	1.5603027469413706E+00
8.2182182182182178E+07	1.5605934829328669E+00
8.2282282282282278E+07	1.5608828859734367E+00
8.2382382382382378E+07	1.5611810639298611E+00
8.2482482482482478E+07	1.5614790802675369E+00
8.2582582582582578E+07	1.5617724464314025E+00
8.2682682682682678E+07	1.5620801203324000E+00
8.2782782782782778E+07	1.5623864236526130E+00
8.2882882882882878E+07	1.5627039376284855E+00
8.2982982982982978E+07	1.5630127042653619E+00
8.3083083083083078E+07	1.5633261431746155E+00
8.3183183183183178E+07	1.5636599883997675E+00
8.3283283283283278E+07	1.5639877572515402E+00
8.3383383383383378E+07	1.5643157527653173E+00
8.3483483483483478E+07	1.5646438908648437E+00
8.3583583583583578E+07	1.5649951112371800E+00
8.3683683683683679E+07	1.5653425660257994E+00
8.3783783783783779E+07	1.5656917656363938E+00
8.3883883883883879E+07	1.5660444082021410E+00
8.3983983983983979E+07	1.5663981304995744E+00
8.4084084084084079E+07	1.5667720672977203E+00
8.4184184184184179E+07	1.5671393964462146E+00
8.4284284284284279E+07	1.5675120123543373E+00
8.4384384384384379E+07	1.5678843923287160E+00
8.4484484484484479E+07	1.5682838006914879E+00
8.4584584584584579E+07	1.5686690677419004E+00
8.4684684684684679E+07	1.5690676510552912E+00
8.4784784784784779E+07	1.5694667437516123E+00
8.4884884884884879E+07	1.5698649449752402E+00
8.4984984984984979E+07	1.5702772505283102E+00
8.5085085085085079E+07	1.5706901361218129E+00
8.5185185185185179E+07	1.5711281434323763E+00
8.5285285285285279E+07	1.5715647348745843E+00
8.5385385385385379E+07	1.5719798700499261E+00
8.5485485485485479E+07	1.5724401312748735E+00
8.5585585585585579E+07	1.5728855487922278E+00
8.5685685685685679E+07	1.5733412967584322E+00
8.5785785785785779E+07	1.5738011156569927E+00
8.5885885885885879E+07	1.5742713943407978E+00
8.5985985985985979E+07	1.5747482086906417E+00
8.6086086086086079E+07	1.5752340663099933E+00
8.6186186186186180E+07	1.5757343774011616E+00
8.6286286286286280E+07	1.5762463584469308E+00
8.6386386386386380E+07	1.5767658200196997E+00
8.6486486486486480E+07	1.5772981095172554E+00
8.6586586586586580E+07	1.5778322230843056E+00
8.6686686686686680E+07	1.5783804945883921E+00
8.6786786786786780E+07	1.5789358515851790E+00
8.6886886886886880E+07	1.5794880824624959E+00
8.6986986986986980E+07	1.5800565829911795E+00
8.7087087087087080E+07	1.5806224308273495E+00
8.7187187187187180E+07	1.5811972634981279E+00
8.7287287287287280E+07	1.5817829813495439E+00
8.7387387387387380E+07	1.5823776787034793E+00
8.7487487487487480E+07	1.5829778361272633E+00
8.7587587587587580E+07	1.5835967114318594E+00
8.7687687687687680E+07	1.5842256915080484E+00
8.7787787787787780E+07	1.5848628211198559E+00
8.7887887887887880E+07	1.5854869402584211E+00
8.7987987987987980E+07	1.5861535814132768E+00
8.8088088088088080E+07	1.5868128826894214E+00
8.8188188188188180E+07	1.5874899086573271E+00
8.8288288288288280E+07	1.5881757636380087E+00
8.8388388388388380E+07	1.5888727869598775E+00
8.8488488488488480E+07	1.5895944820390406E+00
8.8588588588588580E+07	1.5903111602620936E+00
8.8688688688688681E+07	1.5910448104270298E+00
8.8788788788788781E+07	1.5918030797155223E+00
8.8888888888888881E+07	1.5925686331348088E+00
8.8988988988988981E+07	1.5933568816344716E+00
8.9089089089089081E+07	1.5941500332312739E+00
8.9189189189189181E+07	1.5949647753621141E+00
8.9289289289289281E+07	1.5958040025346736E+00
8.9389389389389381E+07	1.5966420714122345E+00
8.9489489489489481E+07	1.5974948206924167E+00
8.9589589589589581E+07	1.5983473405083657E+00
8.9689689689689696E+07	1.5992538145769291E+00
8.9789789789789796E+07	1.6001553212712252E+00
8.9889889889889896E+07	1.6010700379280041E+00
8.9989989989989996E+07	1.6019950020247893E+00
9.0090090090090096E+07	1.6029522324158365E+00
9.0190190190190196E+07	1.6039254577328566E+00
9.0290290290290296E+07	1.6049272712709448E+00
9.0390390390390396E+07	1.6059253078846289E+00
9.0490490490490496E+07	1.6069526014011273E+00
9.0590590590590596E+07	1.6080232418940554E+00
9.0690690690690696E+07	1.6091025351907533E+00
9.0790790790790796E+07	1.6102192367176735E+00
9.0890890890890896E+07	1.6113310528167728E+00
9.0990990990990996E+07	1.6124811117087590E+00
9.1091091091091096E+07	1.6136522557042103E+00
9.1191191191191196E+07	1.6148043194081803E+00
9.1291291291291296E+07	1.6159653346881191E+00
9.1391391391391397E+07	1.6171680773423172E+00
9.1491491491491497E+07	1.6184330495488131E+00
9.1591591591591597E+07	1.6196722151111882E+00
9.1691691691691697E+07	1.6210027570375483E+00
9.1791791791791797E+07	1.6223451434247735E+00
9.1891891891891897E+07	1.6237233569312064E+00
9.1991991991991997E+07	1.6251174599239682E+00
9.2092092092092097E+07	1.6265588840262148E+00
9.2192192192192197E+07	1.6280278331462164E+00
9.2292292292292297E+07	1.6295989789296816E+00
9.2392392392392397E+07	1.6312061817952996E+00
9.2492492492492497E+07	1.6327912308989048E+00
9.2592592592592597E+07	1.6344321091316325E+00
9.2692692692692697E+07	1.6360964719543143E+00
9.2792792792792797E+07	1.6378412258844690E+00
9.2892892892892897E+07	1.6396108753057197E+00
9.2992992992992997E+07	1.6414064829294237E+00
9.3093093093093097E+07	1.6433097738458236E+00
9.3193193193193197E+07	1.6453213549720191E+00
9.3293293293293297E+07	1.6472933824907352E+00
9.3393393393393397E+07	1.6493907009971311E+00
9.3493493493493497E+07	1.6515352357864270E+00
9.3593593593593597E+07	1.6536925326816108E+00
9.3693693693693697E+07	1.6559426765727834E+00
9.3793793793793797E+07	1.6582627334061795E+00
9.3893893893893898E+07	1.6607078487104479E+00
9.3993993993993998E+07	1.6632580729767885E+00
9.4094094094094098E+07	1.6656949251767761E+00
9.4194194194194198E+07	1.6682427354565303E+00
9.4294294294294298E+07	1.6710244854183678E+00
9.4394394394394398E+07	1.6737517536110791E+00
9.4494494494494498E+07	1.6767166638555697E+00
9.4594594594594598E+07	1.6796927127676000E+00
9.4694694694694698E+07	1.6827974818145788E+00
9.4794794794794798E+07	1.6859834680330130E+00
9.4894894894894898E+07	1.6893590590738068E+00
9.4994994994994998E+07	1.6929988209993085E+00
9.5095095095095098E+07	1.6964341603982847E+00
9.5195195195195198E+07	1.7002112109125613E+00
9.5295295295295298E+07	1.7039489038234079E+00
9.5395395395395398E+07	1.7080059505790237E+00
9.5495495495495498E+07	1.7121847555894789E+00
9.5595595595595598E+07	1.7165744291553866E+00
9.5695695695695698E+07	1.7211113291817552E+00
9.5795795795795798E+07	1.7260031057368226E+00
9.5895895895895898E+07	1.7311888586107678E+00
9.5995995995995998E+07	1.7366627887222990E+00
9.6096096096096098E+07	1.7418888039844405E+00
9.6196196196196198E+07	1.7474245259158312E+00
9.6296296296296299E+07	1.7534851609312752E+00
9.6396396396396399E+07	1.7598006668673325E+00
9.6496496496496499E+07	1.7662936212025500E+00
9.6596596596596599E+07	1.7732778068142478E+00
9.6696696696696699E+07	1.7807405815813298E+00
9.6796796796796799E+07	1.7884421412146827E+00
9.6896896896896899E+07	1.7964995610037859E+00
9.6996996996996999E+07	1.8053237845155088E+00
9.7097097097097099E+07	1.8148891029347256E+00
9.7197197197197199E+07	1.8242192988489681E+00
9.7297297297297299E+07	1.8337149468559479E+00
9.7397397397397399E+07	1.8445433547757240E+00
9.7497497497497499E+07	1.8565095848259856E+00
9.7597597597597599E+07	1.8682244080861050E+00
9.7697697697697699E+07	1.8814559660127441E+00
9.7797797797797799E+07	1.8948911596612681E+00
9.7897897897897899E+07	1.9100528842067923E+00
9.7997997997997999E+07	1.9244238581604336E+00
9.8098098098098099E+07	1.9402601647841646E+00
9.8198198198198199E+07	1.9609270456876324E+00
9.8298298298298299E+07	1.9784622594324099E+00
9.8398398398398399E+07	1.9959838354471198E+00
9.8498498498498499E+07	2.0153782322291676E+00
9.8598598598598599E+07	2.0377208363614447E+00
9.8698698698698699E+07	2.0643313962111840E+00
9.8798798798798800E+07	2.0964035800911853E+00
9.8898898898898900E+07	2.1301925455319082E+00
9.8998998998999000E+07	2.1650019684215773E+00
9.9099099099099100E+07	2.2099839190695585E+00
9.9199199199199200E+07	2.2537891418919234E+00
9.9299299299299300E+07	2.3108721112396826E+00
9.9399399399399400E+07	2.3743073141906419E+00
9.9499499499499500E+07	2.4363380758647923E+00
9.9599599599599600E+07	2.5167734254928007E+00
9.9699699699699700E+07	2.6099667732051071E+00
9.9799799799799800E+07	2.6108817452096540E+00
9.9899899899899900E+07	2.6112652038816822E+00
1.0000000000000000E+08	2.6115288566983157E+00
