1.0857731103897095E-03	3.6074218750000000E+01
6.7547552287578583E-02	3.6074218750000000E+01
1.3327955454587936E-01	3.6074218750000000E+01
1.9899029284715652E-01	3.6074218750000000E+01
2.6470687985420227E-01	3.6074218750000000E+01
3.3039911091327667E-01	3.6074218750000000E+01
3.9608250558376312E-01	3.6074218750000000E+01
4.6178864687681198E-01	3.6074218750000000E+01
5.2749125659465790E-01	3.6074218750000000E+01
5.9385227411985397E-01	3.6257812500000000E+01
6.6018608212471008E-01	3.6257812500000000E+01
7.2595261037349701E-01	3.6257812500000000E+01
7.9227863252162933E-01	3.6257812500000000E+01
8.5889388620853424E-01	3.6257812500000000E+01
9.2532915621995926E-01	3.6257812500000000E+01
9.9187453091144562E-01	3.6257812500000000E+01
1.0583976879715919E+00	3.6257812500000000E+01
1.1247968450188637E+00	3.6257812500000000E+01
1.1912165060639381E+00	3.6257812500000000E+01
1.2576133608818054E+00	3.6257812500000000E+01
1.3241388201713562E+00	3.6257812500000000E+01
1.3906360417604446E+00	3.6257812500000000E+01
1.4572026729583740E+00	3.6257812500000000E+01
1.5236098393797874E+00	3.6257812500000000E+01
1.5901088491082191E+00	3.6257812500000000E+01
1.6559597402811050E+00	3.6257812500000000E+01
1.7216380238533020E+00	3.6257812500000000E+01
1.7873458042740822E+00	3.6257812500000000E+01
1.8530372008681297E+00	3.6257812500000000E+01
1.9194182753562927E+00	3.6257812500000000E+01
1.9851540327072144E+00	3.6257812500000000E+01
2.0508743599057198E+00	3.6257812500000000E+01
2.1165685728192329E+00	3.6257812500000000E+01
2.1827257052063942E+00	3.6257812500000000E+01
2.2486698403954506E+00	3.6257812500000000E+01
2.3143920972943306E+00	3.6257812500000000E+01
2.3801323920488358E+00	3.6257812500000000E+01
2.4458134323358536E+00	3.6257812500000000E+01
2.5115088596940041E+00	3.6257812500000000E+01
2.5784638375043869E+00	3.6269531250000000E+01
2.6443035155534744E+00	3.6269531250000000E+01
2.7100440561771393E+00	3.6269531250000000E+01
2.7757538333535194E+00	3.6269531250000000E+01
2.8414680585265160E+00	3.6269531250000000E+01
2.9072095453739166E+00	3.6269531250000000E+01
2.9729995131492615E+00	3.6269531250000000E+01
3.0387034788727760E+00	3.6269531250000000E+01
3.1044138818979263E+00	3.6269531250000000E+01
3.1701372265815735E+00	3.6269531250000000E+01
3.2365421652793884E+00	3.6269531250000000E+01
3.3022766932845116E+00	3.6269531250000000E+01
3.3679624050855637E+00	3.6269531250000000E+01
3.4336702749133110E+00	3.6269531250000000E+01
3.4993952959775925E+00	3.6269531250000000E+01
3.5650986731052399E+00	3.6269531250000000E+01
3.6308202743530273E+00	3.6269531250000000E+01
3.6965216025710106E+00	3.6269531250000000E+01
3.7622554153203964E+00	3.6269531250000000E+01
3.8280345201492310E+00	3.6269531250000000E+01
3.8937596157193184E+00	3.6269531250000000E+01
3.9594704955816269E+00	3.6269531250000000E+01
4.0251581668853760E+00	3.6269531250000000E+01
4.0908936858177185E+00	3.6269531250000000E+01
4.1565788015723228E+00	3.6269531250000000E+01
4.2223037853837013E+00	3.6269531250000000E+01
4.2880150079727173E+00	3.6269531250000000E+01
4.3537998199462891E+00	3.6269531250000000E+01
4.4195426255464554E+00	3.6269531250000000E+01
4.4852455407381058E+00	3.6269531250000000E+01
4.5509507656097412E+00	3.6269531250000000E+01
4.6166801452636719E+00	3.6269531250000000E+01
4.6824289336800575E+00	3.6269531250000000E+01
4.7481354773044586E+00	3.6269531250000000E+01
4.8138828724622726E+00	3.6269531250000000E+01
4.8795884028077126E+00	3.6269531250000000E+01
4.9456979110836983E+00	3.6269531250000000E+01
5.0114531740546227E+00	3.6269531250000000E+01
5.0771472975611687E+00	3.6269531250000000E+01
5.1428593620657921E+00	3.6269531250000000E+01
5.2091011479496956E+00	3.6269531250000000E+01
5.2748122811317444E+00	3.6269531250000000E+01
5.3405168503522873E+00	3.6269531250000000E+01
5.4066154062747955E+00	3.6269531250000000E+01
5.4723414257168770E+00	3.6269531250000000E+01
5.5381136015057564E+00	3.6269531250000000E+01
5.6038065999746323E+00	3.6269531250000000E+01
5.6699113249778748E+00	3.6269531250000000E+01
5.7356555908918381E+00	3.6269531250000000E+01
5.8013714030385017E+00	3.6269531250000000E+01
5.8670928850769997E+00	3.6269531250000000E+01
5.9332170486450195E+00	3.6273437500000000E+01
5.9990673884749413E+00	3.6273437500000000E+01
6.0647495761513710E+00	3.6273437500000000E+01
6.1308821961283684E+00	3.6273437500000000E+01
6.1965975537896156E+00	3.6273437500000000E+01
6.2623280361294746E+00	3.6273437500000000E+01
6.3280733302235603E+00	3.6273437500000000E+01
6.3937825635075569E+00	3.6273437500000000E+01
6.4598672017455101E+00	3.6273437500000000E+01
6.5256008431315422E+00	3.6273437500000000E+01
6.5913427621126175E+00	3.6273437500000000E+01
6.6576362177729607E+00	3.6273437500000000E+01
6.7233347520232201E+00	3.6273437500000000E+01
6.7890512049198151E+00	3.6273437500000000E+01
6.8548179194331169E+00	3.6273437500000000E+01
6.9205896481871605E+00	3.6273437500000000E+01
6.9863679632544518E+00	3.6273437500000000E+01
7.0521350428462029E+00	3.6273437500000000E+01
7.1178647577762604E+00	3.6273437500000000E+01
7.1835929155349731E+00	3.6273437500000000E+01
7.2493447661399841E+00	3.6273437500000000E+01
7.3150632604956627E+00	3.6273437500000000E+01
7.3808169737458229E+00	3.6273437500000000E+01
7.4471810683608055E+00	3.6273437500000000E+01
7.5129635035991669E+00	3.6273437500000000E+01
7.5787292271852493E+00	3.6273437500000000E+01
7.6444980204105377E+00	3.6273437500000000E+01
7.7108794823288918E+00	3.6273437500000000E+01
7.7766745090484619E+00	3.6273437500000000E+01
7.8423956856131554E+00	3.6273437500000000E+01
7.9081751704216003E+00	3.6273437500000000E+01
7.9739144816994667E+00	3.6273437500000000E+01
8.0395990312099457E+00	3.6273437500000000E+01
8.1053463593125343E+00	3.6273437500000000E+01
8.1711037680506706E+00	3.6273437500000000E+01
8.2368392124772072E+00	3.6273437500000000E+01
8.3025786504149437E+00	3.6273437500000000E+01
8.3683323711156845E+00	3.6273437500000000E+01
8.4344285652041435E+00	3.6273437500000000E+01
8.5006685629487038E+00	3.6273437500000000E+01
8.5665107369422913E+00	3.6273437500000000E+01
8.6322179511189461E+00	3.6273437500000000E+01
8.6979637145996094E+00	3.6273437500000000E+01
8.7637095227837563E+00	3.6273437500000000E+01
8.8294484540820122E+00	3.6273437500000000E+01
8.8955330178141594E+00	3.6273437500000000E+01
8.9613050669431686E+00	3.6273437500000000E+01
9.0276994854211807E+00	3.6273437500000000E+01
9.0934598371386528E+00	3.6273437500000000E+01
9.1591939479112625E+00	3.6273437500000000E+01
9.2249197140336037E+00	3.6273437500000000E+01
9.2909959033131599E+00	3.6273437500000000E+01
9.3567371889948845E+00	3.6273437500000000E+01
9.4224646613001823E+00	3.6273437500000000E+01
9.4888472333550453E+00	3.6273437500000000E+01
9.5545708909630775E+00	3.6273437500000000E+01
9.6202977597713470E+00	3.6273437500000000E+01
9.6865158230066299E+00	3.6273437500000000E+01
9.7526722922921181E+00	3.6273437500000000E+01
9.8183759078383446E+00	3.6273437500000000E+01
9.8840420767664909E+00	3.6273437500000000E+01
9.9498100355267525E+00	3.6273437500000000E+01
1.0016086898744106E+01	3.6273437500000000E+01
1.0083095617592335E+01	3.6273437500000000E+01
1.0149736396968365E+01	3.6273437500000000E+01
1.0216429211199284E+01	3.6273437500000000E+01
1.0283051125705242E+01	3.6273437500000000E+01
1.0350223936140537E+01	3.6273437500000000E+01
1.0416859112679958E+01	3.6273437500000000E+01
1.0483508728444576E+01	3.6273437500000000E+01
1.0550179578363895E+01	3.6273437500000000E+01
1.0616806983947754E+01	3.6273437500000000E+01
1.0683422960340977E+01	3.6273437500000000E+01
1.0750061132013798E+01	3.6273437500000000E+01
1.0816689476370811E+01	3.6273437500000000E+01
1.0883328899741173E+01	3.6273437500000000E+01
1.0949900589883327E+01	3.6273437500000000E+01
1.1016497589647770E+01	3.6273437500000000E+01
1.1083104498684406E+01	3.6273437500000000E+01
1.1149726085364819E+01	3.6273437500000000E+01
1.1216347999870777E+01	3.6273437500000000E+01
1.1282948188483715E+01	3.6273437500000000E+01
1.1350212290883064E+01	3.6273437500000000E+01
1.1416800752282143E+01	3.6273437500000000E+01
1.1483400784432888E+01	3.6273437500000000E+01
1.1550014063715935E+01	3.6273437500000000E+01
1.1617193199694157E+01	3.6273437500000000E+01
1.1683779954910278E+01	3.6273437500000000E+01
1.1750803299248219E+01	3.6273437500000000E+01
1.1817576177418232E+01	3.6273437500000000E+01
1.1884206593036652E+01	3.6273437500000000E+01
1.1950821295380592E+01	3.6273437500000000E+01
1.2017386630177498E+01	3.6273437500000000E+01
1.2083970390260220E+01	3.6273437500000000E+01
1.2151234880089760E+01	3.6273437500000000E+01
1.2217808336019516E+01	3.6273437500000000E+01
1.2284514777362347E+01	3.6273437500000000E+01
1.2351098731160164E+01	3.6273437500000000E+01
1.2417651869356632E+01	3.6273437500000000E+01
1.2485122114419937E+01	3.6273437500000000E+01
1.2551763951778412E+01	3.6273437500000000E+01
1.2618420973420143E+01	3.6273437500000000E+01
1.2685050882399082E+01	3.6273437500000000E+01
1.2751689851284027E+01	3.6273437500000000E+01
1.2818335123360157E+01	3.6273437500000000E+01
1.2884998649358749E+01	3.6273437500000000E+01
1.2952115647494793E+01	3.6273437500000000E+01
1.3018771037459373E+01	3.6273437500000000E+01
1.3085417874157429E+01	3.6273437500000000E+01
1.3152472920715809E+01	3.6273437500000000E+01
1.3219100572168827E+01	3.6273437500000000E+01
1.3285738468170166E+01	3.6273437500000000E+01
1.3352355249226093E+01	3.6273437500000000E+01
1.3419399552047253E+01	3.6273437500000000E+01
1.3486030317842960E+01	3.6273437500000000E+01
1.3552665673196316E+01	3.6273437500000000E+01
1.3619341097772121E+01	3.6273437500000000E+01
1.3685950122773647E+01	3.6273437500000000E+01
1.3752562806010246E+01	3.6273437500000000E+01
1.3819205321371555E+01	3.6273437500000000E+01
1.3886236667633057E+01	3.6273437500000000E+01
1.3952885664999485E+01	3.6273437500000000E+01
1.4019494928419590E+01	3.6273437500000000E+01
1.4086080193519592E+01	3.6273437500000000E+01
1.4153153084218502E+01	3.6273437500000000E+01
1.4219736874103546E+01	3.6273437500000000E+01
1.4286917552351952E+01	3.6273437500000000E+01
1.4353516548871994E+01	3.6273437500000000E+01
1.4420410729944706E+01	3.6273437500000000E+01
1.4486988365650177E+01	3.6273437500000000E+01
1.4553559236228466E+01	3.6273437500000000E+01
1.4620167858898640E+01	3.6273437500000000E+01
1.4686775729060173E+01	3.6273437500000000E+01
1.4753401212394238E+01	3.6273437500000000E+01
1.4819991603493690E+01	3.6273437500000000E+01
1.4886782646179199E+01	3.6273437500000000E+01
1.4953397080302238E+01	3.6273437500000000E+01
1.5019970208406448E+01	3.6273437500000000E+01
1.5086578980088234E+01	3.6273437500000000E+01
1.5153192415833473E+01	3.6273437500000000E+01
1.5219865337014198E+01	3.6273437500000000E+01
1.5286950476467609E+01	3.6273437500000000E+01
1.5353592380881310E+01	3.6273437500000000E+01
1.5420233711600304E+01	3.6273437500000000E+01
1.5487539127469063E+01	3.6273437500000000E+01
1.5554134920239449E+01	3.6273437500000000E+01
1.5621393136680126E+01	3.6273437500000000E+01
1.5688581727445126E+01	3.6273437500000000E+01
1.5755227051675320E+01	3.6273437500000000E+01
1.5821835316717625E+01	3.6273437500000000E+01
1.5888449124991894E+01	3.6273437500000000E+01
1.5955080159008503E+01	3.6273437500000000E+01
1.6021724440157413E+01	3.6273437500000000E+01
1.6088784232735634E+01	3.6273437500000000E+01
1.6155399553477764E+01	3.6273437500000000E+01
1.6221986569464207E+01	3.6273437500000000E+01
1.6288577839732170E+01	3.6273437500000000E+01
1.6355187356472015E+01	3.6273437500000000E+01
1.6421871423721313E+01	3.6273437500000000E+01
1.6488505095243454E+01	3.6273437500000000E+01
1.6555643796920776E+01	3.6273437500000000E+01
1.6622320599853992E+01	3.6273437500000000E+01
1.6688987627625465E+01	3.6273437500000000E+01
1.6755675598978996E+01	3.6273437500000000E+01
1.6822657927870750E+01	3.6273437500000000E+01
1.6889336727559566E+01	3.6273437500000000E+01
1.6955980211496353E+01	3.6273437500000000E+01
1.7022646889090538E+01	3.6273437500000000E+01
1.7089519008994102E+01	3.6273437500000000E+01
1.7156195335090160E+01	3.6273437500000000E+01
1.7222906112670898E+01	3.6273437500000000E+01
1.7289614029228687E+01	3.6273437500000000E+01
1.7356316193938255E+01	3.6273437500000000E+01
1.7422976620495319E+01	3.6273437500000000E+01
1.7489636138081551E+01	3.6273437500000000E+01
1.7556505419313908E+01	3.6273437500000000E+01
1.7623192153871059E+01	3.6273437500000000E+01
1.7689875602722168E+01	3.6273437500000000E+01
1.7756615169346333E+01	3.6273437500000000E+01
1.7823306173086166E+01	3.6273437500000000E+01
1.7889961495995522E+01	3.6273437500000000E+01
1.7956650868058205E+01	3.6273437500000000E+01
1.8023476369678974E+01	3.6273437500000000E+01
1.8090553089976311E+01	3.6273437500000000E+01
1.8157244868576527E+01	3.6273437500000000E+01
1.8223962023854256E+01	3.6273437500000000E+01
1.8290674179792404E+01	3.6273437500000000E+01
1.8357372932136059E+01	3.6273437500000000E+01
1.8424690663814545E+01	3.6273437500000000E+01
1.8491810560226440E+01	3.6273437500000000E+01
1.8558505013585091E+01	3.6273437500000000E+01
1.8625873081386089E+01	3.6273437500000000E+01
1.8693353332579136E+01	3.6273437500000000E+01
1.8760782621800900E+01	3.6273437500000000E+01
1.8828231297433376E+01	3.6273437500000000E+01
1.8895675703883171E+01	3.6273437500000000E+01
1.8963132210075855E+01	3.6273437500000000E+01
1.9030600644648075E+01	3.6273437500000000E+01
1.9098166145384312E+01	3.6273437500000000E+01
1.9165569052100182E+01	3.6273437500000000E+01
1.9232941664755344E+01	3.6273437500000000E+01
1.9300482973456383E+01	3.6273437500000000E+01
1.9367607697844505E+01	3.6273437500000000E+01
1.9435055904090405E+01	3.6273437500000000E+01
1.9502464681863785E+01	3.6273437500000000E+01
1.9569690920412540E+01	3.6273437500000000E+01
1.9637011021375656E+01	3.6273437500000000E+01
1.9704470112919807E+01	3.6273437500000000E+01
1.9771729297935963E+01	3.6273437500000000E+01
1.9839206732809544E+01	3.6273437500000000E+01
1.9906780652701855E+01	3.6273437500000000E+01
1.9974288485944271E+01	3.6273437500000000E+01
2.0041712366044521E+01	3.6273437500000000E+01
2.0109256163239479E+01	3.6273437500000000E+01
2.0176756694912910E+01	3.6273437500000000E+01
2.0244278907775879E+01	3.6273437500000000E+01
2.0311077982187271E+01	3.6273437500000000E+01
2.0377802163362503E+01	3.6273437500000000E+01
2.0444488689303398E+01	3.6273437500000000E+01
2.0511152915656567E+01	3.6273437500000000E+01
2.0577854759991169E+01	3.6273437500000000E+01
2.0644569873809814E+01	3.6273437500000000E+01
2.0711285047233105E+01	3.6273437500000000E+01
2.0778515473008156E+01	3.6273437500000000E+01
2.0845230795443058E+01	3.6273437500000000E+01
2.0911914333701134E+01	3.6273437500000000E+01
2.0978623203933239E+01	3.6273437500000000E+01
2.1045348249375820E+01	3.6273437500000000E+01
2.1112457208335400E+01	3.6273437500000000E+01
2.1179156683385372E+01	3.6273437500000000E+01
2.1245878018438816E+01	3.6273437500000000E+01
2.1313042998313904E+01	3.6273437500000000E+01
2.1379783123731613E+01	3.6273437500000000E+01
2.1446496583521366E+01	3.6273437500000000E+01
2.1513217657804489E+01	3.6273437500000000E+01
2.1580905243754387E+01	3.6273437500000000E+01
2.1648021191358566E+01	3.6273437500000000E+01
2.1714735463261604E+01	3.6273437500000000E+01
2.1781658969819546E+01	3.6273437500000000E+01
2.1848377302289009E+01	3.6273437500000000E+01
2.1915087781846523E+01	3.6273437500000000E+01
2.1981807649135590E+01	3.6273437500000000E+01
2.2048492528498173E+01	3.6273437500000000E+01
2.2115153372287750E+01	3.6273437500000000E+01
2.2182394459843636E+01	3.6273437500000000E+01
2.2249119319021702E+01	3.6273437500000000E+01
2.2315877296030521E+01	3.6273437500000000E+01
2.2382596373558044E+01	3.6273437500000000E+01
2.2449341848492622E+01	3.6273437500000000E+01
2.2516050212085247E+01	3.6273437500000000E+01
2.2582747660577297E+01	3.6273437500000000E+01
2.2649454735219479E+01	3.6273437500000000E+01
2.2716189585626125E+01	3.6273437500000000E+01
2.2783244714140892E+01	3.6273437500000000E+01
2.2849982224404812E+01	3.6273437500000000E+01
2.2916812613606453E+01	3.6273437500000000E+01
2.2983520947396755E+01	3.6273437500000000E+01
2.3050253339111805E+01	3.6273437500000000E+01
2.3117629610002041E+01	3.6273437500000000E+01
2.3184376016259193E+01	3.6273437500000000E+01
2.3251062162220478E+01	3.6273437500000000E+01
2.3318435937166214E+01	3.6273437500000000E+01
2.3385171175003052E+01	3.6273437500000000E+01
2.3451903030276299E+01	3.6273437500000000E+01
2.3518634341657162E+01	3.6273437500000000E+01
2.3585383698344231E+01	3.6273437500000000E+01
2.3652633950114250E+01	3.6273437500000000E+01
2.3719379343092442E+01	3.6273437500000000E+01
2.3786163553595543E+01	3.6273437500000000E+01
2.3852910347282887E+01	3.6273437500000000E+01
2.3919660441577435E+01	3.6273437500000000E+01
2.3986386366188526E+01	3.6273437500000000E+01
2.4053369328379631E+01	3.6273437500000000E+01
2.4120100848376751E+01	3.6273437500000000E+01
2.4186830237507820E+01	3.6273437500000000E+01
2.4253519102931023E+01	3.6273437500000000E+01
2.4320267133414745E+01	3.6273437500000000E+01
2.4386997491121292E+01	3.6273437500000000E+01
2.4454354599118233E+01	3.6273437500000000E+01
2.4521096840500832E+01	3.6273437500000000E+01
2.4587868951261044E+01	3.6273437500000000E+01
2.4654602579772472E+01	3.6273437500000000E+01
2.4721317760646343E+01	3.6273437500000000E+01
2.4788058631122112E+01	3.6273437500000000E+01
2.4854752980172634E+01	3.6273437500000000E+01
2.4921527281403542E+01	3.6273437500000000E+01
2.4988395266234875E+01	3.6273437500000000E+01
2.5055127672851086E+01	3.6273437500000000E+01
2.5121879540383816E+01	3.6273437500000000E+01
2.5188597425818443E+01	3.6273437500000000E+01
2.5255353599786758E+01	3.6273437500000000E+01
2.5322121471166611E+01	3.6273437500000000E+01
2.5388893477618694E+01	3.6273437500000000E+01
2.5455622278153896E+01	3.6273437500000000E+01
2.5522346101701260E+01	3.6273437500000000E+01
2.5589060246944427E+01	3.6273437500000000E+01
2.5655798807740211E+01	3.6273437500000000E+01
2.5722500272095203E+01	3.6273437500000000E+01
2.5789184212684631E+01	3.6273437500000000E+01
2.5855918079614639E+01	3.6273437500000000E+01
2.5922653824090958E+01	3.6273437500000000E+01
2.5989353805780411E+01	3.6273437500000000E+01
2.6056186951696873E+01	3.6273437500000000E+01
2.6122890397906303E+01	3.6273437500000000E+01
2.6189563401043415E+01	3.6273437500000000E+01
2.6256363295018673E+01	3.6273437500000000E+01
2.6323053635656834E+01	3.6273437500000000E+01
2.6390027396380901E+01	3.6273437500000000E+01
2.6456786789000034E+01	3.6273437500000000E+01
2.6523520030081272E+01	3.6273437500000000E+01
2.6590245887637138E+01	3.6273437500000000E+01
2.6656987518072128E+01	3.6273437500000000E+01
2.6723750106990337E+01	3.6273437500000000E+01
2.6790464587509632E+01	3.6273437500000000E+01
2.6857147298753262E+01	3.6273437500000000E+01
2.6923883281648159E+01	3.6273437500000000E+01
2.6990985535085201E+01	3.6273437500000000E+01
2.7057706095278263E+01	3.6273437500000000E+01
2.7124438501894474E+01	3.6273437500000000E+01
2.7191164717078209E+01	3.6273437500000000E+01
2.7257888533174992E+01	3.6273437500000000E+01
2.7324621982872486E+01	3.6273437500000000E+01
2.7391592048108578E+01	3.6273437500000000E+01
2.7458800479769707E+01	3.6273437500000000E+01
2.7525565937161446E+01	3.6273437500000000E+01
2.7592428751289845E+01	3.6273437500000000E+01
2.7659186258912086E+01	3.6273437500000000E+01
2.7726174369454384E+01	3.6273437500000000E+01
2.7793494105339050E+01	3.6273437500000000E+01
2.7860218770802021E+01	3.6273437500000000E+01
2.7927008405327797E+01	3.6273437500000000E+01
2.7994280152022839E+01	3.6273437500000000E+01
2.8060963772237301E+01	3.6273437500000000E+01
2.8127697713673115E+01	3.6273437500000000E+01
2.8194884754717350E+01	3.6273437500000000E+01
2.8261623144149780E+01	3.6273437500000000E+01
2.8328334845602512E+01	3.6273437500000000E+01
2.8395068734884262E+01	3.6273437500000000E+01
2.8461782269179821E+01	3.6273437500000000E+01
2.8528920970857143E+01	3.6273437500000000E+01
2.8595619298517704E+01	3.6273437500000000E+01
2.8662315100431442E+01	3.6273437500000000E+01
2.8728987582027912E+01	3.6273437500000000E+01
2.8795679748058319E+01	3.6273437500000000E+01
2.8862393505871296E+01	3.6273437500000000E+01
2.8929066687822342E+01	3.6273437500000000E+01
2.8995754852890968E+01	3.6273437500000000E+01
2.9062754705548286E+01	3.6273437500000000E+01
2.9129429891705513E+01	3.6273437500000000E+01
2.9196066536009312E+01	3.6273437500000000E+01
2.9262786515057087E+01	3.6273437500000000E+01
2.9329474397003651E+01	3.6273437500000000E+01
2.9396172054111958E+01	3.6273437500000000E+01
2.9462994784116745E+01	3.6273437500000000E+01
2.9529711574316025E+01	3.6273437500000000E+01
2.9596401534974575E+01	3.6273437500000000E+01
2.9663095720112324E+01	3.6273437500000000E+01
2.9729794345796108E+01	3.6273437500000000E+01
2.9796520635485649E+01	3.6273437500000000E+01
2.9863278232514858E+01	3.6273437500000000E+01
2.9930011697113514E+01	3.6273437500000000E+01
2.9997386679053307E+01	3.6273437500000000E+01
3.0064120620489120E+01	3.6273437500000000E+01
3.0130858674645424E+01	3.6273437500000000E+01
3.0197526074945927E+01	3.6273437500000000E+01
3.0264270789921284E+01	3.6273437500000000E+01
3.0331535600125790E+01	3.6273437500000000E+01
3.0398224927484989E+01	3.6273437500000000E+01
3.0464954689145088E+01	3.6273437500000000E+01
3.0532388985157013E+01	3.6273437500000000E+01
3.0599129445850849E+01	3.6273437500000000E+01
3.0665847249329090E+01	3.6273437500000000E+01
3.0732597857713699E+01	3.6273437500000000E+01
3.0799345806241035E+01	3.6273437500000000E+01
3.0866254433989525E+01	3.6273437500000000E+01
3.0932974800467491E+01	3.6273437500000000E+01
3.0999696448445320E+01	3.6273437500000000E+01
3.1066410012543201E+01	3.6273437500000000E+01
3.1133150130510330E+01	3.6273437500000000E+01
3.1199849471449852E+01	3.6273437500000000E+01
3.1267147153615952E+01	3.6273437500000000E+01
3.1333873167634010E+01	3.6273437500000000E+01
3.1400560148060322E+01	3.6273437500000000E+01
3.1467296294867992E+01	3.6273437500000000E+01
3.1533992215991020E+01	3.6273437500000000E+01
3.1600705921649933E+01	3.6273437500000000E+01
3.1667405895888805E+01	3.6273437500000000E+01
3.1734107509255409E+01	3.6273437500000000E+01
3.1800816863775253E+01	3.6273437500000000E+01
3.1867902025580406E+01	3.6273437500000000E+01
3.1934644155204296E+01	3.6273437500000000E+01
3.2001385867595673E+01	3.6273437500000000E+01
3.2068111158907413E+01	3.6273437500000000E+01
3.2134822294116020E+01	3.6273437500000000E+01
3.2201543226838112E+01	3.6273437500000000E+01
3.2268238447606564E+01	3.6273437500000000E+01
3.2334955260157585E+01	3.6273437500000000E+01
3.2402250096201897E+01	3.6273437500000000E+01
3.2469125263392925E+01	3.6273437500000000E+01
3.2536538362503052E+01	3.6273437500000000E+01
3.2603550665080547E+01	3.6273437500000000E+01
3.2670226007699966E+01	3.6273437500000000E+01
3.2736959643661976E+01	3.6273437500000000E+01
3.2803664959967136E+01	3.6273437500000000E+01
3.2870402291417122E+01	3.6273437500000000E+01
3.2937120519578457E+01	3.6273437500000000E+01
3.3003822155296803E+01	3.6273437500000000E+01
3.3070501185953617E+01	3.6273437500000000E+01
3.3137240841984749E+01	3.6273437500000000E+01
3.3203943952918053E+01	3.6273437500000000E+01
3.3270685695111752E+01	3.6273437500000000E+01
3.3337432220578194E+01	3.6273437500000000E+01
3.3404324635863304E+01	3.6273437500000000E+01
3.3471034869551659E+01	3.6273437500000000E+01
3.3538239881396294E+01	3.6273437500000000E+01
3.3604927323758602E+01	3.6273437500000000E+01
3.3671635843813419E+01	3.6273437500000000E+01
3.3738349519670010E+01	3.6273437500000000E+01
3.3805057927966118E+01	3.6273437500000000E+01
3.3871774241328239E+01	3.6273437500000000E+01
3.3938479803502560E+01	3.6273437500000000E+01
3.4005188755691051E+01	3.6273437500000000E+01
3.4071876510977745E+01	3.6273437500000000E+01
3.4138619765639305E+01	3.6273437500000000E+01
3.4205337002873421E+01	3.6273437500000000E+01
3.4272719576954842E+01	3.6273437500000000E+01
3.4339428618550301E+01	3.6273437500000000E+01
3.4406166218221188E+01	3.6273437500000000E+01
3.4472890272736549E+01	3.6273437500000000E+01
3.4539565764367580E+01	3.6273437500000000E+01
3.4606283336877823E+01	3.6273437500000000E+01
3.4672981791198254E+01	3.6273437500000000E+01
3.4739690810441971E+01	3.6273437500000000E+01
3.4806375212967396E+01	3.6273437500000000E+01
3.4873062714934349E+01	3.6273437500000000E+01
3.4939779222011566E+01	3.6273437500000000E+01
3.5006682194769382E+01	3.6273437500000000E+01
3.5073654040694237E+01	3.6273437500000000E+01
3.5140386015176773E+01	3.6273437500000000E+01
3.5207123465836048E+01	3.6273437500000000E+01
3.5273826047778130E+01	3.6273437500000000E+01
3.5340526849031448E+01	3.6273437500000000E+01
3.5407217800617218E+01	3.6273437500000000E+01
3.5473947383463383E+01	3.6273437500000000E+01
3.5540715180337429E+01	3.6273437500000000E+01
3.5607738442718983E+01	3.6273437500000000E+01
3.5674455486238003E+01	3.6273437500000000E+01
3.5741118252277374E+01	3.6273437500000000E+01
3.5807794876396656E+01	3.6273437500000000E+01
3.5874511472880840E+01	3.6273437500000000E+01
3.5941609270870686E+01	3.6273437500000000E+01
3.6008352369070053E+01	3.6273437500000000E+01
3.6075507186353207E+01	3.6273437500000000E+01
3.6142221473157406E+01	3.6273437500000000E+01
3.6208956152200699E+01	3.6273437500000000E+01
3.6275662355124950E+01	3.6273437500000000E+01
3.6342376261949539E+01	3.6273437500000000E+01
3.6409437753260136E+01	3.6273437500000000E+01
3.6476145401597023E+01	3.6273437500000000E+01
3.6542875893414021E+01	3.6273437500000000E+01
3.6609621241688728E+01	3.6273437500000000E+01
3.6676328323781490E+01	3.6273437500000000E+01
3.6743013232946396E+01	3.6273437500000000E+01
3.6809715911746025E+01	3.6273437500000000E+01
3.6876402825117111E+01	3.6273437500000000E+01
3.6943406954407692E+01	3.6273437500000000E+01
3.7010089971125126E+01	3.6273437500000000E+01
3.7076779589056969E+01	3.6273437500000000E+01
3.7143474377691746E+01	3.6273437500000000E+01
3.7210727892816067E+01	3.6273437500000000E+01
3.7277431145310402E+01	3.6273437500000000E+01
3.7344158321619034E+01	3.6273437500000000E+01
3.7410866357386112E+01	3.6273437500000000E+01
3.7477579288184643E+01	3.6273437500000000E+01
3.7544277288019657E+01	3.6273437500000000E+01
3.7610977225005627E+01	3.6273437500000000E+01
3.7678201466798782E+01	3.6273437500000000E+01
3.7744881600141525E+01	3.6273437500000000E+01
3.7811564952135086E+01	3.6273437500000000E+01
3.7878455772995949E+01	3.6273437500000000E+01
3.7945137776434422E+01	3.6273437500000000E+01
3.8011813506484032E+01	3.6273437500000000E+01
3.8078524835407734E+01	3.6273437500000000E+01
3.8145885713398457E+01	3.6273437500000000E+01
3.8212585687637329E+01	3.6273437500000000E+01
3.8279740013182163E+01	3.6277343750000000E+01
3.8346571125090122E+01	3.6277343750000000E+01
3.8413291223347187E+01	3.6277343750000000E+01
3.8480001993477345E+01	3.6277343750000000E+01
3.8546683728694916E+01	3.6277343750000000E+01
3.8613794140517712E+01	3.6277343750000000E+01
3.8680496923625469E+01	3.6277343750000000E+01
3.8747387714684010E+01	3.6277343750000000E+01
3.8814111389219761E+01	3.6277343750000000E+01
3.8881330378353596E+01	3.6277343750000000E+01
3.8948674708604813E+01	3.6277343750000000E+01
3.9015957653522491E+01	3.6277343750000000E+01
3.9083334125578403E+01	3.6277343750000000E+01
3.9150534756481647E+01	3.6277343750000000E+01
3.9217655807733536E+01	3.6277343750000000E+01
3.9284963652491570E+01	3.6277343750000000E+01
3.9352315448224545E+01	3.6277343750000000E+01
3.9419748410582542E+01	3.6277343750000000E+01
3.9487152457237244E+01	3.6277343750000000E+01
3.9554580084979534E+01	3.6277343750000000E+01
3.9622017927467823E+01	3.6277343750000000E+01
3.9689485304057598E+01	3.6277343750000000E+01
3.9756987512111664E+01	3.6277343750000000E+01
3.9824360080063343E+01	3.6277343750000000E+01
3.9891856692731380E+01	3.6277343750000000E+01
3.9959345258772373E+01	3.6277343750000000E+01
4.0026717707514763E+01	3.6277343750000000E+01
4.0094128012657166E+01	3.6277343750000000E+01
4.0161389410495758E+01	3.6277343750000000E+01
4.0228830620646477E+01	3.6277343750000000E+01
4.0296305187046528E+01	3.6277343750000000E+01
4.0363719590008259E+01	3.6277343750000000E+01
4.0430873572826385E+01	3.6277343750000000E+01
4.0497996546328068E+01	3.6277343750000000E+01
4.0565388463437557E+01	3.6277343750000000E+01
4.0632772088050842E+01	3.6277343750000000E+01
4.0700201973319054E+01	3.6277343750000000E+01
4.0767558611929417E+01	3.6277343750000000E+01
4.0834968589246273E+01	3.6277343750000000E+01
4.0902241349220276E+01	3.6277343750000000E+01
4.0969553381204605E+01	3.6277343750000000E+01
4.1036693125963211E+01	3.6277343750000000E+01
4.1104052692651749E+01	3.6277343750000000E+01
4.1171717002987862E+01	3.6277343750000000E+01
4.1239148467779160E+01	3.6277343750000000E+01
4.1305950932204723E+01	3.6277343750000000E+01
4.1372857049107552E+01	3.6277343750000000E+01
4.1440211623907089E+01	3.6277343750000000E+01
4.1507504627108574E+01	3.6277343750000000E+01
4.1574189379811287E+01	3.6277343750000000E+01
4.1640860512852669E+01	3.6277343750000000E+01
4.1707744844257832E+01	3.6277343750000000E+01
4.1774417884647846E+01	3.6277343750000000E+01
4.1841156885027885E+01	3.6277343750000000E+01
4.1907823264598846E+01	3.6277343750000000E+01
4.1974520534276962E+01	3.6277343750000000E+01
4.2041875921189785E+01	3.6277343750000000E+01
4.2108563676476479E+01	3.6277343750000000E+01
4.2175472848117352E+01	3.6277343750000000E+01
4.2242156341671944E+01	3.6277343750000000E+01
4.2308843530714512E+01	3.6277343750000000E+01
4.2375537969172001E+01	3.6277343750000000E+01
4.2442217625677586E+01	3.6277343750000000E+01
4.2508911021053791E+01	3.6277343750000000E+01
4.2575565569102764E+01	3.6277343750000000E+01
4.2642243199050426E+01	3.6277343750000000E+01
4.2708933338522911E+01	3.6277343750000000E+01
4.2775600835680962E+01	3.6277343750000000E+01
4.2842257753014565E+01	3.6277343750000000E+01
4.2908892244100571E+01	3.6277343750000000E+01
4.2975807294249535E+01	3.6277343750000000E+01
4.3042926117777824E+01	3.6277343750000000E+01
4.3109905153512955E+01	3.6277343750000000E+01
4.3177104674279690E+01	3.6277343750000000E+01
4.3243788950145245E+01	3.6277343750000000E+01
4.3310482300817966E+01	3.6277343750000000E+01
4.3377188906073570E+01	3.6277343750000000E+01
4.3443863309919834E+01	3.6277343750000000E+01
4.3510513946413994E+01	3.6277343750000000E+01
4.3577138751745224E+01	3.6277343750000000E+01
4.3643813200294971E+01	3.6277343750000000E+01
4.3710473485291004E+01	3.6277343750000000E+01
4.3777158126235008E+01	3.6277343750000000E+01
4.3843762122094631E+01	3.6277343750000000E+01
4.3910413354635239E+01	3.6277343750000000E+01
4.3977073833346367E+01	3.6277343750000000E+01
4.4043759107589722E+01	3.6277343750000000E+01
4.4110570803284645E+01	3.6277343750000000E+01
4.4177236445248127E+01	3.6277343750000000E+01
4.4243933185935020E+01	3.6277343750000000E+01
4.4310550302267075E+01	3.6277343750000000E+01
4.4377217404544353E+01	3.6277343750000000E+01
4.4443918600678444E+01	3.6277343750000000E+01
4.4510600179433823E+01	3.6277343750000000E+01
4.4577301725745201E+01	3.6277343750000000E+01
4.4644004896283150E+01	3.6277343750000000E+01
4.4710695385932922E+01	3.6277343750000000E+01
4.4777358159422874E+01	3.6277343750000000E+01
4.4844047807157040E+01	3.6277343750000000E+01
4.4911193490028381E+01	3.6277343750000000E+01
4.4977878086268902E+01	3.6277343750000000E+01
4.5044542305171490E+01	3.6277343750000000E+01
4.5111212395131588E+01	3.6277343750000000E+01
4.5177866399288177E+01	3.6277343750000000E+01
4.5244548521935940E+01	3.6277343750000000E+01
4.5311204291880131E+01	3.6277343750000000E+01
4.5377851739525795E+01	3.6277343750000000E+01
4.5444493509829044E+01	3.6277343750000000E+01
4.5511610679328442E+01	3.6277343750000000E+01
4.5578895673155785E+01	3.6277343750000000E+01
4.5645539343357086E+01	3.6277343750000000E+01
4.5712182596325874E+01	3.6277343750000000E+01
4.5778862304985523E+01	3.6277343750000000E+01
4.5845983162522316E+01	3.6277343750000000E+01
4.5912816546857357E+01	3.6277343750000000E+01
4.5979451797902584E+01	3.6277343750000000E+01
4.6046118319034576E+01	3.6277343750000000E+01
4.6112801231443882E+01	3.6277343750000000E+01
4.6179529890418053E+01	3.6277343750000000E+01
4.6246219165623188E+01	3.6277343750000000E+01
4.6312935166060925E+01	3.6277343750000000E+01
4.6379637569189072E+01	3.6277343750000000E+01
4.6446346066892147E+01	3.6277343750000000E+01
4.6513041868805885E+01	3.6277343750000000E+01
4.6579705782234669E+01	3.6277343750000000E+01
4.6646380431950092E+01	3.6277343750000000E+01
4.6713049560785294E+01	3.6277343750000000E+01
4.6779765099287033E+01	3.6277343750000000E+01
4.6846490196883678E+01	3.6277343750000000E+01
4.6913201004266739E+01	3.6277343750000000E+01
4.6979900069534779E+01	3.6277343750000000E+01
4.7046593256294727E+01	3.6277343750000000E+01
4.7113615185022354E+01	3.6277343750000000E+01
4.7180960819125175E+01	3.6277343750000000E+01
4.7247594974935055E+01	3.6277343750000000E+01
4.7314248517155647E+01	3.6277343750000000E+01
4.7380919709801674E+01	3.6277343750000000E+01
4.7447623871266842E+01	3.6277343750000000E+01
4.7514321461319923E+01	3.6277343750000000E+01
4.7581011533737183E+01	3.6277343750000000E+01
4.7647691532969475E+01	3.6277343750000000E+01
4.7714389555156231E+01	3.6277343750000000E+01
4.7781086295843124E+01	3.6277343750000000E+01
4.7847755797207355E+01	3.6277343750000000E+01
4.7914568759500980E+01	3.6277343750000000E+01
4.7981679834425449E+01	3.6277343750000000E+01
4.8049129083752632E+01	3.6277343750000000E+01
4.8116507977247238E+01	3.6277343750000000E+01
4.8183949440717697E+01	3.6277343750000000E+01
4.8251314967870712E+01	3.6277343750000000E+01
4.8318697825074196E+01	3.6277343750000000E+01
4.8386034466326237E+01	3.6277343750000000E+01
4.8453389778733253E+01	3.6277343750000000E+01
4.8520858570933342E+01	3.6277343750000000E+01
4.8588312678039074E+01	3.6277343750000000E+01
4.8655698955059052E+01	3.6277343750000000E+01
4.8723163463175297E+01	3.6277343750000000E+01
4.8790576137602329E+01	3.6277343750000000E+01
4.8858098775148392E+01	3.6277343750000000E+01
4.8925501286983490E+01	3.6277343750000000E+01
4.8992954559624195E+01	3.6277343750000000E+01
4.9060361035168171E+01	3.6277343750000000E+01
4.9127825252711773E+01	3.6277343750000000E+01
4.9195239588618279E+01	3.6277343750000000E+01
4.9262479104101658E+01	3.6277343750000000E+01
4.9329877331852913E+01	3.6277343750000000E+01
4.9397319659590721E+01	3.6277343750000000E+01
4.9464729391038418E+01	3.6277343750000000E+01
4.9532244242727757E+01	3.6277343750000000E+01
4.9599687434732914E+01	3.6277343750000000E+01
4.9667136386036873E+01	3.6277343750000000E+01
4.9734566465020180E+01	3.6277343750000000E+01
4.9801946640014648E+01	3.6277343750000000E+01
4.9869400411844254E+01	3.6277343750000000E+01
4.9936857484281063E+01	3.6277343750000000E+01
5.0003666691482067E+01	3.6277343750000000E+01
5.0070895709097385E+01	3.6277343750000000E+01
5.0137646749615669E+01	3.6277343750000000E+01
5.0204405419528484E+01	3.6277343750000000E+01
5.0271172538399696E+01	3.6277343750000000E+01
5.0337954521179199E+01	3.6277343750000000E+01
5.0404711470007896E+01	3.6277343750000000E+01
5.0471711739897728E+01	3.6277343750000000E+01
5.0538831718266010E+01	3.6277343750000000E+01
5.0605613499879837E+01	3.6277343750000000E+01
5.0672334000468254E+01	3.6277343750000000E+01
5.0739785157144070E+01	3.6277343750000000E+01
5.0806512571871281E+01	3.6277343750000000E+01
5.0873241059482098E+01	3.6277343750000000E+01
5.0939976379275322E+01	3.6277343750000000E+01
5.1006695955991745E+01	3.6277343750000000E+01
5.1073785081505775E+01	3.6277343750000000E+01
5.1140495687723160E+01	3.6277343750000000E+01
5.1207223266363144E+01	3.6277343750000000E+01
5.1273970179259777E+01	3.6277343750000000E+01
5.1340705916285515E+01	3.6277343750000000E+01
5.1407440103590488E+01	3.6277343750000000E+01
5.1474158190190792E+01	3.6277343750000000E+01
5.1541099742054939E+01	3.6277343750000000E+01
5.1607792355120182E+01	3.6277343750000000E+01
5.1674985796213150E+01	3.6277343750000000E+01
5.1742128781974316E+01	3.6277343750000000E+01
5.1808853767812252E+01	3.6277343750000000E+01
5.1875523589551449E+01	3.6277343750000000E+01
5.1942206934094429E+01	3.6277343750000000E+01
5.2008842565119267E+01	3.6277343750000000E+01
5.2075497455894947E+01	3.6277343750000000E+01
5.2142199456691742E+01	3.6277343750000000E+01
5.2208893015980721E+01	3.6277343750000000E+01
5.2275563597679138E+01	3.6277343750000000E+01
5.2342277005314827E+01	3.6277343750000000E+01
5.2408960483968258E+01	3.6277343750000000E+01
5.2475641556084156E+01	3.6277343750000000E+01
5.2542305767536163E+01	3.6277343750000000E+01
5.2609071142971516E+01	3.6277343750000000E+01
5.2675939492881298E+01	3.6277343750000000E+01
5.2742588639259338E+01	3.6277343750000000E+01
5.2809803701937199E+01	3.6277343750000000E+01
5.2876477241516113E+01	3.6277343750000000E+01
5.2943209052085876E+01	3.6277343750000000E+01
5.3009877957403660E+01	3.6277343750000000E+01
5.3076564610004425E+01	3.6277343750000000E+01
5.3143241874873638E+01	3.6277343750000000E+01
5.3209924846887589E+01	3.6277343750000000E+01
5.3276622928678989E+01	3.6277343750000000E+01
5.3343315936625004E+01	3.6277343750000000E+01
5.3409988038241863E+01	3.6277343750000000E+01
5.3476681567728519E+01	3.6277343750000000E+01
5.3543354377150536E+01	3.6277343750000000E+01
5.3609995536506176E+01	3.6277343750000000E+01
5.3676855020225048E+01	3.6277343750000000E+01
5.3743518926203251E+01	3.6277343750000000E+01
5.3810205779969692E+01	3.6277343750000000E+01
5.3876897312700748E+01	3.6277343750000000E+01
5.3943605042994022E+01	3.6277343750000000E+01
5.4010300867259502E+01	3.6277343750000000E+01
5.4076996669173241E+01	3.6277343750000000E+01
5.4143660083413124E+01	3.6277343750000000E+01
5.4210575453937054E+01	3.6277343750000000E+01
5.4277236588299274E+01	3.6277343750000000E+01
5.4343895487487316E+01	3.6277343750000000E+01
5.4410599283874035E+01	3.6277343750000000E+01
5.4477282300591469E+01	3.6277343750000000E+01
5.4543958932161331E+01	3.6277343750000000E+01
5.4610638856887817E+01	3.6277343750000000E+01
5.4677720531821251E+01	3.6277343750000000E+01
5.4744412206113338E+01	3.6277343750000000E+01
5.4811446592211723E+01	3.6277343750000000E+01
5.4878092542290688E+01	3.6277343750000000E+01
5.4944731727242470E+01	3.6277343750000000E+01
5.5011396035552025E+01	3.6277343750000000E+01
5.5078390032052994E+01	3.6277343750000000E+01
5.5145057864487171E+01	3.6277343750000000E+01
5.5212249152362347E+01	3.6277343750000000E+01
5.5278925247490406E+01	3.6277343750000000E+01
5.5345617786049843E+01	3.6277343750000000E+01
5.5412293814122677E+01	3.6277343750000000E+01
5.5478977076709270E+01	3.6277343750000000E+01
5.5545642048120499E+01	3.6277343750000000E+01
5.5612306624650955E+01	3.6277343750000000E+01
5.5679295726120472E+01	3.6277343750000000E+01
5.5745974890887737E+01	3.6277343750000000E+01
5.5812662504613400E+01	3.6277343750000000E+01
5.5879317373037338E+01	3.6277343750000000E+01
5.5945964366197586E+01	3.6277343750000000E+01
5.6012606412172318E+01	3.6277343750000000E+01
5.6079237617552280E+01	3.6277343750000000E+01
5.6145922280848026E+01	3.6277343750000000E+01
5.6212608650326729E+01	3.6277343750000000E+01
5.6279301829636097E+01	3.6277343750000000E+01
5.6346539981663227E+01	3.6277343750000000E+01
5.6413198180496693E+01	3.6277343750000000E+01
5.6480190277099609E+01	3.6277343750000000E+01
5.6547583594918251E+01	3.6277343750000000E+01
5.6614289857447147E+01	3.6277343750000000E+01
5.6680972859263420E+01	3.6277343750000000E+01
5.6747655205428600E+01	3.6277343750000000E+01
5.6814332433044910E+01	3.6277343750000000E+01
5.6881041385233402E+01	3.6277343750000000E+01
5.6948212809860706E+01	3.6277343750000000E+01
5.7014909669756889E+01	3.6277343750000000E+01
5.7081611447036266E+01	3.6277343750000000E+01
5.7148317739367485E+01	3.6277343750000000E+01
5.7215004198253155E+01	3.6277343750000000E+01
5.7281669922173023E+01	3.6277343750000000E+01
5.7348345756530762E+01	3.6277343750000000E+01
5.7414996273815632E+01	3.6277343750000000E+01
5.7481887325644493E+01	3.6277343750000000E+01
5.7548524916172028E+01	3.6277343750000000E+01
5.7615173012018204E+01	3.6277343750000000E+01
5.7681952223181725E+01	3.6277343750000000E+01
5.7748635709285736E+01	3.6277343750000000E+01
5.7815338835120201E+01	3.6277343750000000E+01
5.7882041692733765E+01	3.6277343750000000E+01
5.7948744349181652E+01	3.6277343750000000E+01
5.8015456371009350E+01	3.6277343750000000E+01
5.8082148201763630E+01	3.6277343750000000E+01
5.8149431563913822E+01	3.6277343750000000E+01
5.8216122753918171E+01	3.6277343750000000E+01
5.8282785117626190E+01	3.6277343750000000E+01
5.8349460266530514E+01	3.6277343750000000E+01
5.8416172578930855E+01	3.6277343750000000E+01
5.8482877925038338E+01	3.6277343750000000E+01
5.8549574576318264E+01	3.6277343750000000E+01
5.8616258054971695E+01	3.6277343750000000E+01
5.8682984568178654E+01	3.6277343750000000E+01
5.8749678075313568E+01	3.6277343750000000E+01
5.8816344253718853E+01	3.6277343750000000E+01
5.8883005797863007E+01	3.6277343750000000E+01
5.8949709326028824E+01	3.6277343750000000E+01
5.9017073407769203E+01	3.6277343750000000E+01
5.9083939366042614E+01	3.6277343750000000E+01
5.9150768116116524E+01	3.6277343750000000E+01
5.9218170255422592E+01	3.6277343750000000E+01
5.9285368666052818E+01	3.6277343750000000E+01
5.9352478869259357E+01	3.6277343750000000E+01
5.9419326096773148E+01	3.6277343750000000E+01
5.9486156672239304E+01	3.6277343750000000E+01
5.9553274087607861E+01	3.6277343750000000E+01
5.9620406344532967E+01	3.6277343750000000E+01
5.9687639452517033E+01	3.6277343750000000E+01
5.9754453733563423E+01	3.6277343750000000E+01
5.9821254566311836E+01	3.6277343750000000E+01
5.9888067968189716E+01	3.6277343750000000E+01
5.9955169178545475E+01	3.6277343750000000E+01
6.0022151805460453E+01	3.6277343750000000E+01
6.0089478336274624E+01	3.6277343750000000E+01
6.0156623698771000E+01	3.6277343750000000E+01
6.0223537407815456E+01	3.6277343750000000E+01
6.0290568605065346E+01	3.6277343750000000E+01
6.0357421405613422E+01	3.6277343750000000E+01
6.0424229264259338E+01	3.6277343750000000E+01
6.0491470456123352E+01	3.6277343750000000E+01
6.0558569975197315E+01	3.6277343750000000E+01
6.0625696264207363E+01	3.6277343750000000E+01
6.0693156599998474E+01	3.6277343750000000E+01
6.0760357648134232E+01	3.6277343750000000E+01
6.0827608600258827E+01	3.6277343750000000E+01
6.0894753523170948E+01	3.6277343750000000E+01
6.0961823932826519E+01	3.6277343750000000E+01
6.1029166214168072E+01	3.6277343750000000E+01
6.1096470013260841E+01	3.6277343750000000E+01
6.1163311593234539E+01	3.6277343750000000E+01
6.1230572395026684E+01	3.6277343750000000E+01
6.1297841347754002E+01	3.6277343750000000E+01
6.1364640347659588E+01	3.6277343750000000E+01
6.1431726649403572E+01	3.6277343750000000E+01
6.1498947747051716E+01	3.6277343750000000E+01
6.1566058129072189E+01	3.6277343750000000E+01
6.1633336134254932E+01	3.6277343750000000E+01
6.1700602576136589E+01	3.6277343750000000E+01
6.1767770528793335E+01	3.6277343750000000E+01
6.1834598645567894E+01	3.6277343750000000E+01
6.1901658318936825E+01	3.6277343750000000E+01
6.1969160303473473E+01	3.6277343750000000E+01
6.2036394767463207E+01	3.6277343750000000E+01
6.2103385441005230E+01	3.6277343750000000E+01
6.2170235641300678E+01	3.6277343750000000E+01
6.2237247385084629E+01	3.6277343750000000E+01
6.2304418407380581E+01	3.6277343750000000E+01
6.2371296942234039E+01	3.6277343750000000E+01
6.2438389927148819E+01	3.6277343750000000E+01
6.2505502976477146E+01	3.6277343750000000E+01
6.2572350554168224E+01	3.6277343750000000E+01
6.2639187522232533E+01	3.6277343750000000E+01
6.2706144534051418E+01	3.6277343750000000E+01
6.2773121818900108E+01	3.6277343750000000E+01
6.2840064421296120E+01	3.6277343750000000E+01
6.2907156579196453E+01	3.6277343750000000E+01
6.2974653914570808E+01	3.6277343750000000E+01
6.3041566915810108E+01	3.6277343750000000E+01
6.3108645856380463E+01	3.6277343750000000E+01
6.3175867348909378E+01	3.6277343750000000E+01
6.3243398621678352E+01	3.6277343750000000E+01
6.3311292812228203E+01	3.6277343750000000E+01
6.3378172360360622E+01	3.6277343750000000E+01
6.3445335768163204E+01	3.6277343750000000E+01
6.3512603692710400E+01	3.6277343750000000E+01
6.3579852953553200E+01	3.6277343750000000E+01
6.3646678097546101E+01	3.6277343750000000E+01
6.3713703356683254E+01	3.6277343750000000E+01
6.3780583217740059E+01	3.6277343750000000E+01
6.3847721599042416E+01	3.6277343750000000E+01
6.3915030457079411E+01	3.6277343750000000E+01
6.3982092015445232E+01	3.6277343750000000E+01
6.4049425803124905E+01	3.6277343750000000E+01
6.4116513021290302E+01	3.6277343750000000E+01
6.4183778874576092E+01	3.6277343750000000E+01
6.4250966325402260E+01	3.6277343750000000E+01
6.4318230703473091E+01	3.6277343750000000E+01
6.4385425567626953E+01	3.6277343750000000E+01
6.4452690616250038E+01	3.6277343750000000E+01
6.4520115658640862E+01	3.6277343750000000E+01
6.4587295904755592E+01	3.6277343750000000E+01
6.4654289521276951E+01	3.6277343750000000E+01
6.4721467413008213E+01	3.6277343750000000E+01
6.4788830690085888E+01	3.6277343750000000E+01
6.4856113091111183E+01	3.6277343750000000E+01
6.4922965027391911E+01	3.6277343750000000E+01
6.4990051075816154E+01	3.6277343750000000E+01
6.5057026259601116E+01	3.6277343750000000E+01
6.5124041341245174E+01	3.6277343750000000E+01
6.5191370300948620E+01	3.6277343750000000E+01
6.5258624978363514E+01	3.6277343750000000E+01
6.5325768940150738E+01	3.6277343750000000E+01
6.5392986580729485E+01	3.6277343750000000E+01
6.5460107691586018E+01	3.6277343750000000E+01
6.5527250505983829E+01	3.6277343750000000E+01
6.5594479769468307E+01	3.6277343750000000E+01
6.5661303199827671E+01	3.6277343750000000E+01
6.5728043138980865E+01	3.6277343750000000E+01
6.5794777072966099E+01	3.6277343750000000E+01
6.5861613467335701E+01	3.6277343750000000E+01
6.5928358569741249E+01	3.6277343750000000E+01
6.5995098866522312E+01	3.6277343750000000E+01
6.6061805039644241E+01	3.6277343750000000E+01
6.6128533743321896E+01	3.6277343750000000E+01
6.6195239819586277E+01	3.6277343750000000E+01
6.6261992871761322E+01	3.6277343750000000E+01
6.6328700147569180E+01	3.6277343750000000E+01
6.6395413219928741E+01	3.6277343750000000E+01
6.6462171815335751E+01	3.6277343750000000E+01
6.6528963029384613E+01	3.6277343750000000E+01
6.6595742851495743E+01	3.6277343750000000E+01
6.6663275331258774E+01	3.6277343750000000E+01
