0.0000000000000000E+00	1.5240000000000002E+00
9.2092092092092093E+02	1.5240183996275012E+00
1.8418418418418419E+03	1.5240130591704300E+00
2.7627627627627626E+03	1.5240188802668444E+00
3.6836836836836837E+03	1.5240128359986720E+00
4.6046046046046049E+03	1.5240147288437611E+00
5.5255255255255252E+03	1.5240153819925484E+00
6.4464464464464463E+03	1.5240152186478817E+00
7.3673673673673675E+03	1.5240184245039397E+00
8.2882882882882877E+03	1.5240143103033210E+00
9.2092092092092098E+03	1.5240158499586831E+00
1.0130130130130130E+04	1.5240028570795321E+00
1.1051051051051050E+04	1.5240184772157006E+00
1.1971971971971972E+04	1.5240129937005433E+00
1.2892892892892893E+04	1.5240184870658908E+00
1.3813813813813815E+04	1.5240127050696697E+00
1.4734734734734735E+04	1.5240159540581302E+00
1.5655655655655655E+04	1.5240136024171731E+00
1.6576576576576575E+04	1.5240141694712763E+00
1.7497497497497498E+04	1.5240193089401886E+00
1.8418418418418420E+04	1.5240138042004618E+00
1.9339339339339338E+04	1.5240175526944753E+00
2.0260260260260260E+04	1.5240013458316166E+00
2.1181181181181182E+04	1.5240170426079840E+00
2.2102102102102101E+04	1.5240137679356425E+00
2.3023023023023023E+04	1.5240188245266504E+00
2.3943943943943945E+04	1.5240171363807311E+00
2.4864864864864867E+04	1.5240147082330420E+00
2.5785785785785785E+04	1.5240159050380420E+00
2.6706706706706707E+04	1.5240055134093953E+00
2.7627627627627629E+04	1.5240168244157408E+00
2.8548548548548548E+04	1.5240118822860995E+00
2.9469469469469470E+04	1.5240178765296222E+00
3.0390390390390392E+04	1.5240117286217736E+00
3.1311311311311310E+04	1.5240150975948916E+00
3.2232232232232232E+04	1.5240152032011745E+00
3.3153153153153151E+04	1.5240123162490036E+00
3.4074074074074073E+04	1.5240186571176890E+00
3.4994994994994995E+04	1.5240129763908643E+00
3.5915915915915917E+04	1.5240179696791578E+00
3.6836836836836839E+04	1.5240073881809331E+00
3.7757757757757761E+04	1.5240145227370341E+00
3.8678678678678676E+04	1.5240131755138111E+00
3.9599599599599598E+04	1.5240132543128855E+00
4.0520520520520520E+04	1.5240184407291180E+00
4.1441441441441442E+04	1.5240136467427290E+00
4.2362362362362364E+04	1.5240189621781735E+00
4.3283283283283286E+04	1.5240075067397378E+00
4.4204204204204201E+04	1.5240160721245160E+00
4.5125125125125123E+04	1.5240143866965945E+00
4.6046046046046045E+04	1.5240139073006398E+00
4.6966966966966967E+04	1.5240185571324911E+00
4.7887887887887890E+04	1.5240136059177853E+00
4.8808808808808812E+04	1.5240190451827009E+00
4.9729729729729734E+04	1.5240082328853242E+00
5.0650650650650648E+04	1.5240144445578676E+00
5.1571571571571571E+04	1.5240155971588218E+00
5.2492492492492493E+04	1.5240124712701910E+00
5.3413413413413415E+04	1.5240183139162276E+00
5.4334334334334337E+04	1.5240128679530744E+00
5.5255255255255259E+04	1.5240191726862653E+00
5.6176176176176174E+04	1.5240131002940693E+00
5.7097097097097096E+04	1.5240136946801162E+00
5.8018018018018018E+04	1.5240165952734941E+00
5.8938938938938940E+04	1.5240060988773356E+00
5.9859859859859862E+04	1.5240177808528119E+00
6.0780780780780784E+04	1.5240139643379700E+00
6.1701701701701706E+04	1.5240171847851178E+00
6.2622622622622621E+04	1.5240175409966310E+00
6.3543543543543543E+04	1.5240137998558621E+00
6.4464464464464465E+04	1.5240170364609171E+00
6.5385385385385387E+04	1.5240025995174462E+00
6.6306306306306302E+04	1.5240152402724361E+00
6.7227227227227224E+04	1.5240148310026724E+00
6.8148148148148146E+04	1.5240146759502584E+00
6.9069069069069068E+04	1.5240192253132603E+00
6.9989989989989990E+04	1.5240115627169568E+00
7.0910910910910912E+04	1.5240191804948868E+00
7.1831831831831834E+04	1.5240123744801826E+00
7.2752752752752756E+04	1.5240153397932124E+00
7.3673673673673678E+04	1.5240153553369327E+00
7.4594594594594600E+04	1.5240035793038544E+00
7.5515515515515523E+04	1.5240175463638654E+00
7.6436436436436445E+04	1.5240129289308624E+00
7.7357357357357352E+04	1.5240176327491541E+00
7.8278278278278274E+04	1.5240180653402575E+00
7.9199199199199196E+04	1.5240135266837171E+00
8.0120120120120118E+04	1.5240190134634013E+00
8.1041041041041040E+04	1.5240107343762479E+00
8.1961961961961963E+04	1.5240153449763461E+00
8.2882882882882885E+04	1.5240166799684229E+00
8.3803803803803807E+04	1.5240032149671590E+00
8.4724724724724729E+04	1.5240174706659992E+00
8.5645645645645651E+04	1.5240143830073567E+00
8.6566566566566573E+04	1.5240162654193343E+00
8.7487487487487495E+04	1.5240170749515800E+00
8.8408408408408402E+04	1.5240130919709134E+00
8.9329329329329325E+04	1.5240192074364416E+00
9.0250250250250247E+04	1.5240145960807949E+00
9.1171171171171169E+04	1.5240138285489582E+00
9.2092092092092091E+04	1.5240159104200517E+00
9.3013013013013013E+04	1.5240017455362060E+00
9.3933933933933935E+04	1.5240170661528656E+00
9.4854854854854857E+04	1.5240153032380723E+00
9.5775775775775779E+04	1.5240115649384338E+00
9.6696696696696701E+04	1.5240175483648473E+00
9.7617617617617623E+04	1.5240128247839679E+00
9.8538538538538545E+04	1.5240168047062674E+00
9.9459459459459467E+04	1.5240178022103745E+00
1.0038038038038037E+05	1.5240133718024838E+00
1.0130130130130130E+05	1.5240184758156214E+00
1.0222222222222222E+05	1.5240129292978077E+00
1.0314314314314314E+05	1.5240147999978493E+00
1.0406406406406406E+05	1.5240173645897246E+00
1.0498498498498499E+05	1.5240020532079570E+00
1.0590590590590591E+05	1.5240169664457752E+00
1.0682682682682683E+05	1.5240152260748860E+00
1.0774774774774775E+05	1.5240103513433341E+00
1.0866866866866867E+05	1.5240182425149860E+00
1.0958958958958960E+05	1.5240138990906980E+00
1.1051051051051052E+05	1.5240167703239520E+00
1.1143143143143144E+05	1.5240180156337324E+00
1.1235235235235235E+05	1.5240126620345924E+00
1.1327327327327327E+05	1.5240170839729261E+00
1.1419419419419419E+05	1.5240163454026550E+00
1.1511511511511511E+05	1.5240138260984275E+00
1.1603603603603604E+05	1.5240184384873809E+00
1.1695695695695696E+05	1.5240107412392399E+00
1.1787787787787788E+05	1.5240148275064029E+00
1.1879879879879880E+05	1.5240162394439547E+00
1.1971971971971972E+05	1.5240008253716872E+00
1.2064064064064065E+05	1.5240161511740402E+00
1.2156156156156157E+05	1.5240156802442570E+00
1.2248248248248249E+05	1.5240061609147728E+00
1.2340340340340341E+05	1.5240169654709359E+00
1.2432432432432432E+05	1.5240142627705640E+00
1.2524524524524524E+05	1.5240142421953680E+00
1.2616616616616616E+05	1.5240181114025066E+00
1.2708708708708709E+05	1.5240123010840472E+00
1.2800800800800801E+05	1.5240176564757193E+00
1.2892892892892893E+05	1.5240184928561802E+00
1.2984984984984985E+05	1.5240117239459690E+00
1.3077077077077077E+05	1.5240188647830084E+00
1.3169169169169170E+05	1.5240174673719702E+00
1.3261261261261260E+05	1.5240125201980970E+00
1.3353353353353354E+05	1.5240191035275150E+00
1.3445445445445445E+05	1.5240147910037019E+00
1.3537537537537538E+05	1.5240141549390045E+00
1.3629629629629629E+05	1.5240180216817858E+00
1.3721721721721723E+05	1.5240108643061732E+00
1.3813813813813814E+05	1.5240145058121914E+00
1.3905905905905907E+05	1.5240161148546125E+00
1.3997997997997998E+05	1.5240063854210810E+00
1.4090090090090092E+05	1.5240145789548374E+00
1.4182182182182182E+05	1.5240168234878153E+00
1.4274274274274273E+05	1.5240004799136015E+00
1.4366366366366367E+05	1.5240163673432372E+00
1.4458458458458458E+05	1.5240153060830040E+00
1.4550550550550551E+05	1.5240021340365357E+00
1.4642642642642642E+05	1.5240165386129498E+00
1.4734734734734736E+05	1.5240146089300275E+00
1.4826826826826826E+05	1.5240054979439539E+00
1.4918918918918920E+05	1.5240165214487416E+00
1.5011011011011011E+05	1.5240147844162519E+00
1.5103103103103105E+05	1.5240085618430446E+00
1.5195195195195195E+05	1.5240164059912631E+00
1.5287287287287289E+05	1.5240147681520271E+00
1.5379379379379380E+05	1.5240107123208644E+00
1.5471471471471470E+05	1.5240173836741466E+00
1.5563563563563564E+05	1.5240142795311589E+00
1.5655655655655655E+05	1.5240129168950083E+00
1.5747747747747749E+05	1.5240163900505879E+00
1.5839839839839839E+05	1.5240139675681024E+00
1.5931931931931933E+05	1.5240141882291260E+00
1.6024024024024024E+05	1.5240179579460802E+00
1.6116116116116117E+05	1.5240131250203952E+00
1.6208208208208208E+05	1.5240141678297197E+00
1.6300300300300302E+05	1.5240186313548927E+00
1.6392392392392393E+05	1.5240140983994994E+00
1.6484484484484486E+05	1.5240141956832398E+00
1.6576576576576577E+05	1.5240166375046638E+00
1.6668668668668668E+05	1.5240127700099693E+00
1.6760760760760761E+05	1.5240147900606997E+00
1.6852852852852852E+05	1.5240188167741526E+00
1.6944944944944946E+05	1.5240140456917854E+00
1.7037037037037036E+05	1.5240142787527771E+00
1.7129129129129130E+05	1.5240180612771645E+00
1.7221221221221221E+05	1.5240134055798762E+00
1.7313313313313315E+05	1.5240128581162620E+00
1.7405405405405405E+05	1.5240175053641396E+00
1.7497497497497499E+05	1.5240133471542761E+00
1.7589589589589590E+05	1.5240113968452458E+00
1.7681681681681680E+05	1.5240172153628162E+00
1.7773773773773774E+05	1.5240135999180899E+00
1.7865865865865865E+05	1.5240093194636588E+00
1.7957957957957959E+05	1.5240168618471401E+00
1.8050050050050049E+05	1.5240139581868464E+00
1.8142142142142143E+05	1.5240064466195817E+00
1.8234234234234234E+05	1.5240165470463070E+00
1.8326326326326327E+05	1.5240147245741191E+00
1.8418418418418418E+05	1.5240035351054488E+00
1.8510510510510512E+05	1.5240166459755871E+00
1.8602602602602603E+05	1.5240160560574816E+00
1.8694694694694696E+05	1.5240018577283936E+00
1.8786786786786787E+05	1.5240154192888355E+00
1.8878878878878878E+05	1.5240147741037540E+00
1.8970970970970971E+05	1.5240021656384868E+00
1.9063063063063062E+05	1.5240151307375569E+00
1.9155155155155156E+05	1.5240175591060934E+00
1.9247247247247247E+05	1.5240084372486471E+00
1.9339339339339340E+05	1.5240137098917172E+00
1.9431431431431431E+05	1.5240173544109210E+00
1.9523523523523525E+05	1.5240134134083938E+00
1.9615615615615615E+05	1.5240140693755893E+00
1.9707707707707709E+05	1.5240174861618694E+00
1.9799799799799800E+05	1.5240158249868825E+00
1.9891891891891893E+05	1.5240136452697046E+00
1.9983983983983984E+05	1.5240183612218083E+00
2.0076076076076075E+05	1.5240176857239720E+00
2.0168168168168169E+05	1.5240132295968907E+00
2.0260260260260259E+05	1.5240177153193095E+00
2.0352352352352353E+05	1.5240172476515510E+00
2.0444444444444444E+05	1.5240138623360204E+00
2.0536536536536537E+05	1.5240140910155124E+00
2.0628628628628628E+05	1.5240176895636885E+00
2.0720720720720722E+05	1.5240146185219838E+00
2.0812812812812813E+05	1.5240060454278641E+00
2.0904904904904906E+05	1.5240172049606830E+00
2.0996996996996997E+05	1.5240148473794242E+00
2.1089089089089091E+05	1.5240015727234453E+00
2.1181181181181181E+05	1.5240144411989938E+00
2.1273273273273272E+05	1.5240172699730747E+00
2.1365365365365366E+05	1.5240083305458956E+00
2.1457457457457457E+05	1.5240140274264076E+00
2.1549549549549550E+05	1.5240172413998037E+00
2.1641641641641641E+05	1.5240164112282448E+00
2.1733733733733735E+05	1.5240125796865827E+00
2.1825825825825825E+05	1.5240189335981023E+00
2.1917917917917919E+05	1.5240170471835039E+00
2.2010010010010010E+05	1.5240131304535807E+00
2.2102102102102104E+05	1.5240159196959464E+00
2.2194194194194194E+05	1.5240171730090049E+00
2.2286286286286288E+05	1.5240144459654708E+00
2.2378378378378379E+05	1.5240072031751632E+00
2.2470470470470469E+05	1.5240163433632998E+00
2.2562562562562563E+05	1.5240161957745002E+00
2.2654654654654654E+05	1.5240021386967302E+00
2.2746746746746748E+05	1.5240142345239402E+00
2.2838838838838838E+05	1.5240180248027031E+00
2.2930930930930932E+05	1.5240135877769214E+00
2.3023023023023023E+05	1.5240116995884516E+00
2.3115115115115116E+05	1.5240184981294844E+00
2.3207207207207207E+05	1.5240186269358094E+00
2.3299299299299301E+05	1.5240127704432962E+00
2.3391391391391392E+05	1.5240152326419165E+00
2.3483483483483485E+05	1.5240178676223737E+00
2.3575575575575576E+05	1.5240145405883179E+00
2.3667667667667667E+05	1.5240046164277943E+00
2.3759759759759760E+05	1.5240157139066315E+00
2.3851851851851851E+05	1.5240159123859522E+00
2.3943943943943945E+05	1.5240067726577258E+00
2.4036036036036036E+05	1.5240134980539701E+00
2.4128128128128129E+05	1.5240187744941334E+00
2.4220220220220220E+05	1.5240177680312386E+00
2.4312312312312314E+05	1.5240133472326189E+00
2.4404404404404404E+05	1.5240175453629268E+00
2.4496496496496498E+05	1.5240182245071874E+00
2.4588588588588589E+05	1.5240140497554038E+00
2.4680680680680682E+05	1.5240054919461483E+00
2.4772772772772773E+05	1.5240155304722807E+00
2.4864864864864864E+05	1.5240160314087143E+00
2.4956956956956958E+05	1.5240080928307815E+00
2.5049049049049048E+05	1.5240132309933259E+00
2.5141141141141142E+05	1.5240180618111201E+00
2.5233233233233233E+05	1.5240177185360084E+00
2.5325325325325326E+05	1.5240131498396146E+00
2.5417417417417417E+05	1.5240155004319489E+00
2.5509509509509511E+05	1.5240182182132114E+00
2.5601601601601602E+05	1.5240151210033976E+00
2.5693693693693695E+05	1.5240016286322065E+00
2.5785785785785786E+05	1.5240151899266126E+00
2.5877877877877880E+05	1.5240171774835720E+00
2.5969969969969970E+05	1.5240133747545006E+00
2.6062062062062061E+05	1.5240125153571549E+00
2.6154154154154155E+05	1.5240180722413406E+00
2.6246246246246248E+05	1.5240187474952460E+00
2.6338338338338339E+05	1.5240139028865560E+00
2.6430430430430430E+05	1.5240056640474335E+00
2.6522522522522521E+05	1.5240152927176993E+00
2.6614614614614617E+05	1.5240168306427262E+00
2.6706706706706708E+05	1.5240119602008486E+00
2.6798798798798799E+05	1.5240130265784417E+00
2.6890890890890890E+05	1.5240167301179439E+00
2.6982982982982986E+05	1.5240184195447342E+00
2.7075075075075077E+05	1.5240136999803120E+00
2.7167167167167168E+05	1.5240077339795359E+00
2.7259259259259258E+05	1.5240158698415671E+00
2.7351351351351349E+05	1.5240168156270277E+00
2.7443443443443446E+05	1.5240094558799417E+00
2.7535535535535536E+05	1.5240130454946004E+00
2.7627627627627627E+05	1.5240186173952839E+00
2.7719719719719718E+05	1.5240167768620130E+00
2.7811811811811815E+05	1.5240136757669276E+00
2.7903903903903905E+05	1.5240072687856736E+00
2.7995995995995996E+05	1.5240155449362138E+00
2.8088088088088087E+05	1.5240172533130465E+00
2.8180180180180183E+05	1.5240122666315163E+00
2.8272272272272274E+05	1.5240134497507518E+00
2.8364364364364365E+05	1.5240163036224901E+00
2.8456456456456456E+05	1.5240187373857159E+00
2.8548548548548546E+05	1.5240134608715945E+00
2.8640640640640643E+05	1.5240029973390234E+00
2.8732732732732734E+05	1.5240132382493701E+00
2.8824824824824824E+05	1.5240181956820222E+00
2.8916916916916915E+05	1.5240159296116522E+00
2.9009009009009012E+05	1.5240129846574115E+00
2.9101101101101103E+05	1.5240155969806242E+00
2.9193193193193193E+05	1.5240170547485870E+00
2.9285285285285284E+05	1.5240155050954869E+00
2.9377377377377381E+05	1.5240041837419374E+00
2.9469469469469471E+05	1.5240137795052699E+00
2.9561561561561562E+05	1.5240186014434998E+00
2.9653653653653653E+05	1.5240170029287461E+00
2.9745745745745744E+05	1.5240139456856752E+00
2.9837837837837840E+05	1.5240065968657628E+00
2.9929929929929931E+05	1.5240149644526244E+00
3.0022022022022022E+05	1.5240173568940982E+00
3.0114114114114112E+05	1.5240160011122885E+00
3.0206206206206209E+05	1.5240115696554586E+00
3.0298298298298300E+05	1.5240154130621260E+00
3.0390390390390391E+05	1.5240178873134567E+00
3.0482482482482481E+05	1.5240154818811968E+00
3.0574574574574578E+05	1.5240061868630499E+00
3.0666666666666669E+05	1.5240128539860993E+00
3.0758758758758759E+05	1.5240182209786561E+00
3.0850850850850850E+05	1.5240187658912554E+00
3.0942942942942941E+05	1.5240144193960539E+00
3.1035035035035037E+05	1.5240013482843331E+00
3.1127127127127128E+05	1.5240129333242096E+00
3.1219219219219219E+05	1.5240167449054238E+00
3.1311311311311310E+05	1.5240176173706108E+00
3.1403403403403406E+05	1.5240134306204867E+00
3.1495495495495497E+05	1.5240095188507043E+00
3.1587587587587588E+05	1.5240161402726216E+00
3.1679679679679679E+05	1.5240175887669993E+00
3.1771771771771775E+05	1.5240162074631589E+00
3.1863863863863866E+05	1.5240129446586821E+00
3.1955955955955957E+05	1.5240142657432036E+00
3.2048048048048047E+05	1.5240166339195533E+00
3.2140140140140138E+05	1.5240162469375629E+00
3.2232232232232235E+05	1.5240127095343712E+00
3.2324324324324325E+05	1.5240129251589187E+00
3.2416416416416416E+05	1.5240167419405994E+00
3.2508508508508507E+05	1.5240176434139237E+00
3.2600600600600604E+05	1.5240159528005259E+00
3.2692692692692694E+05	1.5240096525637372E+00
3.2784784784784785E+05	1.5240135268573223E+00
3.2876876876876876E+05	1.5240177222782350E+00
3.2968968968968972E+05	1.5240171303378094E+00
3.3061061061061063E+05	1.5240134454409093E+00
3.3153153153153154E+05	1.5240052751380753E+00
3.3245245245245245E+05	1.5240132309047423E+00
3.3337337337337335E+05	1.5240184566453148E+00
3.3429429429429432E+05	1.5240182200920114E+00
3.3521521521521523E+05	1.5240145893247881E+00
3.3613613613613613E+05	1.5240047731424233E+00
3.3705705705705704E+05	1.5240129118245025E+00
3.3797797797797801E+05	1.5240182709892540E+00
3.3889889889889891E+05	1.5240183951858368E+00
3.3981981981981982E+05	1.5240135704663889E+00
3.4074074074074073E+05	1.5240052531169515E+00
3.4166166166166170E+05	1.5240136877728725E+00
3.4258258258258260E+05	1.5240176405284749E+00
3.4350350350350351E+05	1.5240172723669880E+00
3.4442442442442442E+05	1.5240152322429925E+00
3.4534534534534533E+05	1.5240081301770150E+00
3.4626626626626629E+05	1.5240113924685699E+00
3.4718718718718720E+05	1.5240177682655571E+00
3.4810810810810811E+05	1.5240172300814652E+00
3.4902902902902901E+05	1.5240151735468006E+00
3.4994994994994998E+05	1.5240116344935701E+00
3.5087087087087089E+05	1.5240113171159526E+00
3.5179179179179179E+05	1.5240163458642240E+00
3.5271271271271270E+05	1.5240164858634031E+00
3.5363363363363361E+05	1.5240161680056745E+00
3.5455455455455458E+05	1.5240149543348778E+00
3.5547547547547548E+05	1.5240121876511745E+00
3.5639639639639639E+05	1.5240127038535534E+00
3.5731731731731730E+05	1.5240154068701062E+00
3.5823823823823826E+05	1.5240177452557104E+00
3.5915915915915917E+05	1.5240167508367901E+00
3.6008008008008008E+05	1.5240129415063304E+00
3.6100100100100099E+05	1.5240057878207249E+00
3.6192192192192195E+05	1.5240141008902148E+00
3.6284284284284286E+05	1.5240186731548933E+00
3.6376376376376377E+05	1.5240177327591509E+00
3.6468468468468467E+05	1.5240143521955329E+00
3.6560560560560558E+05	1.5240010592505364E+00
3.6652652652652655E+05	1.5240130942929428E+00
3.6744744744744746E+05	1.5240184419897413E+00
3.6836836836836836E+05	1.5240167053950515E+00
3.6928928928928927E+05	1.5240150009125037E+00
3.7021021021021024E+05	1.5240108754257768E+00
3.7113113113113114E+05	1.5240119482307435E+00
3.7205205205205205E+05	1.5240144730093512E+00
3.7297297297297296E+05	1.5240167371964588E+00
3.7389389389389392E+05	1.5240172985573632E+00
3.7481481481481483E+05	1.5240165076133649E+00
3.7573573573573574E+05	1.5240128507704349E+00
3.7665665665665665E+05	1.5240046979886572E+00
3.7757757757757755E+05	1.5240142625714346E+00
3.7849849849849852E+05	1.5240172678072323E+00
3.7941941941941943E+05	1.5240176801334704E+00
3.8034034034034034E+05	1.5240146359860365E+00
3.8126126126126124E+05	1.5240073796786735E+00
3.8218218218218221E+05	1.5240131304210776E+00
3.8310310310310312E+05	1.5240160096803248E+00
3.8402402402402402E+05	1.5240159818033778E+00
3.8494494494494493E+05	1.5240153416694164E+00
3.8586586586586590E+05	1.5240165585274179E+00
3.8678678678678680E+05	1.5240124858880937E+00
3.8770770770770771E+05	1.5240026280718255E+00
3.8862862862862862E+05	1.5240142307583819E+00
3.8954954954954953E+05	1.5240183415125457E+00
3.9047047047047049E+05	1.5240184117505735E+00
3.9139139139139140E+05	1.5240155814564009E+00
3.9231231231231231E+05	1.5240125111059357E+00
3.9323323323323322E+05	1.5240130409124677E+00
3.9415415415415418E+05	1.5240122265362819E+00
3.9507507507507509E+05	1.5240154302761828E+00
3.9599599599599600E+05	1.5240184506658350E+00
3.9691691691691690E+05	1.5240182675543261E+00
3.9783783783783787E+05	1.5240142159973757E+00
3.9875875875875878E+05	1.5240048432277877E+00
3.9967967967967968E+05	1.5240116220690945E+00
4.0060060060060059E+05	1.5240150187398589E+00
4.0152152152152150E+05	1.5240150814944269E+00
4.0244244244244247E+05	1.5240171454815592E+00
4.0336336336336337E+05	1.5240183592685173E+00
4.0428428428428428E+05	1.5240140606701666E+00
4.0520520520520519E+05	1.5240016409906176E+00
4.0612612612612615E+05	1.5240120228160492E+00
4.0704704704704706E+05	1.5240162383302385E+00
4.0796796796796797E+05	1.5240167509662890E+00
4.0888888888888888E+05	1.5240174390556427E+00
4.0980980980980984E+05	1.5240174019421109E+00
4.1073073073073075E+05	1.5240117258209032E+00
4.1165165165165166E+05	1.5240009677945041E+00
4.1257257257257256E+05	1.5240135843745681E+00
4.1349349349349347E+05	1.5240166929915973E+00
4.1441441441441444E+05	1.5240159757719325E+00
4.1533533533533535E+05	1.5240175682774422E+00
4.1625625625625625E+05	1.5240180041147970E+00
4.1717717717717716E+05	1.5240129696971052E+00
4.1809809809809813E+05	1.5240027139284307E+00
4.1901901901901903E+05	1.5240130486046910E+00
4.1993993993993994E+05	1.5240153281030946E+00
4.2086086086086085E+05	1.5240164320802383E+00
4.2178178178178181E+05	1.5240164436738375E+00
4.2270270270270272E+05	1.5240180710427453E+00
4.2362362362362363E+05	1.5240139618006541E+00
4.2454454454454454E+05	1.5240062267885690E+00
4.2546546546546544E+05	1.5240131852296237E+00
4.2638638638638641E+05	1.5240119641779999E+00
4.2730730730730732E+05	1.5240153176399103E+00
4.2822822822822822E+05	1.5240164840911028E+00
4.2914914914914913E+05	1.5240185349303019E+00
4.3007007007007010E+05	1.5240146405496717E+00
4.3099099099099101E+05	1.5240140386668897E+00
4.3191191191191191E+05	1.5240116201768121E+00
4.3283283283283282E+05	1.5240045423089286E+00
4.3375375375375379E+05	1.5240133762288062E+00
4.3467467467467469E+05	1.5240173586682315E+00
4.3559559559559560E+05	1.5240173634616696E+00
4.3651651651651651E+05	1.5240151903597927E+00
4.3743743743743742E+05	1.5240182062458112E+00
4.3835835835835838E+05	1.5240134776855256E+00
4.3927927927927929E+05	1.5240044809059177E+00
4.4020020020020020E+05	1.5240130434324102E+00
4.4112112112112110E+05	1.5240121254991641E+00
4.4204204204204207E+05	1.5240136251753229E+00
4.4296296296296298E+05	1.5240186715219077E+00
4.4388388388388389E+05	1.5240176727920955E+00
4.4480480480480479E+05	1.5240152533853275E+00
4.4572572572572576E+05	1.5240160112083478E+00
4.4664664664664667E+05	1.5240135671609518E+00
4.4756756756756757E+05	1.5240012272166867E+00
4.4848848848848848E+05	1.5240111788406954E+00
4.4940940940940939E+05	1.5240144430817160E+00
4.5033033033033035E+05	1.5240157520959803E+00
4.5125125125125126E+05	1.5240182958672874E+00
4.5217217217217217E+05	1.5240176647580859E+00
4.5309309309309308E+05	1.5240150143372373E+00
4.5401401401401404E+05	1.5240152547147994E+00
4.5493493493493495E+05	1.5240128112892943E+00
4.5585585585585586E+05	1.5240013626805626E+00
4.5677677677677677E+05	1.5240132202018277E+00
4.5769769769769773E+05	1.5240145647528098E+00
4.5861861861861864E+05	1.5240153679683515E+00
4.5953953953953955E+05	1.5240182327785425E+00
4.6046046046046045E+05	1.5240173267452368E+00
4.6138138138138136E+05	1.5240153537345249E+00
4.6230230230230233E+05	1.5240160008096550E+00
4.6322322322322323E+05	1.5240122015574635E+00
4.6414414414414414E+05	1.5240038707208250E+00
4.6506506506506505E+05	1.5240112412070170E+00
4.6598598598598602E+05	1.5240080414099406E+00
4.6690690690690692E+05	1.5240129611699136E+00
4.6782782782782783E+05	1.5240171204866915E+00
4.6874874874874874E+05	1.5240164008792561E+00
4.6966966966966970E+05	1.5240175551062167E+00
4.7059059059059061E+05	1.5240185731905207E+00
4.7151151151151152E+05	1.5240152438907513E+00
4.7243243243243243E+05	1.5240142482006567E+00
4.7335335335335333E+05	1.5240128059211580E+00
4.7427427427427430E+05	1.5240005697567973E+00
4.7519519519519521E+05	1.5240122088898549E+00
4.7611611611611611E+05	1.5240126963653324E+00
4.7703703703703702E+05	1.5240144165708251E+00
4.7795795795795799E+05	1.5240184230593263E+00
4.7887887887887890E+05	1.5240173504942158E+00
4.7979979979979980E+05	1.5240160035677279E+00
4.8072072072072071E+05	1.5240168373922802E+00
4.8164164164164168E+05	1.5240150117458975E+00
4.8256256256256258E+05	1.5240141410815538E+00
4.8348348348348349E+05	1.5240124437553377E+00
4.8440440440440440E+05	1.5240007604665142E+00
4.8532532532532531E+05	1.5240128773447723E+00
4.8624624624624627E+05	1.5240114583822877E+00
4.8716716716716718E+05	1.5240123278003328E+00
4.8808808808808809E+05	1.5240180114707365E+00
4.8900900900900899E+05	1.5240162472361849E+00
4.8992992992992996E+05	1.5240170809538935E+00
4.9085085085085087E+05	1.5240181474569923E+00
4.9177177177177178E+05	1.5240155649406386E+00
4.9269269269269268E+05	1.5240162484010582E+00
4.9361361361361365E+05	1.5240139431988795E+00
4.9453453453453456E+05	1.5240084617540564E+00
4.9545545545545546E+05	1.5240127858560879E+00
4.9637637637637637E+05	1.5240010633848731E+00
4.9729729729729728E+05	1.5240131117947411E+00
4.9821821821821824E+05	1.5240130950699640E+00
4.9913913913913915E+05	1.5240140813339798E+00
5.0006006006006006E+05	1.5240178629868046E+00
5.0098098098098097E+05	1.5240162924901128E+00
5.0190190190190193E+05	1.5240174306744343E+00
5.0282282282282284E+05	1.5240177774344721E+00
5.0374374374374375E+05	1.5240152805103151E+00
5.0466466466466465E+05	1.5240179869376476E+00
5.0558558558558562E+05	1.5240135020636101E+00
5.0650650650650653E+05	1.5240131092836355E+00
5.0742742742742744E+05	1.5240120057400408E+00
5.0834834834834834E+05	1.5240017430403614E+00
5.0926926926926925E+05	1.5240126662988327E+00
5.1019019019019022E+05	1.5240051479892387E+00
5.1111111111111112E+05	1.5240132799351900E+00
5.1203203203203203E+05	1.5240153299161385E+00
5.1295295295295294E+05	1.5240129789442440E+00
5.1387387387387390E+05	1.5240179093687169E+00
5.1479479479479481E+05	1.5240165768652645E+00
5.1571571571571572E+05	1.5240163914095597E+00
5.1663663663663663E+05	1.5240173886133104E+00
5.1755755755755759E+05	1.5240167333086727E+00
5.1847847847847850E+05	1.5240181325072863E+00
5.1939939939939941E+05	1.5240140489246403E+00
5.2032032032032032E+05	1.5240145125967253E+00
5.2124124124124122E+05	1.5240133700377321E+00
5.2216216216216219E+05	1.5240084159733347E+00
5.2308308308308310E+05	1.5240126256280457E+00
5.2400400400400400E+05	1.5240002943130941E+00
5.2492492492492497E+05	1.5240111032353929E+00
5.2584584584584588E+05	1.5240075659480719E+00
5.2676676676676678E+05	1.5240136243773255E+00
5.2768768768768769E+05	1.5240151798042536E+00
5.2860860860860860E+05	1.5240146173763274E+00
5.2952952952952951E+05	1.5240179327695647E+00
5.3045045045045041E+05	1.5240155131122990E+00
5.3137137137137132E+05	1.5240175207556210E+00
5.3229229229229235E+05	1.5240165541350006E+00
5.3321321321321325E+05	1.5240159565320583E+00
5.3413413413413416E+05	1.5240173223020486E+00
5.3505505505505507E+05	1.5240144827132291E+00
5.3597597597597598E+05	1.5240172633676190E+00
5.3689689689689688E+05	1.5240132323539135E+00
5.3781781781781779E+05	1.5240157680366486E+00
5.3873873873873870E+05	1.5240125482132076E+00
5.3965965965965972E+05	1.5240120354133182E+00
5.4058058058058063E+05	1.5240126985112958E+00
5.4150150150150154E+05	1.5240057364032369E+00
5.4242242242242245E+05	1.5240129607150410E+00
5.4334334334334335E+05	1.5240012159662302E+00
5.4426426426426426E+05	1.5240126807177989E+00
5.4518518518518517E+05	1.5240049415028509E+00
5.4610610610610608E+05	1.5240123304236355E+00
5.4702702702702698E+05	1.5240093828128709E+00
5.4794794794794801E+05	1.5240130096251994E+00
5.4886886886886891E+05	1.5240155293166389E+00
5.4978978978978982E+05	1.5240146927644322E+00
5.5071071071071073E+05	1.5240169094868763E+00
5.5163163163163164E+05	1.5240134651546109E+00
5.5255255255255254E+05	1.5240175427021856E+00
5.5347347347347345E+05	1.5240165245416588E+00
5.5439439439439436E+05	1.5240181897352396E+00
5.5531531531531527E+05	1.5240162842081426E+00
5.5623623623623629E+05	1.5240174946031717E+00
5.5715715715715720E+05	1.5240179891308747E+00
5.5807807807807811E+05	1.5240164432991838E+00
5.5899899899899901E+05	1.5240172798763971E+00
5.5991991991991992E+05	1.5240165806439332E+00
5.6084084084084083E+05	1.5240174984669306E+00
5.6176176176176174E+05	1.5240151331962009E+00
5.6268268268268264E+05	1.5240180757537785E+00
5.6360360360360367E+05	1.5240141557685658E+00
5.6452452452452458E+05	1.5240171768875042E+00
5.6544544544544548E+05	1.5240139679925984E+00
5.6636636636636639E+05	1.5240150177960770E+00
5.6728728728728730E+05	1.5240137103388249E+00
5.6820820820820821E+05	1.5240120459790747E+00
5.6912912912912911E+05	1.5240136677738476E+00
5.7005005005005002E+05	1.5240102849661905E+00
5.7097097097097093E+05	1.5240132674863263E+00
5.7189189189189195E+05	1.5240062119274396E+00
5.7281281281281286E+05	1.5240130952490354E+00
5.7373373373373377E+05	1.5240043234982563E+00
5.7465465465465467E+05	1.5240126869139230E+00
5.7557557557557558E+05	1.5240015974621535E+00
5.7649649649649649E+05	1.5240125807437404E+00
5.7741741741741740E+05	1.5240008709920745E+00
5.7833833833833830E+05	1.5240118550468891E+00
5.7925925925925921E+05	1.5240012559372536E+00
5.8018018018018024E+05	1.5240112316963894E+00
5.8110110110110114E+05	1.5240016804526721E+00
5.8202202202202205E+05	1.5240125779564024E+00
5.8294294294294296E+05	1.5240023412653660E+00
5.8386386386386387E+05	1.5240123654306037E+00
5.8478478478478477E+05	1.5240047680482158E+00
5.8570570570570568E+05	1.5240112341819068E+00
5.8662662662662659E+05	1.5240051815300546E+00
5.8754754754754761E+05	1.5240130500329261E+00
5.8846846846846852E+05	1.5240063254322489E+00
5.8938938938938943E+05	1.5240120596836775E+00
5.9031031031031033E+05	1.5240070098346277E+00
5.9123123123123124E+05	1.5240130351526937E+00
5.9215215215215215E+05	1.5240081067654885E+00
5.9307307307307306E+05	1.5240116888921409E+00
5.9399399399399396E+05	1.5240064961407163E+00
5.9491491491491487E+05	1.5240126425844547E+00
5.9583583583583590E+05	1.5240084431414915E+00
5.9675675675675680E+05	1.5240130307471402E+00
5.9767767767767771E+05	1.5240076444295902E+00
5.9859859859859862E+05	1.5240123022238317E+00
5.9951951951951953E+05	1.5240066182392329E+00
6.0044044044044043E+05	1.5240120419700454E+00
6.0136136136136134E+05	1.5240058428265331E+00
6.0228228228228225E+05	1.5240121644239979E+00
6.0320320320320316E+05	1.5240050356372827E+00
6.0412412412412418E+05	1.5240123552637450E+00
6.0504504504504509E+05	1.5240039837233728E+00
6.0596596596596600E+05	1.5240124406897075E+00
6.0688688688688690E+05	1.5240026780606590E+00
6.0780780780780781E+05	1.5240123802925469E+00
6.0872872872872872E+05	1.5240013633742884E+00
6.0964964964964963E+05	1.5240121960887614E+00
6.1057057057057053E+05	1.5240004609362010E+00
6.1149149149149156E+05	1.5240119357245268E+00
6.1241241241241246E+05	1.5240005581748914E+00
6.1333333333333337E+05	1.5240117913731108E+00
6.1425425425425428E+05	1.5240021522963985E+00
6.1517517517517519E+05	1.5240121112454075E+00
6.1609609609609609E+05	1.5240052850515400E+00
6.1701701701701700E+05	1.5240129445593356E+00
6.1793793793793791E+05	1.5240088254555118E+00
6.1885885885885882E+05	1.5240127355828823E+00
6.1977977977977984E+05	1.5240097213128421E+00
6.2070070070070075E+05	1.5240122055652485E+00
6.2162162162162166E+05	1.5240140504995474E+00
6.2254254254254256E+05	1.5240139321473325E+00
6.2346346346346347E+05	1.5240152706786594E+00
6.2438438438438438E+05	1.5240135335281835E+00
6.2530530530530529E+05	1.5240166537375399E+00
6.2622622622622619E+05	1.5240152145884100E+00
6.2714714714714710E+05	1.5240171401536393E+00
6.2806806806806813E+05	1.5240142326230977E+00
6.2898898898898903E+05	1.5240183354526065E+00
6.2990990990990994E+05	1.5240160327498873E+00
6.3083083083083085E+05	1.5240171747954205E+00
6.3175175175175176E+05	1.5240170871565049E+00
6.3267267267267266E+05	1.5240172803918177E+00
6.3359359359359357E+05	1.5240164859169487E+00
6.3451451451451448E+05	1.5240170277676295E+00
6.3543543543543550E+05	1.5240172931530755E+00
6.3635635635635641E+05	1.5240157283961149E+00
6.3727727727727732E+05	1.5240177993932185E+00
6.3819819819819822E+05	1.5240142472379712E+00
6.3911911911911913E+05	1.5240169403720363E+00
6.4004004004004004E+05	1.5240133901179227E+00
6.4096096096096095E+05	1.5240149994770178E+00
6.4188188188188185E+05	1.5240115084060064E+00
6.4280280280280276E+05	1.5240104759948301E+00
6.4372372372372379E+05	1.5240119952222719E+00
6.4464464464464469E+05	1.5240041282311767E+00
6.4556556556556560E+05	1.5240111810705870E+00
6.4648648648648651E+05	1.5240009108224390E+00
6.4740740740740742E+05	1.5240120970501243E+00
6.4832832832832832E+05	1.5240063601768941E+00
6.4924924924924923E+05	1.5240133220675720E+00
6.5017017017017014E+05	1.5240124592065103E+00
6.5109109109109105E+05	1.5240141465744108E+00
6.5201201201201207E+05	1.5240164628191233E+00
6.5293293293293298E+05	1.5240142953969331E+00
6.5385385385385389E+05	1.5240182186476179E+00
6.5477477477477479E+05	1.5240158169414695E+00
6.5569569569569570E+05	1.5240171016145974E+00
6.5661661661661661E+05	1.5240177015368610E+00
6.5753753753753752E+05	1.5240168906256242E+00
6.5845845845845842E+05	1.5240172217540533E+00
6.5937937937937945E+05	1.5240153235590701E+00
6.6030030030030035E+05	1.5240175600632220E+00
6.6122122122122126E+05	1.5240137329825492E+00
6.6214214214214217E+05	1.5240121964644042E+00
6.6306306306306308E+05	1.5240124841926614E+00
6.6398398398398398E+05	1.5240067392972201E+00
6.6490490490490489E+05	1.5240127753656854E+00
6.6582582582582580E+05	1.5240005943336385E+00
6.6674674674674671E+05	1.5240110190765150E+00
6.6766766766766773E+05	1.5240086646869329E+00
6.6858858858858864E+05	1.5240128767924628E+00
6.6950950950950955E+05	1.5240156417819188E+00
6.7043043043043045E+05	1.5240150580638110E+00
6.7135135135135136E+05	1.5240181733690390E+00
6.7227227227227227E+05	1.5240163454632394E+00
6.7319319319319318E+05	1.5240176584378826E+00
6.7411411411411408E+05	1.5240172987556648E+00
6.7503503503503499E+05	1.5240155819806869E+00
6.7595595595595601E+05	1.5240171217010448E+00
6.7687687687687692E+05	1.5240133809087650E+00
6.7779779779779783E+05	1.5240138400486682E+00
6.7871871871871874E+05	1.5240119942351866E+00
6.7963963963963964E+05	1.5240045295445579E+00
6.8056056056056055E+05	1.5240118560608245E+00
6.8148148148148146E+05	1.5240027047229927E+00
6.8240240240240237E+05	1.5240129029310128E+00
6.8332332332332339E+05	1.5240135155762018E+00
6.8424424424424430E+05	1.5240144918038638E+00
6.8516516516516521E+05	1.5240179219877406E+00
6.8608608608608611E+05	1.5240159397598598E+00
6.8700700700700702E+05	1.5240171857027096E+00
6.8792792792792793E+05	1.5240169548341549E+00
6.8884884884884884E+05	1.5240142876500919E+00
6.8976976976976974E+05	1.5240169594466475E+00
6.9069069069069065E+05	1.5240142233849803E+00
6.9161161161161168E+05	1.5240122980342732E+00
6.9253253253253258E+05	1.5240120768398786E+00
6.9345345345345349E+05	1.5239989773618863E+00
6.9437437437437440E+05	1.5240120531161807E+00
6.9529529529529531E+05	1.5240107856971754E+00
6.9621621621621621E+05	1.5240136488438638E+00
6.9713713713713712E+05	1.5240164256294293E+00
6.9805805805805803E+05	1.5240157660503433E+00
6.9897897897897894E+05	1.5240179671987311E+00
6.9989989989989996E+05	1.5240170015385130E+00
7.0082082082082087E+05	1.5240151602566128E+00
7.0174174174174177E+05	1.5240173656785476E+00
7.0266266266266268E+05	1.5240129437420893E+00
7.0358358358358359E+05	1.5240089605186653E+00
7.0450450450450450E+05	1.5240127061865480E+00
7.0542542542542540E+05	1.5240014719437551E+00
7.0634634634634631E+05	1.5240130770756815E+00
7.0726726726726722E+05	1.5240143950666549E+00
7.0818818818818824E+05	1.5240141939312415E+00
7.0910910910910915E+05	1.5240178250046987E+00
7.1003003003003006E+05	1.5240155418602257E+00
7.1095095095095097E+05	1.5240167545425720E+00
7.1187187187187187E+05	1.5240169056290502E+00
7.1279279279279278E+05	1.5240142311646951E+00
7.1371371371371369E+05	1.5240095704018752E+00
7.1463463463463460E+05	1.5240127088740223E+00
7.1555555555555562E+05	1.5240006905128163E+00
7.1647647647647653E+05	1.5240128409483076E+00
7.1739739739739744E+05	1.5240137188774308E+00
7.1831831831831834E+05	1.5240149401055756E+00
7.1923923923923925E+05	1.5240175214881029E+00
7.2016016016016016E+05	1.5240166742758290E+00
7.2108108108108107E+05	1.5240162625164142E+00
7.2200200200200197E+05	1.5240155933357102E+00
7.2292292292292288E+05	1.5240134096834022E+00
7.2384384384384390E+05	1.5240067650459561E+00
7.2476476476476481E+05	1.5240115384182087E+00
7.2568568568568572E+05	1.5240069926410176E+00
7.2660660660660663E+05	1.5240137283568549E+00
7.2752752752752753E+05	1.5240155590174382E+00
7.2844844844844844E+05	1.5240158749138359E+00
7.2936936936936935E+05	1.5240173131645063E+00
7.3029029029029026E+05	1.5240173723082386E+00
7.3121121121121116E+05	1.5240135361934530E+00
7.3213213213213219E+05	1.5240119225185260E+00
7.3305305305305310E+05	1.5240126374681873E+00
7.3397397397397400E+05	1.5240023804155398E+00
7.3489489489489491E+05	1.5240114476202424E+00
7.3581581581581582E+05	1.5240149028700269E+00
7.3673673673673673E+05	1.5240155917811631E+00
7.3765765765765763E+05	1.5240177030100142E+00
7.3857857857857854E+05	1.5240178799705981E+00
7.3949949949949956E+05	1.5240142057412813E+00
7.4042042042042047E+05	1.5240123741092999E+00
7.4134134134134138E+05	1.5240116457660375E+00
7.4226226226226229E+05	1.5240016027792054E+00
7.4318318318318320E+05	1.5240123361411817E+00
7.4410410410410410E+05	1.5240161159029182E+00
7.4502502502502501E+05	1.5240155253230627E+00
7.4594594594594592E+05	1.5240168914011354E+00
7.4686686686686683E+05	1.5240176433256052E+00
7.4778778778778785E+05	1.5240139263827075E+00
7.4870870870870876E+05	1.5240098661460200E+00
7.4962962962962966E+05	1.5240121725467264E+00
7.5055055055055057E+05	1.5240071063233527E+00
7.5147147147147148E+05	1.5240133952520665E+00
7.5239239239239239E+05	1.5240172723351568E+00
7.5331331331331329E+05	1.5240163501558954E+00
7.5423423423423420E+05	1.5240154112205204E+00
7.5515515515515511E+05	1.5240160130699163E+00
7.5607607607607613E+05	1.5240121983135493E+00
7.5699699699699704E+05	1.5240009614390655E+00
7.5791791791791795E+05	1.5240122001071925E+00
7.5883883883883886E+05	1.5240149226914101E+00
7.5975975975975976E+05	1.5240155498655472E+00
7.6068068068068067E+05	1.5240172851754665E+00
7.6160160160160158E+05	1.5240162412227483E+00
7.6252252252252249E+05	1.5240127808538211E+00
7.6344344344344351E+05	1.5240099336722825E+00
7.6436436436436442E+05	1.5240124267915698E+00
7.6528528528528532E+05	1.5240088477947966E+00
7.6620620620620623E+05	1.5240132768416046E+00
7.6712712712712714E+05	1.5240173820410394E+00
7.6804804804804805E+05	1.5240176966145715E+00
7.6896896896896895E+05	1.5240145677366359E+00
7.6988988988988986E+05	1.5240125445015804E+00
7.7081081081081077E+05	1.5240126375385190E+00
7.7173173173173179E+05	1.5240039873643809E+00
7.7265265265265270E+05	1.5240126624827961E+00
7.7357357357357361E+05	1.5240176223859607E+00
7.7449449449449452E+05	1.5240168042482556E+00
7.7541541541541542E+05	1.5240144252861560E+00
7.7633633633633633E+05	1.5240155669080220E+00
7.7725725725725724E+05	1.5240117394733563E+00
7.7817817817817815E+05	1.5240023058710814E+00
7.7909909909909905E+05	1.5240130733971775E+00
7.8002002002002008E+05	1.5240168152416866E+00
7.8094094094094099E+05	1.5240168480434300E+00
7.8186186186186189E+05	1.5240148924342232E+00
7.8278278278278280E+05	1.5240155343075188E+00
7.8370370370370371E+05	1.5240107115215389E+00
7.8462462462462462E+05	1.5240035990559100E+00
7.8554554554554552E+05	1.5240126587036806E+00
7.8646646646646643E+05	1.5240179443874942E+00
7.8738738738738745E+05	1.5240162234500121E+00
7.8830830830830836E+05	1.5240148515457561E+00
7.8922922922922927E+05	1.5240131968866799E+00
7.9015015015015018E+05	1.5240112520619942E+00
7.9107107107107108E+05	1.5240079711866041E+00
7.9199199199199199E+05	1.5240132574192882E+00
7.9291291291291290E+05	1.5240178720090236E+00
7.9383383383383381E+05	1.5240177255122249E+00
7.9475475475475471E+05	1.5240134268338956E+00
7.9567567567567574E+05	1.5240088613096761E+00
7.9659659659659665E+05	1.5240121773718116E+00
7.9751751751751755E+05	1.5240127176647498E+00
7.9843843843843846E+05	1.5240154062181284E+00
7.9935935935935937E+05	1.5240172885086951E+00
8.0028028028028028E+05	1.5240167075678377E+00
8.0120120120120118E+05	1.5240122178643694E+00
8.0212212212212209E+05	1.5240007284964996E+00
8.0304304304304300E+05	1.5240126471893243E+00
8.0396396396396402E+05	1.5240159278798484E+00
8.0488488488488493E+05	1.5240161023392715E+00
8.0580580580580584E+05	1.5240153962944385E+00
8.0672672672672675E+05	1.5240139974582778E+00
8.0764764764764765E+05	1.5240120527774697E+00
8.0856856856856856E+05	1.5240088424178673E+00
8.0948948948948947E+05	1.5240136929237027E+00
8.1041041041041038E+05	1.5240158853216461E+00
8.1133133133133140E+05	1.5240171406980112E+00
8.1225225225225231E+05	1.5240133734650942E+00
8.1317317317317321E+05	1.5240013633801286E+00
8.1409409409409412E+05	1.5240129618940106E+00
8.1501501501501503E+05	1.5240174211927682E+00
8.1593593593593594E+05	1.5240168721752756E+00
8.1685685685685684E+05	1.5240153651335384E+00
8.1777777777777775E+05	1.5240122330676957E+00
8.1869869869869866E+05	1.5240122254533337E+00
8.1961961961961968E+05	1.5240120643539317E+00
8.2054054054054059E+05	1.5240152314961435E+00
8.2146146146146150E+05	1.5240166801778230E+00
8.2238238238238241E+05	1.5240172454536345E+00
8.2330330330330331E+05	1.5240126347202236E+00
8.2422422422422422E+05	1.5240030711061461E+00
8.2514514514514513E+05	1.5240138973068136E+00
8.2606606606606604E+05	1.5240175187802327E+00
8.2698698698698694E+05	1.5240174631131460E+00
8.2790790790790797E+05	1.5240128713540846E+00
8.2882882882882887E+05	1.5240004325124306E+00
8.2974974974974978E+05	1.5240119896080970E+00
8.3067067067067069E+05	1.5240172345994958E+00
8.3159159159159160E+05	1.5240172327040118E+00
8.3251251251251251E+05	1.5240145733151413E+00
8.3343343343343341E+05	1.5240085449739427E+00
8.3435435435435432E+05	1.5240114342718016E+00
8.3527527527527534E+05	1.5240153449242240E+00
8.3619619619619625E+05	1.5240164154184372E+00
8.3711711711711716E+05	1.5240152589385492E+00
8.3803803803803807E+05	1.5240117283501662E+00
8.3895895895895897E+05	1.5240117347332318E+00
8.3987987987987988E+05	1.5240129875015049E+00
8.4080080080080079E+05	1.5240144931332691E+00
8.4172172172172170E+05	1.5240156964660796E+00
8.4264264264264260E+05	1.5240158515290891E+00
8.4356356356356363E+05	1.5240114547717043E+00
8.4448448448448454E+05	1.5240095742413333E+00
8.4540540540540544E+05	1.5240150959598828E+00
8.4632632632632635E+05	1.5240152219839236E+00
8.4724724724724726E+05	1.5240161497983331E+00
8.4816816816816817E+05	1.5240119919209982E+00
8.4908908908908907E+05	1.5240070821619234E+00
8.5001001001000998E+05	1.5240149295579435E+00
8.5093093093093089E+05	1.5240161114001576E+00
8.5185185185185191E+05	1.5240169745687093E+00
8.5277277277277282E+05	1.5240108043289271E+00
8.5369369369369373E+05	1.5240078711890575E+00
8.5461461461461463E+05	1.5240139187761110E+00
8.5553553553553554E+05	1.5240171501848014E+00
8.5645645645645645E+05	1.5240150445981937E+00
8.5737737737737736E+05	1.5240123752990509E+00
8.5829829829829826E+05	1.5240081698403867E+00
8.5921921921921929E+05	1.5240149676712902E+00
8.6014014014014020E+05	1.5240154270146464E+00
8.6106106106106110E+05	1.5240159912371285E+00
8.6198198198198201E+05	1.5240118868921204E+00
8.6290290290290292E+05	1.5240104744128229E+00
8.6382382382382383E+05	1.5240154445075444E+00
8.6474474474474473E+05	1.5240154591439778E+00
8.6566566566566564E+05	1.5240137062611567E+00
8.6658658658658655E+05	1.5240122825338451E+00
8.6750750750750757E+05	1.5240133817046762E+00
8.6842842842842848E+05	1.5240153437580595E+00
8.6934934934934939E+05	1.5240154736671887E+00
8.7027027027027030E+05	1.5240112801731254E+00
8.7119119119119120E+05	1.5240102520428354E+00
8.7211211211211211E+05	1.5240160769646076E+00
8.7303303303303302E+05	1.5240171026711200E+00
8.7395395395395393E+05	1.5240140126017991E+00
8.7487487487487483E+05	1.5240042508383687E+00
8.7579579579579586E+05	1.5240119418917530E+00
8.7671671671671676E+05	1.5240173299517632E+00
8.7763763763763767E+05	1.5240177910508139E+00
8.7855855855855858E+05	1.5240133444150332E+00
8.7947947947947949E+05	1.5239997171826256E+00
8.8040040040040039E+05	1.5240116722628225E+00
8.8132132132132130E+05	1.5240160027955971E+00
8.8224224224224221E+05	1.5240167801715492E+00
8.8316316316316323E+05	1.5240124502454948E+00
8.8408408408408414E+05	1.5240092721191885E+00
8.8500500500500505E+05	1.5240153299135366E+00
8.8592592592592596E+05	1.5240162118469938E+00
8.8684684684684686E+05	1.5240135882523187E+00
8.8776776776776777E+05	1.5240119698006489E+00
8.8868868868868868E+05	1.5240157791309330E+00
8.8960960960960959E+05	1.5240166682663878E+00
8.9053053053053049E+05	1.5240139939862569E+00
8.9145145145145152E+05	1.5240027252988189E+00
8.9237237237237243E+05	1.5240128679631548E+00
8.9329329329329333E+05	1.5240176399762713E+00
8.9421421421421424E+05	1.5240177011957843E+00
8.9513513513513515E+05	1.5240127931355736E+00
8.9605605605605606E+05	1.5240072601614010E+00
8.9697697697697696E+05	1.5240147837816087E+00
8.9789789789789787E+05	1.5240152322135434E+00
8.9881881881881878E+05	1.5240114706662686E+00
8.9973973973973980E+05	1.5240106175611461E+00
9.0066066066066071E+05	1.5240162586833597E+00
9.0158158158158162E+05	1.5240174158320228E+00
9.0250250250250252E+05	1.5240136759606562E+00
9.0342342342342343E+05	1.5239999393929473E+00
9.0434434434434434E+05	1.5240127418003320E+00
9.0526526526526525E+05	1.5240165895278375E+00
9.0618618618618615E+05	1.5240165353221391E+00
9.0710710710710718E+05	1.5240122716123288E+00
9.0802802802802809E+05	1.5240123815678639E+00
9.0894894894894899E+05	1.5240154377964368E+00
9.0986986986986990E+05	1.5240147754731519E+00
9.1079079079079081E+05	1.5240033653101432E+00
9.1171171171171172E+05	1.5240121264679394E+00
9.1263263263263262E+05	1.5240173552987941E+00
9.1355355355355353E+05	1.5240173409944753E+00
9.1447447447447444E+05	1.5240103243148404E+00
9.1539539539539546E+05	1.5240121278759609E+00
9.1631631631631637E+05	1.5240155052629480E+00
9.1723723723723728E+05	1.5240141335585307E+00
9.1815815815815818E+05	1.5240054414845341E+00
9.1907907907907909E+05	1.5240110577387425E+00
9.2000000000000000E+05	1.5240177386340974E+00
