2.9858504980802536E-01	3.7316406250000000E+01
8.4084941968321800E+00	3.7582031250000000E+01
1.6502105176448822E+01	3.7589843750000000E+01
2.4587028346955776E+01	3.7593750000000000E+01
3.2709721304476261E+01	3.7593750000000000E+01
4.0844853788614273E+01	3.7593750000000000E+01
4.8962489292025566E+01	3.7593750000000000E+01
5.7036064304411411E+01	3.7593750000000000E+01
6.5133789710700512E+01	3.7593750000000000E+01
7.3234228156507015E+01	3.7593750000000000E+01
8.1337344780564308E+01	3.7593750000000000E+01
8.9428438894450665E+01	3.7593750000000000E+01
9.7516655586659908E+01	3.7593750000000000E+01
1.0563987976312637E+02	3.7593750000000000E+01
1.1376860973238945E+02	3.7593750000000000E+01
1.2186038302630186E+02	3.7593750000000000E+01
1.2994349316507578E+02	3.7593750000000000E+01
1.3803563711792231E+02	3.7593750000000000E+01
1.4613943180441856E+02	3.7601562500000000E+01
1.5424198813736439E+02	3.7601562500000000E+01
1.6232013821601868E+02	3.7601562500000000E+01
1.7042515830695629E+02	3.7601562500000000E+01
1.7855126897990704E+02	3.7601562500000000E+01
1.8666208187490702E+02	3.7601562500000000E+01
1.9474049319326878E+02	3.7601562500000000E+01
2.0281823010742664E+02	3.7601562500000000E+01
2.1091563139855862E+02	3.7601562500000000E+01
2.1901464757323265E+02	3.7601562500000000E+01
2.2709908292442560E+02	3.7601562500000000E+01
2.3518161808699369E+02	3.7601562500000000E+01
2.4329452554881573E+02	3.7601562500000000E+01
2.5141087461262941E+02	3.7601562500000000E+01
2.5951689568907022E+02	3.7601562500000000E+01
2.6758915213495493E+02	3.7605468750000000E+01
2.7566742731630802E+02	3.7605468750000000E+01
2.8375911434739828E+02	3.7605468750000000E+01
2.9186209167540073E+02	3.7605468750000000E+01
2.9996264361590147E+02	3.7605468750000000E+01
3.0803532227873802E+02	3.7605468750000000E+01
3.1614839630573988E+02	3.7605468750000000E+01
3.2425476377457380E+02	3.7605468750000000E+01
3.3234669278562069E+02	3.7605468750000000E+01
3.4041826563328505E+02	3.7605468750000000E+01
3.4849591655284166E+02	3.7605468750000000E+01
3.5658941818773746E+02	3.7605468750000000E+01
3.6469580450654030E+02	3.7605468750000000E+01
3.7278985789418221E+02	3.7605468750000000E+01
3.8087074737995863E+02	3.7605468750000000E+01
3.8897366913408041E+02	3.7605468750000000E+01
3.9706832809746265E+02	3.7605468750000000E+01
4.0515318112820387E+02	3.7605468750000000E+01
4.1321505900472403E+02	3.7605468750000000E+01
4.2129676444828510E+02	3.7605468750000000E+01
4.2939432195574045E+02	3.7605468750000000E+01
4.3749922923743725E+02	3.7605468750000000E+01
4.4557926198095083E+02	3.7605468750000000E+01
4.5366102443635464E+02	3.7605468750000000E+01
4.6176009174436331E+02	3.7605468750000000E+01
4.6985047283768654E+02	3.7605468750000000E+01
4.7792613305896521E+02	3.7605468750000000E+01
4.8598761951178312E+02	3.7605468750000000E+01
4.9407539970427752E+02	3.7605468750000000E+01
5.0216923366487026E+02	3.7605468750000000E+01
5.1027579440921545E+02	3.7605468750000000E+01
5.1833618064224720E+02	3.7605468750000000E+01
5.2641940112411976E+02	3.7605468750000000E+01
5.3451317635178566E+02	3.7605468750000000E+01
5.4260053537786007E+02	3.7605468750000000E+01
5.5066727369278669E+02	3.7605468750000000E+01
5.5872299952805042E+02	3.7605468750000000E+01
5.6681045091897249E+02	3.7605468750000000E+01
5.7492230726778507E+02	3.7605468750000000E+01
5.8302234529703856E+02	3.7605468750000000E+01
5.9107503051310778E+02	3.7605468750000000E+01
5.9915797914564610E+02	3.7605468750000000E+01
6.0723269531875849E+02	3.7605468750000000E+01
6.1530266924202442E+02	3.7605468750000000E+01
6.2334718450903893E+02	3.7605468750000000E+01
6.3141025047004223E+02	3.7605468750000000E+01
6.3950945104658604E+02	3.7605468750000000E+01
6.4761593195050955E+02	3.7605468750000000E+01
6.5569331245124340E+02	3.7605468750000000E+01
6.6374816466122866E+02	3.7605468750000000E+01
6.7182188424468040E+02	3.7605468750000000E+01
6.7990232815593481E+02	3.7605468750000000E+01
6.8797614359110594E+02	3.7605468750000000E+01
6.9602708774060011E+02	3.7605468750000000E+01
7.0410039473325014E+02	3.7605468750000000E+01
7.1220552739500999E+02	3.7605468750000000E+01
7.2030225939303637E+02	3.7605468750000000E+01
7.2836952328681946E+02	3.7605468750000000E+01
7.3641877578198910E+02	3.7605468750000000E+01
7.4449142453819513E+02	3.7605468750000000E+01
7.5256929118186235E+02	3.7605468750000000E+01
7.6064401610195637E+02	3.7605468750000000E+01
7.6869511082768440E+02	3.7605468750000000E+01
7.7677313794940710E+02	3.7605468750000000E+01
7.8487178013473749E+02	3.7605468750000000E+01
7.9295540609955788E+02	3.7605468750000000E+01
8.0101658654212952E+02	3.7605468750000000E+01
8.0907182174921036E+02	3.7605468750000000E+01
8.1714946228265762E+02	3.7605468750000000E+01
8.2522256851196289E+02	3.7605468750000000E+01
8.3329506877064705E+02	3.7605468750000000E+01
8.4134820365160704E+02	3.7605468750000000E+01
8.4943182534724474E+02	3.7605468750000000E+01
8.5753623423725367E+02	3.7605468750000000E+01
8.6562421447038651E+02	3.7605468750000000E+01
8.7367940675467253E+02	3.7605468750000000E+01
8.8173423489183187E+02	3.7605468750000000E+01
8.8980942931026220E+02	3.7605468750000000E+01
8.9789001610875130E+02	3.7605468750000000E+01
9.0595821745693684E+02	3.7605468750000000E+01
9.1401507688313723E+02	3.7605468750000000E+01
9.2211142262071371E+02	3.7605468750000000E+01
9.3020384218543768E+02	3.7605468750000000E+01
9.3828009841591120E+02	3.7605468750000000E+01
9.4633296974003315E+02	3.7605468750000000E+01
9.5439795669168234E+02	3.7605468750000000E+01
9.6246085112541914E+02	3.7605468750000000E+01
9.7054235494136810E+02	3.7605468750000000E+01
9.7859805478155613E+02	3.7605468750000000E+01
9.8666025389730930E+02	3.7605468750000000E+01
9.9473979306966066E+02	3.7605468750000000E+01
1.0028171649724245E+03	3.7605468750000000E+01
1.0108837118819356E+03	3.7605468750000000E+01
1.0189248236790299E+03	3.7605468750000000E+01
1.0269908872842789E+03	3.7605468750000000E+01
1.0350636211931705E+03	3.7605468750000000E+01
1.0431458651572466E+03	3.7605468750000000E+01
1.0511990503445268E+03	3.7605468750000000E+01
1.0592679674103856E+03	3.7605468750000000E+01
1.0673389624208212E+03	3.7605468750000000E+01
1.0754166921749711E+03	3.7605468750000000E+01
1.0834743407741189E+03	3.7605468750000000E+01
1.0915209746211767E+03	3.7605468750000000E+01
1.0995894343852997E+03	3.7605468750000000E+01
1.1076705532222986E+03	3.7605468750000000E+01
1.1157475224211812E+03	3.7605468750000000E+01
1.1237945600226521E+03	3.7605468750000000E+01
1.1318626558706164E+03	3.7605468750000000E+01
1.1399435182586312E+03	3.7605468750000000E+01
1.1480142123550177E+03	3.7605468750000000E+01
1.1560610723122954E+03	3.7605468750000000E+01
1.1641059123426676E+03	3.7605468750000000E+01
1.1721788260936737E+03	3.7605468750000000E+01
1.1802642562612891E+03	3.7605468750000000E+01
1.1883316997587681E+03	3.7605468750000000E+01
1.1963762218877673E+03	3.7605468750000000E+01
1.2044432734102011E+03	3.7605468750000000E+01
1.2125111299008131E+03	3.7605468750000000E+01
1.2205756974294782E+03	3.7605468750000000E+01
1.2286159364506602E+03	3.7605468750000000E+01
1.2366673134639859E+03	3.7605468750000000E+01
1.2447411023825407E+03	3.7605468750000000E+01
1.2528222645968199E+03	3.7605468750000000E+01
1.2608755535557866E+03	3.7605468750000000E+01
1.2689186299890280E+03	3.7605468750000000E+01
1.2769799653589725E+03	3.7605468750000000E+01
1.2850481433123350E+03	3.7605468750000000E+01
1.2930983829200268E+03	3.7605468750000000E+01
1.3011369274258614E+03	3.7605468750000000E+01
1.3091898457482457E+03	3.7605468750000000E+01
1.3172701940536499E+03	3.7605468750000000E+01
1.3253556517660618E+03	3.7605468750000000E+01
1.3334037162959576E+03	3.7605468750000000E+01
1.3414430068209767E+03	3.7605468750000000E+01
1.3494909141361713E+03	3.7605468750000000E+01
1.3575507597252727E+03	3.7605468750000000E+01
1.3655989522859454E+03	3.7605468750000000E+01
1.3736331545487046E+03	3.7605468750000000E+01
1.3817005406692624E+03	3.7605468750000000E+01
1.3897899162471294E+03	3.7605468750000000E+01
1.3978671421930194E+03	3.7605468750000000E+01
1.4058983260691166E+03	3.7605468750000000E+01
1.4139465418010950E+03	3.7605468750000000E+01
1.4220092151686549E+03	3.7605468750000000E+01
1.4300717177093029E+03	3.7605468750000000E+01
1.4381141672059894E+03	3.7605468750000000E+01
1.4461418109014630E+03	3.7605468750000000E+01
1.4542134898379445E+03	3.7605468750000000E+01
1.4623029391318560E+03	3.7605468750000000E+01
1.4703668155446649E+03	3.7605468750000000E+01
1.4783955020979047E+03	3.7605468750000000E+01
1.4864439612999558E+03	3.7605468750000000E+01
1.4945037654116750E+03	3.7605468750000000E+01
1.5025439908057451E+03	3.7605468750000000E+01
1.5105782806500793E+03	3.7605468750000000E+01
1.5186168241053820E+03	3.7605468750000000E+01
1.5266971079409122E+03	3.7605468750000000E+01
1.5347772597372532E+03	3.7605468750000000E+01
1.5428212227895856E+03	3.7605468750000000E+01
1.5508462041541934E+03	3.7605468750000000E+01
1.5588913059458137E+03	3.7605468750000000E+01
1.5669524806812406E+03	3.7605468750000000E+01
1.5749976192861795E+03	3.7605468750000000E+01
1.5830174926593900E+03	3.7605468750000000E+01
1.5910474255383015E+03	3.7605468750000000E+01
1.5991289541795850E+03	3.7605468750000000E+01
1.6072015779316425E+03	3.7605468750000000E+01
1.6152404801771045E+03	3.7605468750000000E+01
1.6232673906311393E+03	3.7605468750000000E+01
1.6313136771172285E+03	3.7605468750000000E+01
1.6393678291812539E+03	3.7605468750000000E+01
1.6474177295342088E+03	3.7605468750000000E+01
1.6554362017139792E+03	3.7605468750000000E+01
1.6634858921393752E+03	3.7605468750000000E+01
1.6715567822456360E+03	3.7605468750000000E+01
1.6796154421046376E+03	3.7605468750000000E+01
1.6876451493129134E+03	3.7605468750000000E+01
1.6956725492998958E+03	3.7605468750000000E+01
1.7037120039165020E+03	3.7605468750000000E+01
1.7117670539841056E+03	3.7605468750000000E+01
1.7198111304938793E+03	3.7605468750000000E+01
1.7278149550780654E+03	3.7605468750000000E+01
1.7358751100003719E+03	3.7605468750000000E+01
1.7439431782811880E+03	3.7605468750000000E+01
1.7519954799488187E+03	3.7605468750000000E+01
1.7600154750719666E+03	3.7605468750000000E+01
1.7680462013781071E+03	3.7605468750000000E+01
1.7760810215249658E+03	3.7605468750000000E+01
1.7841401212215424E+03	3.7605468750000000E+01
1.7921645020619035E+03	3.7605468750000000E+01
1.8001746960356832E+03	3.7605468750000000E+01
1.8082342056334019E+03	3.7605468750000000E+01
1.8162714159637690E+03	3.7605468750000000E+01
1.8243141641020775E+03	3.7605468750000000E+01
1.8323272598758340E+03	3.7605468750000000E+01
1.8403601753190160E+03	3.7605468750000000E+01
1.8484137854725122E+03	3.7605468750000000E+01
1.8564754737317562E+03	3.7605468750000000E+01
1.8644953171610832E+03	3.7605468750000000E+01
1.8725128839686513E+03	3.7605468750000000E+01
1.8805680714622140E+03	3.7605468750000000E+01
1.8886193950101733E+03	3.7605468750000000E+01
1.8966548764482141E+03	3.7605468750000000E+01
1.9046543791219592E+03	3.7605468750000000E+01
1.9126818032786250E+03	3.7605468750000000E+01
1.9207400634959340E+03	3.7605468750000000E+01
1.9287910523042083E+03	3.7605468750000000E+01
1.9368050765767694E+03	3.7605468750000000E+01
1.9448146141245961E+03	3.7605468750000000E+01
1.9528484069630504E+03	3.7605468750000000E+01
1.9608912201002240E+03	3.7605468750000000E+01
1.9689177697300911E+03	3.7605468750000000E+01
1.9769170057773590E+03	3.7605468750000000E+01
1.9849472321495414E+03	3.7605468750000000E+01
1.9930136206746101E+03	3.7605468750000000E+01
2.0010699012055993E+03	3.7605468750000000E+01
2.0090872561633587E+03	3.7605468750000000E+01
2.0170934505984187E+03	3.7605468750000000E+01
2.0251412438228726E+03	3.7605468750000000E+01
2.0331854721233249E+03	3.7605468750000000E+01
2.0411930224373937E+03	3.7605468750000000E+01
2.0491973093897104E+03	3.7605468750000000E+01
2.0572342921495438E+03	3.7605468750000000E+01
2.0653040987923741E+03	3.7605468750000000E+01
2.0733411347866058E+03	3.7605468750000000E+01
2.0813449347838759E+03	3.7605468750000000E+01
2.0893610545396805E+03	3.7605468750000000E+01
2.0974058350771666E+03	3.7605468750000000E+01
2.1054465674087405E+03	3.7605468750000000E+01
2.1134463593736291E+03	3.7605468750000000E+01
2.1214596794322133E+03	3.7605468750000000E+01
2.1294938744306564E+03	3.7605468750000000E+01
2.1375528297424316E+03	3.7605468750000000E+01
2.1455865500643849E+03	3.7605468750000000E+01
2.1535967586338520E+03	3.7605468750000000E+01
2.1616178924515843E+03	3.7605468750000000E+01
2.1696613494604826E+03	3.7605468750000000E+01
2.1776824659109116E+03	3.7605468750000000E+01
2.1856891634389758E+03	3.7605468750000000E+01
2.1937134569659829E+03	3.7605468750000000E+01
2.2017644074559212E+03	3.7605468750000000E+01
2.2098165204748511E+03	3.7605468750000000E+01
2.2178370424062014E+03	3.7605468750000000E+01
2.2258420718684793E+03	3.7605468750000000E+01
2.2338490309119225E+03	3.7605468750000000E+01
2.2418881090432405E+03	3.7605468750000000E+01
2.2498992386385798E+03	3.7605468750000000E+01
2.2579097902551293E+03	3.7605468750000000E+01
2.2659400673285127E+03	3.7605468750000000E+01
2.2739875346943736E+03	3.7605468750000000E+01
2.2820278141647577E+03	3.7605468750000000E+01
2.2900404616817832E+03	3.7605468750000000E+01
2.2980444250777364E+03	3.7605468750000000E+01
2.3060649647414684E+03	3.7605468750000000E+01
2.3140972548425198E+03	3.7605468750000000E+01
2.3221164506450295E+03	3.7605468750000000E+01
2.3301216041222215E+03	3.7605468750000000E+01
2.3381578545123339E+03	3.7605468750000000E+01
2.3462083272859454E+03	3.7605468750000000E+01
2.3542338510826230E+03	3.7605468750000000E+01
2.3622335616052151E+03	3.7605468750000000E+01
2.3702387157380581E+03	3.7605468750000000E+01
2.3782509647086263E+03	3.7605468750000000E+01
2.3862744731456041E+03	3.7605468750000000E+01
2.3942968797609210E+03	3.7605468750000000E+01
2.4023024341613054E+03	3.7605468750000000E+01
2.4103475251197815E+03	3.7605468750000000E+01
2.4183889351040125E+03	3.7605468750000000E+01
2.4264116265848279E+03	3.7605468750000000E+01
2.4344099852517247E+03	3.7605468750000000E+01
2.4424208596497774E+03	3.7605468750000000E+01
2.4504467460215092E+03	3.7605468750000000E+01
2.4584668343439698E+03	3.7605468750000000E+01
2.4664815972745419E+03	3.7605468750000000E+01
2.4744987317249179E+03	3.7605468750000000E+01
2.4825408454462886E+03	3.7605468750000000E+01
2.4905733501091599E+03	3.7605468750000000E+01
2.4985842314437032E+03	3.7605468750000000E+01
2.5065807731300592E+03	3.7605468750000000E+01
2.5145980292707682E+03	3.7605468750000000E+01
2.5226297881156206E+03	3.7605468750000000E+01
2.5306644168272614E+03	3.7605468750000000E+01
2.5386552990376949E+03	3.7605468750000000E+01
2.5466875590756536E+03	3.7605468750000000E+01
2.5547155607044697E+03	3.7605468750000000E+01
2.5627440681159496E+03	3.7605468750000000E+01
2.5707564126998186E+03	3.7605468750000000E+01
2.5787605246007442E+03	3.7605468750000000E+01
2.5867756877988577E+03	3.7605468750000000E+01
2.5948051211759448E+03	3.7605468750000000E+01
2.6028264055848122E+03	3.7605468750000000E+01
2.6108402689397335E+03	3.7605468750000000E+01
2.6188678379729390E+03	3.7605468750000000E+01
2.6269020308032632E+03	3.7605468750000000E+01
2.6349141068831086E+03	3.7605468750000000E+01
2.6429165870845318E+03	3.7605468750000000E+01
2.6509190296903253E+03	3.7605468750000000E+01
2.6589404129013419E+03	3.7605468750000000E+01
2.6669842152670026E+03	3.7605468750000000E+01
2.6749991473406553E+03	3.7605468750000000E+01
2.6830149176642299E+03	3.7605468750000000E+01
2.6910373674854636E+03	3.7605468750000000E+01
2.6990661801397800E+03	3.7605468750000000E+01
2.7070851269140840E+03	3.7605468750000000E+01
2.7150611517652869E+03	3.7605468750000000E+01
2.7230725039020181E+03	3.7605468750000000E+01
2.7311099703162909E+03	3.7605468750000000E+01
2.7391583169251680E+03	3.7605468750000000E+01
2.7471923350170255E+03	3.7605468750000000E+01
2.7552057468444109E+03	3.7605468750000000E+01
2.7632298189252615E+03	3.7605468750000000E+01
2.7712572777271271E+03	3.7605468750000000E+01
2.7792736375853419E+03	3.7605468750000000E+01
2.7872737059146166E+03	3.7605468750000000E+01
2.7952933676317334E+03	3.7605468750000000E+01
2.8033337250575423E+03	3.7605468750000000E+01
2.8113820626065135E+03	3.7605468750000000E+01
2.8193932763412595E+03	3.7605468750000000E+01
2.8274059153944254E+03	3.7605468750000000E+01
2.8354342094808817E+03	3.7605468750000000E+01
2.8434634380862117E+03	3.7605468750000000E+01
2.8514747762978077E+03	3.7605468750000000E+01
2.8594711179584265E+03	3.7605468750000000E+01
2.8675026798844337E+03	3.7605468750000000E+01
2.8755577314719558E+03	3.7605468750000000E+01
2.8835950990021229E+03	3.7605468750000000E+01
2.8916130927503109E+03	3.7605468750000000E+01
2.8996209519729018E+03	3.7605468750000000E+01
2.9076424796804786E+03	3.7605468750000000E+01
2.9156668841540813E+03	3.7605468750000000E+01
2.9236657018214464E+03	3.7605468750000000E+01
2.9316776665523648E+03	3.7605468750000000E+01
2.9397197147682309E+03	3.7605468750000000E+01
2.9477687301933765E+03	3.7605468750000000E+01
2.9557961988821626E+03	3.7605468750000000E+01
2.9637996416389942E+03	3.7605468750000000E+01
2.9718131908178329E+03	3.7605468750000000E+01
2.9798315621316433E+03	3.7605468750000000E+01
2.9878513525277376E+03	3.7605468750000000E+01
2.9958606091737747E+03	3.7605468750000000E+01
3.0038677538409829E+03	3.7605468750000000E+01
3.0118932347372174E+03	3.7605468750000000E+01
3.0199424114674330E+03	3.7605468750000000E+01
3.0279676521867514E+03	3.7605468750000000E+01
3.0359689287170768E+03	3.7605468750000000E+01
3.0439821996614337E+03	3.7605468750000000E+01
3.0520078083574772E+03	3.7605468750000000E+01
3.0600254203602672E+03	3.7605468750000000E+01
3.0680272960513830E+03	3.7605468750000000E+01
3.0760389651060104E+03	3.7605468750000000E+01
3.0840879682451487E+03	3.7605468750000000E+01
3.0921292971894145E+03	3.7605468750000000E+01
3.1001436678916216E+03	3.7605468750000000E+01
3.1081355254277587E+03	3.7605468750000000E+01
3.1161505349203944E+03	3.7605468750000000E+01
3.1241723195537925E+03	3.7605468750000000E+01
3.1321927499771118E+03	3.7605468750000000E+01
3.1401917533129454E+03	3.7605468750000000E+01
3.1482146240100265E+03	3.7605468750000000E+01
3.1562569225057960E+03	3.7605468750000000E+01
3.1642904469296336E+03	3.7605468750000000E+01
3.1722701840996742E+03	3.7605468750000000E+01
3.1802503574192524E+03	3.7605468750000000E+01
3.1882695017158985E+03	3.7605468750000000E+01
3.1962988481000066E+03	3.7605468750000000E+01
3.2043286781385541E+03	3.7605468750000000E+01
3.2123278868943453E+03	3.7605468750000000E+01
3.2203668466508389E+03	3.7605468750000000E+01
3.2284063973650336E+03	3.7605468750000000E+01
3.2364295533224940E+03	3.7605468750000000E+01
3.2444232484772801E+03	3.7605468750000000E+01
3.2524256636127830E+03	3.7605468750000000E+01
3.2604470421224833E+03	3.7605468750000000E+01
3.2684781790450215E+03	3.7605468750000000E+01
3.2765051572173834E+03	3.7605468750000000E+01
3.2845143326222897E+03	3.7605468750000000E+01
3.2925421539172530E+03	3.7605468750000000E+01
3.3005771853402257E+03	3.7605468750000000E+01
3.3085977232903242E+03	3.7605468750000000E+01
3.3165871979817748E+03	3.7605468750000000E+01
3.3245772896558046E+03	3.7605468750000000E+01
3.3326040960326791E+03	3.7605468750000000E+01
3.3406391929462552E+03	3.7605468750000000E+01
3.3486619189009070E+03	3.7605468750000000E+01
3.3566642281413078E+03	3.7605468750000000E+01
3.3646901398822665E+03	3.7605468750000000E+01
3.3727213575020432E+03	3.7605468750000000E+01
3.3807370577827096E+03	3.7605468750000000E+01
3.3887348866239190E+03	3.7605468750000000E+01
3.3967515245750546E+03	3.7605468750000000E+01
3.4047850773856044E+03	3.7605468750000000E+01
3.4128212539181113E+03	3.7605468750000000E+01
3.4208342598900199E+03	3.7605468750000000E+01
3.4288435610905290E+03	3.7605468750000000E+01
3.4368696965128183E+03	3.7605468750000000E+01
3.4448964452221990E+03	3.7605468750000000E+01
3.4529028913378716E+03	3.7605468750000000E+01
3.4608961553350091E+03	3.7605468750000000E+01
3.4689153692722321E+03	3.7605468750000000E+01
3.4769580740407109E+03	3.7605468750000000E+01
3.4850035470500588E+03	3.7605468750000000E+01
3.4930031453892589E+03	3.7605468750000000E+01
3.5010157523900270E+03	3.7605468750000000E+01
3.5090430804640055E+03	3.7605468750000000E+01
3.5170703264921904E+03	3.7605468750000000E+01
3.5250693502947688E+03	3.7605468750000000E+01
3.5330576330497861E+03	3.7605468750000000E+01
3.5410887728855014E+03	3.7605468750000000E+01
3.5491280450597405E+03	3.7605468750000000E+01
3.5571667224466801E+03	3.7605468750000000E+01
3.5651611550971866E+03	3.7605468750000000E+01
3.5731745565384626E+03	3.7605468750000000E+01
3.5812003863081336E+03	3.7605468750000000E+01
3.5892172942012548E+03	3.7605468750000000E+01
3.5972216969802976E+03	3.7605468750000000E+01
3.6052228722423315E+03	3.7605468750000000E+01
3.6132593384012580E+03	3.7605468750000000E+01
3.6213117264881730E+03	3.7605468750000000E+01
3.6293395880088210E+03	3.7605468750000000E+01
3.6373325807452202E+03	3.7605468750000000E+01
3.6453365270271897E+03	3.7605468750000000E+01
3.6533635204285383E+03	3.7605468750000000E+01
3.6613798719719052E+03	3.7605468750000000E+01
3.6693722687885165E+03	3.7605468750000000E+01
3.6773787186443806E+03	3.7605468750000000E+01
3.6854160681888461E+03	3.7605468750000000E+01
3.6934635926261544E+03	3.7605468750000000E+01
3.7014750439301133E+03	3.7605468750000000E+01
3.7094666126593947E+03	3.7605468750000000E+01
3.7174801985546947E+03	3.7605468750000000E+01
3.7255036083459854E+03	3.7605468750000000E+01
3.7335237810760736E+03	3.7605468750000000E+01
3.7415042590275407E+03	3.7605468750000000E+01
3.7495333850160241E+03	3.7605468750000000E+01
3.7575860728845000E+03	3.7605468750000000E+01
3.7656213964968920E+03	3.7605468750000000E+01
3.7736275766491890E+03	3.7605468750000000E+01
3.7816279342770576E+03	3.7605468750000000E+01
3.7896420685499907E+03	3.7605468750000000E+01
3.7976601896286011E+03	3.7605468750000000E+01
3.8056742023229599E+03	3.7605468750000000E+01
3.8136717892289162E+03	3.7605468750000000E+01
3.8217051596343517E+03	3.7605468750000000E+01
3.8297459378838539E+03	3.7605468750000000E+01
3.8377737343907356E+03	3.7605468750000000E+01
3.8457756422087550E+03	3.7605468750000000E+01
3.8537718470469117E+03	3.7605468750000000E+01
3.8617909947186708E+03	3.7605468750000000E+01
3.8698044426813722E+03	3.7605468750000000E+01
3.8778166097104549E+03	3.7605468750000000E+01
3.8858181552588940E+03	3.7605468750000000E+01
3.8938523942679167E+03	3.7605468750000000E+01
3.9018836131617427E+03	3.7605468750000000E+01
3.9099003433957696E+03	3.7605468750000000E+01
3.9178941083550453E+03	3.7605468750000000E+01
3.9258951039090753E+03	3.7605468750000000E+01
3.9339131091535091E+03	3.7605468750000000E+01
3.9419352125227451E+03	3.7605468750000000E+01
3.9499420276805758E+03	3.7605468750000000E+01
3.9579456305652857E+03	3.7605468750000000E+01
3.9659791630208492E+03	3.7605468750000000E+01
3.9739910263419151E+03	3.7605468750000000E+01
3.9820046686679125E+03	3.7605468750000000E+01
3.9899926079437137E+03	3.7605468750000000E+01
3.9979945416599512E+03	3.7605468750000000E+01
4.0060146192237735E+03	3.7605468750000000E+01
4.0140383808165789E+03	3.7605468750000000E+01
4.0220397267714143E+03	3.7605468750000000E+01
4.0300419965237379E+03	3.7605468750000000E+01
4.0380691275969148E+03	3.7605468750000000E+01
4.0460828832909465E+03	3.7605468750000000E+01
4.0540860514193773E+03	3.7605468750000000E+01
4.0620758658498526E+03	3.7605468750000000E+01
4.0700828302130103E+03	3.7605468750000000E+01
4.0781057419404387E+03	3.7605468750000000E+01
4.0861050674915314E+03	3.7605468750000000E+01
4.0940852479487658E+03	3.7605468750000000E+01
4.1020953627750278E+03	3.7605468750000000E+01
4.1101188990548253E+03	3.7605468750000000E+01
4.1181271890997887E+03	3.7605468750000000E+01
4.1261247172430158E+03	3.7605468750000000E+01
4.1341144925132394E+03	3.7605468750000000E+01
4.1421305769681931E+03	3.7605468750000000E+01
4.1501609137803316E+03	3.7605468750000000E+01
4.1581925148218870E+03	3.7605468750000000E+01
4.1661838754564524E+03	3.7605468750000000E+01
4.1741933101564646E+03	3.7605468750000000E+01
4.1822109784707427E+03	3.7605468750000000E+01
4.1902233785390854E+03	3.7605468750000000E+01
4.1982177950441837E+03	3.7605468750000000E+01
4.2062065182626247E+03	3.7605468750000000E+01
4.2142292060256004E+03	3.7605468750000000E+01
4.2222662394121289E+03	3.7605468750000000E+01
4.2302907553687692E+03	3.7605468750000000E+01
4.2382776719108224E+03	3.7605468750000000E+01
4.2462905307635665E+03	3.7605468750000000E+01
4.2543011443614960E+03	3.7605468750000000E+01
4.2623153184577823E+03	3.7605468750000000E+01
4.2703075674325228E+03	3.7605468750000000E+01
4.2783101855218410E+03	3.7605468750000000E+01
4.2863452021330595E+03	3.7605468750000000E+01
4.2943947779387236E+03	3.7605468750000000E+01
4.3024140545129776E+03	3.7605468750000000E+01
4.3104059434384108E+03	3.7605468750000000E+01
4.3184138460606337E+03	3.7605468750000000E+01
4.3264430231824517E+03	3.7605468750000000E+01
4.3344615851268172E+03	3.7605468750000000E+01
4.3424423300623894E+03	3.7605468750000000E+01
4.3504460758194327E+03	3.7605468750000000E+01
4.3584844632372260E+03	3.7605468750000000E+01
4.3665345924273133E+03	3.7605468750000000E+01
4.3745527934506536E+03	3.7605468750000000E+01
4.3825459647253156E+03	3.7605468750000000E+01
4.3905610511153936E+03	3.7605468750000000E+01
4.3985913887321949E+03	3.7605468750000000E+01
4.4066072163134813E+03	3.7605468750000000E+01
4.4146091515496373E+03	3.7605468750000000E+01
4.4226322889775038E+03	3.7605468750000000E+01
4.4306884771361947E+03	3.7605468750000000E+01
4.4387364124730229E+03	3.7605468750000000E+01
4.4467511834129691E+03	3.7605468750000000E+01
4.4547630915418267E+03	3.7605468750000000E+01
4.4627910803258419E+03	3.7605468750000000E+01
4.4708201377689838E+03	3.7605468750000000E+01
4.4788369345888495E+03	3.7605468750000000E+01
4.4868472262769938E+03	3.7605468750000000E+01
4.4948719990104437E+03	3.7605468750000000E+01
4.5029223217740655E+03	3.7605468750000000E+01
4.5109616791158915E+03	3.7605468750000000E+01
4.5189742454886436E+03	3.7605468750000000E+01
4.5269827940538526E+03	3.7605468750000000E+01
4.5350065461099148E+03	3.7605468750000000E+01
4.5430388209819794E+03	3.7605468750000000E+01
4.5510590916574001E+03	3.7605468750000000E+01
4.5590598144605756E+03	3.7605468750000000E+01
4.5670927576199174E+03	3.7605468750000000E+01
4.5751441701129079E+03	3.7605468750000000E+01
4.5831823113784194E+03	3.7605468750000000E+01
4.5911926796659827E+03	3.7605468750000000E+01
4.5992075397744775E+03	3.7605468750000000E+01
4.6072433828860521E+03	3.7605468750000000E+01
4.6152831953465939E+03	3.7605468750000000E+01
4.6232856041118503E+03	3.7605468750000000E+01
4.6312800586521626E+03	3.7605468750000000E+01
4.6393174739480019E+03	3.7605468750000000E+01
4.6473643838763237E+03	3.7605468750000000E+01
4.6553995989412069E+03	3.7605468750000000E+01
4.6634023869931698E+03	3.7605468750000000E+01
4.6714119860380888E+03	3.7605468750000000E+01
4.6794493211954832E+03	3.7605468750000000E+01
4.6874985627382994E+03	3.7605468750000000E+01
4.6955179837718606E+03	3.7605468750000000E+01
4.7035147158131003E+03	3.7605468750000000E+01
4.7115561417713761E+03	3.7605468750000000E+01
4.7196046859249473E+03	3.7605468750000000E+01
4.7276379909738898E+03	3.7605468750000000E+01
4.7356363428384066E+03	3.7605468750000000E+01
4.7436581801101565E+03	3.7605468750000000E+01
4.7517056175097823E+03	3.7605468750000000E+01
4.7597610861361027E+03	3.7605468750000000E+01
4.7677693621292710E+03	3.7605468750000000E+01
4.7757659702077508E+03	3.7605468750000000E+01
4.7838141391947865E+03	3.7605468750000000E+01
4.7918649989441037E+03	3.7605468750000000E+01
4.7998876732662320E+03	3.7605468750000000E+01
4.8078723412528634E+03	3.7605468750000000E+01
4.8159038688689470E+03	3.7605468750000000E+01
4.8239604142457247E+03	3.7605468750000000E+01
4.8320242646411061E+03	3.7605468750000000E+01
4.8400109457820654E+03	3.7605468750000000E+01
4.8479899361133575E+03	3.7605468750000000E+01
4.8560333297178149E+03	3.7605468750000000E+01
4.8640891683399677E+03	3.7605468750000000E+01
4.8721089533716440E+03	3.7605468750000000E+01
4.8800944508537650E+03	3.7605468750000000E+01
4.8881306980848312E+03	3.7605468750000000E+01
4.8962045406699181E+03	3.7605468750000000E+01
4.9042697758972645E+03	3.7605468750000000E+01
4.9122582774981856E+03	3.7605468750000000E+01
4.9202660271227360E+03	3.7605468750000000E+01
4.9283168302550912E+03	3.7605468750000000E+01
4.9363765357136726E+03	3.7605468750000000E+01
4.9443920185789466E+03	3.7605468750000000E+01
4.9523775337412953E+03	3.7605468750000000E+01
4.9604276490211487E+03	3.7605468750000000E+01
4.9685058606341481E+03	3.7605468750000000E+01
4.9765859172195196E+03	3.7605468750000000E+01
4.9845792785063386E+03	3.7605468750000000E+01
4.9926077443584800E+03	3.7605468750000000E+01
5.0006573558300734E+03	3.7605468750000000E+01
5.0087205764725804E+03	3.7605468750000000E+01
5.0167543169483542E+03	3.7605468750000000E+01
5.0247581699937582E+03	3.7605468750000000E+01
5.0328261755183339E+03	3.7605468750000000E+01
5.0409165781363845E+03	3.7605468750000000E+01
5.0489812559857965E+03	3.7605468750000000E+01
5.0569781724512577E+03	3.7605468750000000E+01
5.0650158288329840E+03	3.7605468750000000E+01
5.0730693794637918E+03	3.7605468750000000E+01
5.0811240803450346E+03	3.7605468750000000E+01
5.0891472891569138E+03	3.7605468750000000E+01
5.0971766416355968E+03	3.7605468750000000E+01
5.1052577012702823E+03	3.7605468750000000E+01
5.1133534894287586E+03	3.7605468750000000E+01
5.1213977168276906E+03	3.7605468750000000E+01
5.1293999412804842E+03	3.7605468750000000E+01
5.1374501147866249E+03	3.7605468750000000E+01
5.1455116084888577E+03	3.7605468750000000E+01
5.1535704351216555E+03	3.7605468750000000E+01
5.1615956607386470E+03	3.7605468750000000E+01
5.1696216972619295E+03	3.7605468750000000E+01
5.1776978666260839E+03	3.7605468750000000E+01
5.1857845801562071E+03	3.7605468750000000E+01
5.1938290781751275E+03	3.7605468750000000E+01
5.2018404832407832E+03	3.7605468750000000E+01
5.2098927081227303E+03	3.7605468750000000E+01
5.2179529036059976E+03	3.7605468750000000E+01
5.2260078703165054E+03	3.7605468750000000E+01
5.2340342528820038E+03	3.7605468750000000E+01
5.2420789147242904E+03	3.7605468750000000E+01
5.2501661565154791E+03	3.7605468750000000E+01
5.2582575120255351E+03	3.7605468750000000E+01
5.2662925310134888E+03	3.7605468750000000E+01
5.2742925469055772E+03	3.7605468750000000E+01
5.2823447753787041E+03	3.7605468750000000E+01
5.2904153588414192E+03	3.7605468750000000E+01
5.2984821642264724E+03	3.7605468750000000E+01
5.3064853478446603E+03	3.7605468750000000E+01
5.3145227508842945E+03	3.7605468750000000E+01
5.3226142349615693E+03	3.7605468750000000E+01
5.3306829157024622E+03	3.7605468750000000E+01
5.3387014483287930E+03	3.7605468750000000E+01
5.3467141545563936E+03	3.7605468750000000E+01
5.3547757485657930E+03	3.7605468750000000E+01
5.3628513869792223E+03	3.7605468750000000E+01
5.3709051498621702E+03	3.7605468750000000E+01
5.3789006859287620E+03	3.7605468750000000E+01
5.3869522070661187E+03	3.7605468750000000E+01
5.3950381458625197E+03	3.7605468750000000E+01
5.4031042765155435E+03	3.7605468750000000E+01
5.4111268249973655E+03	3.7605468750000000E+01
5.4191744857579470E+03	3.7605468750000000E+01
5.4272497788220644E+03	3.7605468750000000E+01
5.4353248475342989E+03	3.7605468750000000E+01
5.4433696044757962E+03	3.7605468750000000E+01
5.4513686881959438E+03	3.7605468750000000E+01
5.4594520862251520E+03	3.7605468750000000E+01
5.4675469552278519E+03	3.7605468750000000E+01
5.4756236655265093E+03	3.7605468750000000E+01
5.4836556246504188E+03	3.7605468750000000E+01
5.4917078800722957E+03	3.7605468750000000E+01
5.4997959455922246E+03	3.7605468750000000E+01
5.5078812632262707E+03	3.7605468750000000E+01
5.5159172330871224E+03	3.7605468750000000E+01
5.5239161355122924E+03	3.7605468750000000E+01
5.5320009847804904E+03	3.7605468750000000E+01
5.5400985811948776E+03	3.7605468750000000E+01
5.5481838378012180E+03	3.7605468750000000E+01
5.5562232383638620E+03	3.7605468750000000E+01
5.5642728542461991E+03	3.7605468750000000E+01
5.5723609995990992E+03	3.7605468750000000E+01
5.5804798929616809E+03	3.7605468750000000E+01
5.5885379182323813E+03	3.7605468750000000E+01
5.5965588577166200E+03	3.7605468750000000E+01
5.6046596449539065E+03	3.7605468750000000E+01
5.6127647898420691E+03	3.7605468750000000E+01
5.6208464792892337E+03	3.7605468750000000E+01
5.6288533386513591E+03	3.7605468750000000E+01
5.6369273837283254E+03	3.7605468750000000E+01
5.6450426464900374E+03	3.7605468750000000E+01
5.6531604207679629E+03	3.7605468750000000E+01
5.6611921833679080E+03	3.7605468750000000E+01
5.6692043652832508E+03	3.7605468750000000E+01
5.6773124043717980E+03	3.7605468750000000E+01
5.6854147400557995E+03	3.7605468750000000E+01
5.6935124492868781E+03	3.7605468750000000E+01
5.7015277530252934E+03	3.7605468750000000E+01
5.7095873859822750E+03	3.7605468750000000E+01
5.7177109372168779E+03	3.7605468750000000E+01
5.7258305251225829E+03	3.7605468750000000E+01
5.7338946604728699E+03	3.7605468750000000E+01
5.7419037474021316E+03	3.7605468750000000E+01
5.7500018957480788E+03	3.7605468750000000E+01
5.7581185828372836E+03	3.7605468750000000E+01
5.7662235727757215E+03	3.7605468750000000E+01
5.7742478819042444E+03	3.7605468750000000E+01
5.7823003596439958E+03	3.7605468750000000E+01
5.7904116886481643E+03	3.7605468750000000E+01
5.7985467476770282E+03	3.7605468750000000E+01
5.8066291453987360E+03	3.7605468750000000E+01
5.8146398875862360E+03	3.7605468750000000E+01
5.8227433300688863E+03	3.7605468750000000E+01
5.8308592431843281E+03	3.7605468750000000E+01
5.8389707297757268E+03	3.7605468750000000E+01
5.8470339225083590E+03	3.7605468750000000E+01
5.8551124670878053E+03	3.7605468750000000E+01
5.8632581003233790E+03	3.7605468750000000E+01
5.8714036154896021E+03	3.7605468750000000E+01
5.8795214294344187E+03	3.7605468750000000E+01
5.8875893907472491E+03	3.7605468750000000E+01
5.8957019712477922E+03	3.7605468750000000E+01
5.9038195264041424E+03	3.7605468750000000E+01
5.9119428758919239E+03	3.7605468750000000E+01
5.9200320734679699E+03	3.7605468750000000E+01
5.9281384495571256E+03	3.7605468750000000E+01
5.9362875770851970E+03	3.7605468750000000E+01
5.9444533609822392E+03	3.7605468750000000E+01
5.9525730065628886E+03	3.7605468750000000E+01
5.9606481977850199E+03	3.7605468750000000E+01
5.9687583692297339E+03	3.7605468750000000E+01
5.9768820953965187E+03	3.7605468750000000E+01
5.9850060772970319E+03	3.7605468750000000E+01
5.9930840945094824E+03	3.7605468750000000E+01
6.0011715380847454E+03	3.7605468750000000E+01
6.0093113652989268E+03	3.7605468750000000E+01
6.0174489120170474E+03	3.7605468750000000E+01
6.0255497380644083E+03	3.7605468750000000E+01
6.0336183122098446E+03	3.7605468750000000E+01
6.0417154817581177E+03	3.7605468750000000E+01
6.0498177924081683E+03	3.7605468750000000E+01
6.0579301713481545E+03	3.7605468750000000E+01
6.0660445000678301E+03	3.7605468750000000E+01
6.0741246250048280E+03	3.7605468750000000E+01
6.0822320700138807E+03	3.7605468750000000E+01
6.0903419205918908E+03	3.7605468750000000E+01
6.0984432358071208E+03	3.7605468750000000E+01
6.1065439472645521E+03	3.7605468750000000E+01
6.1146224110350013E+03	3.7605468750000000E+01
6.1227045470178127E+03	3.7605468750000000E+01
6.1307723398804665E+03	3.7605468750000000E+01
6.1388964422345161E+03	3.7605468750000000E+01
6.1470208275169134E+03	3.7605468750000000E+01
6.1551183729320765E+03	3.7605468750000000E+01
6.1631889992281795E+03	3.7605468750000000E+01
6.1712843450456858E+03	3.7605468750000000E+01
6.1793829268664122E+03	3.7605468750000000E+01
6.1874518249928951E+03	3.7605468750000000E+01
6.1954813202172518E+03	3.7605468750000000E+01
6.2035668212547898E+03	3.7605468750000000E+01
6.2116904300227761E+03	3.7605468750000000E+01
6.2197934563532472E+03	3.7605468750000000E+01
6.2278287359103560E+03	3.7605468750000000E+01
6.2358739590272307E+03	3.7605468750000000E+01
6.2439692344591022E+03	3.7605468750000000E+01
6.2520665862485766E+03	3.7605468750000000E+01
6.2600836175903678E+03	3.7605468750000000E+01
6.2681025462299585E+03	3.7605468750000000E+01
6.2762152659446001E+03	3.7605468750000000E+01
6.2843262421563268E+03	3.7605468750000000E+01
6.2923582395538688E+03	3.7605468750000000E+01
6.3003292805179954E+03	3.7605468750000000E+01
6.3084094244912267E+03	3.7605468750000000E+01
6.3164963434860110E+03	3.7605468750000000E+01
6.3245840294808149E+03	3.7605468750000000E+01
6.3325348195135593E+03	3.7605468750000000E+01
6.3405312083661556E+03	3.7605468750000000E+01
6.3486428030729294E+03	3.7605468750000000E+01
6.3567485594749451E+03	3.7605468750000000E+01
6.3647310279160738E+03	3.7605468750000000E+01
6.3726647650003433E+03	3.7605468750000000E+01
6.3807397481873631E+03	3.7605468750000000E+01
6.3888297297060490E+03	3.7605468750000000E+01
6.3968891387656331E+03	3.7605468750000000E+01
6.4048133751377463E+03	3.7605468750000000E+01
6.4127934106811881E+03	3.7605468750000000E+01
6.4208878328427672E+03	3.7605468750000000E+01
6.4289768713563681E+03	3.7605468750000000E+01
6.4369702226296067E+03	3.7605468750000000E+01
6.4449230101406574E+03	3.7605468750000000E+01
6.4530099905952811E+03	3.7605468750000000E+01
6.4611084855422378E+03	3.7605468750000000E+01
6.4691938966214657E+03	3.7605468750000000E+01
6.4771702147349715E+03	3.7605468750000000E+01
6.4852254147082567E+03	3.7605468750000000E+01
6.4933416709378362E+03	3.7605468750000000E+01
6.5014340829253197E+03	3.7605468750000000E+01
6.5094354308694601E+03	3.7605468750000000E+01
6.5174414746910334E+03	3.7605468750000000E+01
6.5255326359644532E+03	3.7605468750000000E+01
6.5336239448189735E+03	3.7605468750000000E+01
6.5416639910265803E+03	3.7605468750000000E+01
6.5496698093265295E+03	3.7605468750000000E+01
6.5576957099065185E+03	3.7605468750000000E+01
6.5657897718623281E+03	3.7605468750000000E+01
6.5738255553543568E+03	3.7605468750000000E+01
6.5817619794383645E+03	3.7605468750000000E+01
6.5897977489307523E+03	3.7605468750000000E+01
6.5978930856585503E+03	3.7605468750000000E+01
6.6059943998903036E+03	3.7605468750000000E+01
6.6140141307860613E+03	3.7605468750000000E+01
6.6220521068051457E+03	3.7605468750000000E+01
6.6301624485552311E+03	3.7605468750000000E+01
6.6383004940599203E+03	3.7605468750000000E+01
6.6463928182646632E+03	3.7605468750000000E+01
6.6544137958511710E+03	3.7605468750000000E+01
6.6624742413535714E+03	3.7605468750000000E+01
6.6705709322169423E+03	3.7605468750000000E+01
6.6786651507765055E+03	3.7605468750000000E+01
6.6865922836661339E+03	3.7605468750000000E+01
6.6945715624541044E+03	3.7605468750000000E+01
6.7026865720003843E+03	3.7605468750000000E+01
6.7108251983746886E+03	3.7605468750000000E+01
6.7189025418385863E+03	3.7605468750000000E+01
6.7268713818863034E+03	3.7605468750000000E+01
6.7349593500867486E+03	3.7605468750000000E+01
6.7430771040320396E+03	3.7605468750000000E+01
6.7511835811138153E+03	3.7605468750000000E+01
6.7591363312378526E+03	3.7605468750000000E+01
6.7671680163741112E+03	3.7605468750000000E+01
6.7753060099929571E+03	3.7605468750000000E+01
6.7834450609162450E+03	3.7605468750000000E+01
6.7914359937682748E+03	3.7605468750000000E+01
6.7993978645801544E+03	3.7605468750000000E+01
6.8075215516388416E+03	3.7605468750000000E+01
6.8156534350737929E+03	3.7605468750000000E+01
6.8237676854804158E+03	3.7605468750000000E+01
6.8317079218626022E+03	3.7605468750000000E+01
6.8397078131660819E+03	3.7605468750000000E+01
6.8478472861126065E+03	3.7605468750000000E+01
6.8559890206083655E+03	3.7605468750000000E+01
6.8639440810158849E+03	3.7605468750000000E+01
6.8719333371818066E+03	3.7605468750000000E+01
6.8800799454748631E+03	3.7605468750000000E+01
6.8882464187294245E+03	3.7605468750000000E+01
6.8963996847346425E+03	3.7605468750000000E+01
6.9043712697848678E+03	3.7605468750000000E+01
6.9124016535878181E+03	3.7605468750000000E+01
6.9205499806404114E+03	3.7605468750000000E+01
6.9286838314533234E+03	3.7605468750000000E+01
6.9366765433698893E+03	3.7605468750000000E+01
6.9447217538207769E+03	3.7605468750000000E+01
6.9528758723735809E+03	3.7605468750000000E+01
6.9610561062768102E+03	3.7605468750000000E+01
6.9691980644389987E+03	3.7605468750000000E+01
6.9771709688827395E+03	3.7605468750000000E+01
6.9852465022057295E+03	3.7605468750000000E+01
6.9934146220013499E+03	3.7605468750000000E+01
7.0016036773920059E+03	3.7605468750000000E+01
7.0096816275641322E+03	3.7605468750000000E+01
7.0177007811293006E+03	3.7605468750000000E+01
7.0258760988786817E+03	3.7605468750000000E+01
7.0340818588584661E+03	3.7605468750000000E+01
7.0422873679101467E+03	3.7605468750000000E+01
7.0504003103449941E+03	3.7605468750000000E+01
7.0583612921759486E+03	3.7605468750000000E+01
7.0665245630741119E+03	3.7605468750000000E+01
7.0746949266791344E+03	3.7605468750000000E+01
7.0828795279935002E+03	3.7605468750000000E+01
7.0910153149291873E+03	3.7605468750000000E+01
7.0990355411991477E+03	3.7605468750000000E+01
7.1071693968027830E+03	3.7605468750000000E+01
7.1153565230444074E+03	3.7605468750000000E+01
7.1235736445561051E+03	3.7605468750000000E+01
7.1316706891357899E+03	3.7605468750000000E+01
7.1397191744446754E+03	3.7605468750000000E+01
7.1479257049858570E+03	3.7605468750000000E+01
7.1561347744017839E+03	3.7605468750000000E+01
7.1643338464498520E+03	3.7605468750000000E+01
7.1724337737187743E+03	3.7605468750000000E+01
7.1805843374878168E+03	3.7605468750000000E+01
7.1887869240418077E+03	3.7605468750000000E+01
7.1969956114664674E+03	3.7605468750000000E+01
7.2051006681323051E+03	3.7605468750000000E+01
7.2131029207706451E+03	3.7605468750000000E+01
7.2212779192999005E+03	3.7605468750000000E+01
7.2294541191458702E+03	3.7605468750000000E+01
7.2376248882412910E+03	3.7605468750000000E+01
7.2456433368176222E+03	3.7605468750000000E+01
7.2537898083999753E+03	3.7605468750000000E+01
7.2619925011172891E+03	3.7605468750000000E+01
7.2701983291208744E+03	3.7605468750000000E+01
7.2783794591426849E+03	3.7605468750000000E+01
7.2865613467469811E+03	3.7605468750000000E+01
7.2947578693330288E+03	3.7605468750000000E+01
7.3029741006046534E+03	3.7605468750000000E+01
7.3111791201606393E+03	3.7605468750000000E+01
7.3193203952163458E+03	3.7605468750000000E+01
7.3274458601623774E+03	3.7605468750000000E+01
7.3356268636733294E+03	3.7605468750000000E+01
7.3438411357477307E+03	3.7605468750000000E+01
7.3520542671233416E+03	3.7605468750000000E+01
7.3602745545282960E+03	3.7605468750000000E+01
7.3684637721106410E+03	3.7605468750000000E+01
7.3767002769708633E+03	3.7605468750000000E+01
7.3849262849316001E+03	3.7605468750000000E+01
7.3931553447023034E+03	3.7605468750000000E+01
7.4012847118526697E+03	3.7605468750000000E+01
7.4094859489351511E+03	3.7605468750000000E+01
7.4177534418627620E+03	3.7605468750000000E+01
7.4260147523954511E+03	3.7605468750000000E+01
7.4342848885580897E+03	3.7605468750000000E+01
7.4424281862676144E+03	3.7605468750000000E+01
7.4506718583479524E+03	3.7605468750000000E+01
7.4589426387026906E+03	3.7605468750000000E+01
7.4672010415270925E+03	3.7605468750000000E+01
7.4754747032672167E+03	3.7605468750000000E+01
7.4837586614936590E+03	3.7605468750000000E+01
7.4920206664800644E+03	3.7605468750000000E+01
7.5002931711450219E+03	3.7605468750000000E+01
7.5085074689388275E+03	3.7605468750000000E+01
7.5167257323339581E+03	3.7605468750000000E+01
7.5249477208778262E+03	3.7605468750000000E+01
7.5332647622004151E+03	3.7605468750000000E+01
7.5415317177549005E+03	3.7605468750000000E+01
7.5498643167093396E+03	3.7605468750000000E+01
7.5581590201482177E+03	3.7605468750000000E+01
7.5664468240961432E+03	3.7605468750000000E+01
7.5747788949012756E+03	3.7605468750000000E+01
7.5831119939088821E+03	3.7605468750000000E+01
7.5914130242168903E+03	3.7605468750000000E+01
7.5995853858068585E+03	3.7605468750000000E+01
7.6079317690283060E+03	3.7605468750000000E+01
7.6162870681360364E+03	3.7605468750000000E+01
7.6246483443379402E+03	3.7605468750000000E+01
7.6330355853810906E+03	3.7605468750000000E+01
7.6414373736083508E+03	3.7605468750000000E+01
7.6498727971911430E+03	3.7605468750000000E+01
7.6582974773570895E+03	3.7605468750000000E+01
7.6666989813968539E+03	3.7605468750000000E+01
7.6750688904449344E+03	3.7605468750000000E+01
7.6834899637475610E+03	3.7605468750000000E+01
7.6919268261790276E+03	3.7605468750000000E+01
7.7003026522099972E+03	3.7605468750000000E+01
7.7086603462547064E+03	3.7605468750000000E+01
7.7170111595094204E+03	3.7605468750000000E+01
7.7253950814455748E+03	3.7605468750000000E+01
7.7337594783455133E+03	3.7605468750000000E+01
7.7421116470992565E+03	3.7605468750000000E+01
7.7504992791712284E+03	3.7605468750000000E+01
7.7588052254766226E+03	3.7605468750000000E+01
7.7668962559029460E+03	3.7605468750000000E+01
7.7751603421494365E+03	3.7605468750000000E+01
7.7833492157906294E+03	3.7605468750000000E+01
7.7914718133509159E+03	3.7605468750000000E+01
7.7996207141429186E+03	3.7605468750000000E+01
7.8078503188341856E+03	3.7605468750000000E+01
7.8160253940597177E+03	3.7605468750000000E+01
7.8241822630912066E+03	3.7605468750000000E+01
7.8304884886443615E+03	3.7695312500000000E+01
7.8329344758242369E+03	3.7695312500000000E+01
7.8353850725591183E+03	3.7695312500000000E+01
7.8378273621648550E+03	3.7695312500000000E+01
7.8402595596462488E+03	3.7695312500000000E+01
7.8427040142193437E+03	3.7695312500000000E+01
7.8451590931043029E+03	3.7695312500000000E+01
7.8476177589148283E+03	3.7695312500000000E+01
7.8500813847258687E+03	3.7699218750000000E+01
7.8525189692005515E+03	3.7699218750000000E+01
7.8549687639623880E+03	3.7699218750000000E+01
7.8574158889129758E+03	3.7699218750000000E+01
7.8598707586526871E+03	3.7699218750000000E+01
7.8623273439928889E+03	3.7699218750000000E+01
7.8647911442965269E+03	3.7699218750000000E+01
7.8672645348310471E+03	3.7699218750000000E+01
7.8697371591925621E+03	3.7699218750000000E+01
7.8722006109207869E+03	3.7699218750000000E+01
7.8746452314332128E+03	3.7699218750000000E+01
7.8770985138565302E+03	3.7699218750000000E+01
7.8795409193411469E+03	3.7699218750000000E+01
7.8820004250928760E+03	3.7703125000000000E+01
7.8844250709563494E+03	3.7703125000000000E+01
7.8868461244851351E+03	3.7703125000000000E+01
7.8892551677450538E+03	3.7703125000000000E+01
7.8916724317297339E+03	3.7703125000000000E+01
7.8940952251255512E+03	3.7703125000000000E+01
7.8965145400762558E+03	3.7703125000000000E+01
7.8989152012616396E+03	3.7703125000000000E+01
