2.4259530007839203E-01	3.7320312500000000E+01
3.1021992117166519E-01	3.7578125000000000E+01
3.7707842886447906E-01	3.7578125000000000E+01
4.4394864141941071E-01	3.7578125000000000E+01
5.1077547669410706E-01	3.7578125000000000E+01
5.7767637819051743E-01	3.7578125000000000E+01
6.4456546306610107E-01	3.7578125000000000E+01
7.1140767633914948E-01	3.7578125000000000E+01
7.7831544727087021E-01	3.7578125000000000E+01
8.4513155370950699E-01	3.7578125000000000E+01
9.1197508573532104E-01	3.7578125000000000E+01
9.7890645265579224E-01	3.7578125000000000E+01
1.0457303598523140E+00	3.7578125000000000E+01
1.1134410947561264E+00	3.7597656250000000E+01
1.1805258467793465E+00	3.7597656250000000E+01
1.2475397884845734E+00	3.7597656250000000E+01
1.3145213872194290E+00	3.7597656250000000E+01
1.3815605714917183E+00	3.7597656250000000E+01
1.4486401155591011E+00	3.7597656250000000E+01
1.5160030648112297E+00	3.7597656250000000E+01
1.5833013579249382E+00	3.7597656250000000E+01
1.6504336819052696E+00	3.7597656250000000E+01
1.7174361497163773E+00	3.7597656250000000E+01
1.7845168262720108E+00	3.7597656250000000E+01
1.8514859676361084E+00	3.7597656250000000E+01
1.9185419753193855E+00	3.7597656250000000E+01
1.9856587722897530E+00	3.7597656250000000E+01
2.0527296140789986E+00	3.7597656250000000E+01
2.1197641268372536E+00	3.7597656250000000E+01
2.1868347153067589E+00	3.7597656250000000E+01
2.2538793012499809E+00	3.7597656250000000E+01
2.3209162652492523E+00	3.7597656250000000E+01
2.3879764601588249E+00	3.7597656250000000E+01
2.4550486505031586E+00	3.7597656250000000E+01
2.5220741704106331E+00	3.7597656250000000E+01
2.5891747698187828E+00	3.7597656250000000E+01
2.6561081260442734E+00	3.7597656250000000E+01
2.7231180891394615E+00	3.7597656250000000E+01
2.7903965637087822E+00	3.7597656250000000E+01
2.8579355254769325E+00	3.7597656250000000E+01
2.9254707172513008E+00	3.7597656250000000E+01
2.9930483698844910E+00	3.7597656250000000E+01
3.0605990514159203E+00	3.7597656250000000E+01
3.1290471479296684E+00	3.7605468750000000E+01
3.1968109384179115E+00	3.7605468750000000E+01
3.2644362673163414E+00	3.7605468750000000E+01
3.3320377469062805E+00	3.7605468750000000E+01
3.3997408896684647E+00	3.7605468750000000E+01
3.4672869294881821E+00	3.7605468750000000E+01
3.5348358899354935E+00	3.7605468750000000E+01
3.6023384258151054E+00	3.7605468750000000E+01
3.6697533279657364E+00	3.7605468750000000E+01
3.7369958981871605E+00	3.7605468750000000E+01
3.8041684329509735E+00	3.7605468750000000E+01
3.8712127655744553E+00	3.7605468750000000E+01
3.9380762577056885E+00	3.7605468750000000E+01
4.0048777386546135E+00	3.7605468750000000E+01
4.0716814845800400E+00	3.7605468750000000E+01
4.1385379061102867E+00	3.7605468750000000E+01
4.2055880129337311E+00	3.7605468750000000E+01
4.2726253122091293E+00	3.7605468750000000E+01
4.3396096900105476E+00	3.7605468750000000E+01
4.4066300988197327E+00	3.7605468750000000E+01
4.4735967442393303E+00	3.7605468750000000E+01
4.5405907630920410E+00	3.7605468750000000E+01
4.6076460778713226E+00	3.7605468750000000E+01
4.6745984852313995E+00	3.7605468750000000E+01
4.7415370568633080E+00	3.7605468750000000E+01
4.8085571974515915E+00	3.7605468750000000E+01
4.8755033910274506E+00	3.7605468750000000E+01
4.9425056204199791E+00	3.7605468750000000E+01
5.0096309259533882E+00	3.7605468750000000E+01
5.0767489150166512E+00	3.7605468750000000E+01
5.1437720581889153E+00	3.7605468750000000E+01
5.2108312100172043E+00	3.7605468750000000E+01
5.2778281271457672E+00	3.7605468750000000E+01
5.3448783978819847E+00	3.7605468750000000E+01
5.4120028093457222E+00	3.7605468750000000E+01
5.4790131971240044E+00	3.7605468750000000E+01
5.5460537895560265E+00	3.7605468750000000E+01
5.6130608469247818E+00	3.7605468750000000E+01
5.6800160929560661E+00	3.7605468750000000E+01
5.7469661533832550E+00	3.7605468750000000E+01
5.8139760643243790E+00	3.7605468750000000E+01
5.8810030296444893E+00	3.7605468750000000E+01
5.9479816406965256E+00	3.7605468750000000E+01
6.0149805769324303E+00	3.7605468750000000E+01
6.0819172114133835E+00	3.7605468750000000E+01
6.1488369181752205E+00	3.7605468750000000E+01
6.2157621756196022E+00	3.7605468750000000E+01
6.2827362492680550E+00	3.7605468750000000E+01
6.3496701419353485E+00	3.7605468750000000E+01
6.4166593998670578E+00	3.7605468750000000E+01
6.4844499304890633E+00	3.7605468750000000E+01
6.5514926612377167E+00	3.7605468750000000E+01
6.6185137256979942E+00	3.7605468750000000E+01
6.6855084374547005E+00	3.7605468750000000E+01
6.7527095600962639E+00	3.7605468750000000E+01
6.8197348937392235E+00	3.7605468750000000E+01
6.8867678046226501E+00	3.7605468750000000E+01
6.9537321627140045E+00	3.7605468750000000E+01
7.0208522751927376E+00	3.7605468750000000E+01
7.0878931134939194E+00	3.7605468750000000E+01
7.1548869535326958E+00	3.7605468750000000E+01
7.2220490723848343E+00	3.7605468750000000E+01
7.2891514077782631E+00	3.7605468750000000E+01
7.3566539287567139E+00	3.7605468750000000E+01
7.4240491911768913E+00	3.7605468750000000E+01
7.4915562346577644E+00	3.7605468750000000E+01
7.5592414736747742E+00	3.7605468750000000E+01
7.6271203830838203E+00	3.7605468750000000E+01
7.6949850320816040E+00	3.7605468750000000E+01
7.7628504410386086E+00	3.7605468750000000E+01
7.8307470455765724E+00	3.7605468750000000E+01
7.8984400629997253E+00	3.7605468750000000E+01
7.9662100970745087E+00	3.7605468750000000E+01
8.0345262736082077E+00	3.7605468750000000E+01
8.1028949394822121E+00	3.7605468750000000E+01
8.1711649596691132E+00	3.7605468750000000E+01
8.2394396662712097E+00	3.7605468750000000E+01
8.3077218681573868E+00	3.7605468750000000E+01
8.3759457543492317E+00	3.7605468750000000E+01
8.4441805332899094E+00	3.7605468750000000E+01
8.5123125761747360E+00	3.7605468750000000E+01
8.5805181190371513E+00	3.7605468750000000E+01
8.6491525322198868E+00	3.7605468750000000E+01
8.7178818359971046E+00	3.7605468750000000E+01
8.7867563143372536E+00	3.7605468750000000E+01
8.8556693047285080E+00	3.7605468750000000E+01
8.9244523048400879E+00	3.7605468750000000E+01
8.9932307004928589E+00	3.7605468750000000E+01
9.0618683621287346E+00	3.7605468750000000E+01
9.1302511766552925E+00	3.7605468750000000E+01
9.1985410973429680E+00	3.7605468750000000E+01
9.2666205242276192E+00	3.7605468750000000E+01
9.3346193805336952E+00	3.7605468750000000E+01
9.4025764316320419E+00	3.7605468750000000E+01
9.4704460576176643E+00	3.7605468750000000E+01
9.5383662059903145E+00	3.7605468750000000E+01
9.6063441932201385E+00	3.7605468750000000E+01
9.6743484884500504E+00	3.7605468750000000E+01
9.7422479540109634E+00	3.7605468750000000E+01
9.8101121708750725E+00	3.7605468750000000E+01
9.8778539970517159E+00	3.7605468750000000E+01
9.9456463232636452E+00	3.7605468750000000E+01
1.0013705827295780E+01	3.7605468750000000E+01
1.0081609532237053E+01	3.7605468750000000E+01
1.0149439640343189E+01	3.7605468750000000E+01
1.0217338472604752E+01	3.7605468750000000E+01
1.0285216972231865E+01	3.7605468750000000E+01
1.0353094428777695E+01	3.7605468750000000E+01
1.0421054795384407E+01	3.7605468750000000E+01
1.0488957598805428E+01	3.7605468750000000E+01
1.0556848995387554E+01	3.7605468750000000E+01
1.0624787196516991E+01	3.7605468750000000E+01
1.0692700862884521E+01	3.7605468750000000E+01
1.0760554745793343E+01	3.7605468750000000E+01
1.0828498370945454E+01	3.7605468750000000E+01
1.0896355323493481E+01	3.7605468750000000E+01
1.0964272215962410E+01	3.7605468750000000E+01
1.1032224699854851E+01	3.7605468750000000E+01
1.1100131534039974E+01	3.7605468750000000E+01
1.1168088525533676E+01	3.7605468750000000E+01
1.1236067593097687E+01	3.7605468750000000E+01
1.1303934909403324E+01	3.7605468750000000E+01
1.1371815331280231E+01	3.7605468750000000E+01
1.1439810685813427E+01	3.7605468750000000E+01
1.1507760368287563E+01	3.7605468750000000E+01
1.1575656019151211E+01	3.7605468750000000E+01
1.1643594749271870E+01	3.7605468750000000E+01
1.1711495257914066E+01	3.7605468750000000E+01
1.1779352113604546E+01	3.7605468750000000E+01
1.1847222469747066E+01	3.7605468750000000E+01
1.1915011316537857E+01	3.7605468750000000E+01
1.1982842341065407E+01	3.7605468750000000E+01
1.2050709784030914E+01	3.7605468750000000E+01
1.2118538580834866E+01	3.7605468750000000E+01
1.2186450175940990E+01	3.7605468750000000E+01
1.2254307456314564E+01	3.7605468750000000E+01
1.2322959072887897E+01	3.7609375000000000E+01
1.2390981271862984E+01	3.7609375000000000E+01
1.2458809725940228E+01	3.7609375000000000E+01
1.2526691399514675E+01	3.7609375000000000E+01
1.2594600804150105E+01	3.7609375000000000E+01
1.2662508197128773E+01	3.7609375000000000E+01
1.2730358511209488E+01	3.7609375000000000E+01
1.2798180058598518E+01	3.7609375000000000E+01
1.2865955978631973E+01	3.7609375000000000E+01
1.2933802679181099E+01	3.7609375000000000E+01
1.3001647725701332E+01	3.7609375000000000E+01
1.3069431900978088E+01	3.7609375000000000E+01
1.3137236282229424E+01	3.7609375000000000E+01
1.3205198809504509E+01	3.7609375000000000E+01
1.3273188084363937E+01	3.7609375000000000E+01
1.3341081731021404E+01	3.7609375000000000E+01
1.3408986605703831E+01	3.7609375000000000E+01
1.3476823627948761E+01	3.7609375000000000E+01
1.3544640064239502E+01	3.7609375000000000E+01
1.3612498670816422E+01	3.7609375000000000E+01
1.3680165432393551E+01	3.7609375000000000E+01
1.3747653178870678E+01	3.7609375000000000E+01
1.3815119907259941E+01	3.7609375000000000E+01
1.3882718533277512E+01	3.7609375000000000E+01
1.3950379468500614E+01	3.7609375000000000E+01
1.4018060244619846E+01	3.7609375000000000E+01
1.4085675947368145E+01	3.7609375000000000E+01
1.4153347335755825E+01	3.7609375000000000E+01
1.4221028953790665E+01	3.7609375000000000E+01
1.4288679853081703E+01	3.7609375000000000E+01
1.4356283538043499E+01	3.7609375000000000E+01
1.4424049355089664E+01	3.7609375000000000E+01
1.4491710513830185E+01	3.7609375000000000E+01
1.4559458181262016E+01	3.7609375000000000E+01
1.4627200827002525E+01	3.7609375000000000E+01
1.4694886907935143E+01	3.7609375000000000E+01
1.4762657746672630E+01	3.7609375000000000E+01
1.4830448858439922E+01	3.7609375000000000E+01
1.4898119270801544E+01	3.7609375000000000E+01
1.4965671233832836E+01	3.7609375000000000E+01
1.5033200219273567E+01	3.7609375000000000E+01
1.5100752927362919E+01	3.7609375000000000E+01
1.5168480105698109E+01	3.7609375000000000E+01
1.5236256949603558E+01	3.7609375000000000E+01
1.5304089277982712E+01	3.7609375000000000E+01
1.5371751397848129E+01	3.7609375000000000E+01
1.5439328320324421E+01	3.7609375000000000E+01
1.5506887495517731E+01	3.7609375000000000E+01
1.5574823185801506E+01	3.7609375000000000E+01
1.5642585813999176E+01	3.7609375000000000E+01
1.5710120014846325E+01	3.7609375000000000E+01
1.5777774184942245E+01	3.7609375000000000E+01
1.5845429062843323E+01	3.7609375000000000E+01
1.5913044288754463E+01	3.7609375000000000E+01
1.5980715483427048E+01	3.7609375000000000E+01
1.6048455804586411E+01	3.7609375000000000E+01
1.6116056621074677E+01	3.7609375000000000E+01
1.6183754779398441E+01	3.7609375000000000E+01
1.6251534894108772E+01	3.7609375000000000E+01
1.6319259576499462E+01	3.7609375000000000E+01
1.6386967472732067E+01	3.7609375000000000E+01
1.6454708740115166E+01	3.7609375000000000E+01
1.6522510379552841E+01	3.7609375000000000E+01
1.6590343847870827E+01	3.7609375000000000E+01
1.6658304296433926E+01	3.7609375000000000E+01
1.6726258084177971E+01	3.7609375000000000E+01
1.6794162802398205E+01	3.7609375000000000E+01
1.6862123392522335E+01	3.7609375000000000E+01
1.6930029571056366E+01	3.7609375000000000E+01
1.6997889772057533E+01	3.7609375000000000E+01
1.7065871410071850E+01	3.7609375000000000E+01
1.7133856154978275E+01	3.7609375000000000E+01
1.7201765656471252E+01	3.7609375000000000E+01
1.7269751906394958E+01	3.7609375000000000E+01
1.7337642498314381E+01	3.7609375000000000E+01
1.7405534051358700E+01	3.7609375000000000E+01
1.7473389476537704E+01	3.7609375000000000E+01
1.7541226506233215E+01	3.7609375000000000E+01
1.7609128177165985E+01	3.7609375000000000E+01
1.7677114129066467E+01	3.7609375000000000E+01
1.7745031498372555E+01	3.7609375000000000E+01
1.7812963426113129E+01	3.7609375000000000E+01
1.7880982302129269E+01	3.7609375000000000E+01
1.7948929548263550E+01	3.7609375000000000E+01
1.8016894921660423E+01	3.7609375000000000E+01
1.8084903575479984E+01	3.7609375000000000E+01
1.8152890294790268E+01	3.7609375000000000E+01
1.8220823779702187E+01	3.7609375000000000E+01
1.8288861863315105E+01	3.7609375000000000E+01
1.8356852956116199E+01	3.7609375000000000E+01
1.8424863882362843E+01	3.7609375000000000E+01
1.8492902979254723E+01	3.7609375000000000E+01
1.8560968428850174E+01	3.7609375000000000E+01
1.8628947734832764E+01	3.7609375000000000E+01
1.8696860402822495E+01	3.7609375000000000E+01
1.8764785364270210E+01	3.7609375000000000E+01
1.8832733511924744E+01	3.7609375000000000E+01
1.8900556445121765E+01	3.7609375000000000E+01
1.8968684017658234E+01	3.7609375000000000E+01
1.9036584034562111E+01	3.7609375000000000E+01
1.9104496560990810E+01	3.7609375000000000E+01
1.9172452449798584E+01	3.7609375000000000E+01
1.9240498334169388E+01	3.7609375000000000E+01
1.9308529742062092E+01	3.7609375000000000E+01
1.9376576498150826E+01	3.7609375000000000E+01
1.9444856077432632E+01	3.7609375000000000E+01
1.9513068914413452E+01	3.7609375000000000E+01
1.9581079594790936E+01	3.7609375000000000E+01
1.9649170987308025E+01	3.7609375000000000E+01
1.9717159070074558E+01	3.7609375000000000E+01
1.9785180389881134E+01	3.7609375000000000E+01
1.9853247962892056E+01	3.7609375000000000E+01
1.9921305984258652E+01	3.7609375000000000E+01
1.9989303730428219E+01	3.7609375000000000E+01
2.0057395167648792E+01	3.7609375000000000E+01
2.0125430949032307E+01	3.7609375000000000E+01
2.0193491369485855E+01	3.7609375000000000E+01
2.0261558488011360E+01	3.7609375000000000E+01
2.0329617425799370E+01	3.7609375000000000E+01
2.0397675149142742E+01	3.7609375000000000E+01
2.0465742431581020E+01	3.7609375000000000E+01
2.0533829964697361E+01	3.7609375000000000E+01
2.0601739287376404E+01	3.7609375000000000E+01
2.0669787429273129E+01	3.7609375000000000E+01
2.0738035693764687E+01	3.7609375000000000E+01
2.0806603975594044E+01	3.7609375000000000E+01
2.0875215701758862E+01	3.7609375000000000E+01
2.0943823181092739E+01	3.7609375000000000E+01
2.1012312732636929E+01	3.7609375000000000E+01
2.1080970816314220E+01	3.7609375000000000E+01
2.1149493128061295E+01	3.7609375000000000E+01
2.1218004539608955E+01	3.7609375000000000E+01
2.1286574035882950E+01	3.7609375000000000E+01
2.1355100497603416E+01	3.7609375000000000E+01
2.1423613689839840E+01	3.7609375000000000E+01
2.1492202095687389E+01	3.7609375000000000E+01
2.1560564450919628E+01	3.7609375000000000E+01
2.1628681145608425E+01	3.7609375000000000E+01
2.1696803256869316E+01	3.7609375000000000E+01
2.1764774926006794E+01	3.7609375000000000E+01
2.1832565426826477E+01	3.7609375000000000E+01
2.1900191016495228E+01	3.7609375000000000E+01
2.1967906668782234E+01	3.7609375000000000E+01
2.2035744965076447E+01	3.7609375000000000E+01
2.2104393929243088E+01	3.7609375000000000E+01
2.2172446407377720E+01	3.7609375000000000E+01
2.2240392826497555E+01	3.7609375000000000E+01
2.2308395989239216E+01	3.7609375000000000E+01
2.2376368634402752E+01	3.7609375000000000E+01
2.2444344349205494E+01	3.7609375000000000E+01
2.2512366078794003E+01	3.7609375000000000E+01
2.2580336593091488E+01	3.7609375000000000E+01
2.2648275941610336E+01	3.7609375000000000E+01
2.2716323219239712E+01	3.7609375000000000E+01
2.2784273840487003E+01	3.7609375000000000E+01
2.2852261886000633E+01	3.7609375000000000E+01
2.2920184716582298E+01	3.7609375000000000E+01
2.2988111138343811E+01	3.7609375000000000E+01
2.3056138522922993E+01	3.7609375000000000E+01
2.3124084107577801E+01	3.7609375000000000E+01
2.3192011125385761E+01	3.7609375000000000E+01
2.3260035306215286E+01	3.7609375000000000E+01
2.3328005805611610E+01	3.7609375000000000E+01
2.3396017953753471E+01	3.7609375000000000E+01
2.3464014388620853E+01	3.7609375000000000E+01
2.3531981125473976E+01	3.7609375000000000E+01
2.3599925391376019E+01	3.7609375000000000E+01
2.3667937166988850E+01	3.7609375000000000E+01
2.3735905244946480E+01	3.7609375000000000E+01
2.3803816765546799E+01	3.7609375000000000E+01
2.3871736183762550E+01	3.7609375000000000E+01
2.3939673230051994E+01	3.7609375000000000E+01
2.4007556304335594E+01	3.7609375000000000E+01
2.4075520113110542E+01	3.7609375000000000E+01
2.4143439002335072E+01	3.7609375000000000E+01
2.4211365297436714E+01	3.7609375000000000E+01
2.4279346138238907E+01	3.7609375000000000E+01
2.4347271353006363E+01	3.7609375000000000E+01
2.4415215991437435E+01	3.7609375000000000E+01
2.4483143605291843E+01	3.7609375000000000E+01
2.4551078416407108E+01	3.7609375000000000E+01
2.4619000285863876E+01	3.7609375000000000E+01
2.4686967574059963E+01	3.7609375000000000E+01
2.4754802629351616E+01	3.7609375000000000E+01
2.4822682179510593E+01	3.7609375000000000E+01
2.4890504412353039E+01	3.7609375000000000E+01
2.4958210207521915E+01	3.7609375000000000E+01
2.5025945164263248E+01	3.7609375000000000E+01
2.5093781545758247E+01	3.7609375000000000E+01
2.5161581948399544E+01	3.7609375000000000E+01
2.5229307621717453E+01	3.7609375000000000E+01
2.5297153338789940E+01	3.7609375000000000E+01
2.5364923864603043E+01	3.7609375000000000E+01
2.5432731017470360E+01	3.7609375000000000E+01
2.5500514663755894E+01	3.7609375000000000E+01
2.5568329863250256E+01	3.7609375000000000E+01
2.5636178418993950E+01	3.7609375000000000E+01
2.5704104058444500E+01	3.7609375000000000E+01
2.5771952450275421E+01	3.7609375000000000E+01
2.5839772343635559E+01	3.7609375000000000E+01
2.5907706268131733E+01	3.7609375000000000E+01
2.5975654728710651E+01	3.7609375000000000E+01
2.6043530620634556E+01	3.7609375000000000E+01
2.6111471779644489E+01	3.7609375000000000E+01
2.6179341480135918E+01	3.7609375000000000E+01
2.6247126795351505E+01	3.7609375000000000E+01
2.6315076336264610E+01	3.7609375000000000E+01
2.6382971689105034E+01	3.7609375000000000E+01
2.6450916141271591E+01	3.7609375000000000E+01
2.6518884398043156E+01	3.7609375000000000E+01
2.6586786232888699E+01	3.7609375000000000E+01
2.6654680855572224E+01	3.7609375000000000E+01
2.6722639538347721E+01	3.7609375000000000E+01
2.6790508314967155E+01	3.7609375000000000E+01
2.6858349911868572E+01	3.7609375000000000E+01
2.6926336489617825E+01	3.7609375000000000E+01
2.6994235008955002E+01	3.7609375000000000E+01
2.7062187738716602E+01	3.7609375000000000E+01
2.7130168229341507E+01	3.7609375000000000E+01
2.7198119565844536E+01	3.7609375000000000E+01
2.7266046606004238E+01	3.7609375000000000E+01
2.7334032632410526E+01	3.7609375000000000E+01
2.7401910200715065E+01	3.7609375000000000E+01
2.7469839386641979E+01	3.7609375000000000E+01
2.7537865020334721E+01	3.7609375000000000E+01
2.7605822280049324E+01	3.7609375000000000E+01
2.7673777513206005E+01	3.7609375000000000E+01
2.7741795577108860E+01	3.7609375000000000E+01
2.7809824392199516E+01	3.7609375000000000E+01
2.7877868652343750E+01	3.7609375000000000E+01
2.7945862919092178E+01	3.7609375000000000E+01
2.8013848789036274E+01	3.7609375000000000E+01
2.8081860885024071E+01	3.7609375000000000E+01
2.8149809233844280E+01	3.7609375000000000E+01
2.8217804744839668E+01	3.7609375000000000E+01
2.8285822577774525E+01	3.7609375000000000E+01
2.8353777095675468E+01	3.7609375000000000E+01
2.8421794407069683E+01	3.7609375000000000E+01
2.8489888370037079E+01	3.7609375000000000E+01
2.8557868853211403E+01	3.7609375000000000E+01
2.8625843487679958E+01	3.7609375000000000E+01
2.8693931415677071E+01	3.7609375000000000E+01
2.8761916756629944E+01	3.7609375000000000E+01
2.8829882912337780E+01	3.7609375000000000E+01
2.8897930145263672E+01	3.7609375000000000E+01
2.8965947993099689E+01	3.7609375000000000E+01
2.9033931069076061E+01	3.7609375000000000E+01
2.9101946532726288E+01	3.7609375000000000E+01
2.9169893465936184E+01	3.7609375000000000E+01
2.9237880304455757E+01	3.7609375000000000E+01
2.9305952601134777E+01	3.7609375000000000E+01
2.9373984828591347E+01	3.7609375000000000E+01
2.9441982813179493E+01	3.7609375000000000E+01
2.9509987764060497E+01	3.7609375000000000E+01
2.9577981568872929E+01	3.7609375000000000E+01
2.9645999081432819E+01	3.7609375000000000E+01
2.9714033447206020E+01	3.7609375000000000E+01
2.9782056778669357E+01	3.7609375000000000E+01
2.9850052520632744E+01	3.7609375000000000E+01
2.9918118640780449E+01	3.7609375000000000E+01
2.9986102528870106E+01	3.7609375000000000E+01
3.0054060801863670E+01	3.7609375000000000E+01
3.0122104808688164E+01	3.7609375000000000E+01
3.0190056055784225E+01	3.7609375000000000E+01
3.0257896311581135E+01	3.7609375000000000E+01
3.0325836464762688E+01	3.7609375000000000E+01
3.0393618024885654E+01	3.7609375000000000E+01
3.0461366020143032E+01	3.7609375000000000E+01
3.0529190465807915E+01	3.7609375000000000E+01
3.0597069568932056E+01	3.7609375000000000E+01
3.0664988629519939E+01	3.7609375000000000E+01
3.0733020715415478E+01	3.7609375000000000E+01
3.0800986573100090E+01	3.7609375000000000E+01
3.0868907369673252E+01	3.7609375000000000E+01
3.0936992265284061E+01	3.7609375000000000E+01
3.1005000621080399E+01	3.7609375000000000E+01
3.1073508165776730E+01	3.7609375000000000E+01
3.1141797736287117E+01	3.7609375000000000E+01
3.1210033796727657E+01	3.7609375000000000E+01
3.1278322577476501E+01	3.7609375000000000E+01
3.1346748650074005E+01	3.7609375000000000E+01
3.1415086828172207E+01	3.7609375000000000E+01
3.1483395740389824E+01	3.7609375000000000E+01
3.1551849678158760E+01	3.7609375000000000E+01
3.1620226621627808E+01	3.7609375000000000E+01
3.1688659831881523E+01	3.7609375000000000E+01
3.1757075227797031E+01	3.7609375000000000E+01
3.1825530506670475E+01	3.7609375000000000E+01
3.1893990412354469E+01	3.7609375000000000E+01
3.1962442941963673E+01	3.7609375000000000E+01
3.2030887544155121E+01	3.7609375000000000E+01
3.2099386863410473E+01	3.7609375000000000E+01
3.2167747221887112E+01	3.7609375000000000E+01
3.2236144602298737E+01	3.7609375000000000E+01
3.2304872728884220E+01	3.7609375000000000E+01
3.2373926341533661E+01	3.7609375000000000E+01
3.2442924223840237E+01	3.7609375000000000E+01
3.2512117177248001E+01	3.7609375000000000E+01
3.2581287473440170E+01	3.7609375000000000E+01
3.2650447413325310E+01	3.7609375000000000E+01
3.2719713404774666E+01	3.7609375000000000E+01
3.2789052292704582E+01	3.7609375000000000E+01
3.2858416579663754E+01	3.7609375000000000E+01
3.2927853621542454E+01	3.7609375000000000E+01
3.2997288264334202E+01	3.7609375000000000E+01
3.3066694565117359E+01	3.7609375000000000E+01
3.3136138215661049E+01	3.7609375000000000E+01
3.3205554924905300E+01	3.7609375000000000E+01
3.3274812027812004E+01	3.7609375000000000E+01
3.3344098307192326E+01	3.7609375000000000E+01
3.3413246273994446E+01	3.7609375000000000E+01
3.3482198469340801E+01	3.7609375000000000E+01
3.3551202028989792E+01	3.7609375000000000E+01
3.3620125778019428E+01	3.7609375000000000E+01
3.3689113646745682E+01	3.7609375000000000E+01
3.3758207783102989E+01	3.7609375000000000E+01
3.3827211707830429E+01	3.7609375000000000E+01
3.3896198689937592E+01	3.7609375000000000E+01
3.3965321563184261E+01	3.7609375000000000E+01
3.4034438319504261E+01	3.7609375000000000E+01
3.4103584274649620E+01	3.7609375000000000E+01
3.4172783546149731E+01	3.7609375000000000E+01
3.4241935648024082E+01	3.7609375000000000E+01
3.4311071380972862E+01	3.7609375000000000E+01
3.4380191579461098E+01	3.7609375000000000E+01
3.4449539951980114E+01	3.7609375000000000E+01
3.4518671676516533E+01	3.7609375000000000E+01
3.4587687097489834E+01	3.7609375000000000E+01
3.4656705297529697E+01	3.7609375000000000E+01
3.4725761711597443E+01	3.7609375000000000E+01
3.4795143395662308E+01	3.7609375000000000E+01
3.4864290833473206E+01	3.7609375000000000E+01
3.4933481700718403E+01	3.7609375000000000E+01
3.5002648219466209E+01	3.7609375000000000E+01
3.5071749672293663E+01	3.7609375000000000E+01
3.5140910677611828E+01	3.7609375000000000E+01
3.5209991171956062E+01	3.7609375000000000E+01
3.5279114857316017E+01	3.7609375000000000E+01
3.5348234117031097E+01	3.7609375000000000E+01
3.5417322047054768E+01	3.7609375000000000E+01
3.5486326739192009E+01	3.7609375000000000E+01
3.5555367574095726E+01	3.7609375000000000E+01
3.5624434031546116E+01	3.7609375000000000E+01
3.5693472295999527E+01	3.7609375000000000E+01
3.5762628719210625E+01	3.7609375000000000E+01
3.5831603683531284E+01	3.7609375000000000E+01
3.5900611601769924E+01	3.7609375000000000E+01
3.5969671837985516E+01	3.7609375000000000E+01
3.6038600474596024E+01	3.7609375000000000E+01
3.6107615418732166E+01	3.7609375000000000E+01
3.6176647596061230E+01	3.7609375000000000E+01
3.6245593644678593E+01	3.7609375000000000E+01
3.6314616009593010E+01	3.7609375000000000E+01
3.6383618623018265E+01	3.7609375000000000E+01
3.6452619284391403E+01	3.7609375000000000E+01
3.6521649681031704E+01	3.7609375000000000E+01
3.6590588361024857E+01	3.7609375000000000E+01
3.6659528389573097E+01	3.7609375000000000E+01
3.6728503584861755E+01	3.7609375000000000E+01
3.6797409623861313E+01	3.7609375000000000E+01
3.6866312645375729E+01	3.7609375000000000E+01
3.6935381323099136E+01	3.7609375000000000E+01
3.7004471734166145E+01	3.7609375000000000E+01
3.7073477804660797E+01	3.7609375000000000E+01
3.7142623826861382E+01	3.7609375000000000E+01
3.7211623355746269E+01	3.7609375000000000E+01
3.7280724518001080E+01	3.7609375000000000E+01
3.7349850967526436E+01	3.7609375000000000E+01
3.7418959133327007E+01	3.7609375000000000E+01
3.7488038145005703E+01	3.7609375000000000E+01
3.7557227805256844E+01	3.7609375000000000E+01
3.7626352392137051E+01	3.7609375000000000E+01
3.7695473477244377E+01	3.7609375000000000E+01
3.7764631144702435E+01	3.7609375000000000E+01
3.7833690404891968E+01	3.7609375000000000E+01
3.7902791082859039E+01	3.7609375000000000E+01
3.7971969373524189E+01	3.7609375000000000E+01
3.8041083611547947E+01	3.7609375000000000E+01
3.8110174082219601E+01	3.7609375000000000E+01
3.8179371349513531E+01	3.7609375000000000E+01
3.8248545229434967E+01	3.7609375000000000E+01
3.8317707948386669E+01	3.7609375000000000E+01
3.8386906184256077E+01	3.7609375000000000E+01
3.8456043042242527E+01	3.7609375000000000E+01
3.8525190055370331E+01	3.7609375000000000E+01
3.8594456523656845E+01	3.7609375000000000E+01
3.8663611583411694E+01	3.7609375000000000E+01
3.8732775889337063E+01	3.7609375000000000E+01
3.8801964484155178E+01	3.7609375000000000E+01
3.8871876522898674E+01	3.7609375000000000E+01
3.8941251873970032E+01	3.7609375000000000E+01
3.9010379433631897E+01	3.7609375000000000E+01
3.9079541191458702E+01	3.7609375000000000E+01
3.9148753635585308E+01	3.7609375000000000E+01
3.9217927403748035E+01	3.7609375000000000E+01
3.9287081956863403E+01	3.7609375000000000E+01
3.9356317676603794E+01	3.7609375000000000E+01
3.9425446107983589E+01	3.7609375000000000E+01
3.9494583956897259E+01	3.7609375000000000E+01
3.9563787400722504E+01	3.7609375000000000E+01
3.9632898911833763E+01	3.7609375000000000E+01
3.9702109642326832E+01	3.7609375000000000E+01
3.9771312035620213E+01	3.7609375000000000E+01
3.9840493515133858E+01	3.7609375000000000E+01
3.9909635305404663E+01	3.7609375000000000E+01
3.9978824906051159E+01	3.7609375000000000E+01
4.0048265002667904E+01	3.7609375000000000E+01
4.0117424793541431E+01	3.7609375000000000E+01
4.0186551153659821E+01	3.7609375000000000E+01
4.0255736388266087E+01	3.7609375000000000E+01
4.0324921861290932E+01	3.7609375000000000E+01
4.0394275456666946E+01	3.7609375000000000E+01
4.0463500373065472E+01	3.7609375000000000E+01
4.0532651714980602E+01	3.7609375000000000E+01
4.0601956762373447E+01	3.7609375000000000E+01
4.0671368539333344E+01	3.7609375000000000E+01
4.0740594759583473E+01	3.7609375000000000E+01
4.0809875868260860E+01	3.7609375000000000E+01
4.0879125133156776E+01	3.7609375000000000E+01
4.0948337376117706E+01	3.7609375000000000E+01
4.1017652109265327E+01	3.7609375000000000E+01
4.1086935631930828E+01	3.7609375000000000E+01
4.1156228370964527E+01	3.7609375000000000E+01
4.1225423268973827E+01	3.7609375000000000E+01
4.1294633939862251E+01	3.7609375000000000E+01
4.1363936893641949E+01	3.7609375000000000E+01
4.1433209195733070E+01	3.7609375000000000E+01
4.1502497002482414E+01	3.7609375000000000E+01
4.1571871057152748E+01	3.7609375000000000E+01
4.1641189433634281E+01	3.7609375000000000E+01
4.1710473999381065E+01	3.7609375000000000E+01
4.1779824137687683E+01	3.7609375000000000E+01
4.1849146425724030E+01	3.7609375000000000E+01
4.1918450891971588E+01	3.7609375000000000E+01
4.1987857826054096E+01	3.7609375000000000E+01
4.2057168893516064E+01	3.7609375000000000E+01
4.2126528918743134E+01	3.7609375000000000E+01
4.2195929698646069E+01	3.7609375000000000E+01
4.2265328936278820E+01	3.7609375000000000E+01
4.2334745466709137E+01	3.7609375000000000E+01
4.2404292710125446E+01	3.7609375000000000E+01
4.2473793953657150E+01	3.7609375000000000E+01
4.2543350584805012E+01	3.7609375000000000E+01
4.2612920224666595E+01	3.7609375000000000E+01
4.2682428829371929E+01	3.7609375000000000E+01
4.2751998297870159E+01	3.7609375000000000E+01
4.2821646444499493E+01	3.7609375000000000E+01
4.2891164369881153E+01	3.7609375000000000E+01
4.2960791751742363E+01	3.7609375000000000E+01
4.3030332028865814E+01	3.7609375000000000E+01
4.3099885344505310E+01	3.7609375000000000E+01
4.3169442877173424E+01	3.7609375000000000E+01
4.3239016927778721E+01	3.7609375000000000E+01
4.3308508709073067E+01	3.7609375000000000E+01
4.3378100447356701E+01	3.7609375000000000E+01
4.3447789572179317E+01	3.7609375000000000E+01
4.3517375946044922E+01	3.7609375000000000E+01
4.3587102316319942E+01	3.7609375000000000E+01
4.3656800910830498E+01	3.7609375000000000E+01
4.3726502157747746E+01	3.7609375000000000E+01
4.3796254098415375E+01	3.7609375000000000E+01
4.3865920789539814E+01	3.7609375000000000E+01
4.3935584127902985E+01	3.7609375000000000E+01
4.4005343124270439E+01	3.7609375000000000E+01
4.4075059629976749E+01	3.7609375000000000E+01
4.4144681394100189E+01	3.7609375000000000E+01
4.4214439190924168E+01	3.7609375000000000E+01
4.4284103609621525E+01	3.7609375000000000E+01
4.4353706412017345E+01	3.7609375000000000E+01
4.4423360064625740E+01	3.7609375000000000E+01
4.4492910809814930E+01	3.7609375000000000E+01
4.4562449716031551E+01	3.7609375000000000E+01
4.4632068745791912E+01	3.7609375000000000E+01
4.4701671130955219E+01	3.7609375000000000E+01
4.4771257452666759E+01	3.7609375000000000E+01
4.4840767838060856E+01	3.7609375000000000E+01
4.4910286925733089E+01	3.7609375000000000E+01
4.4979918085038662E+01	3.7609375000000000E+01
4.5049539551138878E+01	3.7609375000000000E+01
4.5119144745171070E+01	3.7609375000000000E+01
4.5188736245036125E+01	3.7609375000000000E+01
4.5258144833147526E+01	3.7609375000000000E+01
4.5327530719339848E+01	3.7609375000000000E+01
4.5396897338330746E+01	3.7609375000000000E+01
4.5466203369200230E+01	3.7609375000000000E+01
4.5535498403012753E+01	3.7609375000000000E+01
4.5604884535074234E+01	3.7609375000000000E+01
4.5674212761223316E+01	3.7609375000000000E+01
4.5743483453989029E+01	3.7609375000000000E+01
4.5812746562063694E+01	3.7609375000000000E+01
4.5881984829902649E+01	3.7609375000000000E+01
4.5951310008764267E+01	3.7609375000000000E+01
4.6020677745342255E+01	3.7609375000000000E+01
4.6089965842664242E+01	3.7609375000000000E+01
4.6159234724938869E+01	3.7609375000000000E+01
4.6228598505258560E+01	3.7609375000000000E+01
4.6297872006893158E+01	3.7609375000000000E+01
4.6367165975272655E+01	3.7609375000000000E+01
4.6436481758952141E+01	3.7609375000000000E+01
4.6505682237446308E+01	3.7609375000000000E+01
4.6574867561459541E+01	3.7609375000000000E+01
4.6644110597670078E+01	3.7609375000000000E+01
4.6713243469595909E+01	3.7609375000000000E+01
4.6782448433339596E+01	3.7609375000000000E+01
4.6851630657911301E+01	3.7609375000000000E+01
4.6920807071030140E+01	3.7609375000000000E+01
4.6989980638027191E+01	3.7609375000000000E+01
4.7059055596590042E+01	3.7609375000000000E+01
4.7128135256469250E+01	3.7609375000000000E+01
4.7197309650480747E+01	3.7609375000000000E+01
4.7266511067748070E+01	3.7609375000000000E+01
4.7335710868239403E+01	3.7609375000000000E+01
4.7404921904206276E+01	3.7609375000000000E+01
4.7474100276827812E+01	3.7609375000000000E+01
4.7543240658938885E+01	3.7609375000000000E+01
4.7612367585301399E+01	3.7609375000000000E+01
4.7681430667638779E+01	3.7609375000000000E+01
4.7750475957989693E+01	3.7609375000000000E+01
4.7819587051868439E+01	3.7609375000000000E+01
4.7888612307608128E+01	3.7609375000000000E+01
4.7957600064575672E+01	3.7609375000000000E+01
4.8026615373790264E+01	3.7609375000000000E+01
4.8095522433519363E+01	3.7609375000000000E+01
4.8164455831050873E+01	3.7609375000000000E+01
4.8233469612896442E+01	3.7609375000000000E+01
4.8302351109683514E+01	3.7609375000000000E+01
4.8371135160326958E+01	3.7609375000000000E+01
4.8439936555922031E+01	3.7609375000000000E+01
4.8508747532963753E+01	3.7609375000000000E+01
4.8577446788549423E+01	3.7609375000000000E+01
4.8646316744387150E+01	3.7609375000000000E+01
4.8715225428342819E+01	3.7609375000000000E+01
4.8784132279455662E+01	3.7609375000000000E+01
4.8853200681507587E+01	3.7609375000000000E+01
4.8922043815255165E+01	3.7609375000000000E+01
4.8991085477173328E+01	3.7609375000000000E+01
4.9060089312493801E+01	3.7609375000000000E+01
4.9129011623561382E+01	3.7609375000000000E+01
4.9197799585759640E+01	3.7609375000000000E+01
4.9266419589519501E+01	3.7609375000000000E+01
4.9335161954164505E+01	3.7609375000000000E+01
4.9403847679495811E+01	3.7609375000000000E+01
4.9472445443272591E+01	3.7609375000000000E+01
4.9541128776967525E+01	3.7609375000000000E+01
4.9609702095389366E+01	3.7609375000000000E+01
4.9677991420030594E+01	3.7609375000000000E+01
4.9746604360640049E+01	3.7609375000000000E+01
4.9815047636628151E+01	3.7609375000000000E+01
4.9883290827274323E+01	3.7609375000000000E+01
4.9951418705284595E+01	3.7609375000000000E+01
5.0019555002450943E+01	3.7609375000000000E+01
5.0087711401283741E+01	3.7609375000000000E+01
5.0155874423682690E+01	3.7609375000000000E+01
5.0224100738763809E+01	3.7609375000000000E+01
5.0292574912309647E+01	3.7609375000000000E+01
5.0361367098987103E+01	3.7609375000000000E+01
5.0430168345570564E+01	3.7609375000000000E+01
5.0498973265290260E+01	3.7609375000000000E+01
5.0567661225795746E+01	3.7609375000000000E+01
5.0636622011661530E+01	3.7609375000000000E+01
5.0705726556479931E+01	3.7609375000000000E+01
5.0774867258965969E+01	3.7609375000000000E+01
5.0843998335301876E+01	3.7609375000000000E+01
5.0913236096501350E+01	3.7609375000000000E+01
5.0982579693198204E+01	3.7609375000000000E+01
5.1052098207175732E+01	3.7609375000000000E+01
5.1121656432747841E+01	3.7609375000000000E+01
5.1191268831491470E+01	3.7609375000000000E+01
5.1260986767709255E+01	3.7609375000000000E+01
5.1330614008009434E+01	3.7609375000000000E+01
5.1400282166898251E+01	3.7609375000000000E+01
5.1470088377594948E+01	3.7609375000000000E+01
5.1539802141487598E+01	3.7609375000000000E+01
5.1609528660774231E+01	3.7609375000000000E+01
5.1679174035787582E+01	3.7609375000000000E+01
5.1748738586902618E+01	3.7609375000000000E+01
5.1818386495113373E+01	3.7609375000000000E+01
5.1887942455708981E+01	3.7609375000000000E+01
5.1957556411623955E+01	3.7609375000000000E+01
5.2027217768132687E+01	3.7609375000000000E+01
5.2097053498029709E+01	3.7609375000000000E+01
5.2166836507618427E+01	3.7609375000000000E+01
5.2236783623695374E+01	3.7609375000000000E+01
5.2306716315448284E+01	3.7609375000000000E+01
5.2376820012927055E+01	3.7609375000000000E+01
5.2446820199489594E+01	3.7609375000000000E+01
5.2516773439943790E+01	3.7609375000000000E+01
5.2586957082152367E+01	3.7609375000000000E+01
5.2656980924308300E+01	3.7609375000000000E+01
5.2727030597627163E+01	3.7609375000000000E+01
5.2796986527740955E+01	3.7609375000000000E+01
5.2867040477693081E+01	3.7609375000000000E+01
5.2937011741101742E+01	3.7609375000000000E+01
5.3006988085806370E+01	3.7609375000000000E+01
5.3077036231756210E+01	3.7609375000000000E+01
5.3146989829838276E+01	3.7609375000000000E+01
5.3217002108693123E+01	3.7609375000000000E+01
5.3286979511380196E+01	3.7609375000000000E+01
5.3356936708092690E+01	3.7609375000000000E+01
5.3426985412836075E+01	3.7609375000000000E+01
5.3496946401894093E+01	3.7609375000000000E+01
5.3566807746887207E+01	3.7609375000000000E+01
5.3636889897286892E+01	3.7609375000000000E+01
5.3707273192703724E+01	3.7609375000000000E+01
5.3777910731732845E+01	3.7609375000000000E+01
5.3848777100443840E+01	3.7609375000000000E+01
5.3919949635863304E+01	3.7609375000000000E+01
5.3991123504936695E+01	3.7609375000000000E+01
5.4062388703227043E+01	3.7609375000000000E+01
5.4133558444678783E+01	3.7609375000000000E+01
5.4204749599099159E+01	3.7609375000000000E+01
5.4275968760251999E+01	3.7609375000000000E+01
5.4347233749926090E+01	3.7609375000000000E+01
5.4418558962643147E+01	3.7609375000000000E+01
5.4489833913743496E+01	3.7609375000000000E+01
5.4561034016311169E+01	3.7609375000000000E+01
5.4632362328469753E+01	3.7609375000000000E+01
5.4703583069145679E+01	3.7609375000000000E+01
5.4774563267827034E+01	3.7609375000000000E+01
5.4845324449241161E+01	3.7609375000000000E+01
5.4915590032935143E+01	3.7609375000000000E+01
5.4985323697328568E+01	3.7609375000000000E+01
5.5054943665862083E+01	3.7609375000000000E+01
5.5124412693083286E+01	3.7609375000000000E+01
5.5193795919418335E+01	3.7609375000000000E+01
5.5263309076428413E+01	3.7609375000000000E+01
5.5332785539329052E+01	3.7609375000000000E+01
5.5402191959321499E+01	3.7609375000000000E+01
5.5471741870045662E+01	3.7609375000000000E+01
5.5541301511228085E+01	3.7609375000000000E+01
5.5610750518739223E+01	3.7609375000000000E+01
5.5680229090154171E+01	3.7609375000000000E+01
5.5749694898724556E+01	3.7609375000000000E+01
5.5819432102143764E+01	3.7609375000000000E+01
5.5888998948037624E+01	3.7609375000000000E+01
5.5958396233618259E+01	3.7609375000000000E+01
5.6027852959930897E+01	3.7609375000000000E+01
5.6097309328615665E+01	3.7609375000000000E+01
5.6166704915463924E+01	3.7609375000000000E+01
5.6236179053783417E+01	3.7609375000000000E+01
5.6305520474910736E+01	3.7609375000000000E+01
5.6374856770038605E+01	3.7609375000000000E+01
5.6444300234317780E+01	3.7609375000000000E+01
5.6513645097613335E+01	3.7609375000000000E+01
5.6583026215434074E+01	3.7609375000000000E+01
5.6652482464909554E+01	3.7609375000000000E+01
5.6721892409026623E+01	3.7609375000000000E+01
5.6791225515305996E+01	3.7609375000000000E+01
5.6860676698386669E+01	3.7609375000000000E+01
5.6929947435855865E+01	3.7609375000000000E+01
5.6999130032956600E+01	3.7609375000000000E+01
5.7068621344864368E+01	3.7609375000000000E+01
5.7138534687459469E+01	3.7609375000000000E+01
5.7208515144884586E+01	3.7609375000000000E+01
5.7278405010700226E+01	3.7609375000000000E+01
5.7348409235477448E+01	3.7609375000000000E+01
5.7418233752250671E+01	3.7609375000000000E+01
5.7488187983632088E+01	3.7609375000000000E+01
5.7558068782091141E+01	3.7609375000000000E+01
5.7627989389002323E+01	3.7609375000000000E+01
5.7697945639491081E+01	3.7609375000000000E+01
5.7767839290201664E+01	3.7609375000000000E+01
5.7837859734892845E+01	3.7609375000000000E+01
5.7907665319740772E+01	3.7609375000000000E+01
5.7977443426847458E+01	3.7609375000000000E+01
5.8047044381499290E+01	3.7609375000000000E+01
5.8116587460041046E+01	3.7609375000000000E+01
5.8185912638902664E+01	3.7609375000000000E+01
5.8255174100399017E+01	3.7609375000000000E+01
5.8324431657791138E+01	3.7609375000000000E+01
5.8393775515258312E+01	3.7609375000000000E+01
5.8463257417082787E+01	3.7609375000000000E+01
5.8532739639282227E+01	3.7609375000000000E+01
5.8602219745516777E+01	3.7609375000000000E+01
5.8671686723828316E+01	3.7609375000000000E+01
5.8741165481507778E+01	3.7609375000000000E+01
5.8810741700232029E+01	3.7609375000000000E+01
5.8880453027784824E+01	3.7609375000000000E+01
5.8950142860412598E+01	3.7609375000000000E+01
5.9019843861460686E+01	3.7609375000000000E+01
5.9089657984673977E+01	3.7609375000000000E+01
5.9159425035119057E+01	3.7609375000000000E+01
5.9229200027883053E+01	3.7609375000000000E+01
5.9299048736691475E+01	3.7609375000000000E+01
5.9368893124163151E+01	3.7609375000000000E+01
5.9438719600439072E+01	3.7609375000000000E+01
5.9508673407137394E+01	3.7609375000000000E+01
5.9578593820333481E+01	3.7609375000000000E+01
5.9648582801222801E+01	3.7609375000000000E+01
5.9718573488295078E+01	3.7609375000000000E+01
5.9788590863347054E+01	3.7609375000000000E+01
5.9858639411628246E+01	3.7609375000000000E+01
5.9928607530891895E+01	3.7609375000000000E+01
5.9998603567481041E+01	3.7609375000000000E+01
6.0068696714937687E+01	3.7609375000000000E+01
6.0138745747506618E+01	3.7609375000000000E+01
6.0208733916282654E+01	3.7609375000000000E+01
6.0278817847371101E+01	3.7609375000000000E+01
6.0348873026669025E+01	3.7609375000000000E+01
6.0418903701007366E+01	3.7609375000000000E+01
6.0489009670913219E+01	3.7609375000000000E+01
6.0559037469327450E+01	3.7609375000000000E+01
6.0629042282700539E+01	3.7609375000000000E+01
6.0699126720428467E+01	3.7609375000000000E+01
6.0769190996885300E+01	3.7609375000000000E+01
6.0839236333966255E+01	3.7609375000000000E+01
6.0909310437738895E+01	3.7609375000000000E+01
6.0979365572333336E+01	3.7609375000000000E+01
6.1049411572515965E+01	3.7609375000000000E+01
6.1119549289345741E+01	3.7609375000000000E+01
6.1189642369747162E+01	3.7609375000000000E+01
6.1259740792214870E+01	3.7609375000000000E+01
6.1329828120768070E+01	3.7609375000000000E+01
6.1399889007210732E+01	3.7609375000000000E+01
6.1470012165606022E+01	3.7609375000000000E+01
6.1540048204362392E+01	3.7609375000000000E+01
6.1610098928213120E+01	3.7609375000000000E+01
6.1680218689143658E+01	3.7609375000000000E+01
6.1750250145792961E+01	3.7609375000000000E+01
6.1820310823619366E+01	3.7609375000000000E+01
6.1890446133911610E+01	3.7609375000000000E+01
6.1960560411214828E+01	3.7609375000000000E+01
6.2030645452439785E+01	3.7609375000000000E+01
6.2100784189999104E+01	3.7609375000000000E+01
6.2170862123370171E+01	3.7609375000000000E+01
6.2240965992212296E+01	3.7609375000000000E+01
6.2311053737998009E+01	3.7609375000000000E+01
6.2381162874400616E+01	3.7609375000000000E+01
6.2451161213219166E+01	3.7609375000000000E+01
6.2521291255950928E+01	3.7609375000000000E+01
6.2591274149715900E+01	3.7609375000000000E+01
6.2661341898143291E+01	3.7609375000000000E+01
6.2731347031891346E+01	3.7609375000000000E+01
6.2801335908472538E+01	3.7609375000000000E+01
6.2871432639658451E+01	3.7609375000000000E+01
6.2941451981663704E+01	3.7609375000000000E+01
6.3011432699859142E+01	3.7609375000000000E+01
6.3081478521227837E+01	3.7609375000000000E+01
6.3151476584374905E+01	3.7609375000000000E+01
6.3221518740057945E+01	3.7609375000000000E+01
6.3291586033999920E+01	3.7609375000000000E+01
6.3361566297709942E+01	3.7609375000000000E+01
6.3431558288633823E+01	3.7609375000000000E+01
6.3501584663987160E+01	3.7609375000000000E+01
6.3571531221270561E+01	3.7609375000000000E+01
6.3641497015953064E+01	3.7609375000000000E+01
6.3711497813463211E+01	3.7609375000000000E+01
6.3781401626765728E+01	3.7609375000000000E+01
6.3851220674812794E+01	3.7609375000000000E+01
6.3921096868813038E+01	3.7609375000000000E+01
6.3990913122892380E+01	3.7609375000000000E+01
6.4060751020908356E+01	3.7609375000000000E+01
6.4130609281361103E+01	3.7609375000000000E+01
6.4200307719409466E+01	3.7609375000000000E+01
6.4270061433315277E+01	3.7609375000000000E+01
6.4339728839695454E+01	3.7609375000000000E+01
6.4409755311906338E+01	3.7609375000000000E+01
6.4479526162147522E+01	3.7609375000000000E+01
6.4549137525260448E+01	3.7609375000000000E+01
6.4618687853217125E+01	3.7609375000000000E+01
6.4688258491456509E+01	3.7609375000000000E+01
6.4757715545594692E+01	3.7609375000000000E+01
6.4827069140970707E+01	3.7609375000000000E+01
6.4896524891257286E+01	3.7609375000000000E+01
6.4965853288769722E+01	3.7609375000000000E+01
6.5035228498280048E+01	3.7609375000000000E+01
6.5104608081281185E+01	3.7609375000000000E+01
6.5173845276236534E+01	3.7609375000000000E+01
6.5243195772171021E+01	3.7609375000000000E+01
6.5312569282948971E+01	3.7609375000000000E+01
6.5382134117186069E+01	3.7609375000000000E+01
6.5451416954398155E+01	3.7609375000000000E+01
6.5520770460367203E+01	3.7609375000000000E+01
6.5590082481503487E+01	3.7609375000000000E+01
6.5659355252981186E+01	3.7609375000000000E+01
6.5728693433105946E+01	3.7609375000000000E+01
6.5797943815588951E+01	3.7609375000000000E+01
6.5867212571203709E+01	3.7609375000000000E+01
6.5936544135212898E+01	3.7609375000000000E+01
6.6005819074809551E+01	3.7609375000000000E+01
6.6075120508670807E+01	3.7609375000000000E+01
6.6144394099712372E+01	3.7609375000000000E+01
6.6213637679815292E+01	3.7609375000000000E+01
6.6282913938164711E+01	3.7609375000000000E+01
6.6352178044617176E+01	3.7609375000000000E+01
6.6421451680362225E+01	3.7609375000000000E+01
6.6490652687847614E+01	3.7609375000000000E+01
6.6559841386973858E+01	3.7609375000000000E+01
6.6629227936267853E+01	3.7609375000000000E+01
6.6699015945196152E+01	3.7609375000000000E+01
6.6768595807254314E+01	3.7609375000000000E+01
6.6838305599987507E+01	3.7609375000000000E+01
6.6907988548278809E+01	3.7609375000000000E+01
6.6977636151015759E+01	3.7609375000000000E+01
6.7047216668725014E+01	3.7609375000000000E+01
6.7116956941783428E+01	3.7609375000000000E+01
6.7186618380248547E+01	3.7609375000000000E+01
6.7256923429667950E+01	3.7609375000000000E+01
6.7326720923185349E+01	3.7609375000000000E+01
6.7396354496479034E+01	3.7609375000000000E+01
6.7466028273105621E+01	3.7609375000000000E+01
6.7535698965191841E+01	3.7609375000000000E+01
6.7605242051184177E+01	3.7609375000000000E+01
6.7674626953899860E+01	3.7609375000000000E+01
6.7743900015950203E+01	3.7609375000000000E+01
6.7813021138310432E+01	3.7609375000000000E+01
6.7882186286151409E+01	3.7609375000000000E+01
6.7951448999345303E+01	3.7609375000000000E+01
6.8020707122981548E+01	3.7609375000000000E+01
6.8090051211416721E+01	3.7609375000000000E+01
6.8237386241555214E+01	3.7699218750000000E+01
6.8361680537462234E+01	3.7699218750000000E+01
6.8483357720077038E+01	3.7699218750000000E+01
6.8587899982929230E+01	3.7699218750000000E+01
6.8650191448628902E+01	3.7699218750000000E+01
6.8680110134184361E+01	3.7699218750000000E+01
6.8709898062050343E+01	3.7699218750000000E+01
6.8744600780308247E+01	3.7699218750000000E+01
6.8771804951131344E+01	3.7699218750000000E+01
6.8798906043171883E+01	3.7699218750000000E+01
6.8832113176584244E+01	3.7699218750000000E+01
