2.9518486559391022E-01	3.7312500000000000E+01
8.3973624706268311E+00	3.7578125000000000E+01
1.6487192086875439E+01	3.7585937500000000E+01
2.4563198976218700E+01	3.7589843750000000E+01
3.2683208063244820E+01	3.7589843750000000E+01
4.0811978377401829E+01	3.7589843750000000E+01
4.8916529513895512E+01	3.7589843750000000E+01
5.6989634506404400E+01	3.7589843750000000E+01
6.5078444689512253E+01	3.7589843750000000E+01
7.3176870271563530E+01	3.7589843750000000E+01
8.1269374124705791E+01	3.7589843750000000E+01
8.9354294359683990E+01	3.7589843750000000E+01
9.7442958921194077E+01	3.7589843750000000E+01
1.0556558507680893E+02	3.7589843750000000E+01
1.1368395189195871E+02	3.7589843750000000E+01
1.2177467150241137E+02	3.7589843750000000E+01
1.2985177287459373E+02	3.7589843750000000E+01
1.3794048956781626E+02	3.7589843750000000E+01
1.4602678935974836E+02	3.7597656250000000E+01
1.5411836144328117E+02	3.7597656250000000E+01
1.6219437684118748E+02	3.7597656250000000E+01
1.7029534564912319E+02	3.7597656250000000E+01
1.7841957411170006E+02	3.7597656250000000E+01
1.8653163288533688E+02	3.7597656250000000E+01
1.9461236966401339E+02	3.7597656250000000E+01
2.0268814067542553E+02	3.7597656250000000E+01
2.1077913694828749E+02	3.7597656250000000E+01
2.1886451160907745E+02	3.7597656250000000E+01
2.2695967415720224E+02	3.7597656250000000E+01
2.3503279168903828E+02	3.7597656250000000E+01
2.4312603298574686E+02	3.7597656250000000E+01
2.5123368644714355E+02	3.7597656250000000E+01
2.5931181868910789E+02	3.7597656250000000E+01
2.6738212156295776E+02	3.7601562500000000E+01
2.7544934600591660E+02	3.7601562500000000E+01
2.8353705561161041E+02	3.7601562500000000E+01
2.9163187181204557E+02	3.7601562500000000E+01
2.9972525285929441E+02	3.7601562500000000E+01
3.0778819330036640E+02	3.7601562500000000E+01
3.1588789238035679E+02	3.7601562500000000E+01
3.2398898705095053E+02	3.7601562500000000E+01
3.3207736468315125E+02	3.7601562500000000E+01
3.4013753720372915E+02	3.7601562500000000E+01
3.4820940369367599E+02	3.7601562500000000E+01
3.5629744084924459E+02	3.7601562500000000E+01
3.6439044443517923E+02	3.7601562500000000E+01
3.7247014629840851E+02	3.7601562500000000E+01
3.8054467178881168E+02	3.7601562500000000E+01
3.8863827221840620E+02	3.7601562500000000E+01
3.9672906069457531E+02	3.7601562500000000E+01
4.0480278129875660E+02	3.7601562500000000E+01
4.1285354156792164E+02	3.7601562500000000E+01
4.2092448329925537E+02	3.7601562500000000E+01
4.2901634237170219E+02	3.7601562500000000E+01
4.3710738106071949E+02	3.7601562500000000E+01
4.4517961942404509E+02	3.7601562500000000E+01
4.5325661024451256E+02	3.7601562500000000E+01
4.6133726012706757E+02	3.7601562500000000E+01
4.6941369373351336E+02	3.7601562500000000E+01
4.7748515605181456E+02	3.7601562500000000E+01
4.8553882676362991E+02	3.7601562500000000E+01
4.9361700887978077E+02	3.7601562500000000E+01
5.0171453473716974E+02	3.7601562500000000E+01
5.0981899287551641E+02	3.7601562500000000E+01
5.1787958558648825E+02	3.7601562500000000E+01
5.2595241586863995E+02	3.7601562500000000E+01
5.3403672633320093E+02	3.7601562500000000E+01
5.4211992428451777E+02	3.7601562500000000E+01
5.5018777909874916E+02	3.7601562500000000E+01
5.5824699691683054E+02	3.7601562500000000E+01
5.6633532505482435E+02	3.7601562500000000E+01
5.7443994586914778E+02	3.7601562500000000E+01
5.8252819106727839E+02	3.7601562500000000E+01
5.9058307107537985E+02	3.7601562500000000E+01
5.9865542019158602E+02	3.7601562500000000E+01
6.0673951163887978E+02	3.7601562500000000E+01
6.1481720336526632E+02	3.7601562500000000E+01
6.2287510979175568E+02	3.7601562500000000E+01
6.3092913064360619E+02	3.7601562500000000E+01
6.3902179254591465E+02	3.7601562500000000E+01
6.4712598824501038E+02	3.7601562500000000E+01
6.5520601990818977E+02	3.7601562500000000E+01
6.6325548812747002E+02	3.7601562500000000E+01
6.7133004663884640E+02	3.7601562500000000E+01
6.7941075165569782E+02	3.7601562500000000E+01
6.8748307278752327E+02	3.7601562500000000E+01
6.9553217705339193E+02	3.7601562500000000E+01
7.0360177566856146E+02	3.7601562500000000E+01
7.1169599986821413E+02	3.7601562500000000E+01
7.1978812704235315E+02	3.7601562500000000E+01
7.2784853242337704E+02	3.7601562500000000E+01
7.3590252657979727E+02	3.7601562500000000E+01
7.4397543505579233E+02	3.7601562500000000E+01
7.5205221281200647E+02	3.7601562500000000E+01
7.6012110754847527E+02	3.7601562500000000E+01
7.6816844474524260E+02	3.7601562500000000E+01
7.7624285629391670E+02	3.7601562500000000E+01
7.8433620698004961E+02	3.7601562500000000E+01
7.9242664469778538E+02	3.7601562500000000E+01
8.0048472139984369E+02	3.7601562500000000E+01
8.0853528290987015E+02	3.7601562500000000E+01
8.1660315258055925E+02	3.7601562500000000E+01
8.2467622935771942E+02	3.7601562500000000E+01
8.3273969408124685E+02	3.7601562500000000E+01
8.4078887975960970E+02	3.7601562500000000E+01
8.4887305889278650E+02	3.7601562500000000E+01
8.5696945376694202E+02	3.7601562500000000E+01
8.6504018213599920E+02	3.7601562500000000E+01
8.7308944772928953E+02	3.7601562500000000E+01
8.8114570894837379E+02	3.7601562500000000E+01
8.8921236611157656E+02	3.7601562500000000E+01
8.9728385332226753E+02	3.7601562500000000E+01
9.0533330476284027E+02	3.7601562500000000E+01
9.1337863250076771E+02	3.7601562500000000E+01
9.2146350283920765E+02	3.7601562500000000E+01
9.2955191221833229E+02	3.7601562500000000E+01
9.3761333318799734E+02	3.7601562500000000E+01
9.4566280097514391E+02	3.7601562500000000E+01
9.5372080638259649E+02	3.7601562500000000E+01
9.6179081441462040E+02	3.7601562500000000E+01
9.6986274696141481E+02	3.7601562500000000E+01
9.7791144912689924E+02	3.7601562500000000E+01
9.8596880842000246E+02	3.7601562500000000E+01
9.9405474283546209E+02	3.7601562500000000E+01
1.0021340326741338E+03	3.7601562500000000E+01
1.0101935209259391E+03	3.7601562500000000E+01
1.0182360431626439E+03	3.7601562500000000E+01
1.0262968349680305E+03	3.7601562500000000E+01
1.0343650017082691E+03	3.7601562500000000E+01
1.0424385547637939E+03	3.7601562500000000E+01
1.0504769512042403E+03	3.7601562500000000E+01
1.0585406869575381E+03	3.7601562500000000E+01
1.0666195794045925E+03	3.7601562500000000E+01
1.0746920454576612E+03	3.7601562500000000E+01
1.0827394207343459E+03	3.7601562500000000E+01
1.0907862675637007E+03	3.7601562500000000E+01
1.0988529244959354E+03	3.7601562500000000E+01
1.1069201942160726E+03	3.7601562500000000E+01
1.1149885357096791E+03	3.7601562500000000E+01
1.1230316615849733E+03	3.7601562500000000E+01
1.1310985834896564E+03	3.7601562500000000E+01
1.1391741173267365E+03	3.7601562500000000E+01
1.1472365318238735E+03	3.7601562500000000E+01
1.1552812157496810E+03	3.7601562500000000E+01
1.1633260091841221E+03	3.7601562500000000E+01
1.1713960624858737E+03	3.7601562500000000E+01
1.1794729172736406E+03	3.7601562500000000E+01
1.1875219848901033E+03	3.7601562500000000E+01
1.1955641063079238E+03	3.7601562500000000E+01
1.2036301776543260E+03	3.7601562500000000E+01
1.2116967201754451E+03	3.7601562500000000E+01
1.2197541558668017E+03	3.7601562500000000E+01
1.2277924477383494E+03	3.7601562500000000E+01
1.2358374520316720E+03	3.7601562500000000E+01
1.2439075141921639E+03	3.7601562500000000E+01
1.2519862041473389E+03	3.7601562500000000E+01
1.2600407949015498E+03	3.7601562500000000E+01
1.2680703714415431E+03	3.7601562500000000E+01
1.2761328118816018E+03	3.7601562500000000E+01
1.2841962504610419E+03	3.7601562500000000E+01
1.2922484000027180E+03	3.7601562500000000E+01
1.3002835586369038E+03	3.7601562500000000E+01
1.3083334853723645E+03	3.7601562500000000E+01
1.3164071616306901E+03	3.7601562500000000E+01
1.3244890694841743E+03	3.7601562500000000E+01
1.3325282438546419E+03	3.7601562500000000E+01
1.3405675213560462E+03	3.7601562500000000E+01
1.3486284853294492E+03	3.7601562500000000E+01
1.3566844782680273E+03	3.7601562500000000E+01
1.3647252010852098E+03	3.7601562500000000E+01
1.3727511190623045E+03	3.7601562500000000E+01
1.3808040943592787E+03	3.7601562500000000E+01
1.3888767665252090E+03	3.7601562500000000E+01
1.3969487901851535E+03	3.7601562500000000E+01
1.4049765550941229E+03	3.7601562500000000E+01
1.4130027050077915E+03	3.7601562500000000E+01
1.4210634131953120E+03	3.7601562500000000E+01
1.4291205465346575E+03	3.7601562500000000E+01
1.4371581759601831E+03	3.7601562500000000E+01
1.4451909538209438E+03	3.7601562500000000E+01
1.4532609674856067E+03	3.7601562500000000E+01
1.4613453022316098E+03	3.7601562500000000E+01
1.4694068908765912E+03	3.7601562500000000E+01
1.4774364834949374E+03	3.7601562500000000E+01
1.4854768400862813E+03	3.7601562500000000E+01
1.4935314719825983E+03	3.7601562500000000E+01
1.5015862645804882E+03	3.7601562500000000E+01
1.5096178441941738E+03	3.7601562500000000E+01
1.5176544845476747E+03	3.7601562500000000E+01
1.5257172602489591E+03	3.7601562500000000E+01
1.5337947613224387E+03	3.7601562500000000E+01
1.5418399218544364E+03	3.7601562500000000E+01
1.5498637779876590E+03	3.7601562500000000E+01
1.5579089751243591E+03	3.7601562500000000E+01
1.5659672373458743E+03	3.7601562500000000E+01
1.5740188568383455E+03	3.7601562500000000E+01
1.5820450481772423E+03	3.7601562500000000E+01
1.5900886557400227E+03	3.7601562500000000E+01
1.5981639433354139E+03	3.7601562500000000E+01
1.6062300814464688E+03	3.7601562500000000E+01
1.6142662933543324E+03	3.7601562500000000E+01
1.6222871215865016E+03	3.7601562500000000E+01
1.6303332417756319E+03	3.7601562500000000E+01
1.6383873140141368E+03	3.7601562500000000E+01
1.6464366162717342E+03	3.7601562500000000E+01
1.6544624115973711E+03	3.7601562500000000E+01
1.6625134281441569E+03	3.7601562500000000E+01
1.6705786558613181E+03	3.7601562500000000E+01
1.6786374130249023E+03	3.7601562500000000E+01
1.6866565055176616E+03	3.7601562500000000E+01
1.6946792350858450E+03	3.7601562500000000E+01
1.7027212422266603E+03	3.7601562500000000E+01
1.7107697401717305E+03	3.7601562500000000E+01
1.7188146382570267E+03	3.7601562500000000E+01
1.7268325930088758E+03	3.7601562500000000E+01
1.7348908214718103E+03	3.7601562500000000E+01
1.7429572393521667E+03	3.7601562500000000E+01
1.7510047098696232E+03	3.7601562500000000E+01
1.7590300884768367E+03	3.7601562500000000E+01
1.7670495293512940E+03	3.7601562500000000E+01
1.7750970410928130E+03	3.7601562500000000E+01
1.7831484870761633E+03	3.7601562500000000E+01
1.7911871338412166E+03	3.7601562500000000E+01
1.7991999617367983E+03	3.7601562500000000E+01
1.8072578685060143E+03	3.7601562500000000E+01
1.8153145101591945E+03	3.7601562500000000E+01
1.8233540857061744E+03	3.7601562500000000E+01
1.8313721882477403E+03	3.7601562500000000E+01
1.8393988727554679E+03	3.7601562500000000E+01
1.8474483152553439E+03	3.7601562500000000E+01
1.8555056064799428E+03	3.7601562500000000E+01
1.8635328186079860E+03	3.7601562500000000E+01
1.8715354824960232E+03	3.7601562500000000E+01
1.8795814510211349E+03	3.7601562500000000E+01
1.8876303555294871E+03	3.7601562500000000E+01
1.8956701577231288E+03	3.7601562500000000E+01
1.9036743323430419E+03	3.7601562500000000E+01
1.9117060885056853E+03	3.7601562500000000E+01
1.9197598928958178E+03	3.7601562500000000E+01
1.9278153444603086E+03	3.7601562500000000E+01
1.9358342406526208E+03	3.7601562500000000E+01
1.9438493982329965E+03	3.7601562500000000E+01
1.9518976486548781E+03	3.7601562500000000E+01
1.9599276518002152E+03	3.7601562500000000E+01
1.9679563149511814E+03	3.7601562500000000E+01
1.9759560836926103E+03	3.7601562500000000E+01
1.9839927826300263E+03	3.7601562500000000E+01
1.9920569357797503E+03	3.7601562500000000E+01
2.0001029773056507E+03	3.7601562500000000E+01
2.0081227774024010E+03	3.7601562500000000E+01
2.0161483285427094E+03	3.7601562500000000E+01
2.0241955414414406E+03	3.7601562500000000E+01
2.0322401839792728E+03	3.7601562500000000E+01
2.0402538881078362E+03	3.7601562500000000E+01
2.0482605603486300E+03	3.7601562500000000E+01
2.0562932222411036E+03	3.7601562500000000E+01
2.0643608702868223E+03	3.7601562500000000E+01
2.0723949699699879E+03	3.7601562500000000E+01
2.0804050197452307E+03	3.7601562500000000E+01
2.0884155281409621E+03	3.7601562500000000E+01
2.0964607870206237E+03	3.7601562500000000E+01
2.1044979484826326E+03	3.7601562500000000E+01
2.1125091877654195E+03	3.7601562500000000E+01
2.1205132009312510E+03	3.7601562500000000E+01
2.1285587516427040E+03	3.7601562500000000E+01
2.1366117941513658E+03	3.7601562500000000E+01
2.1446383211612701E+03	3.7601562500000000E+01
2.1526473272740841E+03	3.7601562500000000E+01
2.1606625237166882E+03	3.7601562500000000E+01
2.1686968496665359E+03	3.7601562500000000E+01
2.1767259019538760E+03	3.7601562500000000E+01
2.1847309745401144E+03	3.7601562500000000E+01
2.1927563372999430E+03	3.7601562500000000E+01
2.2008068260848522E+03	3.7601562500000000E+01
2.2088538750931621E+03	3.7601562500000000E+01
2.2168785033598542E+03	3.7601562500000000E+01
2.2248834489509463E+03	3.7601562500000000E+01
2.2329043434634805E+03	3.7601562500000000E+01
2.2409464294910431E+03	3.7601562500000000E+01
2.2489656158015132E+03	3.7601562500000000E+01
2.2569757683724165E+03	3.7601562500000000E+01
2.2650082935988903E+03	3.7601562500000000E+01
2.2730614885836840E+03	3.7601562500000000E+01
2.2811015015095472E+03	3.7601562500000000E+01
2.2891120736375451E+03	3.7601562500000000E+01
2.2971192516088486E+03	3.7601562500000000E+01
2.3051357491388917E+03	3.7601562500000000E+01
2.3131660598367453E+03	3.7601562500000000E+01
2.3211899008154869E+03	3.7601562500000000E+01
2.3291995181962848E+03	3.7601562500000000E+01
2.3372348205000162E+03	3.7601562500000000E+01
2.3452727731466293E+03	3.7601562500000000E+01
2.3532990104556084E+03	3.7601562500000000E+01
2.3613066818937659E+03	3.7601562500000000E+01
2.3693137120604515E+03	3.7601562500000000E+01
2.3773351562917233E+03	3.7601562500000000E+01
2.3853624409437180E+03	3.7601562500000000E+01
2.3933795923516154E+03	3.7601562500000000E+01
2.4013890910521150E+03	3.7601562500000000E+01
2.4094312082305551E+03	3.7601562500000000E+01
2.4174701422378421E+03	3.7601562500000000E+01
2.4254961389675736E+03	3.7601562500000000E+01
2.4334998467713594E+03	3.7601562500000000E+01
2.4415083738490939E+03	3.7601562500000000E+01
2.4495348602756858E+03	3.7601562500000000E+01
2.4575672439336777E+03	3.7601562500000000E+01
2.4655885018259287E+03	3.7601562500000000E+01
2.4735894740521908E+03	3.7601562500000000E+01
2.4816357842534781E+03	3.7601562500000000E+01
2.4896698086559772E+03	3.7601562500000000E+01
2.4976848628893495E+03	3.7601562500000000E+01
2.5056898587197065E+03	3.7601562500000000E+01
2.5137077441215515E+03	3.7601562500000000E+01
2.5217364839464426E+03	3.7601562500000000E+01
2.5297730993852019E+03	3.7601562500000000E+01
2.5377965722233057E+03	3.7601562500000000E+01
2.5458164709210396E+03	3.7601562500000000E+01
2.5538514357581735E+03	3.7601562500000000E+01
2.5618816287890077E+03	3.7601562500000000E+01
2.5698969304785132E+03	3.7601562500000000E+01
2.5779000716134906E+03	3.7601562500000000E+01
2.5859188649877906E+03	3.7601562500000000E+01
2.5939519192427397E+03	3.7601562500000000E+01
2.6019868450015783E+03	3.7601562500000000E+01
2.6100056178867817E+03	3.7601562500000000E+01
2.6180410358235240E+03	3.7601562500000000E+01
2.6260724681019783E+03	3.7601562500000000E+01
2.6340968609973788E+03	3.7601562500000000E+01
2.6420993692055345E+03	3.7601562500000000E+01
2.6501023161187768E+03	3.7601562500000000E+01
2.6581288315504789E+03	3.7601562500000000E+01
2.6661702731475234E+03	3.7601562500000000E+01
2.6742092817425728E+03	3.7601562500000000E+01
2.6822240501195192E+03	3.7601562500000000E+01
2.6902564663290977E+03	3.7601562500000000E+01
2.6982857072204351E+03	3.7601562500000000E+01
2.7063052824139595E+03	3.7601562500000000E+01
2.7143125492185354E+03	3.7601562500000000E+01
2.7223195622339845E+03	3.7601562500000000E+01
2.7303573143184185E+03	3.7601562500000000E+01
2.7384076914861798E+03	3.7601562500000000E+01
2.7464356404468417E+03	3.7601562500000000E+01
2.7544517490491271E+03	3.7601562500000000E+01
2.7624784786850214E+03	3.7601562500000000E+01
2.7705089398846030E+03	3.7601562500000000E+01
2.7785281506627798E+03	3.7601562500000000E+01
2.7865325108692050E+03	3.7601562500000000E+01
2.7945506343469024E+03	3.7601562500000000E+01
2.8025972556099296E+03	3.7601562500000000E+01
2.8106470093429089E+03	3.7601562500000000E+01
2.8186719878911972E+03	3.7601562500000000E+01
2.8266837081238627E+03	3.7601562500000000E+01
2.8347129153087735E+03	3.7601562500000000E+01
2.8427437663227320E+03	3.7601562500000000E+01
2.8507630058974028E+03	3.7601562500000000E+01
2.8587654351666570E+03	3.7601562500000000E+01
2.8667965701892972E+03	3.7601562500000000E+01
2.8748510314896703E+03	3.7601562500000000E+01
2.8829023845717311E+03	3.7601562500000000E+01
2.8909217415452003E+03	3.7601562500000000E+01
2.8989363790079951E+03	3.7601562500000000E+01
2.9069629947692156E+03	3.7601562500000000E+01
2.9149938968941569E+03	3.7601562500000000E+01
2.9230068704187870E+03	3.7601562500000000E+01
2.9310195819661021E+03	3.7601562500000000E+01
2.9390562844574451E+03	3.7601562500000000E+01
2.9471089143455029E+03	3.7601562500000000E+01
2.9551459120213985E+03	3.7601562500000000E+01
2.9631601873487234E+03	3.7601562500000000E+01
2.9711704081296921E+03	3.7601562500000000E+01
2.9791982542127371E+03	3.7601562500000000E+01
2.9872171756848693E+03	3.7601562500000000E+01
2.9952329245731235E+03	3.7601562500000000E+01
3.0032451410815120E+03	3.7601562500000000E+01
3.0112928040549159E+03	3.7601562500000000E+01
3.0193428033068776E+03	3.7601562500000000E+01
3.0273717419505119E+03	3.7601562500000000E+01
3.0353765372186899E+03	3.7601562500000000E+01
3.0433898323625326E+03	3.7601562500000000E+01
3.0514152590036392E+03	3.7601562500000000E+01
3.0594373908191919E+03	3.7601562500000000E+01
3.0674433459192514E+03	3.7601562500000000E+01
3.0754592195302248E+03	3.7601562500000000E+01
3.0834947745576501E+03	3.7601562500000000E+01
3.0915349452570081E+03	3.7601562500000000E+01
3.0995509056225419E+03	3.7601562500000000E+01
3.1075492139682174E+03	3.7601562500000000E+01
3.1155658839195967E+03	3.7601562500000000E+01
3.1235951054021716E+03	3.7601562500000000E+01
3.1316205732226372E+03	3.7601562500000000E+01
3.1396234297752380E+03	3.7601562500000000E+01
3.1476554388478398E+03	3.7601562500000000E+01
3.1557033831849694E+03	3.7601562500000000E+01
3.1637338146492839E+03	3.7601562500000000E+01
3.1717412664592266E+03	3.7601562500000000E+01
3.1797433415278792E+03	3.7601562500000000E+01
3.1877661333903670E+03	3.7601562500000000E+01
3.1957966473251581E+03	3.7601562500000000E+01
3.2038278635814786E+03	3.7601562500000000E+01
3.2118353512957692E+03	3.7601562500000000E+01
3.2198769456595182E+03	3.7601562500000000E+01
3.2279125912338495E+03	3.7601562500000000E+01
3.2359291972368956E+03	3.7601562500000000E+01
3.2439336822554469E+03	3.7601562500000000E+01
3.2519400296285748E+03	3.7601562500000000E+01
3.2599443201720715E+03	3.7601562500000000E+01
3.2679822897315025E+03	3.7601562500000000E+01
3.2760105486214161E+03	3.7601562500000000E+01
3.2840218855291605E+03	3.7601562500000000E+01
3.2920574874654412E+03	3.7601562500000000E+01
3.3000897276252508E+03	3.7601562500000000E+01
3.3081103300899267E+03	3.7601562500000000E+01
3.3161147055476904E+03	3.7601562500000000E+01
3.3241211153492332E+03	3.7601562500000000E+01
3.3321491539850831E+03	3.7601562500000000E+01
3.3401895204409957E+03	3.7601562500000000E+01
3.3482132298946381E+03	3.7601562500000000E+01
3.3562241396978498E+03	3.7601562500000000E+01
3.3642495775893331E+03	3.7601562500000000E+01
3.3722681791111827E+03	3.7601562500000000E+01
3.3802862136736512E+03	3.7601562500000000E+01
3.3882897494584322E+03	3.7601562500000000E+01
3.3962999375090003E+03	3.7601562500000000E+01
3.4043367611393332E+03	3.7601562500000000E+01
3.4123808808848262E+03	3.7601562500000000E+01
3.4203927399441600E+03	3.7601562500000000E+01
3.4284049849882722E+03	3.7601562500000000E+01
3.4364345026910305E+03	3.7601562500000000E+01
3.4444572219103575E+03	3.7601562500000000E+01
3.4524593073725700E+03	3.7601562500000000E+01
3.4604461415931582E+03	3.7601562500000000E+01
3.4684702303037047E+03	3.7601562500000000E+01
3.4765115326419473E+03	3.7601562500000000E+01
3.4845506038144231E+03	3.7601562500000000E+01
3.4925490505918860E+03	3.7601562500000000E+01
3.5005598163232207E+03	3.7601562500000000E+01
3.5085907879620790E+03	3.7601562500000000E+01
3.5166086108461022E+03	3.7601562500000000E+01
3.5246150139942765E+03	3.7601562500000000E+01
3.5326075760349631E+03	3.7601562500000000E+01
3.5406364077627659E+03	3.7601562500000000E+01
3.5486827925369143E+03	3.7601562500000000E+01
3.5567244678214192E+03	3.7601562500000000E+01
3.5647210485339165E+03	3.7601562500000000E+01
3.5727356634438038E+03	3.7601562500000000E+01
3.5807667983993888E+03	3.7601562500000000E+01
3.5887740107774734E+03	3.7601562500000000E+01
3.5967748422399163E+03	3.7601562500000000E+01
3.6047779124155641E+03	3.7601562500000000E+01
3.6128207841664553E+03	3.7601562500000000E+01
3.6208657038360834E+03	3.7601562500000000E+01
3.6288958814367652E+03	3.7601562500000000E+01
3.6368887294754386E+03	3.7601562500000000E+01
3.6449031090810895E+03	3.7601562500000000E+01
3.6529309523999691E+03	3.7601562500000000E+01
3.6609490840733051E+03	3.7601562500000000E+01
3.6689409143477678E+03	3.7601562500000000E+01
3.6769539299979806E+03	3.7601562500000000E+01
3.6849943238869309E+03	3.7601562500000000E+01
3.6930335778743029E+03	3.7601562500000000E+01
3.7010493074953556E+03	3.7601562500000000E+01
3.7090486615970731E+03	3.7601562500000000E+01
3.7170591269582510E+03	3.7601562500000000E+01
3.7250893098115921E+03	3.7601562500000000E+01
3.7331090410500765E+03	3.7601562500000000E+01
3.7411046818345785E+03	3.7601562500000000E+01
3.7491329357475042E+03	3.7601562500000000E+01
3.7571778978109360E+03	3.7601562500000000E+01
3.7652081814855337E+03	3.7601562500000000E+01
3.7732182935625315E+03	3.7601562500000000E+01
3.7812204033881426E+03	3.7601562500000000E+01
3.7892385199666023E+03	3.7601562500000000E+01
3.7972625067457557E+03	3.7601562500000000E+01
3.8052840474471450E+03	3.7601562500000000E+01
3.8132831947579980E+03	3.7601562500000000E+01
3.8213117268159986E+03	3.7601562500000000E+01
3.8293526984676719E+03	3.7601562500000000E+01
3.8373812235295773E+03	3.7601562500000000E+01
3.8453710275143385E+03	3.7601562500000000E+01
3.8533776384592056E+03	3.7601562500000000E+01
3.8613913379609585E+03	3.7601562500000000E+01
3.8694086520299315E+03	3.7601562500000000E+01
3.8774243178442121E+03	3.7601562500000000E+01
3.8854272175878286E+03	3.7601562500000000E+01
3.8934614029452205E+03	3.7601562500000000E+01
3.9014868532195687E+03	3.7601562500000000E+01
3.9095005198717117E+03	3.7601562500000000E+01
3.9174979314133525E+03	3.7601562500000000E+01
3.9255043902769685E+03	3.7601562500000000E+01
3.9335268856063485E+03	3.7601562500000000E+01
3.9415520204156637E+03	3.7601562500000000E+01
3.9495643032342196E+03	3.7601562500000000E+01
3.9575697467327118E+03	3.7601562500000000E+01
3.9656020818352699E+03	3.7601562500000000E+01
3.9736272273138165E+03	3.7601562500000000E+01
3.9816401774287224E+03	3.7601562500000000E+01
3.9896363281309605E+03	3.7601562500000000E+01
3.9976456044241786E+03	3.7601562500000000E+01
4.0056616412624717E+03	3.7601562500000000E+01
4.0136930764690042E+03	3.7601562500000000E+01
4.0216970008611679E+03	3.7601562500000000E+01
4.0296992128416896E+03	3.7601562500000000E+01
4.0377241206094623E+03	3.7601562500000000E+01
4.0457424599751830E+03	3.7601562500000000E+01
4.0537433730810881E+03	3.7601562500000000E+01
4.0617288704663515E+03	3.7601562500000000E+01
4.0697415336146951E+03	3.7601562500000000E+01
4.0777689658701420E+03	3.7601562500000000E+01
4.0857985727638006E+03	3.7601562500000000E+01
4.0938022693917155E+03	3.7601562500000000E+01
4.1018114276453853E+03	3.7601562500000000E+01
4.1098340447992086E+03	3.7601562500000000E+01
4.1178546434491873E+03	3.7601562500000000E+01
4.1258513406440616E+03	3.7601562500000000E+01
4.1338478529006243E+03	3.7601562500000000E+01
4.1418644199669361E+03	3.7601562500000000E+01
4.1498910113573074E+03	3.7601562500000000E+01
4.1579245998635888E+03	3.7601562500000000E+01
4.1659187064766884E+03	3.7601562500000000E+01
4.1739233007133007E+03	3.7601562500000000E+01
4.1819364205673337E+03	3.7601562500000000E+01
4.1899519020915031E+03	3.7601562500000000E+01
4.1979377571493387E+03	3.7601562500000000E+01
4.2059289808422327E+03	3.7601562500000000E+01
4.2139552809596062E+03	3.7601562500000000E+01
4.2219949933215976E+03	3.7601562500000000E+01
4.2300194258615375E+03	3.7601562500000000E+01
4.2380073823034763E+03	3.7601562500000000E+01
4.2460207807794213E+03	3.7601562500000000E+01
4.2540439547300339E+03	3.7601562500000000E+01
4.2620610446557403E+03	3.7601562500000000E+01
4.2700588457435369E+03	3.7601562500000000E+01
4.2780612283051014E+03	3.7601562500000000E+01
4.2861018315702677E+03	3.7601562500000000E+01
4.2941450445353985E+03	3.7601562500000000E+01
4.3021635702475905E+03	3.7601562500000000E+01
4.3101474879458547E+03	3.7601562500000000E+01
4.3181599831432104E+03	3.7601562500000000E+01
4.3261942124888301E+03	3.7601562500000000E+01
4.3342169890701771E+03	3.7601562500000000E+01
4.3422155170589685E+03	3.7601562500000000E+01
4.3502277957201004E+03	3.7601562500000000E+01
4.3582622523680329E+03	3.7601562500000000E+01
4.3663127035051584E+03	3.7601562500000000E+01
4.3743265679478645E+03	3.7601562500000000E+01
4.3823321081250906E+03	3.7601562500000000E+01
4.3903472867906094E+03	3.7601562500000000E+01
4.3983752343505621E+03	3.7601562500000000E+01
4.4063944077193737E+03	3.7601562500000000E+01
4.4143994894549251E+03	3.7601562500000000E+01
4.4224165250509977E+03	3.7601562500000000E+01
4.4304704743996263E+03	3.7601562500000000E+01
4.4385161282047629E+03	3.7601562500000000E+01
4.4465337809547782E+03	3.7601562500000000E+01
4.4545487178713083E+03	3.7601562500000000E+01
4.4625772531181574E+03	3.7601562500000000E+01
4.4706108628362417E+03	3.7601562500000000E+01
4.4786357373148203E+03	3.7601562500000000E+01
4.4866430931463838E+03	3.7601562500000000E+01
4.4946742892265320E+03	3.7601562500000000E+01
4.5027282174676657E+03	3.7601562500000000E+01
4.5107680632919073E+03	3.7601562500000000E+01
4.5187699740976095E+03	3.7601562500000000E+01
4.5267776641324162E+03	3.7601562500000000E+01
4.5347947982102633E+03	3.7601562500000000E+01
4.5428309568464756E+03	3.7601562500000000E+01
4.5508574308380485E+03	3.7601562500000000E+01
4.5588625012785196E+03	3.7601562500000000E+01
4.5668948583826423E+03	3.7601562500000000E+01
4.5749501515999436E+03	3.7601562500000000E+01
4.5829902061745524E+03	3.7601562500000000E+01
4.5910010347887874E+03	3.7601562500000000E+01
4.5990150746554136E+03	3.7601562500000000E+01
4.6070502447783947E+03	3.7601562500000000E+01
4.6150794065892696E+03	3.7601562500000000E+01
4.6230949806421995E+03	3.7601562500000000E+01
4.6310815938115120E+03	3.7601562500000000E+01
4.6391190269887447E+03	3.7601562500000000E+01
4.6471697288081050E+03	3.7601562500000000E+01
4.6552083067521453E+03	3.7601562500000000E+01
4.6632169085070491E+03	3.7601562500000000E+01
4.6712347958087921E+03	3.7601562500000000E+01
4.6792780327573419E+03	3.7601562500000000E+01
4.6873307938426733E+03	3.7601562500000000E+01
4.6953481671139598E+03	3.7601562500000000E+01
4.7033507228046656E+03	3.7601562500000000E+01
4.7113905280232430E+03	3.7601562500000000E+01
4.7194320498630404E+03	3.7601562500000000E+01
4.7274673792794347E+03	3.7601562500000000E+01
4.7354722450897098E+03	3.7601562500000000E+01
4.7434871926531196E+03	3.7601562500000000E+01
4.7515417081341147E+03	3.7601562500000000E+01
4.7596002875939012E+03	3.7601562500000000E+01
4.7676137217730284E+03	3.7601562500000000E+01
4.7756112511157990E+03	3.7601562500000000E+01
4.7836588411033154E+03	3.7601562500000000E+01
4.7917117132395506E+03	3.7601562500000000E+01
4.7997433441951871E+03	3.7601562500000000E+01
4.8077234216928482E+03	3.7601562500000000E+01
4.8157548699304461E+03	3.7601562500000000E+01
4.8238130252137780E+03	3.7601562500000000E+01
4.8318745655715466E+03	3.7601562500000000E+01
4.8398679697066545E+03	3.7601562500000000E+01
4.8478599507436156E+03	3.7601562500000000E+01
4.8559079107493162E+03	3.7601562500000000E+01
4.8639658700600266E+03	3.7601562500000000E+01
4.8720025365725160E+03	3.7601562500000000E+01
4.8799903437197208E+03	3.7601562500000000E+01
4.8880226049646735E+03	3.7601562500000000E+01
4.8960967350304127E+03	3.7601562500000000E+01
4.9041636199355125E+03	3.7601562500000000E+01
4.9121553324684501E+03	3.7601562500000000E+01
4.9201683871299028E+03	3.7601562500000000E+01
4.9282328156903386E+03	3.7601562500000000E+01
4.9362936144098639E+03	3.7601562500000000E+01
4.9443136633038521E+03	3.7601562500000000E+01
4.9522993673384190E+03	3.7601562500000000E+01
4.9603540990874171E+03	3.7601562500000000E+01
4.9684258471727371E+03	3.7601562500000000E+01
4.9765039459541440E+03	3.7601562500000000E+01
4.9844929033145308E+03	3.7601562500000000E+01
4.9925182609781623E+03	3.7601562500000000E+01
5.0005839044526219E+03	3.7601562500000000E+01
5.0086507525965571E+03	3.7601562500000000E+01
5.0166933357268572E+03	3.7601562500000000E+01
5.0246946639940143E+03	3.7601562500000000E+01
5.0327614399269223E+03	3.7601562500000000E+01
5.0408523373678327E+03	3.7601562500000000E+01
5.0489160098731518E+03	3.7601562500000000E+01
5.0569096659794450E+03	3.7601562500000000E+01
5.0649579706490040E+03	3.7601562500000000E+01
5.0730233820453286E+03	3.7601562500000000E+01
5.0810883862972260E+03	3.7601562500000000E+01
5.0891080318465829E+03	3.7601562500000000E+01
5.0971378512457013E+03	3.7601562500000000E+01
5.1052218112796545E+03	3.7601562500000000E+01
5.1133096482306719E+03	3.7601562500000000E+01
5.1213547660410404E+03	3.7601562500000000E+01
5.1293599652945995E+03	3.7601562500000000E+01
5.1374112384766340E+03	3.7601562500000000E+01
5.1454781343787909E+03	3.7601562500000000E+01
5.1535358760952950E+03	3.7601562500000000E+01
5.1615610723346472E+03	3.7601562500000000E+01
5.1695874189883471E+03	3.7601562500000000E+01
5.1776720672845840E+03	3.7601562500000000E+01
5.1857594852149487E+03	3.7601562500000000E+01
5.1937969282940030E+03	3.7601562500000000E+01
5.2018170850574970E+03	3.7601562500000000E+01
5.2098698720633984E+03	3.7601562500000000E+01
5.2179362262561917E+03	3.7601562500000000E+01
5.2259850365594029E+03	3.7601562500000000E+01
5.2340125563666224E+03	3.7601562500000000E+01
5.2420575482845306E+03	3.7601562500000000E+01
5.2501425216048956E+03	3.7601562500000000E+01
5.2582336812317371E+03	3.7601562500000000E+01
5.2662718454748392E+03	3.7601562500000000E+01
5.2742872868180275E+03	3.7601562500000000E+01
5.2823502478748560E+03	3.7601562500000000E+01
5.2904232640191913E+03	3.7601562500000000E+01
5.2984846942424774E+03	3.7601562500000000E+01
5.3064905334264040E+03	3.7601562500000000E+01
5.3145253367498517E+03	3.7601562500000000E+01
5.3226227130442858E+03	3.7601562500000000E+01
5.3307008576840162E+03	3.7601562500000000E+01
5.3387166732475162E+03	3.7601562500000000E+01
5.3467217556908727E+03	3.7601562500000000E+01
5.3547843312472105E+03	3.7601562500000000E+01
5.3628476403430104E+03	3.7601562500000000E+01
5.3709005234763026E+03	3.7601562500000000E+01
5.3789066034331918E+03	3.7601562500000000E+01
5.3869551805257797E+03	3.7601562500000000E+01
5.3950404740348458E+03	3.7601562500000000E+01
5.4031129322201014E+03	3.7601562500000000E+01
5.4111404983699322E+03	3.7601562500000000E+01
5.4191875602677464E+03	3.7601562500000000E+01
5.4272551706135273E+03	3.7601562500000000E+01
5.4353312657102942E+03	3.7601562500000000E+01
5.4433674731031060E+03	3.7601562500000000E+01
5.4513614900782704E+03	3.7601562500000000E+01
5.4594408689960837E+03	3.7601562500000000E+01
5.4675305814743042E+03	3.7601562500000000E+01
5.4756126738041639E+03	3.7601562500000000E+01
5.4836453209370375E+03	3.7601562500000000E+01
5.4916971050873399E+03	3.7601562500000000E+01
5.4997840191647410E+03	3.7601562500000000E+01
5.5078743927106261E+03	3.7601562500000000E+01
5.5159313406348228E+03	3.7601562500000000E+01
5.5239289459288120E+03	3.7601562500000000E+01
5.5320122069120407E+03	3.7601562500000000E+01
5.5401076365932822E+03	3.7601562500000000E+01
5.5481957872211933E+03	3.7601562500000000E+01
5.5562387468293309E+03	3.7601562500000000E+01
5.5642900196984410E+03	3.7601562500000000E+01
5.5723883286863565E+03	3.7601562500000000E+01
5.5804975336492062E+03	3.7601562500000000E+01
5.5885523320436478E+03	3.7601562500000000E+01
5.5965749765560031E+03	3.7601562500000000E+01
5.6046792318448424E+03	3.7601562500000000E+01
5.6127855392843485E+03	3.7601562500000000E+01
5.6208794978708029E+03	3.7601562500000000E+01
5.6288881627097726E+03	3.7601562500000000E+01
5.6369644432142377E+03	3.7601562500000000E+01
5.6450842318162322E+03	3.7601562500000000E+01
5.6532076587975025E+03	3.7601562500000000E+01
5.6612413644343615E+03	3.7601562500000000E+01
5.6692560479566455E+03	3.7601562500000000E+01
5.6773655661419034E+03	3.7601562500000000E+01
5.6854769828096032E+03	3.7601562500000000E+01
5.6935753313079476E+03	3.7601562500000000E+01
5.7015869989171624E+03	3.7601562500000000E+01
5.7096469659060240E+03	3.7601562500000000E+01
5.7177655953615904E+03	3.7601562500000000E+01
5.7258910503759980E+03	3.7601562500000000E+01
5.7339435145854950E+03	3.7601562500000000E+01
5.7419609035104513E+03	3.7601562500000000E+01
5.7500641187876463E+03	3.7601562500000000E+01
5.7581811445876956E+03	3.7601562500000000E+01
5.7662830263078213E+03	3.7601562500000000E+01
5.7743114166632295E+03	3.7601562500000000E+01
5.7823670471012592E+03	3.7601562500000000E+01
5.7904956244304776E+03	3.7601562500000000E+01
5.7986291650831699E+03	3.7601562500000000E+01
5.8067066474705935E+03	3.7601562500000000E+01
5.8147239015027881E+03	3.7601562500000000E+01
5.8228243596255779E+03	3.7601562500000000E+01
5.8309401044547558E+03	3.7601562500000000E+01
5.8390532186925411E+03	3.7601562500000000E+01
5.8471089494749904E+03	3.7601562500000000E+01
5.8551815336793661E+03	3.7601562500000000E+01
5.8633296615853906E+03	3.7601562500000000E+01
5.8714860612750053E+03	3.7601562500000000E+01
5.8796052541211247E+03	3.7601562500000000E+01
5.8876789861246943E+03	3.7601562500000000E+01
5.8957943010330200E+03	3.7601562500000000E+01
5.9039180276915431E+03	3.7601562500000000E+01
5.9120383055582643E+03	3.7601562500000000E+01
5.9201318260580301E+03	3.7601562500000000E+01
5.9282388378679752E+03	3.7601562500000000E+01
5.9364064705148339E+03	3.7601562500000000E+01
5.9445712296590209E+03	3.7601562500000000E+01
5.9526780532822013E+03	3.7601562500000000E+01
5.9607382131665945E+03	3.7601562500000000E+01
5.9688515192791820E+03	3.7601562500000000E+01
5.9769757269322872E+03	3.7601562500000000E+01
5.9850916978716850E+03	3.7601562500000000E+01
5.9931685771942139E+03	3.7601562500000000E+01
6.0012473168522120E+03	3.7601562500000000E+01
6.0093911957964301E+03	3.7601562500000000E+01
6.0175273685455322E+03	3.7601562500000000E+01
6.0256306038275361E+03	3.7601562500000000E+01
6.0336955418512225E+03	3.7601562500000000E+01
6.0417925787493587E+03	3.7601562500000000E+01
6.0499050175771117E+03	3.7601562500000000E+01
6.0580129456371069E+03	3.7601562500000000E+01
6.0661182615384459E+03	3.7601562500000000E+01
6.0742002341076732E+03	3.7601562500000000E+01
6.0823072725161910E+03	3.7601562500000000E+01
6.0904197726249695E+03	3.7601562500000000E+01
6.0985159413665533E+03	3.7601562500000000E+01
6.1066210252419114E+03	3.7601562500000000E+01
6.1147237514555454E+03	3.7601562500000000E+01
6.1228103599697351E+03	3.7601562500000000E+01
6.1308771598115563E+03	3.7601562500000000E+01
6.1389956127256155E+03	3.7601562500000000E+01
6.1471198598667979E+03	3.7601562500000000E+01
6.1552059214040637E+03	3.7601562500000000E+01
6.1632785304635763E+03	3.7601562500000000E+01
6.1713870542868972E+03	3.7601562500000000E+01
6.1794933482259512E+03	3.7601562500000000E+01
6.1875778604149818E+03	3.7601562500000000E+01
6.1956016963571310E+03	3.7601562500000000E+01
6.2036888627409935E+03	3.7601562500000000E+01
6.2118128285557032E+03	3.7601562500000000E+01
6.2199251477122307E+03	3.7601562500000000E+01
6.2279580262377858E+03	3.7601562500000000E+01
6.2360076772570610E+03	3.7601562500000000E+01
6.2440998034626245E+03	3.7601562500000000E+01
6.2521903997734189E+03	3.7601562500000000E+01
6.2602341233566403E+03	3.7601562500000000E+01
6.2682553052306175E+03	3.7601562500000000E+01
6.2763693804219365E+03	3.7601562500000000E+01
6.2844876343086362E+03	3.7601562500000000E+01
6.2925254806503654E+03	3.7601562500000000E+01
6.3005007634311914E+03	3.7601562500000000E+01
6.3085907692313194E+03	3.7601562500000000E+01
6.3166889590620995E+03	3.7601562500000000E+01
6.3247734114378691E+03	3.7601562500000000E+01
6.3327237445116043E+03	3.7601562500000000E+01
6.3407229272425175E+03	3.7601562500000000E+01
6.3488368298560381E+03	3.7601562500000000E+01
6.3569401848763227E+03	3.7601562500000000E+01
6.3649284321814775E+03	3.7601562500000000E+01
6.3728545195236802E+03	3.7601562500000000E+01
6.3809328276813030E+03	3.7601562500000000E+01
6.3890264850407839E+03	3.7601562500000000E+01
6.3970895606428385E+03	3.7601562500000000E+01
6.4050282574370503E+03	3.7601562500000000E+01
6.4130081399306655E+03	3.7601562500000000E+01
6.4211035793945193E+03	3.7601562500000000E+01
6.4292010551169515E+03	3.7601562500000000E+01
6.4371986550763249E+03	3.7601562500000000E+01
6.4451631028577685E+03	3.7601562500000000E+01
6.4532597759664059E+03	3.7601562500000000E+01
6.4613621628507972E+03	3.7601562500000000E+01
6.4694540716037154E+03	3.7601562500000000E+01
6.4774318059012294E+03	3.7601562500000000E+01
6.4854905102849007E+03	3.7601562500000000E+01
6.4936121090948582E+03	3.7601562500000000E+01
6.5017056083008647E+03	3.7601562500000000E+01
6.5097148051708937E+03	3.7601562500000000E+01
6.5177226663902402E+03	3.7601562500000000E+01
6.5258191984370351E+03	3.7601562500000000E+01
6.5339131520614028E+03	3.7601562500000000E+01
6.5419601267799735E+03	3.7601562500000000E+01
6.5499586368277669E+03	3.7601562500000000E+01
6.5580047041252255E+03	3.7601562500000000E+01
6.5660945242047310E+03	3.7601562500000000E+01
6.5741324868127704E+03	3.7601562500000000E+01
6.5820733862370253E+03	3.7601562500000000E+01
6.5901168470680714E+03	3.7601562500000000E+01
6.5982122791707516E+03	3.7601562500000000E+01
6.6063090929910541E+03	3.7601562500000000E+01
6.6143453591540456E+03	3.7601562500000000E+01
6.6223839125260711E+03	3.7601562500000000E+01
6.6304948178306222E+03	3.7601562500000000E+01
6.6386378819271922E+03	3.7601562500000000E+01
6.6467348883077502E+03	3.7601562500000000E+01
6.6547659418359399E+03	3.7601562500000000E+01
6.6628266620561481E+03	3.7601562500000000E+01
6.6709316809773445E+03	3.7601562500000000E+01
6.6790253566578031E+03	3.7601562500000000E+01
6.6869556180089712E+03	3.7601562500000000E+01
6.6949388018250465E+03	3.7601562500000000E+01
6.7030696428269148E+03	3.7601562500000000E+01
6.7112048609778285E+03	3.7601562500000000E+01
6.7192844455242157E+03	3.7601562500000000E+01
6.7272436548620462E+03	3.7601562500000000E+01
6.7353393388912082E+03	3.7601562500000000E+01
6.7434592745229602E+03	3.7601562500000000E+01
6.7515694022998214E+03	3.7601562500000000E+01
6.7595222478061914E+03	3.7601562500000000E+01
6.7675687348097563E+03	3.7601562500000000E+01
6.7757174398526549E+03	3.7601562500000000E+01
6.7838658852502704E+03	3.7601562500000000E+01
6.7918533724248409E+03	3.7601562500000000E+01
6.7998146675750613E+03	3.7601562500000000E+01
6.8079465322121978E+03	3.7601562500000000E+01
6.8160831455662847E+03	3.7601562500000000E+01
6.8241996710747480E+03	3.7601562500000000E+01
6.8321481096222997E+03	3.7601562500000000E+01
6.8401607068255544E+03	3.7601562500000000E+01
6.8483112522959709E+03	3.7601562500000000E+01
6.8564523669406772E+03	3.7601562500000000E+01
6.8644076793193817E+03	3.7601562500000000E+01
6.8723956985697150E+03	3.7601562500000000E+01
6.8805467364788055E+03	3.7601562500000000E+01
6.8887082870528102E+03	3.7601562500000000E+01
6.8968743499591947E+03	3.7601562500000000E+01
6.9048470116630197E+03	3.7601562500000000E+01
6.9128757261410356E+03	3.7601562500000000E+01
6.9210285643935204E+03	3.7601562500000000E+01
6.9291603041067719E+03	3.7601562500000000E+01
6.9371516686603427E+03	3.7601562500000000E+01
6.9451880811452866E+03	3.7601562500000000E+01
6.9533361097052693E+03	3.7601562500000000E+01
6.9615155764594674E+03	3.7601562500000000E+01
6.9696647887974977E+03	3.7601562500000000E+01
6.9776388798281550E+03	3.7601562500000000E+01
6.9857090867161751E+03	3.7601562500000000E+01
6.9938728299811482E+03	3.7601562500000000E+01
7.0020636319816113E+03	3.7601562500000000E+01
7.0101401977688074E+03	3.7601562500000000E+01
7.0181483340784907E+03	3.7601562500000000E+01
7.0263275052458048E+03	3.7601562500000000E+01
7.0345276899337769E+03	3.7601562500000000E+01
7.0427231468111277E+03	3.7601562500000000E+01
7.0508363575711846E+03	3.7601562500000000E+01
7.0587878170832992E+03	3.7601562500000000E+01
7.0669471696987748E+03	3.7601562500000000E+01
7.0751361704096198E+03	3.7601562500000000E+01
7.0833381842896342E+03	3.7601562500000000E+01
7.0914725153669715E+03	3.7601562500000000E+01
7.0994878114312887E+03	3.7601562500000000E+01
7.1076270385086536E+03	3.7601562500000000E+01
7.1158069228008389E+03	3.7601562500000000E+01
7.1240220766812563E+03	3.7601562500000000E+01
7.1321182707771659E+03	3.7601562500000000E+01
7.1401596747636795E+03	3.7601562500000000E+01
7.1483630032017827E+03	3.7601562500000000E+01
7.1565610102713108E+03	3.7601562500000000E+01
7.1647606167048216E+03	3.7601562500000000E+01
7.1728583745956421E+03	3.7601562500000000E+01
7.1810044733881950E+03	3.7601562500000000E+01
7.1892081155627966E+03	3.7601562500000000E+01
7.1974094972461462E+03	3.7601562500000000E+01
7.2055128289610147E+03	3.7601562500000000E+01
7.2135139911472797E+03	3.7601562500000000E+01
7.2216903634667397E+03	3.7601562500000000E+01
7.2298716507330537E+03	3.7601562500000000E+01
7.2380416320934892E+03	3.7601562500000000E+01
7.2460562217310071E+03	3.7601562500000000E+01
7.2542005348578095E+03	3.7601562500000000E+01
7.2624017709568143E+03	3.7601562500000000E+01
7.2705996612161398E+03	3.7601562500000000E+01
7.2787777978926897E+03	3.7601562500000000E+01
7.2869647697061300E+03	3.7601562500000000E+01
7.2951554341018200E+03	3.7601562500000000E+01
7.3033645546808839E+03	3.7601562500000000E+01
7.3115666061714292E+03	3.7601562500000000E+01
7.3197037480026484E+03	3.7601562500000000E+01
7.3278250612765551E+03	3.7601562500000000E+01
7.3360209859386086E+03	3.7601562500000000E+01
7.3442398388311267E+03	3.7601562500000000E+01
7.3524292313233018E+03	3.7601562500000000E+01
7.3606495566219091E+03	3.7601562500000000E+01
7.3688373505920172E+03	3.7601562500000000E+01
7.3770724977552891E+03	3.7601562500000000E+01
7.3852946717515588E+03	3.7601562500000000E+01
7.3935250390470028E+03	3.7601562500000000E+01
7.4016497371941805E+03	3.7601562500000000E+01
7.4098475442379713E+03	3.7601562500000000E+01
7.4181082129627466E+03	3.7601562500000000E+01
7.4263667772412300E+03	3.7601562500000000E+01
7.4346350168585777E+03	3.7601562500000000E+01
7.4427704710140824E+03	3.7601562500000000E+01
7.4510188807621598E+03	3.7601562500000000E+01
7.4592834155410528E+03	3.7601562500000000E+01
7.4675432981997728E+03	3.7601562500000000E+01
7.4758137126043439E+03	3.7601562500000000E+01
7.4840943121761084E+03	3.7601562500000000E+01
7.4923652860745788E+03	3.7601562500000000E+01
7.5006286815032363E+03	3.7601562500000000E+01
7.5088433481156826E+03	3.7601562500000000E+01
7.5170607629865408E+03	3.7601562500000000E+01
7.5252816494703293E+03	3.7601562500000000E+01
7.5335972623154521E+03	3.7601562500000000E+01
7.5418822549507022E+03	3.7601562500000000E+01
7.5502140498980880E+03	3.7601562500000000E+01
7.5585058381259441E+03	3.7601562500000000E+01
7.5667897047027946E+03	3.7601562500000000E+01
7.5751190617755055E+03	3.7601562500000000E+01
7.5834535833820701E+03	3.7601562500000000E+01
7.5917532059773803E+03	3.7601562500000000E+01
7.5999165005534887E+03	3.7601562500000000E+01
7.6082645988836884E+03	3.7601562500000000E+01
7.6166300290822983E+03	3.7601562500000000E+01
7.6249823705255985E+03	3.7601562500000000E+01
7.6333705003261566E+03	3.7601562500000000E+01
7.6417691592201591E+03	3.7601562500000000E+01
7.6501830733120441E+03	3.7601562500000000E+01
7.6586107380315661E+03	3.7601562500000000E+01
7.6670152572542429E+03	3.7601562500000000E+01
7.6754046336635947E+03	3.7601562500000000E+01
7.6838158542811871E+03	3.7601562500000000E+01
7.6922384952604771E+03	3.7601562500000000E+01
7.7006116431504488E+03	3.7601562500000000E+01
7.7089609846845269E+03	3.7601562500000000E+01
7.7173125110194087E+03	3.7601562500000000E+01
7.7256861534491181E+03	3.7601562500000000E+01
7.7340600901022553E+03	3.7601562500000000E+01
7.7424163867011666E+03	3.7601562500000000E+01
7.7508060725256801E+03	3.7601562500000000E+01
7.7591113582029939E+03	3.7601562500000000E+01
7.7671998489275575E+03	3.7601562500000000E+01
7.7754603315964341E+03	3.7601562500000000E+01
7.7836565341651440E+03	3.7601562500000000E+01
7.7917721140161157E+03	3.7601562500000000E+01
7.7999144634380937E+03	3.7601562500000000E+01
7.8081424233391881E+03	3.7601562500000000E+01
7.8163167896941304E+03	3.7601562500000000E+01
7.8244716887623072E+03	3.7601562500000000E+01
7.8307706046104431E+03	3.7691406250000000E+01
7.8332166920751333E+03	3.7691406250000000E+01
7.8356719436943531E+03	3.7691406250000000E+01
7.8381248428002000E+03	3.7691406250000000E+01
7.8405549865663052E+03	3.7691406250000000E+01
7.8430005537346005E+03	3.7691406250000000E+01
7.8454558903351426E+03	3.7691406250000000E+01
7.8479145588576794E+03	3.7691406250000000E+01
7.8503820777609944E+03	3.7691406250000000E+01
7.8528369860798120E+03	3.7691406250000000E+01
7.8552862437963486E+03	3.7691406250000000E+01
7.8577302745431662E+03	3.7691406250000000E+01
7.8601857579946518E+03	3.7691406250000000E+01
7.8626442145109177E+03	3.7691406250000000E+01
7.8651006827503443E+03	3.7691406250000000E+01
7.8675751605927944E+03	3.7691406250000000E+01
7.8700478828996420E+03	3.7691406250000000E+01
7.8725140871852636E+03	3.7691406250000000E+01
7.8749733482673764E+03	3.7691406250000000E+01
7.8774332741275430E+03	3.7699218750000000E+01
7.8798832793980837E+03	3.7699218750000000E+01
7.8823413651958108E+03	3.7699218750000000E+01
7.8847598059847951E+03	3.7699218750000000E+01
7.8871886573210359E+03	3.7699218750000000E+01
7.8895886492431164E+03	3.7699218750000000E+01
7.8920037882477045E+03	3.7699218750000000E+01
7.8944282118231058E+03	3.7699218750000000E+01
7.8968498677164316E+03	3.7699218750000000E+01
7.8992526599690318E+03	3.7699218750000000E+01
