2.7882704883813858E-01	3.7320312500000000E+01
3.4538064152002335E-01	3.7578125000000000E+01
4.1119541227817535E-01	3.7578125000000000E+01
4.7722570598125458E-01	3.7578125000000000E+01
5.4326130449771881E-01	3.7578125000000000E+01
6.1028472334146500E-01	3.7597656250000000E+01
6.7633790522813797E-01	3.7597656250000000E+01
7.4245956540107727E-01	3.7597656250000000E+01
8.0878803879022598E-01	3.7597656250000000E+01
8.7471780925989151E-01	3.7597656250000000E+01
9.4068516790866852E-01	3.7597656250000000E+01
1.0066472813487053E+00	3.7597656250000000E+01
1.0729732811450958E+00	3.7597656250000000E+01
1.1389138847589493E+00	3.7597656250000000E+01
1.2048799917101860E+00	3.7597656250000000E+01
1.2708521410822868E+00	3.7597656250000000E+01
1.3368674218654633E+00	3.7597656250000000E+01
1.4028610736131668E+00	3.7597656250000000E+01
1.4689645096659660E+00	3.7597656250000000E+01
1.5357312709093094E+00	3.7597656250000000E+01
1.6018604263663292E+00	3.7597656250000000E+01
1.6679634153842926E+00	3.7597656250000000E+01
1.7342420816421509E+00	3.7597656250000000E+01
1.8004154488444328E+00	3.7597656250000000E+01
1.8663837090134621E+00	3.7597656250000000E+01
1.9323700889945030E+00	3.7597656250000000E+01
1.9983936771750450E+00	3.7597656250000000E+01
2.0643950402736664E+00	3.7597656250000000E+01
2.1303683221340179E+00	3.7597656250000000E+01
2.1963368654251099E+00	3.7597656250000000E+01
2.2623179331421852E+00	3.7597656250000000E+01
2.3290127664804459E+00	3.7597656250000000E+01
2.3956289216876030E+00	3.7597656250000000E+01
2.4624006450176239E+00	3.7597656250000000E+01
2.5290619358420372E+00	3.7597656250000000E+01
2.5964032933115959E+00	3.7605468750000000E+01
2.6631163433194160E+00	3.7605468750000000E+01
2.7297754064202309E+00	3.7605468750000000E+01
2.7962571829557419E+00	3.7605468750000000E+01
2.8628851845860481E+00	3.7605468750000000E+01
2.9295207187533379E+00	3.7605468750000000E+01
2.9967186823487282E+00	3.7605468750000000E+01
3.0633016154170036E+00	3.7605468750000000E+01
3.1298877224326134E+00	3.7605468750000000E+01
3.1964888647198677E+00	3.7605468750000000E+01
3.2629978880286217E+00	3.7605468750000000E+01
3.3296409100294113E+00	3.7605468750000000E+01
3.3963224813342094E+00	3.7605468750000000E+01
3.4627570733428001E+00	3.7605468750000000E+01
3.5294355526566505E+00	3.7605468750000000E+01
3.5956274196505547E+00	3.7605468750000000E+01
3.6622104644775391E+00	3.7605468750000000E+01
3.7287119552493095E+00	3.7605468750000000E+01
3.7952803745865822E+00	3.7605468750000000E+01
3.8619526997208595E+00	3.7605468750000000E+01
3.9285850003361702E+00	3.7605468750000000E+01
3.9951258674263954E+00	3.7605468750000000E+01
4.0616978704929352E+00	3.7605468750000000E+01
4.1282938867807388E+00	3.7605468750000000E+01
4.1949877515435219E+00	3.7605468750000000E+01
4.2609613835811615E+00	3.7605468750000000E+01
4.3268910944461823E+00	3.7605468750000000E+01
4.3928456306457520E+00	3.7605468750000000E+01
4.4588730558753014E+00	3.7605468750000000E+01
4.5248291045427322E+00	3.7605468750000000E+01
4.5908080935478210E+00	3.7605468750000000E+01
4.6572182402014732E+00	3.7605468750000000E+01
4.7231356352567673E+00	3.7605468750000000E+01
4.7895950153470039E+00	3.7605468750000000E+01
4.8562873676419258E+00	3.7605468750000000E+01
4.9223221614956856E+00	3.7605468750000000E+01
4.9885243177413940E+00	3.7605468750000000E+01
5.0546425729990005E+00	3.7605468750000000E+01
5.1207171455025673E+00	3.7605468750000000E+01
5.1867613270878792E+00	3.7605468750000000E+01
5.2527442723512650E+00	3.7605468750000000E+01
5.3187566548585892E+00	3.7605468750000000E+01
5.3854067698121071E+00	3.7605468750000000E+01
5.4514826759696007E+00	3.7605468750000000E+01
5.5177952572703362E+00	3.7605468750000000E+01
5.5838081613183022E+00	3.7605468750000000E+01
5.6508714258670807E+00	3.7605468750000000E+01
5.7168794274330139E+00	3.7605468750000000E+01
5.7828905582427979E+00	3.7605468750000000E+01
5.8489077240228653E+00	3.7605468750000000E+01
5.9149298965930939E+00	3.7605468750000000E+01
5.9816499724984169E+00	3.7605468750000000E+01
6.0477713569998741E+00	3.7605468750000000E+01
6.1137843504548073E+00	3.7605468750000000E+01
6.1798834651708603E+00	3.7605468750000000E+01
6.2459046468138695E+00	3.7605468750000000E+01
6.3119246363639832E+00	3.7605468750000000E+01
6.3779252469539642E+00	3.7605468750000000E+01
6.4440219774842262E+00	3.7605468750000000E+01
6.5102412998676300E+00	3.7605468750000000E+01
6.5762766227126122E+00	3.7605468750000000E+01
6.6423239633440971E+00	3.7605468750000000E+01
6.7083232477307320E+00	3.7605468750000000E+01
6.7743817567825317E+00	3.7605468750000000E+01
6.8404570221900940E+00	3.7605468750000000E+01
6.9064935669302940E+00	3.7605468750000000E+01
6.9724973440170288E+00	3.7605468750000000E+01
7.0384990423917770E+00	3.7605468750000000E+01
7.1045025214552879E+00	3.7605468750000000E+01
7.1717950031161308E+00	3.7605468750000000E+01
7.2378754019737244E+00	3.7605468750000000E+01
7.3040280118584633E+00	3.7605468750000000E+01
7.3703167662024498E+00	3.7605468750000000E+01
7.4368052855134010E+00	3.7605468750000000E+01
7.5040963962674141E+00	3.7605468750000000E+01
7.5715401023626328E+00	3.7605468750000000E+01
7.6383643820881844E+00	3.7605468750000000E+01
7.7054370641708374E+00	3.7605468750000000E+01
7.7725416272878647E+00	3.7605468750000000E+01
7.8399469330906868E+00	3.7605468750000000E+01
7.9066808521747589E+00	3.7605468750000000E+01
7.9734568968415260E+00	3.7605468750000000E+01
8.0406776443123817E+00	3.7605468750000000E+01
8.1074477583169937E+00	3.7605468750000000E+01
8.1742352247238159E+00	3.7605468750000000E+01
8.2410244643688202E+00	3.7605468750000000E+01
8.3077743053436279E+00	3.7605468750000000E+01
8.3744835853576660E+00	3.7605468750000000E+01
8.4414704293012619E+00	3.7605468750000000E+01
8.5082159563899040E+00	3.7605468750000000E+01
8.5749599859118462E+00	3.7605468750000000E+01
8.6416854858398438E+00	3.7605468750000000E+01
8.7084894552826881E+00	3.7605468750000000E+01
8.7752277478575706E+00	3.7605468750000000E+01
8.8420673757791519E+00	3.7605468750000000E+01
8.9088817611336708E+00	3.7605468750000000E+01
8.9756623804569244E+00	3.7605468750000000E+01
9.0423111319541931E+00	3.7605468750000000E+01
9.1090927943587303E+00	3.7605468750000000E+01
9.1759310364723206E+00	3.7605468750000000E+01
9.2426453605294228E+00	3.7605468750000000E+01
9.3101950362324715E+00	3.7605468750000000E+01
9.3769756779074669E+00	3.7605468750000000E+01
9.4436356946825981E+00	3.7605468750000000E+01
9.5106448754668236E+00	3.7605468750000000E+01
9.5774611979722977E+00	3.7605468750000000E+01
9.6442739292979240E+00	3.7605468750000000E+01
9.7111124545335770E+00	3.7605468750000000E+01
9.7780058383941650E+00	3.7605468750000000E+01
9.8449164256453514E+00	3.7605468750000000E+01
9.9124522060155869E+00	3.7605468750000000E+01
9.9795817732810974E+00	3.7605468750000000E+01
1.0046501085162163E+01	3.7605468750000000E+01
1.0113435357809067E+01	3.7605468750000000E+01
1.0181057631969452E+01	3.7605468750000000E+01
1.0248572081327438E+01	3.7605468750000000E+01
1.0315540611743927E+01	3.7605468750000000E+01
1.0382478289306164E+01	3.7605468750000000E+01
1.0449717931449413E+01	3.7605468750000000E+01
1.0516688629984856E+01	3.7605468750000000E+01
1.0584605105221272E+01	3.7605468750000000E+01
1.0651744484901428E+01	3.7605468750000000E+01
1.0718676395714283E+01	3.7605468750000000E+01
1.0785600528120995E+01	3.7605468750000000E+01
1.0853498399257660E+01	3.7605468750000000E+01
1.0920461997389793E+01	3.7605468750000000E+01
1.0988041065633297E+01	3.7605468750000000E+01
1.1054967895150185E+01	3.7605468750000000E+01
1.1122352555394173E+01	3.7605468750000000E+01
1.1189614661037922E+01	3.7605468750000000E+01
1.1257199689745903E+01	3.7605468750000000E+01
1.1324131220579147E+01	3.7605468750000000E+01
1.1391052320599556E+01	3.7605468750000000E+01
1.1457999534904957E+01	3.7605468750000000E+01
1.1524893671274185E+01	3.7605468750000000E+01
1.1592131257057190E+01	3.7605468750000000E+01
1.1659684076905251E+01	3.7605468750000000E+01
1.1726508826017380E+01	3.7605468750000000E+01
1.1793964713811874E+01	3.7609375000000000E+01
1.1860955074429512E+01	3.7609375000000000E+01
1.1927805870771408E+01	3.7609375000000000E+01
1.1994704857468605E+01	3.7609375000000000E+01
1.2061568871140480E+01	3.7609375000000000E+01
1.2128449775278568E+01	3.7609375000000000E+01
1.2195814937353134E+01	3.7609375000000000E+01
1.2262722104787827E+01	3.7609375000000000E+01
1.2329613916575909E+01	3.7609375000000000E+01
1.2396481133997440E+01	3.7609375000000000E+01
1.2463963486254215E+01	3.7609375000000000E+01
1.2530845209956169E+01	3.7609375000000000E+01
1.2597755238413811E+01	3.7609375000000000E+01
1.2664630457758904E+01	3.7609375000000000E+01
1.2731481358408928E+01	3.7609375000000000E+01
1.2798445694148540E+01	3.7609375000000000E+01
1.2866137720644474E+01	3.7609375000000000E+01
1.2933889560401440E+01	3.7609375000000000E+01
1.3001675039529800E+01	3.7609375000000000E+01
1.3069462276995182E+01	3.7609375000000000E+01
1.3137286528944969E+01	3.7609375000000000E+01
1.3205062292516232E+01	3.7609375000000000E+01
1.3273597441613674E+01	3.7609375000000000E+01
1.3341301463544369E+01	3.7609375000000000E+01
1.3408971980214119E+01	3.7609375000000000E+01
1.3476972423493862E+01	3.7609375000000000E+01
1.3544513329863548E+01	3.7609375000000000E+01
1.3611866600811481E+01	3.7609375000000000E+01
1.3678999334573746E+01	3.7609375000000000E+01
1.3746550813317299E+01	3.7609375000000000E+01
1.3814015358686447E+01	3.7609375000000000E+01
1.3881401717662811E+01	3.7609375000000000E+01
1.3948667071759701E+01	3.7609375000000000E+01
1.4016171567142010E+01	3.7609375000000000E+01
1.4083532102406025E+01	3.7609375000000000E+01
1.4150988101959229E+01	3.7609375000000000E+01
1.4218308158218861E+01	3.7609375000000000E+01
1.4285932563245296E+01	3.7609375000000000E+01
1.4353558063507080E+01	3.7609375000000000E+01
1.4421012178063393E+01	3.7609375000000000E+01
1.4488186299800873E+01	3.7609375000000000E+01
1.4554816521704197E+01	3.7609375000000000E+01
1.4621527962386608E+01	3.7609375000000000E+01
1.4688250295817852E+01	3.7609375000000000E+01
1.4754920125007629E+01	3.7609375000000000E+01
1.4821557871997356E+01	3.7609375000000000E+01
1.4888064645230770E+01	3.7609375000000000E+01
1.4954994894564152E+01	3.7609375000000000E+01
1.5022046752274036E+01	3.7609375000000000E+01
1.5089126445353031E+01	3.7609375000000000E+01
1.5156353101134300E+01	3.7609375000000000E+01
1.5223073944449425E+01	3.7609375000000000E+01
1.5289664372801781E+01	3.7609375000000000E+01
1.5356683783233166E+01	3.7609375000000000E+01
1.5423419244587421E+01	3.7609375000000000E+01
1.5490137577056885E+01	3.7609375000000000E+01
1.5556784614920616E+01	3.7609375000000000E+01
1.5624183759093285E+01	3.7609375000000000E+01
1.5690856464207172E+01	3.7609375000000000E+01
1.5757556311786175E+01	3.7609375000000000E+01
1.5824645705521107E+01	3.7609375000000000E+01
1.5891924798488617E+01	3.7609375000000000E+01
1.5958637528121471E+01	3.7609375000000000E+01
1.6025381736457348E+01	3.7609375000000000E+01
1.6092166520655155E+01	3.7609375000000000E+01
1.6158913880586624E+01	3.7609375000000000E+01
1.6225625656545162E+01	3.7609375000000000E+01
1.6292310923337936E+01	3.7609375000000000E+01
1.6359035260975361E+01	3.7609375000000000E+01
1.6425837069749832E+01	3.7609375000000000E+01
1.6492790758609772E+01	3.7609375000000000E+01
1.6559669636189938E+01	3.7609375000000000E+01
1.6626557596027851E+01	3.7609375000000000E+01
1.6693802542984486E+01	3.7609375000000000E+01
1.6761193402111530E+01	3.7609375000000000E+01
1.6828054241836071E+01	3.7609375000000000E+01
1.6895645581185818E+01	3.7609375000000000E+01
1.6963253363966942E+01	3.7609375000000000E+01
1.7030611924827099E+01	3.7609375000000000E+01
1.7097531758248806E+01	3.7609375000000000E+01
1.7164958856999874E+01	3.7609375000000000E+01
1.7231900192797184E+01	3.7609375000000000E+01
1.7298770837485790E+01	3.7609375000000000E+01
1.7365685448050499E+01	3.7609375000000000E+01
1.7432598836719990E+01	3.7609375000000000E+01
1.7499503009021282E+01	3.7609375000000000E+01
1.7566428147256374E+01	3.7609375000000000E+01
1.7633875951170921E+01	3.7609375000000000E+01
1.7701488994061947E+01	3.7609375000000000E+01
1.7768407776951790E+01	3.7609375000000000E+01
1.7835318833589554E+01	3.7609375000000000E+01
1.7902280792593956E+01	3.7609375000000000E+01
1.7969737991690636E+01	3.7609375000000000E+01
1.8036659449338913E+01	3.7609375000000000E+01
1.8103860557079315E+01	3.7609375000000000E+01
1.8170802757143974E+01	3.7609375000000000E+01
1.8238364085555077E+01	3.7609375000000000E+01
1.8305341482162476E+01	3.7609375000000000E+01
1.8372301109135151E+01	3.7609375000000000E+01
1.8439866699278355E+01	3.7609375000000000E+01
1.8507292248308659E+01	3.7609375000000000E+01
1.8574273183941841E+01	3.7609375000000000E+01
1.8641259975731373E+01	3.7609375000000000E+01
1.8708245940506458E+01	3.7609375000000000E+01
1.8775202825665474E+01	3.7609375000000000E+01
1.8842167757451534E+01	3.7609375000000000E+01
1.8909156911075115E+01	3.7609375000000000E+01
1.8976115167140961E+01	3.7609375000000000E+01
1.9043093726038933E+01	3.7609375000000000E+01
1.9110712155699730E+01	3.7609375000000000E+01
1.9177683182060719E+01	3.7609375000000000E+01
1.9244647517800331E+01	3.7609375000000000E+01
1.9312318064272404E+01	3.7609375000000000E+01
1.9379311256110668E+01	3.7609375000000000E+01
1.9446749709546566E+01	3.7609375000000000E+01
1.9513711132109165E+01	3.7609375000000000E+01
1.9580708473920822E+01	3.7609375000000000E+01
1.9648354403674603E+01	3.7609375000000000E+01
1.9715351626276970E+01	3.7609375000000000E+01
1.9782944828271866E+01	3.7609375000000000E+01
1.9849925048649311E+01	3.7609375000000000E+01
1.9917055279016495E+01	3.7609375000000000E+01
1.9984207034111023E+01	3.7609375000000000E+01
2.0052556328475475E+01	3.7609375000000000E+01
2.0119530439376831E+01	3.7609375000000000E+01
2.0187167041003704E+01	3.7609375000000000E+01
2.0254148602485657E+01	3.7609375000000000E+01
2.0321130990982056E+01	3.7609375000000000E+01
2.0388104014098644E+01	3.7609375000000000E+01
2.0455151349306107E+01	3.7609375000000000E+01
2.0522125519812107E+01	3.7609375000000000E+01
2.0589085735380650E+01	3.7609375000000000E+01
2.0656046524643898E+01	3.7609375000000000E+01
2.0723327383399010E+01	3.7609375000000000E+01
2.0790304891765118E+01	3.7609375000000000E+01
2.0857269167900085E+01	3.7609375000000000E+01
2.0924230940639973E+01	3.7609375000000000E+01
2.0991169601678848E+01	3.7609375000000000E+01
2.1058138646185398E+01	3.7609375000000000E+01
2.1125096701085567E+01	3.7609375000000000E+01
2.1192043833434582E+01	3.7609375000000000E+01
2.1259531147778034E+01	3.7609375000000000E+01
2.1326482653617859E+01	3.7609375000000000E+01
2.1394129320979118E+01	3.7609375000000000E+01
2.1461204856634140E+01	3.7609375000000000E+01
2.1528152205049992E+01	3.7609375000000000E+01
2.1595829449594021E+01	3.7609375000000000E+01
2.1663578495383263E+01	3.7609375000000000E+01
2.1730530492961407E+01	3.7609375000000000E+01
2.1797496318817139E+01	3.7609375000000000E+01
2.1864442825317383E+01	3.7609375000000000E+01
2.1931340411305428E+01	3.7609375000000000E+01
2.1998286619782448E+01	3.7609375000000000E+01
2.2065201528370380E+01	3.7609375000000000E+01
2.2132156960666180E+01	3.7609375000000000E+01
2.2199701502919197E+01	3.7609375000000000E+01
2.2266844473779202E+01	3.7609375000000000E+01
2.2334271185100079E+01	3.7609375000000000E+01
2.2401217184960842E+01	3.7609375000000000E+01
2.2468315429985523E+01	3.7609375000000000E+01
2.2535268940031528E+01	3.7609375000000000E+01
2.2602225273847580E+01	3.7609375000000000E+01
2.2669669859111309E+01	3.7609375000000000E+01
2.2736765399575233E+01	3.7609375000000000E+01
2.2803777128458023E+01	3.7609375000000000E+01
2.2871671549975872E+01	3.7609375000000000E+01
2.2939335323870182E+01	3.7609375000000000E+01
2.3006294921040535E+01	3.7609375000000000E+01
2.3073215708136559E+01	3.7609375000000000E+01
2.3140177361667156E+01	3.7609375000000000E+01
2.3207106888294220E+01	3.7609375000000000E+01
2.3274014942348003E+01	3.7609375000000000E+01
2.3340933933854103E+01	3.7609375000000000E+01
2.3407893389463425E+01	3.7609375000000000E+01
2.3474810354411602E+01	3.7609375000000000E+01
2.3541741840541363E+01	3.7609375000000000E+01
2.3609067007899284E+01	3.7609375000000000E+01
2.3675958417356014E+01	3.7609375000000000E+01
2.3743814289569855E+01	3.7609375000000000E+01
2.3810701541602612E+01	3.7609375000000000E+01
2.3878240399062634E+01	3.7609375000000000E+01
2.3945800788700581E+01	3.7609375000000000E+01
2.4013397790491581E+01	3.7609375000000000E+01
2.4080311715602875E+01	3.7609375000000000E+01
2.4147664867341518E+01	3.7609375000000000E+01
2.4215476229786873E+01	3.7609375000000000E+01
2.4282378666102886E+01	3.7609375000000000E+01
2.4349271140992641E+01	3.7609375000000000E+01
2.4416198469698429E+01	3.7609375000000000E+01
2.4483601056039333E+01	3.7609375000000000E+01
2.4550458364188671E+01	3.7609375000000000E+01
2.4617287829518318E+01	3.7609375000000000E+01
2.4684081055223942E+01	3.7609375000000000E+01
2.4750770628452301E+01	3.7609375000000000E+01
2.4817770615220070E+01	3.7609375000000000E+01
2.4884867615997791E+01	3.7609375000000000E+01
2.4951597593724728E+01	3.7609375000000000E+01
2.5018877297639847E+01	3.7609375000000000E+01
2.5085761539638042E+01	3.7609375000000000E+01
2.5153258070349693E+01	3.7609375000000000E+01
2.5219978868961334E+01	3.7609375000000000E+01
2.5286735571920872E+01	3.7609375000000000E+01
2.5353801600635052E+01	3.7609375000000000E+01
2.5420635998249054E+01	3.7609375000000000E+01
2.5487496659159660E+01	3.7609375000000000E+01
2.5554359182715416E+01	3.7609375000000000E+01
2.5621264092624187E+01	3.7609375000000000E+01
2.5688898541033268E+01	3.7609375000000000E+01
2.5755818523466587E+01	3.7609375000000000E+01
2.5822740204632282E+01	3.7609375000000000E+01
2.5890356875956059E+01	3.7609375000000000E+01
2.5957671351730824E+01	3.7609375000000000E+01
2.6024609975516796E+01	3.7609375000000000E+01
2.6092009328305721E+01	3.7609375000000000E+01
2.6159463994204998E+01	3.7609375000000000E+01
2.6226438023149967E+01	3.7609375000000000E+01
2.6293366596102715E+01	3.7609375000000000E+01
2.6360604017972946E+01	3.7609375000000000E+01
2.6427637137472630E+01	3.7609375000000000E+01
2.6494789414107800E+01	3.7609375000000000E+01
2.6561666540801525E+01	3.7609375000000000E+01
2.6628575928509235E+01	3.7609375000000000E+01
2.6696060925722122E+01	3.7609375000000000E+01
2.6762996807694435E+01	3.7609375000000000E+01
2.6830500781536102E+01	3.7609375000000000E+01
2.6897734202444553E+01	3.7609375000000000E+01
2.6965263426303864E+01	3.7609375000000000E+01
2.7032198511064053E+01	3.7609375000000000E+01
2.7099789336323738E+01	3.7609375000000000E+01
2.7167420439422131E+01	3.7609375000000000E+01
2.7234696954488754E+01	3.7609375000000000E+01
2.7302339576184750E+01	3.7609375000000000E+01
2.7369327180087566E+01	3.7609375000000000E+01
2.7436360828578472E+01	3.7609375000000000E+01
2.7503331862390041E+01	3.7609375000000000E+01
2.7570310249924660E+01	3.7609375000000000E+01
2.7637948721647263E+01	3.7609375000000000E+01
2.7704884536564350E+01	3.7609375000000000E+01
2.7771877676248550E+01	3.7609375000000000E+01
2.7838830761611462E+01	3.7609375000000000E+01
2.7906032025814056E+01	3.7609375000000000E+01
2.7973351471126080E+01	3.7609375000000000E+01
2.8040379904210567E+01	3.7609375000000000E+01
2.8107568845152855E+01	3.7609375000000000E+01
2.8174563512206078E+01	3.7609375000000000E+01
2.8241786189377308E+01	3.7609375000000000E+01
2.8309462651610374E+01	3.7609375000000000E+01
2.8377141408622265E+01	3.7609375000000000E+01
2.8444663971662521E+01	3.7609375000000000E+01
2.8511650621891022E+01	3.7609375000000000E+01
2.8579252339899540E+01	3.7609375000000000E+01
2.8646556302905083E+01	3.7609375000000000E+01
2.8713538110256195E+01	3.7609375000000000E+01
2.8780545949935913E+01	3.7609375000000000E+01
2.8847528107464314E+01	3.7609375000000000E+01
2.8914808727800846E+01	3.7609375000000000E+01
2.8981800839304924E+01	3.7609375000000000E+01
2.9049095705151558E+01	3.7609375000000000E+01
2.9116142414510250E+01	3.7609375000000000E+01
2.9183755315840244E+01	3.7609375000000000E+01
2.9250977218151093E+01	3.7609375000000000E+01
2.9317984782159328E+01	3.7609375000000000E+01
2.9385646507143974E+01	3.7609375000000000E+01
2.9452676959335804E+01	3.7609375000000000E+01
2.9519667483866215E+01	3.7609375000000000E+01
2.9586683742702007E+01	3.7609375000000000E+01
2.9653650030493736E+01	3.7609375000000000E+01
2.9720628365874290E+01	3.7609375000000000E+01
2.9788514509797096E+01	3.7609375000000000E+01
2.9855471953749657E+01	3.7609375000000000E+01
2.9922484770417213E+01	3.7609375000000000E+01
2.9990131877362728E+01	3.7609375000000000E+01
3.0057094976305962E+01	3.7609375000000000E+01
3.0124738469719887E+01	3.7609375000000000E+01
3.0191706657409668E+01	3.7609375000000000E+01
3.0259386248886585E+01	3.7609375000000000E+01
3.0326389454305172E+01	3.7609375000000000E+01
3.0393319368362427E+01	3.7609375000000000E+01
3.0460354961454868E+01	3.7609375000000000E+01
3.0527322143316269E+01	3.7609375000000000E+01
3.0594295956194401E+01	3.7609375000000000E+01
3.0661334499716759E+01	3.7609375000000000E+01
3.0728543199598789E+01	3.7609375000000000E+01
3.0795804694294930E+01	3.7609375000000000E+01
3.0863134369254112E+01	3.7609375000000000E+01
3.0931075409054756E+01	3.7609375000000000E+01
3.0998390935361385E+01	3.7609375000000000E+01
3.1065688475966454E+01	3.7609375000000000E+01
3.1133021391928196E+01	3.7609375000000000E+01
3.1200361825525761E+01	3.7609375000000000E+01
3.1267729535698891E+01	3.7609375000000000E+01
3.1335070319473743E+01	3.7609375000000000E+01
3.1402449585497379E+01	3.7609375000000000E+01
3.1470144741237164E+01	3.7609375000000000E+01
3.1537961423397064E+01	3.7609375000000000E+01
3.1605412602424622E+01	3.7609375000000000E+01
3.1672775611281395E+01	3.7609375000000000E+01
3.1740491807460785E+01	3.7609375000000000E+01
3.1807929039001465E+01	3.7609375000000000E+01
3.1875414118170738E+01	3.7609375000000000E+01
3.1942861445248127E+01	3.7609375000000000E+01
3.2010351143777370E+01	3.7609375000000000E+01
3.2077779099345207E+01	3.7609375000000000E+01
3.2145255908370018E+01	3.7609375000000000E+01
3.2213393315672874E+01	3.7609375000000000E+01
3.2280861496925354E+01	3.7609375000000000E+01
3.2348358862102032E+01	3.7609375000000000E+01
3.2415956236422062E+01	3.7609375000000000E+01
3.2483686208724976E+01	3.7609375000000000E+01
3.2552009284496307E+01	3.7609375000000000E+01
3.2619682766497135E+01	3.7609375000000000E+01
3.2687390357255936E+01	3.7609375000000000E+01
3.2755136907100677E+01	3.7609375000000000E+01
3.2823107540607452E+01	3.7609375000000000E+01
3.2891364455223083E+01	3.7609375000000000E+01
3.2959334284067154E+01	3.7609375000000000E+01
3.3027359969913960E+01	3.7609375000000000E+01
3.3095389060676098E+01	3.7609375000000000E+01
3.3163370005786419E+01	3.7609375000000000E+01
3.3231419473886490E+01	3.7609375000000000E+01
3.3299899064004421E+01	3.7609375000000000E+01
3.3368647009134293E+01	3.7609375000000000E+01
3.3436957359313965E+01	3.7609375000000000E+01
3.3505442544817924E+01	3.7609375000000000E+01
3.3573526129126549E+01	3.7609375000000000E+01
3.3641613453626633E+01	3.7609375000000000E+01
3.3710266664624214E+01	3.7609375000000000E+01
3.3778842218220234E+01	3.7609375000000000E+01
3.3847197905182838E+01	3.7609375000000000E+01
3.3915231212973595E+01	3.7609375000000000E+01
3.3983259327709675E+01	3.7609375000000000E+01
3.4051590815186501E+01	3.7609375000000000E+01
3.4120285756886005E+01	3.7609375000000000E+01
3.4188997976481915E+01	3.7609375000000000E+01
3.4257048137485981E+01	3.7609375000000000E+01
3.4325060509145260E+01	3.7609375000000000E+01
3.4393545404076576E+01	3.7609375000000000E+01
3.4461691394448280E+01	3.7609375000000000E+01
3.4529708310961723E+01	3.7609375000000000E+01
3.4597768679261208E+01	3.7609375000000000E+01
3.4665761828422546E+01	3.7609375000000000E+01
3.4734445907175541E+01	3.7609375000000000E+01
3.4802425406873226E+01	3.7609375000000000E+01
3.4870573110878468E+01	3.7609375000000000E+01
3.4938565008342266E+01	3.7609375000000000E+01
3.5006568029522896E+01	3.7609375000000000E+01
3.5074558928608894E+01	3.7609375000000000E+01
3.5143109962344170E+01	3.7609375000000000E+01
3.5211118251085281E+01	3.7609375000000000E+01
3.5279435649514198E+01	3.7609375000000000E+01
3.5347456574440002E+01	3.7609375000000000E+01
3.5415389493107796E+01	3.7609375000000000E+01
3.5484000556170940E+01	3.7609375000000000E+01
3.5551914386451244E+01	3.7609375000000000E+01
3.5620143644511700E+01	3.7609375000000000E+01
3.5688438139855862E+01	3.7609375000000000E+01
3.5756344333291054E+01	3.7609375000000000E+01
3.5824240073561668E+01	3.7609375000000000E+01
3.5892125457525253E+01	3.7609375000000000E+01
3.5960060112178326E+01	3.7609375000000000E+01
3.6027998901903629E+01	3.7609375000000000E+01
3.6095922492444515E+01	3.7609375000000000E+01
3.6164433136582375E+01	3.7609375000000000E+01
3.6232308380305767E+01	3.7609375000000000E+01
3.6300168588757515E+01	3.7609375000000000E+01
3.6368007995188236E+01	3.7609375000000000E+01
3.6436859309673309E+01	3.7609375000000000E+01
3.6504800796508789E+01	3.7609375000000000E+01
3.6572746604681015E+01	3.7609375000000000E+01
3.6640722952783108E+01	3.7609375000000000E+01
3.6708738014101982E+01	3.7609375000000000E+01
3.6776706144213676E+01	3.7609375000000000E+01
3.6844699442386627E+01	3.7609375000000000E+01
3.6912673540413380E+01	3.7609375000000000E+01
3.6980706386268139E+01	3.7609375000000000E+01
3.7048889160156250E+01	3.7609375000000000E+01
3.7117395259439945E+01	3.7609375000000000E+01
3.7185398936271667E+01	3.7609375000000000E+01
3.7254065237939358E+01	3.7609375000000000E+01
3.7322084046900272E+01	3.7609375000000000E+01
3.7390130251646042E+01	3.7609375000000000E+01
3.7458177596330643E+01	3.7609375000000000E+01
3.7526573553681374E+01	3.7609375000000000E+01
3.7594560436904430E+01	3.7609375000000000E+01
3.7662617444992065E+01	3.7609375000000000E+01
3.7730647414922714E+01	3.7609375000000000E+01
3.7798709705471992E+01	3.7609375000000000E+01
3.7866751760244370E+01	3.7609375000000000E+01
3.7934803791344166E+01	3.7609375000000000E+01
3.8003531344234943E+01	3.7609375000000000E+01
3.8071576036512852E+01	3.7609375000000000E+01
3.8139907315373421E+01	3.7609375000000000E+01
3.8207954093813896E+01	3.7609375000000000E+01
3.8276029653847218E+01	3.7609375000000000E+01
3.8345252297818661E+01	3.7609375000000000E+01
3.8413496591150761E+01	3.7609375000000000E+01
3.8481661163270473E+01	3.7609375000000000E+01
3.8549696519970894E+01	3.7609375000000000E+01
3.8617753140628338E+01	3.7609375000000000E+01
3.8685831867158413E+01	3.7609375000000000E+01
3.8753945261240005E+01	3.7609375000000000E+01
3.8822004556655884E+01	3.7609375000000000E+01
3.8890432335436344E+01	3.7609375000000000E+01
3.8958519876003265E+01	3.7609375000000000E+01
3.9026592180132866E+01	3.7609375000000000E+01
3.9094661533832550E+01	3.7609375000000000E+01
3.9162720508873463E+01	3.7609375000000000E+01
3.9231475621461868E+01	3.7609375000000000E+01
3.9299549877643585E+01	3.7609375000000000E+01
3.9368220292031765E+01	3.7609375000000000E+01
3.9436338581144810E+01	3.7609375000000000E+01
3.9505027644336224E+01	3.7609375000000000E+01
3.9573117069900036E+01	3.7609375000000000E+01
3.9641212649643421E+01	3.7609375000000000E+01
3.9709309644997120E+01	3.7609375000000000E+01
3.9777461625635624E+01	3.7609375000000000E+01
3.9845594279468060E+01	3.7609375000000000E+01
3.9913711503148079E+01	3.7609375000000000E+01
3.9981861971318722E+01	3.7609375000000000E+01
4.0049983061850071E+01	3.7609375000000000E+01
4.0118110887706280E+01	3.7609375000000000E+01
4.0186360128223896E+01	3.7609375000000000E+01
4.0254486769437790E+01	3.7609375000000000E+01
4.0322865448892117E+01	3.7609375000000000E+01
4.0391368806362152E+01	3.7609375000000000E+01
4.0459929011762142E+01	3.7609375000000000E+01
4.0528776116669178E+01	3.7609375000000000E+01
4.0596908837556839E+01	3.7609375000000000E+01
4.0665041595697403E+01	3.7609375000000000E+01
4.0733769588172436E+01	3.7609375000000000E+01
4.0801922440528870E+01	3.7609375000000000E+01
4.0870765119791031E+01	3.7609375000000000E+01
4.0938937760889530E+01	3.7609375000000000E+01
4.1007135041058064E+01	3.7609375000000000E+01
4.1075343169271946E+01	3.7609375000000000E+01
4.1143547363579273E+01	3.7609375000000000E+01
4.1211751781404018E+01	3.7609375000000000E+01
4.1279950752854347E+01	3.7609375000000000E+01
4.1348172366619110E+01	3.7609375000000000E+01
4.1416381277143955E+01	3.7609375000000000E+01
4.1484609149396420E+01	3.7609375000000000E+01
4.1552800573408604E+01	3.7609375000000000E+01
4.1621047303080559E+01	3.7609375000000000E+01
4.1689324475824833E+01	3.7609375000000000E+01
4.1757596068084240E+01	3.7609375000000000E+01
4.1826871953904629E+01	3.7609375000000000E+01
4.1895237013697624E+01	3.7609375000000000E+01
4.1963608652353287E+01	3.7609375000000000E+01
4.2032038666307926E+01	3.7609375000000000E+01
4.2101176388561726E+01	3.7609375000000000E+01
4.2169584125280380E+01	3.7609375000000000E+01
4.2238028205931187E+01	3.7609375000000000E+01
4.2306489147245884E+01	3.7609375000000000E+01
4.2375129997730255E+01	3.7609375000000000E+01
4.2443690076470375E+01	3.7609375000000000E+01
4.2512153312563896E+01	3.7609375000000000E+01
4.2580612540245056E+01	3.7609375000000000E+01
4.2649122923612595E+01	3.7609375000000000E+01
4.2717606961727142E+01	3.7609375000000000E+01
4.2786056116223335E+01	3.7609375000000000E+01
4.2854979835450649E+01	3.7609375000000000E+01
4.2923749893903732E+01	3.7609375000000000E+01
4.2992259643971920E+01	3.7609375000000000E+01
4.3060839280486107E+01	3.7609375000000000E+01
4.3129450328648090E+01	3.7609375000000000E+01
4.3198067441582680E+01	3.7609375000000000E+01
4.3266705565154552E+01	3.7609375000000000E+01
4.3335357852280140E+01	3.7609375000000000E+01
4.3404115803539753E+01	3.7609375000000000E+01
4.3473482750356197E+01	3.7609375000000000E+01
4.3542752563953400E+01	3.7609375000000000E+01
4.3611808657646179E+01	3.7609375000000000E+01
4.3681408718228340E+01	3.7609375000000000E+01
4.3750614054501057E+01	3.7609375000000000E+01
4.3819762483239174E+01	3.7609375000000000E+01
4.3888928912580013E+01	3.7609375000000000E+01
4.3958091445267200E+01	3.7609375000000000E+01
4.4027287729084492E+01	3.7609375000000000E+01
4.4096517272293568E+01	3.7609375000000000E+01
4.4165634028613567E+01	3.7609375000000000E+01
4.4234846837818623E+01	3.7609375000000000E+01
4.4303944736719131E+01	3.7609375000000000E+01
4.4373367585241795E+01	3.7609375000000000E+01
4.4443166755139828E+01	3.7609375000000000E+01
4.4512337341904640E+01	3.7609375000000000E+01
4.4581575036048889E+01	3.7609375000000000E+01
4.4650580622255802E+01	3.7609375000000000E+01
4.4720232009887695E+01	3.7609375000000000E+01
4.4789334125816822E+01	3.7609375000000000E+01
4.4858428008854389E+01	3.7609375000000000E+01
4.4927491381764412E+01	3.7609375000000000E+01
4.4996442914009094E+01	3.7609375000000000E+01
4.5065522797405720E+01	3.7609375000000000E+01
4.5134473137557507E+01	3.7609375000000000E+01
4.5203392222523689E+01	3.7609375000000000E+01
4.5272512674331665E+01	3.7609375000000000E+01
4.5341318912804127E+01	3.7609375000000000E+01
4.5410234734416008E+01	3.7609375000000000E+01
4.5479647517204285E+01	3.7609375000000000E+01
4.5548452496528625E+01	3.7609375000000000E+01
4.5617356702685356E+01	3.7609375000000000E+01
4.5686240941286087E+01	3.7609375000000000E+01
4.5755072958767414E+01	3.7609375000000000E+01
4.5823915608227253E+01	3.7609375000000000E+01
4.5892716385424137E+01	3.7609375000000000E+01
4.5961491487920284E+01	3.7609375000000000E+01
4.6031008653342724E+01	3.7609375000000000E+01
4.6099896878004074E+01	3.7609375000000000E+01
4.6168738707900047E+01	3.7609375000000000E+01
4.6238542065024376E+01	3.7609375000000000E+01
4.6306928321719170E+01	3.7609375000000000E+01
4.6375044956803322E+01	3.7609375000000000E+01
4.6443196043372154E+01	3.7609375000000000E+01
4.6511267282068729E+01	3.7609375000000000E+01
4.6579338334500790E+01	3.7609375000000000E+01
4.6647491030395031E+01	3.7609375000000000E+01
4.6715790301561356E+01	3.7609375000000000E+01
4.6783868812024593E+01	3.7609375000000000E+01
4.6852234952151775E+01	3.7609375000000000E+01
4.6920278981328011E+01	3.7609375000000000E+01
4.6989022463560104E+01	3.7609375000000000E+01
4.7057747267186642E+01	3.7609375000000000E+01
4.7125742934644222E+01	3.7609375000000000E+01
4.7193776607513428E+01	3.7609375000000000E+01
4.7261776931583881E+01	3.7609375000000000E+01
4.7330012269318104E+01	3.7609375000000000E+01
4.7398361429572105E+01	3.7609375000000000E+01
4.7466551631689072E+01	3.7609375000000000E+01
4.7534406423568726E+01	3.7609375000000000E+01
4.7602289393544197E+01	3.7609375000000000E+01
4.7670176900923252E+01	3.7609375000000000E+01
4.7737995415925980E+01	3.7609375000000000E+01
4.7805711545050144E+01	3.7609375000000000E+01
4.7873368352651596E+01	3.7609375000000000E+01
4.7941139608621597E+01	3.7609375000000000E+01
4.8008740954101086E+01	3.7609375000000000E+01
4.8077129602432251E+01	3.7609375000000000E+01
4.8144958928227425E+01	3.7609375000000000E+01
4.8212849967181683E+01	3.7609375000000000E+01
4.8280821405351162E+01	3.7609375000000000E+01
4.8348997920751572E+01	3.7609375000000000E+01
4.8416949272155762E+01	3.7609375000000000E+01
4.8484942942857742E+01	3.7609375000000000E+01
4.8552799046039581E+01	3.7609375000000000E+01
4.8620487399399281E+01	3.7609375000000000E+01
4.8688632845878601E+01	3.7609375000000000E+01
4.8756461657583714E+01	3.7609375000000000E+01
4.8824772529304028E+01	3.7609375000000000E+01
4.8892355129122734E+01	3.7609375000000000E+01
4.8959970563650131E+01	3.7609375000000000E+01
4.9027483463287354E+01	3.7609375000000000E+01
4.9095481470227242E+01	3.7609375000000000E+01
4.9163679964840412E+01	3.7609375000000000E+01
4.9231207780539989E+01	3.7609375000000000E+01
4.9298417240381241E+01	3.7609375000000000E+01
4.9366326510906219E+01	3.7609375000000000E+01
4.9433404684066772E+01	3.7609375000000000E+01
4.9500523924827576E+01	3.7609375000000000E+01
4.9567647032439709E+01	3.7609375000000000E+01
4.9634812436997890E+01	3.7609375000000000E+01
4.9702631607651711E+01	3.7609375000000000E+01
4.9770393200218678E+01	3.7609375000000000E+01
4.9838538646697998E+01	3.7609375000000000E+01
4.9906195074319839E+01	3.7609375000000000E+01
4.9973829261958599E+01	3.7609375000000000E+01
5.0041729025542736E+01	3.7609375000000000E+01
5.0109754025936127E+01	3.7609375000000000E+01
5.0177797369658947E+01	3.7609375000000000E+01
5.0246397040784359E+01	3.7609375000000000E+01
5.0314577035605907E+01	3.7609375000000000E+01
5.0382851049304008E+01	3.7609375000000000E+01
5.0451343886554241E+01	3.7609375000000000E+01
5.0519819766283035E+01	3.7609375000000000E+01
5.0588445216417313E+01	3.7609375000000000E+01
5.0657274387776852E+01	3.7609375000000000E+01
5.0725850641727448E+01	3.7609375000000000E+01
5.0794507712125778E+01	3.7609375000000000E+01
5.0863154098391533E+01	3.7609375000000000E+01
5.0932001620531082E+01	3.7609375000000000E+01
5.1000680834054947E+01	3.7609375000000000E+01
5.1069344982504845E+01	3.7609375000000000E+01
5.1138584248721600E+01	3.7609375000000000E+01
5.1207261271774769E+01	3.7609375000000000E+01
5.1275917388498783E+01	3.7609375000000000E+01
5.1344598747789860E+01	3.7609375000000000E+01
5.1413306891918182E+01	3.7609375000000000E+01
5.1482076540589333E+01	3.7609375000000000E+01
5.1551381595432758E+01	3.7609375000000000E+01
5.1620622426271439E+01	3.7609375000000000E+01
5.1689383774995804E+01	3.7609375000000000E+01
5.1758523635566235E+01	3.7609375000000000E+01
5.1827659599483013E+01	3.7609375000000000E+01
5.1896486736834049E+01	3.7609375000000000E+01
5.1966552384197712E+01	3.7609375000000000E+01
5.2035342633724213E+01	3.7609375000000000E+01
5.2104145593941212E+01	3.7609375000000000E+01
5.2172961145639420E+01	3.7609375000000000E+01
5.2241772331297398E+01	3.7609375000000000E+01
5.2310579873621464E+01	3.7609375000000000E+01
5.2379704996943474E+01	3.7609375000000000E+01
5.2448665320873260E+01	3.7609375000000000E+01
5.2517488703131676E+01	3.7609375000000000E+01
5.2586508974432945E+01	3.7609375000000000E+01
5.2655369445681572E+01	3.7609375000000000E+01
5.2724235847592354E+01	3.7609375000000000E+01
5.2793104119598866E+01	3.7609375000000000E+01
5.2862427964806557E+01	3.7609375000000000E+01
5.2931265063583851E+01	3.7609375000000000E+01
5.3000117100775242E+01	3.7609375000000000E+01
5.3068978786468506E+01	3.7609375000000000E+01
5.3138518795371056E+01	3.7609375000000000E+01
5.3208051100373268E+01	3.7609375000000000E+01
5.3276938639581203E+01	3.7609375000000000E+01
5.3345783673226833E+01	3.7609375000000000E+01
5.3414640612900257E+01	3.7609375000000000E+01
5.3483581028878689E+01	3.7609375000000000E+01
5.3552424386143684E+01	3.7609375000000000E+01
5.3621231816709042E+01	3.7609375000000000E+01
5.3690424777567387E+01	3.7609375000000000E+01
5.3759856551885605E+01	3.7609375000000000E+01
5.3828660368919373E+01	3.7609375000000000E+01
5.3897929482161999E+01	3.7609375000000000E+01
5.3966671586036682E+01	3.7609375000000000E+01
5.4036082871258259E+01	3.7609375000000000E+01
5.4104777671396732E+01	3.7609375000000000E+01
5.4173724643886089E+01	3.7609375000000000E+01
5.4242349058389664E+01	3.7609375000000000E+01
5.4311050251126289E+01	3.7609375000000000E+01
5.4379607275128365E+01	3.7609375000000000E+01
5.4448448158800602E+01	3.7609375000000000E+01
5.4516943573951721E+01	3.7609375000000000E+01
5.4585972957313061E+01	3.7609375000000000E+01
5.4654441893100739E+01	3.7609375000000000E+01
5.4722846530377865E+01	3.7609375000000000E+01
5.4791238635778427E+01	3.7609375000000000E+01
5.4859577998518944E+01	3.7609375000000000E+01
5.4927860535681248E+01	3.7609375000000000E+01
5.4996169507503510E+01	3.7609375000000000E+01
5.5064468421041965E+01	3.7609375000000000E+01
5.5133320674300194E+01	3.7609375000000000E+01
5.5201634101569653E+01	3.7609375000000000E+01
5.5269866541028023E+01	3.7609375000000000E+01
5.5338117271661758E+01	3.7609375000000000E+01
5.5406378559768200E+01	3.7609375000000000E+01
5.5474645808339119E+01	3.7609375000000000E+01
5.5542877748608589E+01	3.7609375000000000E+01
5.5611057758331299E+01	3.7609375000000000E+01
5.5679269552230835E+01	3.7609375000000000E+01
5.5747526511549950E+01	3.7609375000000000E+01
5.5815726824104786E+01	3.7609375000000000E+01
5.5883959673345089E+01	3.7609375000000000E+01
5.5952181711792946E+01	3.7609375000000000E+01
5.6020401015877724E+01	3.7609375000000000E+01
5.6088566094636917E+01	3.7609375000000000E+01
5.6157062642276287E+01	3.7609375000000000E+01
5.6225291468203068E+01	3.7609375000000000E+01
5.6294251352548599E+01	3.7609375000000000E+01
5.6362432599067688E+01	3.7609375000000000E+01
5.6430679231882095E+01	3.7609375000000000E+01
5.6498845398426056E+01	3.7609375000000000E+01
5.6566960163414478E+01	3.7609375000000000E+01
5.6635105364024639E+01	3.7609375000000000E+01
5.6703172750771046E+01	3.7609375000000000E+01
5.6771985106170177E+01	3.7609375000000000E+01
5.6840099491178989E+01	3.7609375000000000E+01
5.6908254899084568E+01	3.7609375000000000E+01
5.6976341865956783E+01	3.7609375000000000E+01
5.7044483199715614E+01	3.7609375000000000E+01
5.7113212801516056E+01	3.7609375000000000E+01
5.7181343026459217E+01	3.7609375000000000E+01
5.7249843053519726E+01	3.7609375000000000E+01
5.7317944653332233E+01	3.7609375000000000E+01
5.7386090070009232E+01	3.7609375000000000E+01
5.7454905450344086E+01	3.7609375000000000E+01
5.7523095495998859E+01	3.7609375000000000E+01
5.7591316476464272E+01	3.7609375000000000E+01
5.7659580208361149E+01	3.7609375000000000E+01
5.7727910615503788E+01	3.7609375000000000E+01
5.7796393841505051E+01	3.7609375000000000E+01
5.7864827781915665E+01	3.7609375000000000E+01
5.7933236949145794E+01	3.7609375000000000E+01
5.8001675248146057E+01	3.7609375000000000E+01
5.8070193007588387E+01	3.7609375000000000E+01
5.8138715580105782E+01	3.7609375000000000E+01
5.8207285799086094E+01	3.7609375000000000E+01
5.8275862425565720E+01	3.7609375000000000E+01
5.8344763234257698E+01	3.7609375000000000E+01
5.8413441918790340E+01	3.7609375000000000E+01
5.8482739552855492E+01	3.7609375000000000E+01
5.8551437504589558E+01	3.7609375000000000E+01
5.8620133727788925E+01	3.7609375000000000E+01
5.8688884973526001E+01	3.7609375000000000E+01
5.8758156344294548E+01	3.7609375000000000E+01
5.8827234685420990E+01	3.7609375000000000E+01
5.8896063819527626E+01	3.7609375000000000E+01
5.8964893013238907E+01	3.7609375000000000E+01
5.9033729553222656E+01	3.7609375000000000E+01
5.9102576568722725E+01	3.7609375000000000E+01
5.9171420373022556E+01	3.7609375000000000E+01
5.9240295164287090E+01	3.7609375000000000E+01
5.9309154152870178E+01	3.7609375000000000E+01
5.9378027006983757E+01	3.7609375000000000E+01
5.9447948515415192E+01	3.7609375000000000E+01
5.9517832152545452E+01	3.7609375000000000E+01
5.9586737535893917E+01	3.7609375000000000E+01
5.9655613705515862E+01	3.7609375000000000E+01
5.9725203588604927E+01	3.7609375000000000E+01
5.9794158466160297E+01	3.7609375000000000E+01
5.9863246344029903E+01	3.7609375000000000E+01
5.9932151153683662E+01	3.7609375000000000E+01
6.0001031734049320E+01	3.7609375000000000E+01
6.0069933362305164E+01	3.7609375000000000E+01
6.0138794444501400E+01	3.7609375000000000E+01
6.0208386242389679E+01	3.7609375000000000E+01
6.0277927495539188E+01	3.7609375000000000E+01
6.0346833743155003E+01	3.7609375000000000E+01
6.0415753915905952E+01	3.7609375000000000E+01
6.0484739787876606E+01	3.7609375000000000E+01
6.0553639829158783E+01	3.7609375000000000E+01
6.0622522339224815E+01	3.7609375000000000E+01
6.0691437646746635E+01	3.7609375000000000E+01
6.0761180721223354E+01	3.7609375000000000E+01
6.0830552823841572E+01	3.7609375000000000E+01
6.0899504393339157E+01	3.7609375000000000E+01
6.0968562856316566E+01	3.7609375000000000E+01
6.1037471167743206E+01	3.7609375000000000E+01
6.1106677144765854E+01	3.7609375000000000E+01
6.1175590641796589E+01	3.7609375000000000E+01
6.1244507558643818E+01	3.7609375000000000E+01
6.1313410662114620E+01	3.7609375000000000E+01
6.1382297821342945E+01	3.7609375000000000E+01
6.1451538041234016E+01	3.7609375000000000E+01
6.1520988523960114E+01	3.7609375000000000E+01
6.1590198226273060E+01	3.7609375000000000E+01
6.1659117102622986E+01	3.7609375000000000E+01
6.1728022284805775E+01	3.7609375000000000E+01
6.1797654770314693E+01	3.7609375000000000E+01
6.1866570346057415E+01	3.7609375000000000E+01
6.1935464307665825E+01	3.7609375000000000E+01
6.2004337765276432E+01	3.7609375000000000E+01
6.2073236107826233E+01	3.7609375000000000E+01
6.2142114736139774E+01	3.7609375000000000E+01
6.2211079575121403E+01	3.7609375000000000E+01
6.2279925458133221E+01	3.7609375000000000E+01
6.2348781414330006E+01	3.7609375000000000E+01
6.2417970791459084E+01	3.7609375000000000E+01
6.2486921392381191E+01	3.7609375000000000E+01
6.2555785350501537E+01	3.7609375000000000E+01
6.2625302940607071E+01	3.7609375000000000E+01
6.2694143965840340E+01	3.7609375000000000E+01
6.2762952141463757E+01	3.7609375000000000E+01
6.2831794500350952E+01	3.7609375000000000E+01
6.2900568053126335E+01	3.7609375000000000E+01
6.2969343371689320E+01	3.7609375000000000E+01
6.3038338072597980E+01	3.7609375000000000E+01
6.3107091061770916E+01	3.7609375000000000E+01
6.3176224350929260E+01	3.7609375000000000E+01
6.3244918115437031E+01	3.7609375000000000E+01
6.3313532926142216E+01	3.7609375000000000E+01
6.3382290840148926E+01	3.7609375000000000E+01
6.3450940191745758E+01	3.7609375000000000E+01
6.3519589439034462E+01	3.7609375000000000E+01
6.3588617078959942E+01	3.7609375000000000E+01
6.3657423160970211E+01	3.7609375000000000E+01
6.3725987136363983E+01	3.7609375000000000E+01
6.3794874370098114E+01	3.7609375000000000E+01
6.3863302536308765E+01	3.7609375000000000E+01
6.3931930288672447E+01	3.7609375000000000E+01
6.4000266917049885E+01	3.7609375000000000E+01
6.4068618118762970E+01	3.7609375000000000E+01
6.4137545756995678E+01	3.7609375000000000E+01
6.4206492677330971E+01	3.7609375000000000E+01
6.4274699024856091E+01	3.7609375000000000E+01
6.4342878691852093E+01	3.7609375000000000E+01
6.4411063648760319E+01	3.7609375000000000E+01
6.4479296825826168E+01	3.7609375000000000E+01
6.4547486983239651E+01	3.7609375000000000E+01
6.4615932703018188E+01	3.7609375000000000E+01
6.4684038892388344E+01	3.7609375000000000E+01
6.4752155959606171E+01	3.7609375000000000E+01
6.4820244863629341E+01	3.7609375000000000E+01
6.4888392165303230E+01	3.7609375000000000E+01
6.4956518262624741E+01	3.7609375000000000E+01
6.5024642728269100E+01	3.7609375000000000E+01
6.5092738360166550E+01	3.7609375000000000E+01
6.5160853162407875E+01	3.7609375000000000E+01
6.5228956259787083E+01	3.7609375000000000E+01
6.5297029860317707E+01	3.7609375000000000E+01
6.5365107558667660E+01	3.7609375000000000E+01
6.5433745831251144E+01	3.7609375000000000E+01
6.5502054683864117E+01	3.7609375000000000E+01
6.5570782415568829E+01	3.7609375000000000E+01
6.5639283813536167E+01	3.7609375000000000E+01
6.5707699336111546E+01	3.7609375000000000E+01
6.5775802239775658E+01	3.7609375000000000E+01
6.5843942008912563E+01	3.7609375000000000E+01
6.5912410557270050E+01	3.7609375000000000E+01
6.5981236457824707E+01	3.7609375000000000E+01
6.6049460276961327E+01	3.7609375000000000E+01
6.6117567643523216E+01	3.7609375000000000E+01
6.6186181291937828E+01	3.7609375000000000E+01
6.6254799552261829E+01	3.7609375000000000E+01
6.6322950743138790E+01	3.7609375000000000E+01
6.6391077220439911E+01	3.7609375000000000E+01
6.6459268748760223E+01	3.7609375000000000E+01
6.6527443587779999E+01	3.7609375000000000E+01
6.6595567241311073E+01	3.7609375000000000E+01
6.6663867637515068E+01	3.7609375000000000E+01
6.6732900321483612E+01	3.7609375000000000E+01
6.6801190495491028E+01	3.7609375000000000E+01
6.6869364522397518E+01	3.7609375000000000E+01
6.6937548279762268E+01	3.7609375000000000E+01
6.7005771063268185E+01	3.7609375000000000E+01
6.7074167415499687E+01	3.7609375000000000E+01
6.7142356596887112E+01	3.7609375000000000E+01
6.7210895501077175E+01	3.7609375000000000E+01
6.7329819530248642E+01	3.7699218750000000E+01
6.7447894662618637E+01	3.7699218750000000E+01
6.7558072052896023E+01	3.7699218750000000E+01
6.7652166023850441E+01	3.7699218750000000E+01
6.7711068950593472E+01	3.7699218750000000E+01
6.7737860001623631E+01	3.7699218750000000E+01
6.7764654435217381E+01	3.7699218750000000E+01
6.7791441351175308E+01	3.7699218750000000E+01
6.7818070597946644E+01	3.7699218750000000E+01
6.7844652555882931E+01	3.7699218750000000E+01
6.7871341086924076E+01	3.7699218750000000E+01
