0.0000000000000000E+00	1.5240000000000002E+00
9.2092092092092093E+02	1.5240477759377644E+00
1.8418418418418419E+03	1.5240716310465190E+00
2.7627627627627626E+03	1.5241072003411928E+00
3.6836836836836837E+03	1.5241194065607997E+00
4.6046046046046049E+03	1.5241654493035262E+00
5.5255255255255252E+03	1.5241916961542692E+00
6.4464464464464463E+03	1.5242201761217202E+00
7.3673673673673675E+03	1.5242530096598546E+00
8.2882882882882877E+03	1.5242818420015842E+00
9.2092092092092098E+03	1.5242957040226481E+00
1.0130130130130130E+04	1.5243406221199316E+00
1.1051051051051050E+04	1.5243721746946350E+00
1.1971971971971972E+04	1.5243998267222167E+00
1.2892892892892893E+04	1.5244266679022838E+00
1.3813813813813815E+04	1.5244550739626981E+00
1.4734734734734735E+04	1.5244851171317866E+00
1.5655655655655655E+04	1.5245128777503916E+00
1.6576576576576575E+04	1.5245437800450463E+00
1.7497497497497498E+04	1.5245726515917823E+00
1.8418418418418420E+04	1.5246032451240334E+00
1.9339339339339338E+04	1.5246323599147165E+00
2.0260260260260260E+04	1.5246620773716384E+00
2.1181181181181182E+04	1.5246951055087490E+00
2.2102102102102101E+04	1.5247268674561771E+00
2.3023023023023023E+04	1.5247551473250103E+00
2.3943943943943945E+04	1.5247699953434677E+00
2.4864864864864867E+04	1.5248130391315649E+00
2.5785785785785785E+04	1.5248448809082722E+00
2.6706706706706707E+04	1.5248703083141673E+00
2.7627627627627629E+04	1.5248987305882373E+00
2.8548548548548548E+04	1.5249333902550541E+00
2.9469469469469470E+04	1.5249471850645684E+00
3.0390390390390392E+04	1.5249929144410936E+00
3.1311311311311310E+04	1.5250178955506426E+00
3.2232232232232232E+04	1.5250504142760535E+00
3.3153153153153151E+04	1.5250678709684422E+00
3.4074074074074073E+04	1.5251109602116051E+00
3.4994994994994995E+04	1.5251368042801330E+00
3.5915915915915917E+04	1.5251703430531534E+00
3.6836836836836839E+04	1.5252015989017107E+00
3.7757757757757761E+04	1.5252258482503744E+00
3.8678678678678676E+04	1.5252555078361414E+00
3.9599599599599598E+04	1.5252887146840906E+00
4.0520520520520520E+04	1.5253180605289576E+00
4.1441441441441442E+04	1.5253459057441645E+00
4.2362362362362364E+04	1.5253751959483965E+00
4.3283283283283286E+04	1.5253986282139822E+00
4.4204204204204201E+04	1.5254340557203481E+00
4.5125125125125123E+04	1.5254682494785983E+00
4.6046046046046045E+04	1.5254956419848462E+00
4.6966966966966967E+04	1.5255288283138839E+00
4.7887887887887890E+04	1.5255540190199444E+00
4.8808808808808812E+04	1.5255848381452672E+00
4.9729729729729734E+04	1.5256135674916356E+00
5.0650650650650648E+04	1.5256327440344286E+00
5.1571571571571571E+04	1.5256744348301605E+00
5.2492492492492493E+04	1.5257092468264062E+00
5.3413413413413415E+04	1.5257394193768432E+00
5.4334334334334337E+04	1.5257644132024271E+00
5.5255255255255259E+04	1.5257913394509426E+00
5.6176176176176174E+04	1.5258277754988219E+00
5.7097097097097096E+04	1.5258541565010695E+00
5.8018018018018018E+04	1.5258824694561410E+00
5.8938938938938940E+04	1.5259187181786527E+00
5.9859859859859862E+04	1.5259437218606560E+00
6.0780780780780784E+04	1.5259769922739861E+00
6.1701701701701706E+04	1.5259926311544862E+00
6.2622622622622621E+04	1.5260378802115131E+00
6.3543543543543543E+04	1.5260640193072394E+00
6.4464464464464465E+04	1.5260967454562735E+00
6.5385385385385387E+04	1.5261275371230345E+00
6.6306306306306302E+04	1.5261448188816249E+00
6.7227227227227224E+04	1.5261895381774426E+00
6.8148148148148146E+04	1.5262173147084372E+00
6.9069069069069068E+04	1.5262447526789527E+00
6.9989989989989990E+04	1.5262751292141377E+00
7.0910910910910912E+04	1.5263072156502291E+00
7.1831831831831834E+04	1.5263394491811477E+00
7.2752752752752756E+04	1.5263696723382565E+00
7.3673673673673678E+04	1.5263992719575843E+00
7.4594594594594600E+04	1.5264287196867776E+00
7.5515515515515523E+04	1.5264566335819609E+00
7.6436436436436445E+04	1.5264877018543628E+00
7.7357357357357352E+04	1.5265179141037395E+00
7.8278278278278274E+04	1.5265509428770883E+00
7.9199199199199196E+04	1.5265811410342280E+00
8.0120120120120118E+04	1.5266109917919808E+00
8.1041041041041040E+04	1.5266398498370111E+00
8.1961961961961963E+04	1.5266679084885195E+00
8.2882882882882885E+04	1.5266971051958329E+00
8.3803803803803807E+04	1.5267293843676630E+00
8.4724724724724729E+04	1.5267626477794305E+00
8.5645645645645651E+04	1.5267814063449974E+00
8.6566566566566573E+04	1.5268227224618462E+00
8.7487487487487495E+04	1.5268524562399326E+00
8.8408408408408402E+04	1.5268788348598747E+00
8.9329329329329325E+04	1.5269136999860284E+00
9.0250250250250247E+04	1.5269309713614543E+00
9.1171171171171169E+04	1.5269744205940419E+00
9.2092092092092091E+04	1.5270010833341856E+00
9.3013013013013013E+04	1.5270357732713424E+00
9.3933933933933935E+04	1.5270595309877484E+00
9.4854854854854857E+04	1.5270933905488584E+00
9.5775775775775779E+04	1.5271257551560324E+00
9.6696696696696701E+04	1.5271478616164493E+00
9.7617617617617623E+04	1.5271840813849669E+00
9.8538538538538545E+04	1.5272197028815329E+00
9.9459459459459467E+04	1.5272499193899609E+00
1.0038038038038037E+05	1.5272760378007055E+00
1.0130130130130130E+05	1.5272939336871740E+00
1.0222222222222222E+05	1.5273345722569160E+00
1.0314314314314314E+05	1.5273665083875645E+00
1.0406406406406406E+05	1.5273987929671888E+00
1.0498498498498499E+05	1.5274311478896834E+00
1.0590590590590591E+05	1.5274594034513425E+00
1.0682682682682683E+05	1.5274912484061187E+00
1.0774774774774775E+05	1.5275196686249279E+00
1.0866866866866867E+05	1.5275398707735717E+00
1.0958958958958960E+05	1.5275807264918180E+00
1.1051051051051052E+05	1.5276136353606760E+00
1.1143143143143144E+05	1.5276448950430781E+00
1.1235235235235235E+05	1.5276744604680021E+00
1.1327327327327327E+05	1.5276958361583213E+00
1.1419419419419419E+05	1.5277340890390201E+00
1.1511511511511511E+05	1.5277682767961123E+00
1.1603603603603604E+05	1.5277908899923263E+00
1.1695695695695696E+05	1.5278265539815343E+00
1.1787787787787788E+05	1.5278586511400543E+00
1.1879879879879880E+05	1.5278835881255051E+00
1.1971971971971972E+05	1.5279214057024810E+00
1.2064064064064065E+05	1.5279488542983857E+00
1.2156156156156157E+05	1.5279813681501022E+00
1.2248248248248249E+05	1.5280126888996852E+00
1.2340340340340341E+05	1.5280382895523341E+00
1.2432432432432432E+05	1.5280759516290241E+00
1.2524524524524524E+05	1.5281025675286832E+00
1.2616616616616616E+05	1.5281323466095162E+00
1.2708708708708709E+05	1.5281669180358661E+00
1.2800800800800801E+05	1.5281986464331261E+00
1.2892892892892893E+05	1.5282226426724024E+00
1.2984984984984985E+05	1.5282440337621666E+00
1.3077077077077077E+05	1.5282863088664607E+00
1.3169169169169170E+05	1.5283210538829908E+00
1.3261261261261260E+05	1.5283540517180427E+00
1.3353353353353354E+05	1.5283851816557559E+00
1.3445445445445445E+05	1.5284141290086244E+00
1.3537537537537538E+05	1.5284468616325135E+00
1.3629629629629629E+05	1.5284770834816250E+00
1.3721721721721723E+05	1.5285072563159210E+00
1.3813813813813814E+05	1.5285301486069818E+00
1.3905905905905907E+05	1.5285537250052896E+00
1.3997997997997998E+05	1.5285969246994620E+00
1.4090090090090092E+05	1.5286318733185749E+00
1.4182182182182182E+05	1.5286603672838823E+00
1.4274274274274273E+05	1.5286885751584123E+00
1.4366366366366367E+05	1.5287207613891076E+00
1.4458458458458458E+05	1.5287557970153696E+00
1.4550550550550551E+05	1.5287728321037291E+00
1.4642642642642642E+05	1.5288176190850595E+00
1.4734734734734736E+05	1.5288451787555615E+00
1.4826826826826826E+05	1.5288770333061328E+00
1.4918918918918920E+05	1.5289089186970777E+00
1.5011011011011011E+05	1.5289416402283476E+00
1.5103103103103105E+05	1.5289688033206505E+00
1.5195195195195195E+05	1.5290034157861676E+00
1.5287287287287289E+05	1.5290200659988911E+00
1.5379379379379380E+05	1.5290642738324147E+00
1.5471471471471470E+05	1.5290963061942733E+00
1.5563563563563564E+05	1.5291190145605087E+00
1.5655655655655655E+05	1.5291550904653641E+00
1.5747747747747749E+05	1.5291915070550073E+00
1.5839839839839839E+05	1.5292223689182796E+00
1.5931931931931933E+05	1.5292516476410394E+00
1.6024024024024024E+05	1.5292821431561583E+00
1.6116116116116117E+05	1.5293098702219050E+00
1.6208208208208208E+05	1.5293351169728846E+00
1.6300300300300302E+05	1.5293740777786602E+00
1.6392392392392393E+05	1.5293970255822027E+00
1.6484484484484486E+05	1.5294360104848972E+00
1.6576576576576577E+05	1.5294688688693587E+00
1.6668668668668668E+05	1.5295003639156226E+00
1.6760760760760761E+05	1.5295351727138573E+00
1.6852852852852852E+05	1.5295668986757509E+00
1.6944944944944946E+05	1.5295927462602537E+00
1.7037037037037036E+05	1.5296144308933075E+00
1.7129129129129130E+05	1.5296577043378989E+00
1.7221221221221221E+05	1.5296898373241476E+00
1.7313313313313315E+05	1.5297071321191615E+00
1.7405405405405405E+05	1.5297519745548518E+00
1.7497497497497499E+05	1.5297822578720630E+00
1.7589589589589590E+05	1.5298108875317245E+00
1.7681681681681680E+05	1.5298483539389305E+00
1.7773773773773774E+05	1.5298751478550969E+00
1.7865865865865865E+05	1.5299094776679334E+00
1.7957957957957959E+05	1.5299382035065434E+00
1.8050050050050049E+05	1.5299710229905739E+00
1.8142142142142143E+05	1.5300040334422369E+00
1.8234234234234234E+05	1.5300324887408165E+00
1.8326326326326327E+05	1.5300651481400918E+00
1.8418418418418418E+05	1.5300993153427911E+00
1.8510510510510512E+05	1.5301294006197812E+00
1.8602602602602603E+05	1.5301470416074148E+00
1.8694694694694696E+05	1.5301886204399000E+00
1.8786786786786787E+05	1.5302262326285629E+00
1.8878878878878878E+05	1.5302584840451221E+00
1.8970970970970971E+05	1.5302889797902866E+00
1.9063063063063062E+05	1.5303195418919462E+00
1.9155155155155156E+05	1.5303507004565122E+00
1.9247247247247247E+05	1.5303833899933834E+00
1.9339339339339340E+05	1.5304157346597085E+00
1.9431431431431431E+05	1.5304469022154448E+00
1.9523523523523525E+05	1.5304791378910692E+00
1.9615615615615615E+05	1.5305042236718884E+00
1.9707707707707709E+05	1.5305255087734171E+00
1.9799799799799800E+05	1.5305700316123223E+00
1.9891891891891893E+05	1.5306049056599849E+00
1.9983983983983984E+05	1.5306335477257971E+00
2.0076076076076075E+05	1.5306634660960055E+00
2.0168168168168169E+05	1.5306984917565314E+00
2.0260260260260259E+05	1.5307313024899381E+00
2.0352352352352353E+05	1.5307559625813385E+00
2.0444444444444444E+05	1.5307942994990333E+00
2.0536536536536537E+05	1.5308214881335629E+00
2.0628628628628628E+05	1.5308584777702303E+00
2.0720720720720722E+05	1.5308773705989409E+00
2.0812812812812813E+05	1.5309207949294119E+00
2.0904904904904906E+05	1.5309494878494996E+00
2.0996996996996997E+05	1.5309786107141228E+00
2.1089089089089091E+05	1.5310168810505431E+00
2.1181181181181181E+05	1.5310458354307392E+00
2.1273273273273272E+05	1.5310667732956134E+00
2.1365365365365366E+05	1.5311097313386179E+00
2.1457457457457457E+05	1.5311434829911486E+00
2.1549549549549550E+05	1.5311767589688869E+00
2.1641641641641641E+05	1.5312049687378864E+00
2.1733733733733735E+05	1.5312289135998827E+00
2.1825825825825825E+05	1.5312675722955376E+00
2.1917917917917919E+05	1.5312880057644358E+00
2.2010010010010010E+05	1.5313296721546279E+00
2.2102102102102104E+05	1.5313515372687911E+00
2.2194194194194194E+05	1.5313955433925817E+00
2.2286286286286288E+05	1.5314225995548476E+00
2.2378378378378379E+05	1.5314607826484565E+00
2.2470470470470469E+05	1.5314962807234329E+00
2.2562562562562563E+05	1.5315290743852965E+00
2.2654654654654654E+05	1.5315543628665294E+00
2.2746746746746748E+05	1.5315783848257321E+00
2.2838838838838838E+05	1.5316222814144531E+00
2.2930930930930932E+05	1.5316537256444021E+00
2.3023023023023023E+05	1.5316709913321864E+00
2.3115115115115116E+05	1.5317183156322649E+00
2.3207207207207207E+05	1.5317476997843276E+00
2.3299299299299301E+05	1.5317827611312245E+00
2.3391391391391392E+05	1.5318151099140480E+00
2.3483483483483485E+05	1.5318455410313541E+00
2.3575575575575576E+05	1.5318772007469807E+00
2.3667667667667667E+05	1.5319117452874111E+00
2.3759759759759760E+05	1.5319285111500847E+00
2.3851851851851851E+05	1.5319773621612156E+00
2.3943943943943945E+05	1.5320067812910980E+00
2.4036036036036036E+05	1.5320357857080096E+00
2.4128128128128129E+05	1.5320704315750806E+00
2.4220220220220220E+05	1.5321046725739864E+00
2.4312312312312314E+05	1.5321370890061601E+00
2.4404404404404404E+05	1.5321670872207225E+00
2.4496496496496498E+05	1.5321911445859826E+00
2.4588588588588589E+05	1.5322181411005533E+00
2.4680680680680682E+05	1.5322536605587695E+00
2.4772772772772773E+05	1.5322876613560787E+00
2.4864864864864864E+05	1.5323188726831161E+00
2.4956956956956958E+05	1.5323476084019008E+00
2.5049049049049048E+05	1.5323804739128990E+00
2.5141141141141142E+05	1.5324220476977315E+00
2.5233233233233233E+05	1.5324596286978591E+00
2.5325325325325326E+05	1.5324938175616756E+00
2.5417417417417417E+05	1.5325215048461669E+00
2.5509509509509511E+05	1.5325533851562527E+00
2.5601601601601602E+05	1.5325855244887712E+00
2.5693693693693695E+05	1.5326216951725253E+00
2.5785785785785786E+05	1.5326504798322367E+00
2.5877877877877880E+05	1.5326837775253794E+00
2.5969969969969970E+05	1.5327188759201935E+00
2.6062062062062061E+05	1.5327474686335822E+00
2.6154154154154155E+05	1.5327849041171284E+00
2.6246246246246248E+05	1.5328005385733185E+00
2.6338338338338339E+05	1.5328488239178055E+00
2.6430430430430430E+05	1.5328765783323832E+00
2.6522522522522521E+05	1.5329132710721414E+00
2.6614614614614617E+05	1.5329477066082413E+00
2.6706706706706708E+05	1.5329727858299926E+00
2.6798798798798799E+05	1.5330115697862323E+00
2.6890890890890890E+05	1.5330440329680888E+00
2.6982982982982986E+05	1.5330738611700152E+00
2.7075075075075077E+05	1.5330934254716104E+00
2.7167167167167168E+05	1.5331368170285693E+00
2.7259259259259258E+05	1.5331735447343549E+00
2.7351351351351349E+05	1.5332054212536670E+00
2.7443443443443446E+05	1.5332406022814136E+00
2.7535535535535536E+05	1.5332721558117597E+00
2.7627627627627627E+05	1.5333057241958936E+00
2.7719719719719718E+05	1.5333365114492636E+00
2.7811811811811815E+05	1.5333698604981025E+00
2.7903903903903905E+05	1.5333989285445071E+00
2.7995995995995996E+05	1.5334266162372381E+00
2.8088088088088087E+05	1.5334631071310063E+00
2.8180180180180183E+05	1.5334993807306092E+00
2.8272272272272274E+05	1.5335332807690640E+00
2.8364364364364365E+05	1.5335628408885591E+00
2.8456456456456456E+05	1.5335840707881392E+00
2.8548548548548546E+05	1.5336309560731141E+00
2.8640640640640643E+05	1.5336610043209342E+00
2.8732732732732734E+05	1.5336915576203507E+00
2.8824824824824824E+05	1.5337300323082028E+00
2.8916916916916915E+05	1.5337572669800457E+00
2.9009009009009012E+05	1.5337941039287510E+00
2.9101101101101103E+05	1.5338181369411121E+00
2.9193193193193193E+05	1.5338611531020288E+00
2.9285285285285284E+05	1.5338914502058183E+00
2.9377377377377381E+05	1.5339225078571779E+00
2.9469469469469471E+05	1.5339569803512179E+00
2.9561561561561562E+05	1.5339926514845796E+00
2.9653653653653653E+05	1.5340085741744025E+00
2.9745745745745744E+05	1.5340556518355384E+00
2.9837837837837840E+05	1.5340902408876373E+00
2.9929929929929931E+05	1.5341236289077489E+00
3.0022022022022022E+05	1.5341545869642284E+00
3.0114114114114112E+05	1.5341851485247060E+00
3.0206206206206209E+05	1.5342179631124366E+00
3.0298298298298300E+05	1.5342503725416061E+00
3.0390390390390391E+05	1.5342840185171271E+00
3.0482482482482481E+05	1.5343166119920311E+00
3.0574574574574578E+05	1.5343507745168063E+00
3.0666666666666669E+05	1.5343848971790932E+00
3.0758758758758759E+05	1.5344207604026912E+00
3.0850850850850850E+05	1.5344546696820585E+00
3.0942942942942941E+05	1.5344796038236665E+00
3.1035035035035037E+05	1.5345086167438386E+00
3.1127127127127128E+05	1.5345530983823528E+00
3.1219219219219219E+05	1.5345846581679501E+00
3.1311311311311310E+05	1.5346133966519435E+00
3.1403403403403406E+05	1.5346507805001348E+00
3.1495495495495497E+05	1.5346835094880098E+00
3.1587587587587588E+05	1.5347166605487639E+00
3.1679679679679679E+05	1.5347490363968059E+00
3.1771771771771775E+05	1.5347809868078350E+00
3.1863863863863866E+05	1.5348165217677296E+00
3.1955955955955957E+05	1.5348513160230761E+00
3.2048048048048047E+05	1.5348797665570766E+00
3.2140140140140138E+05	1.5349189847817855E+00
3.2232232232232235E+05	1.5349493831368215E+00
3.2324324324324325E+05	1.5349782941699870E+00
3.2416416416416416E+05	1.5350173618654384E+00
3.2508508508508507E+05	1.5350503634601238E+00
3.2600600600600604E+05	1.5350819525298871E+00
3.2692692692692694E+05	1.5351094221434345E+00
3.2784784784784785E+05	1.5351452400759014E+00
3.2876876876876876E+05	1.5351699817798838E+00
3.2968968968968972E+05	1.5352123919269320E+00
3.3061061061061063E+05	1.5352418207717111E+00
3.3153153153153154E+05	1.5352774098571158E+00
3.3245245245245245E+05	1.5353030065746469E+00
3.3337337337337335E+05	1.5353437943278418E+00
3.3429429429429432E+05	1.5353757704652737E+00
3.3521521521521523E+05	1.5354143728321856E+00
3.3613613613613613E+05	1.5354513606103246E+00
3.3705705705705704E+05	1.5354837708198077E+00
3.3797797797797801E+05	1.5355114197737927E+00
3.3889889889889891E+05	1.5355494221350996E+00
3.3981981981981982E+05	1.5355842890080329E+00
3.4074074074074073E+05	1.5356132340946846E+00
3.4166166166166170E+05	1.5356508840171037E+00
3.4258258258258260E+05	1.5356836434046022E+00
3.4350350350350351E+05	1.5357145413757223E+00
3.4442442442442442E+05	1.5357503134924266E+00
3.4534534534534533E+05	1.5357811519197109E+00
3.4626626626626629E+05	1.5358180022266130E+00
3.4718718718718720E+05	1.5358500774776067E+00
3.4810810810810811E+05	1.5358813743850652E+00
3.4902902902902901E+05	1.5359185756169886E+00
3.4994994994994998E+05	1.5359535336451102E+00
3.5087087087087089E+05	1.5359694966112176E+00
3.5179179179179179E+05	1.5360176128619274E+00
3.5271271271271270E+05	1.5360546403331525E+00
3.5363363363363361E+05	1.5360862838610829E+00
3.5455455455455458E+05	1.5361189223893472E+00
3.5547547547547548E+05	1.5361507199207902E+00
3.5639639639639639E+05	1.5361835941862474E+00
3.5731731731731730E+05	1.5362179572132504E+00
3.5823823823823826E+05	1.5362516470808130E+00
3.5915915915915917E+05	1.5362849324598848E+00
3.6008008008008008E+05	1.5363185677525544E+00
3.6100100100100099E+05	1.5363537967729695E+00
3.6192192192192195E+05	1.5363894702084973E+00
3.6284284284284286E+05	1.5364251404719103E+00
3.6376376376376377E+05	1.5364557521462949E+00
3.6468468468468467E+05	1.5364767257583094E+00
3.6560560560560558E+05	1.5365253564154671E+00
3.6652652652652655E+05	1.5365589170874552E+00
3.6744744744744746E+05	1.5365883015829063E+00
3.6836836836836836E+05	1.5366251507242001E+00
3.6928928928928927E+05	1.5366597301837042E+00
3.7021021021021024E+05	1.5366916014873468E+00
3.7113113113113114E+05	1.5367263858825511E+00
3.7205205205205205E+05	1.5367572758622432E+00
3.7297297297297296E+05	1.5367959404782023E+00
3.7389389389389392E+05	1.5368312332329246E+00
3.7481481481481483E+05	1.5368601464967595E+00
3.7573573573573574E+05	1.5368995049724297E+00
3.7665665665665665E+05	1.5369316036521268E+00
3.7757757757757755E+05	1.5369604266927794E+00
3.7849849849849852E+05	1.5369981840039051E+00
3.7941941941941943E+05	1.5370344307818631E+00
3.8034034034034034E+05	1.5370661242000005E+00
3.8126126126126124E+05	1.5370982997873961E+00
3.8218218218218221E+05	1.5371320047691341E+00
3.8310310310310312E+05	1.5371526854839868E+00
3.8402402402402402E+05	1.5371992024991419E+00
3.8494494494494493E+05	1.5372227563933325E+00
3.8586586586586590E+05	1.5372666396884576E+00
3.8678678678678680E+05	1.5372919920611732E+00
3.8770770770770771E+05	1.5373358488061164E+00
3.8862862862862862E+05	1.5373742258295731E+00
3.8954954954954953E+05	1.5374083436033508E+00
3.9047047047047049E+05	1.5374405618087552E+00
3.9139139139139140E+05	1.5374660697245723E+00
3.9231231231231231E+05	1.5375064569237098E+00
3.9323323323323322E+05	1.5375463849826900E+00
3.9415415415415418E+05	1.5375766025187383E+00
3.9507507507507509E+05	1.5376091650621579E+00
3.9599599599599600E+05	1.5376473107081881E+00
3.9691691691691690E+05	1.5376643962209826E+00
3.9783783783783787E+05	1.5377167999023100E+00
3.9875875875875878E+05	1.5377456355462595E+00
3.9967967967967968E+05	1.5377837055257413E+00
4.0060060060060059E+05	1.5378112683109812E+00
4.0152152152152150E+05	1.5378521842239408E+00
4.0244244244244247E+05	1.5378867852156506E+00
4.0336336336336337E+05	1.5379174697099975E+00
4.0428428428428428E+05	1.5379526874555123E+00
4.0520520520520519E+05	1.5379899728923323E+00
4.0612612612612615E+05	1.5380248861905201E+00
4.0704704704704706E+05	1.5380533753962142E+00
4.0796796796796797E+05	1.5380775091144394E+00
4.0888888888888888E+05	1.5381161439634512E+00
4.0980980980980984E+05	1.5381569676870475E+00
4.1073073073073075E+05	1.5381933912665284E+00
4.1165165165165166E+05	1.5382282667230918E+00
4.1257257257257256E+05	1.5382594520949278E+00
4.1349349349349347E+05	1.5382907885362085E+00
4.1441441441441444E+05	1.5383179914955154E+00
4.1533533533533535E+05	1.5383605376419809E+00
4.1625625625625625E+05	1.5384028489756905E+00
4.1717717717717716E+05	1.5384367503967211E+00
4.1809809809809813E+05	1.5384689327505472E+00
4.1901901901901903E+05	1.5385016664501783E+00
4.1993993993993994E+05	1.5385394353207897E+00
4.2086086086086085E+05	1.5385766007958075E+00
4.2178178178178181E+05	1.5385939182280368E+00
4.2270270270270272E+05	1.5386454116548702E+00
4.2362362362362363E+05	1.5386752116810867E+00
4.2454454454454454E+05	1.5387120178021541E+00
4.2546546546546544E+05	1.5387391025108705E+00
4.2638638638638641E+05	1.5387840509279813E+00
4.2730730730730732E+05	1.5388125645969708E+00
4.2822822822822822E+05	1.5388532741854026E+00
4.2914914914914913E+05	1.5388879769718078E+00
4.3007007007007010E+05	1.5389178341681315E+00
4.3099099099099101E+05	1.5389565877020301E+00
4.3191191191191191E+05	1.5389921601164289E+00
4.3283283283283282E+05	1.5390239699202655E+00
4.3375375375375379E+05	1.5390521951235872E+00
4.3467467467467469E+05	1.5390902877904926E+00
4.3559559559559560E+05	1.5391205646336097E+00
4.3651651651651651E+05	1.5391613971281797E+00
4.3743743743743742E+05	1.5391959645093722E+00
4.3835835835835838E+05	1.5392311920884589E+00
4.3927927927927929E+05	1.5392636288130430E+00
4.4020020020020020E+05	1.5392999341922968E+00
4.4112112112112110E+05	1.5393222067755419E+00
4.4204204204204207E+05	1.5393693020895307E+00
4.4296296296296298E+05	1.5394094615121183E+00
4.4388388388388389E+05	1.5394446664916037E+00
4.4480480480480479E+05	1.5394749045857570E+00
4.4572572572572576E+05	1.5395036166959111E+00
4.4664664664664667E+05	1.5395480173596934E+00
4.4756756756756757E+05	1.5395793218311984E+00
4.4848848848848848E+05	1.5396118311862328E+00
4.4940940940940939E+05	1.5396532774658842E+00
4.5033033033033035E+05	1.5396833379526045E+00
4.5125125125125126E+05	1.5397210727855877E+00
4.5217217217217217E+05	1.5397464182463441E+00
4.5309309309309308E+05	1.5397927308692891E+00
4.5401401401401404E+05	1.5398252358879776E+00
4.5493493493493495E+05	1.5398574016851310E+00
4.5585585585585586E+05	1.5398958592810561E+00
4.5677677677677677E+05	1.5399326917422735E+00
4.5769769769769773E+05	1.5399516949326035E+00
4.5861861861861864E+05	1.5400004534649450E+00
4.5953953953953955E+05	1.5400392539628522E+00
4.6046046046046045E+05	1.5400728973702413E+00
4.6138138138138136E+05	1.5401065247695651E+00
4.6230230230230233E+05	1.5401396231679350E+00
4.6322322322322323E+05	1.5401731957008089E+00
4.6414414414414414E+05	1.5402101172318245E+00
4.6506506506506505E+05	1.5402449378111782E+00
4.6598598598598602E+05	1.5402807119969009E+00
4.6690690690690692E+05	1.5403171893598893E+00
4.6782782782782783E+05	1.5403550304722575E+00
4.6874874874874874E+05	1.5403891293131835E+00
4.6966966966966970E+05	1.5404163448473798E+00
4.7059059059059061E+05	1.5404505230935313E+00
4.7151151151151152E+05	1.5404960980950917E+00
4.7243243243243243E+05	1.5405281274407856E+00
4.7335335335335333E+05	1.5405605029930898E+00
4.7427427427427430E+05	1.5406005215839746E+00
4.7519519519519521E+05	1.5406320804240279E+00
4.7611611611611611E+05	1.5406707071339953E+00
4.7703703703703702E+05	1.5407022085296542E+00
4.7795795795795799E+05	1.5407389312905053E+00
4.7887887887887890E+05	1.5407725683822275E+00
4.7979979979979980E+05	1.5408114933402770E+00
4.8072072072072071E+05	1.5408436717205847E+00
4.8164164164164168E+05	1.5408828276791637E+00
4.8256256256256258E+05	1.5409190154824042E+00
4.8348348348348349E+05	1.5409500375374920E+00
4.8440440440440440E+05	1.5409794919392310E+00
4.8532532532532531E+05	1.5410218704478924E+00
4.8624624624624627E+05	1.5410593312632836E+00
4.8716716716716718E+05	1.5410948335138945E+00
4.8808808808808809E+05	1.5411281113080750E+00
4.8900900900900899E+05	1.5411662945191236E+00
4.8992992992992996E+05	1.5411996397329628E+00
4.9085085085085087E+05	1.5412371764628474E+00
4.9177177177177178E+05	1.5412707303841300E+00
4.9269269269269268E+05	1.5413100027933155E+00
4.9361361361361365E+05	1.5413446641460693E+00
4.9453453453453456E+05	1.5413778019419886E+00
4.9545545545545546E+05	1.5414063161278417E+00
4.9637637637637637E+05	1.5414473607960102E+00
4.9729729729729728E+05	1.5414878079253027E+00
4.9821821821821824E+05	1.5415221212875128E+00
4.9913913913913915E+05	1.5415521265826828E+00
5.0006006006006006E+05	1.5415941590243101E+00
5.0098098098098097E+05	1.5416264569631799E+00
5.0190190190190193E+05	1.5416615755455052E+00
5.0282282282282284E+05	1.5416965548772628E+00
5.0374374374374375E+05	1.5417341985114714E+00
5.0466466466466465E+05	1.5417701075910237E+00
5.0558558558558562E+05	1.5418070446804959E+00
5.0650650650650653E+05	1.5418383693979447E+00
5.0742742742742744E+05	1.5418781180108680E+00
5.0834834834834834E+05	1.5419139976125875E+00
5.0926926926926925E+05	1.5419390659196019E+00
5.1019019019019022E+05	1.5419807723018917E+00
5.1111111111111112E+05	1.5420228490861296E+00
5.1203203203203203E+05	1.5420583191731858E+00
5.1295295295295294E+05	1.5420927685287873E+00
5.1387387387387390E+05	1.5421274823669864E+00
5.1479479479479481E+05	1.5421627421269994E+00
5.1571571571571572E+05	1.5421984297277516E+00
5.1663663663663663E+05	1.5422342693189206E+00
5.1755755755755759E+05	1.5422702885289978E+00
5.1847847847847850E+05	1.5423071387375371E+00
5.1939939939939941E+05	1.5423453884745701E+00
5.2032032032032032E+05	1.5423819603534739E+00
5.2124124124124122E+05	1.5424124633540015E+00
5.2216216216216219E+05	1.5424389294979624E+00
5.2308308308308310E+05	1.5424897846163748E+00
5.2400400400400400E+05	1.5425223920719864E+00
5.2492492492492497E+05	1.5425567054672749E+00
5.2584584584584588E+05	1.5425960277339887E+00
5.2676676676676678E+05	1.5426325208797620E+00
5.2768768768768769E+05	1.5426661716891723E+00
5.2860860860860860E+05	1.5427029027863963E+00
5.2952952952952951E+05	1.5427376841833882E+00
5.3045045045045041E+05	1.5427766920943444E+00
5.3137137137137132E+05	1.5428151151369291E+00
5.3229229229229235E+05	1.5428448068819460E+00
5.3321321321321325E+05	1.5428860013879091E+00
5.3413413413413416E+05	1.5429234746176153E+00
5.3505505505505507E+05	1.5429532378268342E+00
5.3597597597597598E+05	1.5429887845471826E+00
5.3689689689689688E+05	1.5430275492600600E+00
5.3781781781781779E+05	1.5430672773874996E+00
5.3873873873873870E+05	1.5431043241878468E+00
5.3965965965965972E+05	1.5431367050901634E+00
5.4058058058058063E+05	1.5431740705699977E+00
5.4150150150150154E+05	1.5432080196494258E+00
5.4242242242242245E+05	1.5432469517254541E+00
5.4334334334334335E+05	1.5432817976523572E+00
5.4426426426426426E+05	1.5433213009217999E+00
5.4518518518518517E+05	1.5433579688774084E+00
5.4610610610610608E+05	1.5433910884126698E+00
5.4702702702702698E+05	1.5434149340809722E+00
5.4794794794794801E+05	1.5434626042582160E+00
5.4886886886886891E+05	1.5435026956899869E+00
5.4978978978978982E+05	1.5435373716787344E+00
5.5071071071071073E+05	1.5435690882778308E+00
5.5163163163163164E+05	1.5436119391875822E+00
5.5255255255255254E+05	1.5436355394324277E+00
5.5347347347347345E+05	1.5436824290537057E+00
5.5439439439439436E+05	1.5437158653630503E+00
5.5531531531531527E+05	1.5437565161543350E+00
5.5623623623623629E+05	1.5437767716277293E+00
5.5715715715715720E+05	1.5438293636886662E+00
5.5807807807807811E+05	1.5438629066708951E+00
5.5899899899899901E+05	1.5438991157595403E+00
5.5991991991991992E+05	1.5439389785372406E+00
5.6084084084084083E+05	1.5439764236584579E+00
5.6176176176176174E+05	1.5440069910754026E+00
5.6268268268268264E+05	1.5440327445895050E+00
5.6360360360360367E+05	1.5440811944031478E+00
5.6452452452452458E+05	1.5441216499527075E+00
5.6544544544544548E+05	1.5441601015358815E+00
5.6636636636636639E+05	1.5441972906884389E+00
5.6728728728728730E+05	1.5442329206346548E+00
5.6820820820820821E+05	1.5442682878471206E+00
5.6912912912912911E+05	1.5443033331242002E+00
5.7005005005005002E+05	1.5443339806378291E+00
5.7097097097097093E+05	1.5443612785520846E+00
5.7189189189189195E+05	1.5444125732547820E+00
5.7281281281281286E+05	1.5444539446502150E+00
5.7373373373373377E+05	1.5444870458841757E+00
5.7465465465465467E+05	1.5445206946170889E+00
5.7557557557557558E+05	1.5445609556039590E+00
5.7649649649649649E+05	1.5445984487732680E+00
5.7741741741741740E+05	1.5446250742948686E+00
5.7833833833833830E+05	1.5446725473238709E+00
5.7925925925925921E+05	1.5447047552223008E+00
5.8018018018018024E+05	1.5447474644746717E+00
5.8110110110110114E+05	1.5447710136813830E+00
5.8202202202202205E+05	1.5448187156452555E+00
5.8294294294294296E+05	1.5448544293801709E+00
5.8386386386386387E+05	1.5448795141141705E+00
5.8478478478478477E+05	1.5449295166625723E+00
5.8570570570570568E+05	1.5449673625731246E+00
5.8662662662662659E+05	1.5449991926446178E+00
5.8754754754754761E+05	1.5450364407187613E+00
5.8846846846846852E+05	1.5450758036597785E+00
5.8938938938938943E+05	1.5451130981859604E+00
5.9031031031031033E+05	1.5451532790942608E+00
5.9123123123123124E+05	1.5451887691531025E+00
5.9215215215215215E+05	1.5452278120473357E+00
5.9307307307307306E+05	1.5452626004211232E+00
5.9399399399399396E+05	1.5453000510640846E+00
5.9491491491491487E+05	1.5453345508944383E+00
5.9583583583583590E+05	1.5453660588864584E+00
5.9675675675675680E+05	1.5454075151324311E+00
5.9767767767767771E+05	1.5454486828990763E+00
5.9859859859859862E+05	1.5454859798828104E+00
5.9951951951951953E+05	1.5455176917770823E+00
6.0044044044044043E+05	1.5455527453092550E+00
6.0136136136136134E+05	1.5455982264364319E+00
6.0228228228228225E+05	1.5456297263146017E+00
6.0320320320320316E+05	1.5456721175180594E+00
6.0412412412412418E+05	1.5457052748141173E+00
6.0504504504504509E+05	1.5457439897592855E+00
6.0596596596596600E+05	1.5457787198330661E+00
6.0688688688688690E+05	1.5458213073005760E+00
6.0780780780780781E+05	1.5458428507470043E+00
6.0872872872872872E+05	1.5458960532784185E+00
6.0964964964964963E+05	1.5459318186935880E+00
6.1057057057057053E+05	1.5459653826049682E+00
6.1149149149149156E+05	1.5460033600034453E+00
6.1241241241241246E+05	1.5460432739374705E+00
6.1333333333333337E+05	1.5460822976190594E+00
6.1425425425425428E+05	1.5461185917866385E+00
6.1517517517517519E+05	1.5461567040400097E+00
6.1609609609609609E+05	1.5461928410140500E+00
6.1701701701701700E+05	1.5462296597407221E+00
6.1793793793793791E+05	1.5462688255666348E+00
6.1885885885885882E+05	1.5463069489484476E+00
6.1977977977977984E+05	1.5463437322573339E+00
6.2070070070070075E+05	1.5463802478423831E+00
6.2162162162162166E+05	1.5464161558940064E+00
6.2254254254254256E+05	1.5464521232525006E+00
6.2346346346346347E+05	1.5464902934914184E+00
6.2438438438438438E+05	1.5465313449258498E+00
6.2530530530530529E+05	1.5465662516984715E+00
6.2622622622622619E+05	1.5466003074180255E+00
6.2714714714714710E+05	1.5466434939679021E+00
6.2806806806806813E+05	1.5466758407660377E+00
6.2898898898898903E+05	1.5467184227338000E+00
6.2990990990990994E+05	1.5467411639723199E+00
6.3083083083083085E+05	1.5467949719958491E+00
6.3175175175175176E+05	1.5468265826767533E+00
6.3267267267267266E+05	1.5468698375020193E+00
6.3359359359359357E+05	1.5469069014037999E+00
6.3451451451451448E+05	1.5469394305537965E+00
6.3543543543543550E+05	1.5469807744553503E+00
6.3635635635635641E+05	1.5470196167123456E+00
6.3727727727727732E+05	1.5470560676729737E+00
6.3819819819819822E+05	1.5470912326868582E+00
6.3911911911911913E+05	1.5471284213354421E+00
6.4004004004004004E+05	1.5471542460889551E+00
6.4096096096096095E+05	1.5472031576780740E+00
6.4188188188188185E+05	1.5472356252031834E+00
6.4280280280280276E+05	1.5472789416285477E+00
6.4372372372372379E+05	1.5473050959153221E+00
6.4464464464464469E+05	1.5473552139731150E+00
6.4556556556556560E+05	1.5473964466007617E+00
6.4648648648648651E+05	1.5474339954367176E+00
6.4740740740740742E+05	1.5474718308625357E+00
6.4832832832832832E+05	1.5475031479298449E+00
6.4924924924924923E+05	1.5475454091551895E+00
6.5017017017017014E+05	1.5475872024878787E+00
6.5109109109109105E+05	1.5476181742101534E+00
6.5201201201201207E+05	1.5476600220469801E+00
6.5293293293293298E+05	1.5476985221691368E+00
6.5385385385385389E+05	1.5477341816079311E+00
6.5477477477477479E+05	1.5477764682559554E+00
6.5569569569569570E+05	1.5478107167277761E+00
6.5661661661661661E+05	1.5478492691462196E+00
6.5753753753753752E+05	1.5478899793507739E+00
6.5845845845845842E+05	1.5479191767332117E+00
6.5937937937937945E+05	1.5479627790354180E+00
6.6030030030030035E+05	1.5480043433293182E+00
6.6122122122122126E+05	1.5480406213567930E+00
6.6214214214214217E+05	1.5480770242566797E+00
6.6306306306306308E+05	1.5481145324398251E+00
6.6398398398398398E+05	1.5481523241296606E+00
6.6490490490490489E+05	1.5481918984844911E+00
6.6582582582582580E+05	1.5482302288410767E+00
6.6674674674674671E+05	1.5482685830946528E+00
6.6766766766766773E+05	1.5483063829818235E+00
6.6858858858858864E+05	1.5483428079693906E+00
6.6950950950950955E+05	1.5483817454620259E+00
6.7043043043043045E+05	1.5484199058491057E+00
6.7135135135135136E+05	1.5484603011187092E+00
6.7227227227227227E+05	1.5485011651297891E+00
6.7319319319319318E+05	1.5485354792283565E+00
6.7411411411411408E+05	1.5485681332183294E+00
6.7503503503503499E+05	1.5486148258134507E+00
6.7595595595595601E+05	1.5486495219210130E+00
6.7687687687687692E+05	1.5486895593568411E+00
6.7779779779779783E+05	1.5487311046301588E+00
6.7871871871871874E+05	1.5487655824365658E+00
6.7963963963963964E+05	1.5488042214859301E+00
6.8056056056056055E+05	1.5488412050079370E+00
6.8148148148148146E+05	1.5488747994724845E+00
6.8240240240240237E+05	1.5489227518949575E+00
6.8332332332332339E+05	1.5489566875379082E+00
6.8424424424424430E+05	1.5489870479969445E+00
6.8516516516516521E+05	1.5490340794731776E+00
6.8608608608608611E+05	1.5490766050358313E+00
6.8700700700700702E+05	1.5491144550564160E+00
6.8792792792792793E+05	1.5491478628886657E+00
6.8884884884884884E+05	1.5491788635033834E+00
6.8976976976976974E+05	1.5492259490771627E+00
6.9069069069069065E+05	1.5492524356253619E+00
6.9161161161161168E+05	1.5493029506959815E+00
6.9253253253253258E+05	1.5493334340791836E+00
6.9345345345345349E+05	1.5493804674806877E+00
6.9437437437437440E+05	1.5494226801652802E+00
6.9529529529529531E+05	1.5494614858685403E+00
6.9621621621621621E+05	1.5494986232695844E+00
6.9713713713713712E+05	1.5495253748802664E+00
6.9805805805805803E+05	1.5495745556326410E+00
6.9897897897897894E+05	1.5496145601306772E+00
6.9989989989989996E+05	1.5496454956754053E+00
7.0082082082082087E+05	1.5496912667814349E+00
7.0174174174174177E+05	1.5497290830267310E+00
7.0266266266266268E+05	1.5497677446377851E+00
7.0358358358358359E+05	1.5498093153238468E+00
7.0450450450450450E+05	1.5498453521105975E+00
7.0542542542542540E+05	1.5498827667414599E+00
7.0634634634634631E+05	1.5499260833230113E+00
7.0726726726726722E+05	1.5499584745200408E+00
7.0818818818818824E+05	1.5499976415349479E+00
7.0910910910910915E+05	1.5500439386629692E+00
7.1003003003003006E+05	1.5500789874362442E+00
7.1095095095095097E+05	1.5501171238049061E+00
7.1187187187187187E+05	1.5501539922435152E+00
7.1279279279279278E+05	1.5501939865053658E+00
7.1371371371371369E+05	1.5502332193700614E+00
7.1463463463463460E+05	1.5502715260378226E+00
7.1555555555555562E+05	1.5503100609486624E+00
7.1647647647647653E+05	1.5503494351435068E+00
7.1739739739739744E+05	1.5503886830595508E+00
7.1831831831831834E+05	1.5504275519585218E+00
7.1923923923923925E+05	1.5504683484546036E+00
7.2016016016016016E+05	1.5505094050880777E+00
7.2108108108108107E+05	1.5505482317567447E+00
7.2200200200200197E+05	1.5505718675892446E+00
7.2292292292292288E+05	1.5506272360943842E+00
7.2384384384384390E+05	1.5506640572949697E+00
7.2476476476476481E+05	1.5507011578663763E+00
7.2568568568568572E+05	1.5507442767602277E+00
7.2660660660660663E+05	1.5507697093843908E+00
7.2752752752752753E+05	1.5508241969961816E+00
7.2844844844844844E+05	1.5508573307210887E+00
7.2936936936936935E+05	1.5509014843962980E+00
7.3029029029029026E+05	1.5509352467946769E+00
7.3121121121121116E+05	1.5509737164989892E+00
7.3213213213213219E+05	1.5510182886247748E+00
7.3305305305305310E+05	1.5510572661827726E+00
7.3397397397397400E+05	1.5510933027964111E+00
7.3489489489489491E+05	1.5511288550074001E+00
7.3581581581581582E+05	1.5511724670079212E+00
7.3673673673673673E+05	1.5512162862439405E+00
7.3765765765765763E+05	1.5512537539313440E+00
7.3857857857857854E+05	1.5512947732563593E+00
7.3949949949949956E+05	1.5513328723030935E+00
7.4042042042042047E+05	1.5513736763900736E+00
7.4134134134134138E+05	1.5514110492472113E+00
7.4226226226226229E+05	1.5514491872656191E+00
7.4318318318318320E+05	1.5514842313125510E+00
7.4410410410410410E+05	1.5515208568349808E+00
7.4502502502502501E+05	1.5515659023702815E+00
7.4594594594594592E+05	1.5516071124458415E+00
7.4686686686686683E+05	1.5516340133972908E+00
7.4778778778778785E+05	1.5516854257563069E+00
7.4870870870870876E+05	1.5517252990993657E+00
7.4962962962962966E+05	1.5517564494619593E+00
7.5055055055055057E+05	1.5518075852245847E+00
7.5147147147147148E+05	1.5518410670656335E+00
7.5239239239239239E+05	1.5518844301713306E+00
7.5331331331331329E+05	1.5519223256280588E+00
7.5423423423423420E+05	1.5519581658650232E+00
7.5515515515515511E+05	1.5520047244528501E+00
7.5607607607607613E+05	1.5520404638068868E+00
7.5699699699699704E+05	1.5520794800944078E+00
7.5791791791791795E+05	1.5521211425732890E+00
7.5883883883883886E+05	1.5521630133880446E+00
7.5975975975975976E+05	1.5522039199284174E+00
7.6068068068068067E+05	1.5522414700618765E+00
7.6160160160160158E+05	1.5522779059245362E+00
7.6252252252252249E+05	1.5523177451813404E+00
7.6344344344344351E+05	1.5523575059464543E+00
7.6436436436436442E+05	1.5523996672258218E+00
7.6528528528528532E+05	1.5524401872052200E+00
7.6620620620620623E+05	1.5524820726878954E+00
7.6712712712712714E+05	1.5525190947894458E+00
7.6804804804804805E+05	1.5525547756825815E+00
7.6896896896896895E+05	1.5525952114667667E+00
7.6988988988988986E+05	1.5526390317422607E+00
7.7081081081081077E+05	1.5526806643582276E+00
7.7173173173173179E+05	1.5527035407334029E+00
7.7265265265265270E+05	1.5527602824124727E+00
7.7357357357357361E+05	1.5527943658545513E+00
7.7449449449449452E+05	1.5528367593286825E+00
7.7541541541541542E+05	1.5528734274298277E+00
7.7633633633633633E+05	1.5529196148562026E+00
7.7725725725725724E+05	1.5529544538740907E+00
7.7817817817817815E+05	1.5529995186089243E+00
7.7909909909909905E+05	1.5530394365363309E+00
7.8002002002002008E+05	1.5530725965703833E+00
7.8094094094094099E+05	1.5531179576899150E+00
7.8186186186186189E+05	1.5531595588821907E+00
7.8278278278278280E+05	1.5531979444750064E+00
7.8370370370370371E+05	1.5532379730620918E+00
7.8462462462462462E+05	1.5532756275314208E+00
7.8554554554554552E+05	1.5533090017366864E+00
7.8646646646646643E+05	1.5533554118424886E+00
7.8738738738738745E+05	1.5533886106363741E+00
7.8830830830830836E+05	1.5534347095960950E+00
7.8922922922922927E+05	1.5534801976404753E+00
7.9015015015015018E+05	1.5535190693934873E+00
7.9107107107107108E+05	1.5535600138765902E+00
7.9199199199199199E+05	1.5535959493539466E+00
7.9291291291291290E+05	1.5536364405064773E+00
7.9383383383383381E+05	1.5536821630003577E+00
7.9475475475475471E+05	1.5537206766323293E+00
7.9567567567567574E+05	1.5537566516661461E+00
7.9659659659659665E+05	1.5538018854225213E+00
7.9751751751751755E+05	1.5538286149747373E+00
7.9843843843843846E+05	1.5538812364706283E+00
7.9935935935935937E+05	1.5539180082868240E+00
8.0028028028028028E+05	1.5539634419224744E+00
8.0120120120120118E+05	1.5539975242235695E+00
8.0212212212212209E+05	1.5540412140813753E+00
8.0304304304304300E+05	1.5540843808737248E+00
8.0396396396396402E+05	1.5541218518526769E+00
8.0488488488488493E+05	1.5541606414183218E+00
8.0580580580580584E+05	1.5542023696938234E+00
8.0672672672672675E+05	1.5542457960736333E+00
8.0764764764764765E+05	1.5542876212210595E+00
8.0856856856856856E+05	1.5543273336609515E+00
8.0948948948948947E+05	1.5543671877265728E+00
8.1041041041041038E+05	1.5544076792920394E+00
8.1133133133133140E+05	1.5544481033814370E+00
8.1225225225225231E+05	1.5544887141907329E+00
8.1317317317317321E+05	1.5545289758031671E+00
8.1409409409409412E+05	1.5545675603841578E+00
8.1501501501501503E+05	1.5546063554896006E+00
8.1593593593593594E+05	1.5546491104020319E+00
8.1685685685685684E+05	1.5546937044136979E+00
8.1777777777777775E+05	1.5547265895537652E+00
8.1869869869869866E+05	1.5547715269831530E+00
8.1961961961961968E+05	1.5548141708749772E+00
8.2054054054054059E+05	1.5548509347679274E+00
8.2146146146146150E+05	1.5548964308365723E+00
8.2238238238238241E+05	1.5549206536864626E+00
8.2330330330330331E+05	1.5549764235124515E+00
8.2422422422422422E+05	1.5550137274333300E+00
8.2514514514514513E+05	1.5550536535567774E+00
8.2606606606606604E+05	1.5550998890745773E+00
8.2698698698698694E+05	1.5551380507078736E+00
8.2790790790790797E+05	1.5551653834373069E+00
8.2882882882882887E+05	1.5552180047104796E+00
8.2974974974974978E+05	1.5552652195863985E+00
8.3067067067067069E+05	1.5553045700893628E+00
8.3159159159159160E+05	1.5553447981765391E+00
8.3251251251251251E+05	1.5553872611582353E+00
8.3343343343343341E+05	1.5554238899387125E+00
8.3435435435435432E+05	1.5554692497902223E+00
8.3527527527527534E+05	1.5555094409743673E+00
8.3619619619619625E+05	1.5555505407078905E+00
8.3711711711711716E+05	1.5555919419260467E+00
8.3803803803803807E+05	1.5556283030796407E+00
8.3895895895895897E+05	1.5556650624095880E+00
8.3987987987987988E+05	1.5557116373490270E+00
8.4080080080080079E+05	1.5557531603791417E+00
8.4172172172172170E+05	1.5557823243502562E+00
8.4264264264264260E+05	1.5558367293695565E+00
8.4356356356356363E+05	1.5558749560191365E+00
8.4448448448448454E+05	1.5559196154843631E+00
8.4540540540540544E+05	1.5559545776116686E+00
8.4632632632632635E+05	1.5560017018057943E+00
8.4724724724724726E+05	1.5560386008736968E+00
8.4816816816816817E+05	1.5560830123260221E+00
8.4908908908908907E+05	1.5561242272861464E+00
8.5001001001000998E+05	1.5561497592394682E+00
8.5093093093093089E+05	1.5562061857240470E+00
8.5185185185185191E+05	1.5562501935047244E+00
8.5277277277277282E+05	1.5562902950443449E+00
8.5369369369369373E+05	1.5563297786185017E+00
8.5461461461461463E+05	1.5563692031788707E+00
8.5553553553553554E+05	1.5564113506299944E+00
8.5645645645645645E+05	1.5564510008071946E+00
8.5737737737737736E+05	1.5564939814056271E+00
8.5829829829829826E+05	1.5565349801108250E+00
8.5921921921921929E+05	1.5565779348884756E+00
8.6014014014014020E+05	1.5566220189637809E+00
8.6106106106106110E+05	1.5566649889761304E+00
8.6198198198198201E+05	1.5566999169693843E+00
8.6290290290290292E+05	1.5567363246321899E+00
8.6382382382382383E+05	1.5567891674129695E+00
8.6474474474474473E+05	1.5568269399070545E+00
8.6566566566566564E+05	1.5568672813782467E+00
8.6658658658658655E+05	1.5569133821443839E+00
8.6750750750750757E+05	1.5569388049364723E+00
8.6842842842842848E+05	1.5569964485305989E+00
8.6934934934934939E+05	1.5570316497901211E+00
8.7027027027027030E+05	1.5570799448546597E+00
8.7119119119119120E+05	1.5571207463431946E+00
8.7211211211211211E+05	1.5571561824075495E+00
8.7303303303303302E+05	1.5572041442181419E+00
8.7395395395395393E+05	1.5572469336412427E+00
8.7487487487487483E+05	1.5572847866401569E+00
8.7579579579579586E+05	1.5573158529770710E+00
8.7671671671671676E+05	1.5573670687347094E+00
8.7763763763763767E+05	1.5574074894982153E+00
8.7855855855855858E+05	1.5574508603011179E+00
8.7947947947947949E+05	1.5574924336402873E+00
8.8040040040040039E+05	1.5575336631074779E+00
8.8132132132132130E+05	1.5575707267048517E+00
8.8224224224224221E+05	1.5576156396683813E+00
8.8316316316316323E+05	1.5576581513447252E+00
8.8408408408408414E+05	1.5577035540450621E+00
8.8500500500500505E+05	1.5577460894702004E+00
8.8592592592592596E+05	1.5577831214080835E+00
8.8684684684684686E+05	1.5578273902644675E+00
8.8776776776776777E+05	1.5578738003751296E+00
8.8868868868868868E+05	1.5579042152561366E+00
8.8960960960960959E+05	1.5579557340611028E+00
8.9053053053053049E+05	1.5579954760147670E+00
8.9145145145145152E+05	1.5580419122505709E+00
8.9237237237237243E+05	1.5580733373799116E+00
8.9329329329329333E+05	1.5581252548876681E+00
8.9421421421421424E+05	1.5581636624709481E+00
8.9513513513513515E+05	1.5582039989835781E+00
8.9605605605605606E+05	1.5582519832078843E+00
8.9697697697697696E+05	1.5582929651493602E+00
8.9789789789789787E+05	1.5583232040967148E+00
8.9881881881881878E+05	1.5583675746215435E+00
8.9973973973973980E+05	1.5584174000542250E+00
9.0066066066066071E+05	1.5584612175297565E+00
9.0158158158158162E+05	1.5585047034198329E+00
9.0250250250250252E+05	1.5585466783043977E+00
9.0342342342342343E+05	1.5585887241713050E+00
9.0434434434434434E+05	1.5586286540284511E+00
9.0526526526526525E+05	1.5586621059123658E+00
9.0618618618618615E+05	1.5587027100368689E+00
9.0710710710710718E+05	1.5587578082959008E+00
9.0802802802802809E+05	1.5588001731852748E+00
9.0894894894894899E+05	1.5588386242645564E+00
9.0986986986986990E+05	1.5588816072448484E+00
9.1079079079079081E+05	1.5589292565311994E+00
9.1171171171171172E+05	1.5589596227501441E+00
9.1263263263263262E+05	1.5590123193388608E+00
9.1355355355355353E+05	1.5590505105866796E+00
9.1447447447447444E+05	1.5590956234990216E+00
9.1539539539539546E+05	1.5591263947778200E+00
9.1631631631631637E+05	1.5591813919657080E+00
9.1723723723723728E+05	1.5592201008475977E+00
9.1815815815815818E+05	1.5592598034163043E+00
9.1907907907907909E+05	1.5593094977619828E+00
9.2000000000000000E+05	1.5593511106860634E+00
