0.0000000000000000E+00	9.9999999999999978E-01
9.2092092092092093E+02	1.0000124228947687E+00
1.8418418418418419E+03	9.9999995218980320E-01
2.7627627627627626E+03	1.0000119024550045E+00
3.6836836836836837E+03	1.0000080235318145E+00
4.6046046046046049E+03	1.0000122060621783E+00
5.5255255255255252E+03	1.0000146267475005E+00
6.4464464464464463E+03	1.0000132641733419E+00
7.3673673673673675E+03	1.0000153062763200E+00
8.2882882882882877E+03	1.0000151518191986E+00
9.2092092092092098E+03	1.0000127032401502E+00
1.0130130130130130E+04	1.0000137981019359E+00
1.1051051051051050E+04	1.0000095507261422E+00
1.1971971971971972E+04	1.0000009135686418E+00
1.2892892892892893E+04	1.0000100692179843E+00
1.3813813813813815E+04	1.0000139458133412E+00
1.4734734734734735E+04	1.0000134544235806E+00
1.5655655655655655E+04	1.0000091418752104E+00
1.6576576576576575E+04	9.9999462313026433E-01
1.7497497497497498E+04	1.0000088044792919E+00
1.8418418418418420E+04	1.0000120178209930E+00
1.9339339339339338E+04	1.0000107253821324E+00
2.0260260260260260E+04	1.0000080205824675E+00
2.1181181181181182E+04	1.0000104659178115E+00
2.2102102102102101E+04	1.0000112425153000E+00
2.3023023023023023E+04	1.0000062312402695E+00
2.3943943943943945E+04	1.0000058332323201E+00
2.4864864864864867E+04	1.0000097985494691E+00
2.5785785785785785E+04	1.0000058412480182E+00
2.6706706706706707E+04	1.0000060047799324E+00
2.7627627627627629E+04	1.0000089364965312E+00
2.8548548548548548E+04	1.0000047923256503E+00
2.9469469469469470E+04	1.0000080200444621E+00
3.0390390390390392E+04	1.0000088088049888E+00
3.1311311311311310E+04	1.0000037048080228E+00
3.2232232232232232E+04	1.0000075879043770E+00
3.3153153153153151E+04	9.9999425797647545E-01
3.4074074074074073E+04	1.0000053636859416E+00
3.4994994994994995E+04	1.0000033291565325E+00
3.5915915915915917E+04	1.0000063318759813E+00
3.6836836836836839E+04	1.0000052785715561E+00
3.7757757757757761E+04	1.0000032038336488E+00
3.8678678678678676E+04	1.0000026352563451E+00
3.9599599599599598E+04	1.0000053678646192E+00
4.0520520520520520E+04	1.0000018422898684E+00
4.1441441441441442E+04	1.0000033088768303E+00
4.2362362362362364E+04	1.0000002377829504E+00
4.3283283283283286E+04	1.0000053424801147E+00
4.4204204204204201E+04	9.9998745662497945E-01
4.5125125125125123E+04	1.0000044447800593E+00
4.6046046046046045E+04	1.0000003965462920E+00
4.6966966966966967E+04	9.9999923423306591E-01
4.7887887887887890E+04	1.0000034758544540E+00
4.8808808808808812E+04	9.9999168650598902E-01
4.9729729729729734E+04	1.0000024022283003E+00
5.0650650650650648E+04	1.0000009172970612E+00
5.1571571571571571E+04	9.9999762370380496E-01
5.2492492492492493E+04	9.9999891069417102E-01
5.3413413413413415E+04	1.0000014276753821E+00
5.4334334334334337E+04	9.9999593362648875E-01
5.5255255255255259E+04	9.9999349714217090E-01
5.6176176176176174E+04	1.0000012387731947E+00
5.7097097097097096E+04	9.9999840229035841E-01
5.8018018018018018E+04	9.9999571021334865E-01
5.8938938938938940E+04	9.9999652683813145E-01
5.9859859859859862E+04	9.9999743625446080E-01
6.0780780780780784E+04	9.9999972864171760E-01
6.1701701701701706E+04	9.9999744847438676E-01
6.2622622622622621E+04	9.9998358487945305E-01
6.3543543543543543E+04	9.9999045671596076E-01
6.4464464464464465E+04	9.9999762442422657E-01
6.5385385385385387E+04	9.9999935853660094E-01
6.6306306306306302E+04	9.9999657647798068E-01
6.7227227227227224E+04	9.9999501427613069E-01
6.8148148148148146E+04	9.9999346298691461E-01
6.9069069069069068E+04	9.9999218024638370E-01
6.9989989989989990E+04	9.9999215339361636E-01
7.0910910910910912E+04	9.9999152022692750E-01
7.1831831831831834E+04	9.9999206561889287E-01
7.2752752752752756E+04	9.9999200297361590E-01
7.3673673673673678E+04	9.9999201814996852E-01
7.4594594594594600E+04	9.9999313930633527E-01
7.5515515515515523E+04	9.9999181315722019E-01
7.6436436436436445E+04	9.9999193556253096E-01
7.7357357357357352E+04	9.9999126860207210E-01
7.8278278278278274E+04	9.9999067600153924E-01
7.9199199199199196E+04	9.9999051660123495E-01
8.0120120120120118E+04	9.9998942141512059E-01
8.1041041041041040E+04	9.9998938930183878E-01
8.1961961961961963E+04	9.9998850916702398E-01
8.2882882882882885E+04	9.9998805242615929E-01
8.3803803803803807E+04	9.9998920360535526E-01
8.4724724724724729E+04	9.9998852139343541E-01
8.5645645645645651E+04	9.9998990531081655E-01
8.6566566566566573E+04	9.9999091251183758E-01
8.7487487487487495E+04	9.9999141382640422E-01
8.8408408408408402E+04	9.9998998411834361E-01
8.9329329329329325E+04	9.9997811014143545E-01
9.0250250250250247E+04	9.9998044936680519E-01
9.1171171171171169E+04	9.9999003474471526E-01
9.2092092092092091E+04	9.9998968588855530E-01
9.3013013013013013E+04	9.9998832469662036E-01
9.3933933933933935E+04	9.9998485287349848E-01
9.4854854854854857E+04	9.9998523494229719E-01
9.5775775775775779E+04	9.9998791310280544E-01
9.6696696696696701E+04	9.9998855773850459E-01
9.7617617617617623E+04	9.9997415029158909E-01
9.8538538538538545E+04	9.9998600037176277E-01
9.9459459459459467E+04	9.9998709811945863E-01
1.0038038038038037E+05	9.9998377605210864E-01
1.0130130130130130E+05	9.9998292058386939E-01
1.0222222222222222E+05	9.9998679693321713E-01
1.0314314314314314E+05	9.9998259753618246E-01
1.0406406406406406E+05	9.9998272634609442E-01
1.0498498498498499E+05	9.9998652547164013E-01
1.0590590590590591E+05	9.9998127212047483E-01
1.0682682682682683E+05	9.9998336480818872E-01
1.0774774774774775E+05	9.9998517311006996E-01
1.0866866866866867E+05	9.9997905671226317E-01
1.0958958958958960E+05	9.9998381370291722E-01
1.1051051051051052E+05	9.9997974755308139E-01
1.1143143143143144E+05	9.9998336760275974E-01
1.1235235235235235E+05	9.9997015475418227E-01
1.1327327327327327E+05	9.9998368099604062E-01
1.1419419419419419E+05	9.9997890119873412E-01
1.1511511511511511E+05	9.9998197193174754E-01
1.1603603603603604E+05	9.9997071151928407E-01
1.1695695695695696E+05	9.9998318644159800E-01
1.1787787787787788E+05	9.9997777634419416E-01
1.1879879879879880E+05	9.9998190090540373E-01
1.1971971971971972E+05	9.9997213715890698E-01
1.2064064064064065E+05	9.9997923178697712E-01
1.2156156156156157E+05	9.9997806746105100E-01
1.2248248248248249E+05	9.9997613810271269E-01
1.2340340340340341E+05	9.9998052480346078E-01
1.2432432432432432E+05	9.9997605641151699E-01
1.2524524524524524E+05	9.9997991980249312E-01
1.2616616616616616E+05	9.9997990564705708E-01
1.2708708708708709E+05	9.9997512452035064E-01
1.2800800800800801E+05	9.9997912350786367E-01
1.2892892892892893E+05	9.9997907742647119E-01
1.2984984984984985E+05	9.9997442676109161E-01
1.3077077077077077E+05	9.9997644750847781E-01
1.3169169169169170E+05	9.9997779596629366E-01
1.3261261261261260E+05	9.9997462910287804E-01
1.3353353353353354E+05	9.9996058009980238E-01
1.3445445445445445E+05	9.9997456482478475E-01
1.3537537537537538E+05	9.9997681279019501E-01
1.3629629629629629E+05	9.9997582296494025E-01
1.3721721721721723E+05	9.9997239666061866E-01
1.3813813813813814E+05	9.9997024312869676E-01
1.3905905905905907E+05	9.9997360079965936E-01
1.3997997997997998E+05	9.9997627523921540E-01
1.4090090090090092E+05	9.9997571826909737E-01
1.4182182182182182E+05	9.9997131859238886E-01
1.4274274274274273E+05	9.9996074593954731E-01
1.4366366366366367E+05	9.9997009169463580E-01
1.4458458458458458E+05	9.9997085904574223E-01
1.4550550550550551E+05	9.9997245302912108E-01
1.4642642642642642E+05	9.9997404057796258E-01
1.4734734734734736E+05	9.9997277246019400E-01
1.4826826826826826E+05	9.9997368872580383E-01
1.4918918918918920E+05	9.9997306512066775E-01
1.5011011011011011E+05	9.9997125576711721E-01
1.5103103103103105E+05	9.9997334361814261E-01
1.5195195195195195E+05	9.9996990104852557E-01
1.5287287287287289E+05	9.9997222195650437E-01
1.5379379379379380E+05	9.9996994619234325E-01
1.5471471471471470E+05	9.9997143690543178E-01
1.5563563563563564E+05	9.9996979547183595E-01
1.5655655655655655E+05	9.9997113933257353E-01
1.5747747747747749E+05	9.9996997252129161E-01
1.5839839839839839E+05	9.9996932574061970E-01
1.5931931931931933E+05	9.9997039729412129E-01
1.6024024024024024E+05	9.9996637210693740E-01
1.6116116116116117E+05	9.9996430044840268E-01
1.6208208208208208E+05	9.9996459901443802E-01
1.6300300300300302E+05	9.9995745340312070E-01
1.6392392392392393E+05	9.9996533933830056E-01
1.6484484484484486E+05	9.9996870231270085E-01
1.6576576576576577E+05	9.9996785191256976E-01
1.6668668668668668E+05	9.9996500494029328E-01
1.6760760760760761E+05	9.9995632409055812E-01
1.6852852852852852E+05	9.9996262815674997E-01
1.6944944944944946E+05	9.9996719886684471E-01
1.7037037037037036E+05	9.9996687264564332E-01
1.7129129129129130E+05	9.9996255415323709E-01
1.7221221221221221E+05	9.9994935779198624E-01
1.7313313313313315E+05	9.9996334435830270E-01
1.7405405405405405E+05	9.9996424812254048E-01
1.7497497497497499E+05	9.9995935299010830E-01
1.7589589589589590E+05	9.9996118717801519E-01
1.7681681681681680E+05	9.9996452444810913E-01
1.7773773773773774E+05	9.9996241957375942E-01
1.7865865865865865E+05	9.9996032035554505E-01
1.7957957957957959E+05	9.9996372458671079E-01
1.8050050050050049E+05	9.9995994548154499E-01
1.8142142142142143E+05	9.9996027006993971E-01
1.8234234234234234E+05	9.9996188395348162E-01
1.8326326326326327E+05	9.9994609635353027E-01
1.8418418418418418E+05	9.9996176407178050E-01
1.8510510510510512E+05	9.9995857452740622E-01
1.8602602602602603E+05	9.9995977416790605E-01
1.8694694694694696E+05	9.9996311845480912E-01
1.8786786786786787E+05	9.9995707026477931E-01
1.8878878878878878E+05	9.9995991527829442E-01
1.8970970970970971E+05	9.9994704874130802E-01
1.9063063063063062E+05	9.9996069158375100E-01
1.9155155155155156E+05	9.9995556466782842E-01
1.9247247247247247E+05	9.9995966499228517E-01
1.9339339339339340E+05	9.9994872822871883E-01
1.9431431431431431E+05	9.9995955591571217E-01
1.9523523523523525E+05	9.9995549429288155E-01
1.9615615615615615E+05	9.9995600471674473E-01
1.9707707707707709E+05	9.9995838954195193E-01
1.9799799799799800E+05	9.9994805179809509E-01
1.9891891891891893E+05	9.9995797378911655E-01
1.9983983983983984E+05	9.9995323497061717E-01
2.0076076076076075E+05	9.9995428802372022E-01
2.0168168168168169E+05	9.9995780890831154E-01
2.0260260260260259E+05	9.9993858480661546E-01
2.0352352352352353E+05	9.9995651034467836E-01
2.0444444444444444E+05	9.9995457002493571E-01
2.0536536536536537E+05	9.9995162632802947E-01
2.0628628628628628E+05	9.9995275722266497E-01
2.0720720720720722E+05	9.9995591453711574E-01
2.0812812812812813E+05	9.9995057095723139E-01
2.0904904904904906E+05	9.9994643107942571E-01
2.0996996996996997E+05	9.9995508748385675E-01
2.1089089089089091E+05	9.9995415388880204E-01
2.1181181181181181E+05	9.9995017584866597E-01
2.1273273273273272E+05	9.9994932845534423E-01
2.1365365365365366E+05	9.9995136776384597E-01
2.1457457457457457E+05	9.9995296776226783E-01
2.1549549549549550E+05	9.9995314583560047E-01
2.1641641641641641E+05	9.9994865241778574E-01
2.1733733733733735E+05	9.9993443587979125E-01
2.1825825825825825E+05	9.9994517053052356E-01
2.1917917917917919E+05	9.9995108739257266E-01
2.2010010010010010E+05	9.9995229747769188E-01
2.2102102102102104E+05	9.9995109426323536E-01
2.2194194194194194E+05	9.9994951975988344E-01
2.2286286286286288E+05	9.9994856997063886E-01
2.2378378378378379E+05	9.9994800234888237E-01
2.2470470470470469E+05	9.9994637712045187E-01
2.2562562562562563E+05	9.9994581705640606E-01
2.2654654654654654E+05	9.9994647446144769E-01
2.2746746746746748E+05	9.9994507935684840E-01
2.2838838838838838E+05	9.9994447698272804E-01
2.2930930930930932E+05	9.9994453095903058E-01
2.3023023023023023E+05	9.9994432990220883E-01
2.3115115115115116E+05	9.9994368750174589E-01
2.3207207207207207E+05	9.9994357877733153E-01
2.3299299299299301E+05	9.9994402815744354E-01
2.3391391391391392E+05	9.9994400859794219E-01
2.3483483483483485E+05	9.9994426648830914E-01
2.3575575575575576E+05	9.9994530986432029E-01
2.3667667667667667E+05	9.9994699842460322E-01
2.3759759759759760E+05	9.9994666732987436E-01
2.3851851851851851E+05	9.9994622738777283E-01
2.3943943943943945E+05	9.9994326373378473E-01
2.4036036036036036E+05	9.9992992868439312E-01
2.4128128128128129E+05	9.9993610473692207E-01
2.4220220220220220E+05	9.9994447226060557E-01
2.4312312312312314E+05	9.9994516425151247E-01
2.4404404404404404E+05	9.9994250116232675E-01
2.4496496496496498E+05	9.9993999404300804E-01
2.4588588588588589E+05	9.9993967576796228E-01
2.4680680680680682E+05	9.9994194593480634E-01
2.4772772772772773E+05	9.9994344029379523E-01
2.4864864864864864E+05	9.9994095101987868E-01
2.4956956956956958E+05	9.9992790276161869E-01
2.5049049049049048E+05	9.9994293788002442E-01
2.5141141141141142E+05	9.9994055551647454E-01
2.5233233233233233E+05	9.9993745104167664E-01
2.5325325325325326E+05	9.9993863038176256E-01
2.5417417417417417E+05	9.9994163086565124E-01
2.5509509509509511E+05	9.9993253252072900E-01
2.5601601601601602E+05	9.9993954226609882E-01
2.5693693693693695E+05	9.9994063216532258E-01
2.5785785785785786E+05	9.9993589396826310E-01
2.5877877877877880E+05	9.9993803022895622E-01
2.5969969969969970E+05	9.9993888233720296E-01
2.6062062062062061E+05	9.9993473098839469E-01
2.6154154154154155E+05	9.9993799570812281E-01
2.6246246246246248E+05	9.9993417794642236E-01
2.6338338338338339E+05	9.9993821754318313E-01
2.6430430430430430E+05	9.9992775832946246E-01
2.6522522522522521E+05	9.9993857467861602E-01
2.6614614614614617E+05	9.9993370609057963E-01
2.6706706706706708E+05	9.9993614491769223E-01
2.6798798798798799E+05	9.9993077770648531E-01
2.6890890890890890E+05	9.9993724756667901E-01
2.6982982982982986E+05	9.9993217614339058E-01
2.7075075075075077E+05	9.9993605345187964E-01
2.7167167167167168E+05	9.9991846607216206E-01
2.7259259259259258E+05	9.9993487291504501E-01
2.7351351351351349E+05	9.9993164701181780E-01
2.7443443443443446E+05	9.9993490787227290E-01
2.7535535535535536E+05	9.9993566724089344E-01
2.7627627627627627E+05	9.9993009686552359E-01
2.7719719719719718E+05	9.9993471686901292E-01
2.7811811811811815E+05	9.9993287076873538E-01
2.7903903903903905E+05	9.9993054390657410E-01
2.7995995995995996E+05	9.9993388068990718E-01
2.8088088088088087E+05	9.9993143033248810E-01
2.8180180180180183E+05	9.9992911160041931E-01
2.8272272272272274E+05	9.9993356191136595E-01
2.8364364364364365E+05	9.9993257082863451E-01
2.8456456456456456E+05	9.9992766190910420E-01
2.8548548548548546E+05	9.9993038532491108E-01
2.8640640640640643E+05	9.9993251011977569E-01
2.8732732732732734E+05	9.9992892294121971E-01
2.8824824824824824E+05	9.9991665327699986E-01
2.8916916916916915E+05	9.9992697028426147E-01
2.9009009009009012E+05	9.9993134670130568E-01
2.9101101101101103E+05	9.9993063784000513E-01
2.9193193193193193E+05	9.9992712519585869E-01
2.9285285285285284E+05	9.9992018688448137E-01
2.9377377377377381E+05	9.9992607321177862E-01
2.9469469469469471E+05	9.9992661793494508E-01
2.9561561561561562E+05	9.9992662105534713E-01
2.9653653653653653E+05	9.9992876565615219E-01
2.9745745745745744E+05	9.9992891714105947E-01
2.9837837837837840E+05	9.9992709768976762E-01
2.9929929929929931E+05	9.9992740680084979E-01
3.0022022022022022E+05	9.9992393752230313E-01
3.0114114114114112E+05	9.9992124804522331E-01
3.0206206206206209E+05	9.9992306065183356E-01
3.0298298298298300E+05	9.9991268625323459E-01
3.0390390390390391E+05	9.9992191390026486E-01
3.0482482482482481E+05	9.9990902563674700E-01
3.0574574574574578E+05	9.9992226273046725E-01
3.0666666666666669E+05	9.9991013934792339E-01
3.0758758758758759E+05	9.9992076613200087E-01
3.0850850850850850E+05	9.9991609736568110E-01
3.0942942942942941E+05	9.9992112989431148E-01
3.1035035035035037E+05	9.9992405115171645E-01
3.1127127127127128E+05	9.9992189307738466E-01
3.1219219219219219E+05	9.9992424357672216E-01
3.1311311311311310E+05	9.9992320924152089E-01
3.1403403403403406E+05	9.9992245888475317E-01
3.1495495495495497E+05	9.9992346407843391E-01
3.1587587587587588E+05	9.9991893314480940E-01
3.1679679679679679E+05	9.9990406422476052E-01
3.1771771771771775E+05	9.9991847336523521E-01
3.1863863863863866E+05	9.9992265375064460E-01
3.1955955955955957E+05	9.9992191697206145E-01
3.2048048048048047E+05	9.9991881285957662E-01
3.2140140140140138E+05	9.9990901709095792E-01
3.2232232232232235E+05	9.9991723777243235E-01
3.2324324324324325E+05	9.9992141779699217E-01
3.2416416416416416E+05	9.9992083654307917E-01
3.2508508508508507E+05	9.9991591480351072E-01
3.2600600600600604E+05	9.9991399921350410E-01
3.2692692692692694E+05	9.9991921661639793E-01
3.2784784784784785E+05	9.9991684885193755E-01
3.2876876876876876E+05	9.9990130359644391E-01
3.2968968968968972E+05	9.9991661349530792E-01
3.3061061061061063E+05	9.9991643659851914E-01
3.3153153153153154E+05	9.9990080818747673E-01
3.3245245245245245E+05	9.9991649192193988E-01
3.3337337337337335E+05	9.9991462010437071E-01
3.3429429429429432E+05	9.9990837521696696E-01
3.3521521521521523E+05	9.9991702571310592E-01
3.3613613613613613E+05	9.9991350578519023E-01
3.3705705705705704E+05	9.9991694211848514E-01
3.3797797797797801E+05	9.9991531020753421E-01
3.3889889889889891E+05	9.9991211678851888E-01
3.3981981981981982E+05	9.9991415248553173E-01
3.4074074074074073E+05	9.9990598216801896E-01
3.4166166166166170E+05	9.9991575177455427E-01
3.4258258258258260E+05	9.9991031499798644E-01
3.4350350350350351E+05	9.9991371288358555E-01
3.4442442442442442E+05	9.9990104892862042E-01
3.4534534534534533E+05	9.9991519684316010E-01
3.4626626626626629E+05	9.9990992844602655E-01
3.4718718718718720E+05	9.9991122395794718E-01
3.4810810810810811E+05	9.9991167629246225E-01
3.4902902902902901E+05	9.9991001988751382E-01
3.4994994994994998E+05	9.9991168651416229E-01
3.5087087087087089E+05	9.9990819777171336E-01
3.5179179179179179E+05	9.9991093735510161E-01
3.5271271271271270E+05	9.9990974480352146E-01
3.5363363363363361E+05	9.9990613010552276E-01
3.5455455455455458E+05	9.9991115407703091E-01
3.5547547547547548E+05	9.9990737131603735E-01
3.5639639639639639E+05	9.9990733308208557E-01
3.5731731731731730E+05	9.9991032727357054E-01
3.5823823823823826E+05	9.9990712219901801E-01
3.5915915915915917E+05	9.9990005332148335E-01
3.6008008008008008E+05	9.9991038117906506E-01
3.6100100100100099E+05	9.9990834590875388E-01
3.6192192192192195E+05	9.9990491896041023E-01
3.6284284284284286E+05	9.9990474404534968E-01
3.6376376376376377E+05	9.9990697200153256E-01
3.6468468468468467E+05	9.9990891983377572E-01
3.6560560560560558E+05	9.9990552817397627E-01
3.6652652652652655E+05	9.9989003772869323E-01
3.6744744744744746E+05	9.9990475655415056E-01
3.6836836836836836E+05	9.9990748317926370E-01
3.6928928928928927E+05	9.9990643100801746E-01
3.7021021021021024E+05	9.9990480103669155E-01
3.7113113113113114E+05	9.9990293054097934E-01
3.7205205205205205E+05	9.9990173970574403E-01
3.7297297297297296E+05	9.9990139548955737E-01
3.7389389389389392E+05	9.9990157106698729E-01
3.7481481481481483E+05	9.9990207877672355E-01
3.7573573573573574E+05	9.9990302693745625E-01
3.7665665665665665E+05	9.9990427619937272E-01
3.7757757757757755E+05	9.9990375244855900E-01
3.7849849849849852E+05	9.9990355536893427E-01
3.7941941941941943E+05	9.9990354923308344E-01
3.8034034034034034E+05	9.9990371905523512E-01
3.8126126126126124E+05	9.9990410390384032E-01
3.8218218218218221E+05	9.9990324760252680E-01
3.8310310310310312E+05	9.9990254277265722E-01
3.8402402402402402E+05	9.9990183783433484E-01
3.8494494494494493E+05	9.9990098212598955E-01
3.8586586586586590E+05	9.9990001664012951E-01
3.8678678678678680E+05	9.9989923471203124E-01
3.8770770770770771E+05	9.9989901986445351E-01
3.8862862862862862E+05	9.9989709757791034E-01
3.8954954954954953E+05	9.9989618741334729E-01
3.9047047047047049E+05	9.9989630347293923E-01
3.9139139139139140E+05	9.9989737320499783E-01
3.9231231231231231E+05	9.9989907389971777E-01
3.9323323323323322E+05	9.9990028392827313E-01
3.9415415415415418E+05	9.9989955312494538E-01
3.9507507507507509E+05	9.9988956834544962E-01
3.9599599599599600E+05	9.9988799894261193E-01
3.9691691691691690E+05	9.9989836927090070E-01
3.9783783783783787E+05	9.9989827225749006E-01
3.9875875875875878E+05	9.9989612589223698E-01
3.9967967967967968E+05	9.9989363306997259E-01
4.0060060060060059E+05	9.9989437670323378E-01
4.0152152152152150E+05	9.9989707019876495E-01
4.0244244244244247E+05	9.9989521838862461E-01
4.0336336336336337E+05	9.9988271184367361E-01
4.0428428428428428E+05	9.9989711275304283E-01
4.0520520520520519E+05	9.9989519540850591E-01
4.0612612612612615E+05	9.9989166006387442E-01
4.0704704704704706E+05	9.9989358049553667E-01
4.0796796796796797E+05	9.9989536675078139E-01
4.0888888888888888E+05	9.9987992464000441E-01
4.0980980980980984E+05	9.9989501468528674E-01
4.1073073073073075E+05	9.9989108467618892E-01
4.1165165165165166E+05	9.9989206784904039E-01
4.1257257257257256E+05	9.9989467305461921E-01
4.1349349349349347E+05	9.9987768465380433E-01
4.1441441441441444E+05	9.9989335042650684E-01
4.1533533533533535E+05	9.9988867363543177E-01
4.1625625625625625E+05	9.9989121750889454E-01
4.1717717717717716E+05	9.9988684931121774E-01
4.1809809809809813E+05	9.9989383166734280E-01
4.1901901901901903E+05	9.9988846579259238E-01
4.1993993993993994E+05	9.9988978986464516E-01
4.2086086086086085E+05	9.9988506492189422E-01
4.2178178178178181E+05	9.9989151072533511E-01
4.2270270270270272E+05	9.9988632355714879E-01
4.2362362362362363E+05	9.9989058770209061E-01
4.2454454454454454E+05	9.9987726661832144E-01
4.2546546546546544E+05	9.9988857075903348E-01
4.2638638638638641E+05	9.9988692128493484E-01
4.2730730730730732E+05	9.9988470037801003E-01
4.2822822822822822E+05	9.9988922061952779E-01
4.2914914914914913E+05	9.9988450904688231E-01
4.3007007007007010E+05	9.9988827415879211E-01
4.3099099099099101E+05	9.9988907991045439E-01
4.3191191191191191E+05	9.9988399025267538E-01
4.3283283283283282E+05	9.9988842831343205E-01
4.3375375375375379E+05	9.9988819486009350E-01
4.3467467467467469E+05	9.9988301865021789E-01
4.3559559559559560E+05	9.9988252091552787E-01
4.3651651651651651E+05	9.9988588518319876E-01
4.3743743743743742E+05	9.9988382470447701E-01
4.3835835835835838E+05	9.9987113429541274E-01
4.3927927927927929E+05	9.9988324328150824E-01
4.4020020020020020E+05	9.9988632174858072E-01
4.4112112112112110E+05	9.9988612598069537E-01
4.4204204204204207E+05	9.9988147056438503E-01
4.4296296296296298E+05	9.9986649680641271E-01
4.4388388388388389E+05	9.9988077963076527E-01
4.4480480480480479E+05	9.9988470668516738E-01
4.4572572572572576E+05	9.9988387986953309E-01
4.4664664664664667E+05	9.9988216676497821E-01
4.4756756756756757E+05	9.9988310092625721E-01
4.4848848848848848E+05	9.9987927320514858E-01
4.4940940940940939E+05	9.9986471687691225E-01
4.5033033033033035E+05	9.9987836749630299E-01
4.5125125125125126E+05	9.9987755927798594E-01
4.5217217217217217E+05	9.9987867422500054E-01
4.5309309309309308E+05	9.9988160757739586E-01
4.5401401401401404E+05	9.9987942078740832E-01
4.5493493493493495E+05	9.9988192687861188E-01
4.5585585585585586E+05	9.9988072909128811E-01
4.5677677677677677E+05	9.9988143946521579E-01
4.5769769769769773E+05	9.9987905671091115E-01
4.5861861861861864E+05	9.9988067383271850E-01
4.5953953953953955E+05	9.9987756597056010E-01
4.6046046046046045E+05	9.9987926864624554E-01
4.6138138138138136E+05	9.9987609007247524E-01
4.6230230230230233E+05	9.9987449944596696E-01
4.6322322322322323E+05	9.9987470279683799E-01
4.6414414414414414E+05	9.9986110511046389E-01
4.6506506506506505E+05	9.9987433494353839E-01
4.6598598598598602E+05	9.9987674288453932E-01
4.6690690690690692E+05	9.9987596997480865E-01
4.6782782782782783E+05	9.9987716535308702E-01
4.6874874874874874E+05	9.9987749401577697E-01
4.6966966966966970E+05	9.9987314517527581E-01
4.7059059059059061E+05	9.9985839095070317E-01
4.7151151151151152E+05	9.9987268056351808E-01
4.7243243243243243E+05	9.9987669427981862E-01
4.7335335335335333E+05	9.9987644183554403E-01
4.7427427427427430E+05	9.9987316798515091E-01
4.7519519519519521E+05	9.9986023297695448E-01
4.7611611611611611E+05	9.9987268923423034E-01
4.7703703703703702E+05	9.9987397875876993E-01
4.7795795795795799E+05	9.9986965156656238E-01
4.7887887887887890E+05	9.9986987257047943E-01
4.7979979979979980E+05	9.9987411536224702E-01
4.8072072072072071E+05	9.9987280454339467E-01
4.8164164164164168E+05	9.9986898142752600E-01
4.8256256256256258E+05	9.9987363056333378E-01
4.8348348348348349E+05	9.9987234911415324E-01
4.8440440440440440E+05	9.9986945661442939E-01
4.8532532532532531E+05	9.9987256338175601E-01
4.8624624624624627E+05	9.9986671098287772E-01
4.8716716716716718E+05	9.9986873787820918E-01
4.8808808808808809E+05	9.9986926987693259E-01
4.8900900900900899E+05	9.9985860780325775E-01
4.8992992992992996E+05	9.9987055947647496E-01
4.9085085085085087E+05	9.9986591539359948E-01
4.9177177177177178E+05	9.9987067483735770E-01
4.9269269269269268E+05	9.9986207678050609E-01
4.9361361361361365E+05	9.9986814786197842E-01
4.9453453453453456E+05	9.9986604828647030E-01
4.9545545545545546E+05	9.9986987523330673E-01
4.9637637637637637E+05	9.9986242259334424E-01
4.9729729729729728E+05	9.9986769783466312E-01
4.9821821821821824E+05	9.9986410408890403E-01
4.9913913913913915E+05	9.9986797090946500E-01
5.0006006006006006E+05	9.9985467381969573E-01
5.0098098098098097E+05	9.9986784280812735E-01
5.0190190190190193E+05	9.9986391984374468E-01
5.0282282282282284E+05	9.9986288190869532E-01
5.0374374374374375E+05	9.9986682051493536E-01
5.0466466466466465E+05	9.9985513039658913E-01
5.0558558558558562E+05	9.9986579357881822E-01
5.0650650650650653E+05	9.9986461293512086E-01
5.0742742742742744E+05	9.9986138623694121E-01
5.0834834834834834E+05	9.9986378703944312E-01
5.0926926926926925E+05	9.9986573134631385E-01
5.1019019019019022E+05	9.9985663778905076E-01
5.1111111111111112E+05	9.9986088593749722E-01
5.1203203203203203E+05	9.9986440777684782E-01
5.1295295295295294E+05	9.9986136829124972E-01
5.1387387387387390E+05	9.9985898914946714E-01
5.1479479479479481E+05	9.9985981200637830E-01
5.1571571571571572E+05	9.9986197613366101E-01
5.1663663663663663E+05	9.9986303971377111E-01
5.1755755755755759E+05	9.9985738268163526E-01
5.1847847847847850E+05	9.9984527228357778E-01
5.1939939939939941E+05	9.9985985366749763E-01
5.2032032032032032E+05	9.9986221972078337E-01
5.2124124124124122E+05	9.9986121045321752E-01
5.2216216216216219E+05	9.9985972606446050E-01
5.2308308308308310E+05	9.9985768675979536E-01
5.2400400400400400E+05	9.9985763268737571E-01
5.2492492492492497E+05	9.9985615037888820E-01
5.2584584584584588E+05	9.9985657773749337E-01
5.2676676676676678E+05	9.9985638403744159E-01
5.2768768768768769E+05	9.9985661996251740E-01
5.2860860860860860E+05	9.9985699189783062E-01
5.2952952952952951E+05	9.9985695607543446E-01
5.3045045045045041E+05	9.9985721388588511E-01
5.3137137137137132E+05	9.9985694300880124E-01
5.3229229229229235E+05	9.9985682510828966E-01
5.3321321321321325E+05	9.9985647609664485E-01
5.3413413413413416E+05	9.9985589807487418E-01
5.3505505505505507E+05	9.9985540267263484E-01
5.3597597597597598E+05	9.9985448516790376E-01
5.3689689689689688E+05	9.9985384277627143E-01
5.3781781781781779E+05	9.9985279452363685E-01
5.3873873873873870E+05	9.9985217380066549E-01
5.3965965965965972E+05	9.9985174530974485E-01
5.4058058058058063E+05	9.9985162087050339E-01
5.4150150150150154E+05	9.9985281432631667E-01
5.4242242242242245E+05	9.9985336302270877E-01
5.4334334334334335E+05	9.9985573962022412E-01
5.4426426426426426E+05	9.9985532642606489E-01
5.4518518518518517E+05	9.9985283329080110E-01
5.4610610610610608E+05	9.9983705730353767E-01
5.4702702702702698E+05	9.9984943815912819E-01
5.4794794794794801E+05	9.9985413431841141E-01
5.4886886886886891E+05	9.9985225660910293E-01
5.4978978978978982E+05	9.9984950239410098E-01
5.5071071071071073E+05	9.9984807805967080E-01
5.5163163163163164E+05	9.9984989546896297E-01
5.5255255255255254E+05	9.9985220337900316E-01
5.5347347347347345E+05	9.9984752776302421E-01
5.5439439439439436E+05	9.9984341111741148E-01
5.5531531531531527E+05	9.9985158172343869E-01
5.5623623623623629E+05	9.9984804138614858E-01
5.5715715715715720E+05	9.9984617077234372E-01
5.5807807807807811E+05	9.9984898859553595E-01
5.5899899899899901E+05	9.9984927759269104E-01
5.5991991991991992E+05	9.9984013631208357E-01
5.6084084084084083E+05	9.9984950517793381E-01
5.6176176176176174E+05	9.9984537025378040E-01
5.6268268268268264E+05	9.9984594855420994E-01
5.6360360360360367E+05	9.9984918974016812E-01
5.6452452452452458E+05	9.9983737710081244E-01
5.6544544544544548E+05	9.9984801411355573E-01
5.6636636636636639E+05	9.9984352981202895E-01
5.6728728728728730E+05	9.9984694792096507E-01
5.6820820820820821E+05	9.9983807822196946E-01
5.6912912912912911E+05	9.9984781570010928E-01
5.7005005005005002E+05	9.9984319160817881E-01
5.7097097097097093E+05	9.9984537231151660E-01
5.7189189189189195E+05	9.9983687698735069E-01
5.7281281281281286E+05	9.9984662581308037E-01
5.7373373373373377E+05	9.9984226116073949E-01
5.7465465465465467E+05	9.9984590638244208E-01
5.7557557557557558E+05	9.9983705397561096E-01
5.7649649649649649E+05	9.9984293166701876E-01
5.7741741741741740E+05	9.9984323663412866E-01
5.7833833833833830E+05	9.9983644622601797E-01
5.7925925925925921E+05	9.9984523328779107E-01
5.8018018018018024E+05	9.9984006709400364E-01
5.8110110110110114E+05	9.9984312485963467E-01
5.8202202202202205E+05	9.9984394216167916E-01
5.8294294294294296E+05	9.9983988038876770E-01
5.8386386386386387E+05	9.9984139085777457E-01
5.8478478478478477E+05	9.9984358406642770E-01
5.8570570570570568E+05	9.9983864983879145E-01
5.8662662662662659E+05	9.9983468865886804E-01
5.8754754754754761E+05	9.9984052038009485E-01
5.8846846846846852E+05	9.9984028162138971E-01
5.8938938938938943E+05	9.9983182801020232E-01
5.9031031031031033E+05	9.9983750476782152E-01
5.9123123123123124E+05	9.9984122503902995E-01
5.9215215215215215E+05	9.9984128726171129E-01
5.9307307307307306E+05	9.9983706152314322E-01
5.9399399399399396E+05	9.9982483447659909E-01
5.9491491491491487E+05	9.9983560760609791E-01
5.9583583583583590E+05	9.9983965622681059E-01
5.9675675675675680E+05	9.9983834733181565E-01
5.9767767767767771E+05	9.9983829411101544E-01
5.9859859859859862E+05	9.9983851647339916E-01
5.9951951951951953E+05	9.9983512150991605E-01
6.0044044044044043E+05	9.9982637177665179E-01
6.0136136136136134E+05	9.9983383290668193E-01
6.0228228228228225E+05	9.9982594258996949E-01
6.0320320320320316E+05	9.9983387955654324E-01
6.0412412412412418E+05	9.9983426807788323E-01
6.0504504504504509E+05	9.9983426492350036E-01
6.0596596596596600E+05	9.9983583654328312E-01
6.0688688688688690E+05	9.9983429860086748E-01
6.0780780780780781E+05	9.9983562946719562E-01
6.0872872872872872E+05	9.9983379370199077E-01
6.0964964964964963E+05	9.9983448947950659E-01
6.1057057057057053E+05	9.9983271874256707E-01
6.1149149149149156E+05	9.9983091415122916E-01
6.1241241241241246E+05	9.9983133471993235E-01
6.1333333333333337E+05	9.9981877172175426E-01
6.1425425425425428E+05	9.9983033519173992E-01
6.1517517517517519E+05	9.9982663572422592E-01
6.1609609609609609E+05	9.9983084159505453E-01
6.1701701701701700E+05	9.9983350212242428E-01
6.1793793793793791E+05	9.9983291093889470E-01
6.1885885885885882E+05	9.9983086623222739E-01
6.1977977977977984E+05	9.9983022419970313E-01
6.2070070070070075E+05	9.9982753046580386E-01
6.2162162162162166E+05	9.9982520262472174E-01
6.2254254254254256E+05	9.9982923214858699E-01
6.2346346346346347E+05	9.9983036748578169E-01
6.2438438438438438E+05	9.9982973565981204E-01
6.2530530530530529E+05	9.9982577982258003E-01
6.2622622622622619E+05	9.9982841495644148E-01
6.2714714714714710E+05	9.9982927099925867E-01
6.2806806806806813E+05	9.9982658614830699E-01
6.2898898898898903E+05	9.9981153800314415E-01
6.2990990990990994E+05	9.9982661168971343E-01
6.3083083083083085E+05	9.9982702372307175E-01
6.3175175175175176E+05	9.9981496238113987E-01
6.3267267267267266E+05	9.9982506128725834E-01
6.3359359359359357E+05	9.9982643161864093E-01
6.3451451451451448E+05	9.9981204550256531E-01
6.3543543543543550E+05	9.9982488039698136E-01
6.3635635635635641E+05	9.9982466417809635E-01
6.3727727727727732E+05	9.9981505510978219E-01
6.3819819819819822E+05	9.9982626823379250E-01
6.3911911911911913E+05	9.9982191164584722E-01
6.4004004004004004E+05	9.9982634851238317E-01
6.4096096096096095E+05	9.9982448176039074E-01
6.4188188188188185E+05	9.9982220921771459E-01
6.4280280280280276E+05	9.9982344796206701E-01
6.4372372372372379E+05	9.9981964562776349E-01
6.4464464464464469E+05	9.9982606463697876E-01
6.4556556556556560E+05	9.9982056970498689E-01
6.4648648648648651E+05	9.9982348096217444E-01
6.4740740740740742E+05	9.9981996490295910E-01
6.4832832832832832E+05	9.9982409398610217E-01
6.4924924924924923E+05	9.9982050051529836E-01
6.5017017017017014E+05	9.9981947464395593E-01
6.5109109109109105E+05	9.9982326657629916E-01
6.5201201201201207E+05	9.9980484897674271E-01
6.5293293293293298E+05	9.9982255458729785E-01
6.5385385385385389E+05	9.9981800769061357E-01
6.5477477477477479E+05	9.9981796190726235E-01
6.5569569569569570E+05	9.9982140680089904E-01
6.5661661661661661E+05	9.9980971521428696E-01
6.5753753753753752E+05	9.9981977120701782E-01
6.5845845845845842E+05	9.9981920149239778E-01
6.5937937937937945E+05	9.9981599884743777E-01
6.6030030030030035E+05	9.9981631641396540E-01
6.6122122122122126E+05	9.9981957768133711E-01
6.6214214214214217E+05	9.9981777880086020E-01
6.6306306306306308E+05	9.9980343717349618E-01
6.6398398398398398E+05	9.9981961116388096E-01
6.6490490490490489E+05	9.9981825658060930E-01
6.6582582582582580E+05	9.9981631502595991E-01
6.6674674674674671E+05	9.9981382981599154E-01
6.6766766766766773E+05	9.9981473651894515E-01
6.6858858858858864E+05	9.9981627615154445E-01
6.6950950950950955E+05	9.9981752372806298E-01
6.7043043043043045E+05	9.9981625675367725E-01
6.7135135135135136E+05	9.9980699558260000E-01
6.7227227227227227E+05	9.9980026501992569E-01
6.7319319319319318E+05	9.9981194942708873E-01
6.7411411411411408E+05	9.9981553494755337E-01
6.7503503503503499E+05	9.9981596004107753E-01
6.7595595595595601E+05	9.9981495240847562E-01
6.7687687687687692E+05	9.9981409560340673E-01
6.7779779779779783E+05	9.9981294478452176E-01
6.7871871871871874E+05	9.9981212153936483E-01
6.7963963963963964E+05	9.9981200073659415E-01
6.8056056056056055E+05	9.9981077074200309E-01
6.8148148148148146E+05	9.9981108201046998E-01
6.8240240240240237E+05	9.9980990605880227E-01
6.8332332332332339E+05	9.9980955895709678E-01
6.8424424424424430E+05	9.9980939470714114E-01
6.8516516516516521E+05	9.9980906566515226E-01
6.8608608608608611E+05	9.9980933406060990E-01
6.8700700700700702E+05	9.9980952900898001E-01
6.8792792792792793E+05	9.9981002157523124E-01
6.8884884884884884E+05	9.9981078300891424E-01
6.8976976976976974E+05	9.9981117444516410E-01
6.9069069069069065E+05	9.9981142578477478E-01
6.9161161161161168E+05	9.9980969667488162E-01
6.9253253253253258E+05	9.9980227601890381E-01
6.9345345345345349E+05	9.9979375104836954E-01
6.9437437437437440E+05	9.9980599410497972E-01
6.9529529529529531E+05	9.9981021580103957E-01
6.9621621621621621E+05	9.9980912891389573E-01
6.9713713713713712E+05	9.9980637650747461E-01
6.9805805805805803E+05	9.9980444945031233E-01
6.9897897897897894E+05	9.9980401305674493E-01
6.9989989989989996E+05	9.9980582887037583E-01
7.0082082082082087E+05	9.9980814784128991E-01
7.0174174174174177E+05	9.9980404550544932E-01
7.0266266266266268E+05	9.9979506603267732E-01
7.0358358358358359E+05	9.9980790455974045E-01
7.0450450450450450E+05	9.9980531593686517E-01
7.0542542542542540E+05	9.9980326931243413E-01
7.0634634634634631E+05	9.9980327590162843E-01
7.0726726726726722E+05	9.9980624238694893E-01
7.0818818818818824E+05	9.9979630421570231E-01
7.0910910910910915E+05	9.9980398872353426E-01
7.1003003003003006E+05	9.9980367431663397E-01
7.1095095095095097E+05	9.9980025514062953E-01
7.1187187187187187E+05	9.9980253658157203E-01
7.1279279279279278E+05	9.9980337186154566E-01
7.1371371371371369E+05	9.9979947652482093E-01
7.1463463463463460E+05	9.9980292534794379E-01
7.1555555555555562E+05	9.9980019846948820E-01
7.1647647647647653E+05	9.9980279789576487E-01
7.1739739739739744E+05	9.9979167869621532E-01
7.1831831831831834E+05	9.9980312507526703E-01
7.1923923923923925E+05	9.9979810867012686E-01
7.2016016016016016E+05	9.9980014555730501E-01
7.2108108108108107E+05	9.9979510801086735E-01
7.2200200200200197E+05	9.9980182793352035E-01
7.2292292292292288E+05	9.9979710931896948E-01
7.2384384384384390E+05	9.9980109109905202E-01
7.2476476476476481E+05	9.9978296012862633E-01
7.2568568568568572E+05	9.9980007125936554E-01
7.2660660660660663E+05	9.9979644325855377E-01
7.2752752752752753E+05	9.9979864060023049E-01
7.2844844844844844E+05	9.9979994557203966E-01
7.2936936936936935E+05	9.9979472585490681E-01
7.3029029029029026E+05	9.9979926190780910E-01
7.3121121121121116E+05	9.9979775289836226E-01
7.3213213213213219E+05	9.9979454433934367E-01
7.3305305305305310E+05	9.9979877729777233E-01
7.3397397397397400E+05	9.9979794565463931E-01
7.3489489489489491E+05	9.9979350863568361E-01
7.3581581581581582E+05	9.9979773432215302E-01
7.3673673673673673E+05	9.9979747332221125E-01
7.3765765765765763E+05	9.9979234310696719E-01
7.3857857857857854E+05	9.9979271325129948E-01
7.3949949949949956E+05	9.9979542215787376E-01
7.4042042042042047E+05	9.9979415024926543E-01
7.4134134134134138E+05	9.9978749725247495E-01
7.4226226226226229E+05	9.9979236016088446E-01
7.4318318318318320E+05	9.9979531017298651E-01
7.4410410410410410E+05	9.9979445450122406E-01
7.4502502502502501E+05	9.9979260791578961E-01
7.4594594594594592E+05	9.9979060615435689E-01
7.4686686686686683E+05	9.9978942966991757E-01
7.4778778778778785E+05	9.9978473897643860E-01
7.4870870870870876E+05	9.9979077271058925E-01
7.4962962962962966E+05	9.9979388613590991E-01
7.5055055055055057E+05	9.9979294265326923E-01
7.5147147147147148E+05	9.9979234693541541E-01
7.5239239239239239E+05	9.9979268276760536E-01
7.5331331331331329E+05	9.9978988022424520E-01
7.5423423423423420E+05	9.9979147272762492E-01
7.5515515515515511E+05	9.9978836447660313E-01
7.5607607607607613E+05	9.9978940942630490E-01
7.5699699699699704E+05	9.9978873879643804E-01
7.5791791791791795E+05	9.9978823997507249E-01
7.5883883883883886E+05	9.9978712330042352E-01
7.5975975975975976E+05	9.9978873644030830E-01
7.6068068068068067E+05	9.9978693158437448E-01
7.6160160160160158E+05	9.9978960786854909E-01
7.6252252252252249E+05	9.9978793384340603E-01
7.6344344344344351E+05	9.9978984929586223E-01
7.6436436436436442E+05	9.9978919890770446E-01
7.6528528528528532E+05	9.9978751811727329E-01
7.6620620620620623E+05	9.9978779207635760E-01
7.6712712712712714E+05	9.9978385207977838E-01
7.6804804804804805E+05	9.9976948266261734E-01
7.6896896896896895E+05	9.9978348535734263E-01
7.6988988988988986E+05	9.9978721880312360E-01
7.7081081081081077E+05	9.9978667815634314E-01
7.7173173173173179E+05	9.9978577675211400E-01
7.7265265265265270E+05	9.9978153923980428E-01
7.7357357357357361E+05	9.9978151116568137E-01
7.7449449449449452E+05	9.9978515979734273E-01
7.7541541541541542E+05	9.9978540968213869E-01
7.7633633633633633E+05	9.9978230903902932E-01
7.7725725725725724E+05	9.9976704395685101E-01
7.7817817817817815E+05	9.9978308969194785E-01
7.7909909909909905E+05	9.9978391830781166E-01
7.8002002002002008E+05	9.9977863035057346E-01
7.8094094094094099E+05	9.9977988211318891E-01
7.8186186186186189E+05	9.9978367261453960E-01
7.8278278278278280E+05	9.9978051595217832E-01
7.8370370370370371E+05	9.9977939040121622E-01
7.8462462462462462E+05	9.9978366387375250E-01
7.8554554554554552E+05	9.9977573044094847E-01
7.8646646646646643E+05	9.9977904401615558E-01
7.8738738738738745E+05	9.9978004003763521E-01
7.8830830830830836E+05	9.9976616688743158E-01
7.8922922922922927E+05	9.9978103590877543E-01
7.9015015015015018E+05	9.9977722249388867E-01
7.9107107107107108E+05	9.9978183230866902E-01
7.9199199199199199E+05	9.9977851839613685E-01
7.9291291291291290E+05	9.9977711818012971E-01
7.9383383383383381E+05	9.9977700872034314E-01
7.9475475475475471E+05	9.9977805354594929E-01
7.9567567567567574E+05	9.9977963044069995E-01
7.9659659659659665E+05	9.9977637825703569E-01
7.9751751751751755E+05	9.9977589536499167E-01
7.9843843843843846E+05	9.9977874260940858E-01
7.9935935935935937E+05	9.9977196400338231E-01
8.0028028028028028E+05	9.9977697370429508E-01
8.0120120120120118E+05	9.9977357116429277E-01
8.0212212212212209E+05	9.9977764672847891E-01
8.0304304304304300E+05	9.9977454747056560E-01
8.0396396396396402E+05	9.9977381926186903E-01
8.0488488488488493E+05	9.9977572609364129E-01
8.0580580580580584E+05	9.9977213287545585E-01
8.0672672672672675E+05	9.9977360086630440E-01
8.0764764764764765E+05	9.9977664790501941E-01
8.0856856856856856E+05	9.9976228598753725E-01
8.0948948948948947E+05	9.9977445605660253E-01
8.1041041041041038E+05	9.9977419516919319E-01
8.1133133133133140E+05	9.9977076584739022E-01
8.1225225225225231E+05	9.9977054126709686E-01
8.1317317317317321E+05	9.9977391914399860E-01
8.1409409409409412E+05	9.9977465149469336E-01
8.1501501501501503E+05	9.9976696898083095E-01
8.1593593593593594E+05	9.9976252948049438E-01
8.1685685685685684E+05	9.9977316909357605E-01
8.1777777777777775E+05	9.9977291616836017E-01
8.1869869869869866E+05	9.9977048188306916E-01
8.1961961961961968E+05	9.9976851885699636E-01
8.2054054054054059E+05	9.9976763751067776E-01
8.2146146146146150E+05	9.9976799375755554E-01
8.2238238238238241E+05	9.9976920530836899E-01
8.2330330330330331E+05	9.9977082177559662E-01
8.2422422422422422E+05	9.9977235764947192E-01
8.2514514514514513E+05	9.9977110156671833E-01
8.2606606606606604E+05	9.9976892745807144E-01
8.2698698698698694E+05	9.9976518427015415E-01
8.2790790790790797E+05	9.9975980090739147E-01
8.2882882882882887E+05	9.9975477164906346E-01
8.2974974974974978E+05	9.9975130393182599E-01
8.3067067067067069E+05	9.9975166535258664E-01
8.3159159159159160E+05	9.9975277731539702E-01
8.3251251251251251E+05	9.9975310770848924E-01
8.3343343343343341E+05	9.9975246597274392E-01
8.3435435435435432E+05	9.9975043325298651E-01
8.3527527527527534E+05	9.9974984692516589E-01
8.3619619619619625E+05	9.9975353365090458E-01
8.3711711711711716E+05	9.9975933607465561E-01
8.3803803803803807E+05	9.9976392764984401E-01
8.3895895895895897E+05	9.9976643525070530E-01
8.3987987987987988E+05	9.9976695445840891E-01
8.4080080080080079E+05	9.9976606296246151E-01
8.4172172172172170E+05	9.9976444264881725E-01
8.4264264264264260E+05	9.9976267116171469E-01
8.4356356356356363E+05	9.9976141131847773E-01
8.4448448448448454E+05	9.9976095438671009E-01
8.4540540540540544E+05	9.9976115923989828E-01
8.4632632632632635E+05	9.9976274902938500E-01
8.4724724724724726E+05	9.9976437365008308E-01
8.4816816816816817E+05	9.9976213122809010E-01
8.4908908908908907E+05	9.9974593054039129E-01
8.5001001001000998E+05	9.9976185767900327E-01
8.5093093093093089E+05	9.9976292990719318E-01
8.5185185185185191E+05	9.9975978222650019E-01
8.5277277277277282E+05	9.9975826180829930E-01
8.5369369369369373E+05	9.9976013670888053E-01
8.5461461461461463E+05	9.9976230912151542E-01
8.5553553553553554E+05	9.9975388695107004E-01
8.5645645645645645E+05	9.9975834446071554E-01
8.5737737737737736E+05	9.9976094031954887E-01
8.5829829829829826E+05	9.9975734825379026E-01
8.5921921921921929E+05	9.9975725031225304E-01
8.6014014014014020E+05	9.9976053194588721E-01
8.6106106106106110E+05	9.9974316230314086E-01
8.6198198198198201E+05	9.9976038814079393E-01
8.6290290290290292E+05	9.9975664247202767E-01
8.6382382382382383E+05	9.9975549445968914E-01
8.6474474474474473E+05	9.9975927660098496E-01
8.6566566566566564E+05	9.9974346745811149E-01
8.6658658658658655E+05	9.9975842019607897E-01
8.6750750750750757E+05	9.9975372337909496E-01
8.6842842842842848E+05	9.9975700280756963E-01
8.6934934934934939E+05	9.9974378003372000E-01
8.7027027027027030E+05	9.9975786188878224E-01
8.7119119119119120E+05	9.9975283886791289E-01
8.7211211211211211E+05	9.9975626149818919E-01
8.7303303303303302E+05	9.9973876427405928E-01
8.7395395395395393E+05	9.9975524883166078E-01
8.7487487487487483E+05	9.9975275814298648E-01
8.7579579579579586E+05	9.9975555669735572E-01
8.7671671671671676E+05	9.9975513596037646E-01
8.7763763763763767E+05	9.9975058565741959E-01
8.7855855855855858E+05	9.9975493822611805E-01
8.7947947947947949E+05	9.9975006349168083E-01
8.8040040040040039E+05	9.9975098588716726E-01
8.8132132132132130E+05	9.9975290456267496E-01
8.8224224224224221E+05	9.9974373432171748E-01
8.8316316316316323E+05	9.9975036833829989E-01
8.8408408408408414E+05	9.9975310673743201E-01
8.8500500500500505E+05	9.9974828566299878E-01
8.8592592592592596E+05	9.9974837656364612E-01
8.8684684684684686E+05	9.9975285820521964E-01
8.8776776776776777E+05	9.9975261650730651E-01
8.8868868868868868E+05	9.9974740159225484E-01
8.8960960960960959E+05	9.9974572419131602E-01
8.9053053053053049E+05	9.9974968347618665E-01
8.9145145145145152E+05	9.9975085434242728E-01
8.9237237237237243E+05	9.9974865674053914E-01
8.9329329329329333E+05	9.9974571614700480E-01
8.9421421421421424E+05	9.9974455662984774E-01
8.9513513513513515E+05	9.9974775064321986E-01
8.9605605605605606E+05	9.9975035566227033E-01
8.9697697697697696E+05	9.9974972540939400E-01
8.9789789789789787E+05	9.9974604812216639E-01
8.9881881881881878E+05	9.9974364376361446E-01
8.9973973973973980E+05	9.9974431877297021E-01
9.0066066066066071E+05	9.9973170547371504E-01
9.0158158158158162E+05	9.9974360104611704E-01
9.0250250250250252E+05	9.9974405913773123E-01
9.0342342342342343E+05	9.9974539264793660E-01
9.0434434434434434E+05	9.9974671534636705E-01
9.0526526526526525E+05	9.9974411956414400E-01
9.0618618618618615E+05	9.9974652621210736E-01
9.0710710710710718E+05	9.9974420737015768E-01
9.0802802802802809E+05	9.9974612202037660E-01
9.0894894894894899E+05	9.9974295470822916E-01
9.0986986986986990E+05	9.9974450318508890E-01
9.1079079079079081E+05	9.9974266558213143E-01
9.1171171171171172E+05	9.9973917474464069E-01
9.1263263263263262E+05	9.9974006452935238E-01
9.1355355355355353E+05	9.9972611449714499E-01
9.1447447447447444E+05	9.9974012413906654E-01
9.1539539539539546E+05	9.9974199163809174E-01
9.1631631631631637E+05	9.9974138390777256E-01
9.1723723723723728E+05	9.9974331361550528E-01
9.1815815815815818E+05	9.9974425085704377E-01
9.1907907907907909E+05	9.9973960567489462E-01
9.2000000000000000E+05	9.9972765337949443E-01
