1.4646309614181519E-01	3.7011718750000000E+01
2.0467600226402283E-01	3.7011718750000000E+01
2.6207573711872101E-01	3.7011718750000000E+01
3.2044012099504471E-01	3.7140625000000000E+01
3.7814255058765411E-01	3.7140625000000000E+01
4.3560725450515747E-01	3.7140625000000000E+01
4.9309784919023514E-01	3.7140625000000000E+01
5.5059734731912613E-01	3.7140625000000000E+01
6.0810508579015732E-01	3.7140625000000000E+01
6.6570436954498291E-01	3.7140625000000000E+01
7.2324173897504807E-01	3.7140625000000000E+01
7.8080063313245773E-01	3.7140625000000000E+01
8.3839899301528931E-01	3.7140625000000000E+01
8.9596644043922424E-01	3.7140625000000000E+01
9.5357177406549454E-01	3.7140625000000000E+01
1.0111479386687279E+00	3.7140625000000000E+01
1.0687509030103683E+00	3.7140625000000000E+01
1.1264120712876320E+00	3.7140625000000000E+01
1.1839661523699760E+00	3.7140625000000000E+01
1.2415537014603615E+00	3.7140625000000000E+01
1.2991672903299332E+00	3.7140625000000000E+01
1.3567362502217293E+00	3.7140625000000000E+01
1.4143175929784775E+00	3.7140625000000000E+01
1.4718569442629814E+00	3.7140625000000000E+01
1.5294024497270584E+00	3.7140625000000000E+01
1.5869347229599953E+00	3.7140625000000000E+01
1.6444978788495064E+00	3.7140625000000000E+01
1.7020577415823936E+00	3.7140625000000000E+01
1.7596555054187775E+00	3.7140625000000000E+01
1.8172438219189644E+00	3.7140625000000000E+01
1.8748752027750015E+00	3.7140625000000000E+01
1.9324687421321869E+00	3.7140625000000000E+01
1.9900439903140068E+00	3.7140625000000000E+01
2.0476321578025818E+00	3.7140625000000000E+01
2.1052093058824539E+00	3.7140625000000000E+01
2.1628075838088989E+00	3.7140625000000000E+01
2.2204029187560081E+00	3.7140625000000000E+01
2.2779579311609268E+00	3.7140625000000000E+01
2.3361920341849327E+00	3.7160156250000000E+01
2.3939568102359772E+00	3.7160156250000000E+01
2.4515636414289474E+00	3.7160156250000000E+01
2.5091525241732597E+00	3.7160156250000000E+01
2.5668314844369888E+00	3.7160156250000000E+01
2.6245567277073860E+00	3.7160156250000000E+01
2.6823288649320602E+00	3.7160156250000000E+01
2.7400778308510780E+00	3.7160156250000000E+01
2.7978143021464348E+00	3.7160156250000000E+01
2.8555448949337006E+00	3.7160156250000000E+01
2.9132830426096916E+00	3.7160156250000000E+01
2.9708349928259850E+00	3.7160156250000000E+01
3.0282892584800720E+00	3.7160156250000000E+01
3.0857038497924805E+00	3.7160156250000000E+01
3.1431168317794800E+00	3.7160156250000000E+01
3.2005393207073212E+00	3.7160156250000000E+01
3.2579775899648666E+00	3.7160156250000000E+01
3.3153646960854530E+00	3.7160156250000000E+01
3.3727815523743629E+00	3.7160156250000000E+01
3.4301835894584656E+00	3.7160156250000000E+01
3.4876181185245514E+00	3.7160156250000000E+01
3.5450382158160210E+00	3.7160156250000000E+01
3.6024476438760757E+00	3.7160156250000000E+01
3.6598130390048027E+00	3.7160156250000000E+01
3.7172096669673920E+00	3.7160156250000000E+01
3.7745853066444397E+00	3.7160156250000000E+01
3.8319997936487198E+00	3.7160156250000000E+01
3.8893867507576942E+00	3.7160156250000000E+01
3.9468316063284874E+00	3.7160156250000000E+01
4.0042172595858574E+00	3.7160156250000000E+01
4.0616155564785004E+00	3.7160156250000000E+01
4.1190105378627777E+00	3.7160156250000000E+01
4.1764209792017937E+00	3.7160156250000000E+01
4.2338368967175484E+00	3.7160156250000000E+01
4.2912753298878670E+00	3.7160156250000000E+01
4.3487274199724197E+00	3.7160156250000000E+01
4.4061433672904968E+00	3.7160156250000000E+01
4.4635562375187874E+00	3.7160156250000000E+01
4.5209430903196335E+00	3.7160156250000000E+01
4.5783488973975182E+00	3.7160156250000000E+01
4.6357711628079414E+00	3.7160156250000000E+01
4.6931542307138443E+00	3.7160156250000000E+01
4.7505329325795174E+00	3.7160156250000000E+01
4.8078910037875175E+00	3.7160156250000000E+01
4.8653188496828079E+00	3.7160156250000000E+01
4.9227122962474823E+00	3.7160156250000000E+01
4.9801071211695671E+00	3.7160156250000000E+01
5.0374735370278358E+00	3.7160156250000000E+01
5.0948889851570129E+00	3.7160156250000000E+01
5.1523165032267570E+00	3.7160156250000000E+01
5.2097306102514267E+00	3.7160156250000000E+01
5.2671285793185234E+00	3.7160156250000000E+01
5.3245349079370499E+00	3.7160156250000000E+01
5.3819452226161957E+00	3.7160156250000000E+01
5.4393844231963158E+00	3.7160156250000000E+01
5.4967952743172646E+00	3.7160156250000000E+01
5.5542166084051132E+00	3.7160156250000000E+01
5.6116175204515457E+00	3.7160156250000000E+01
5.6689968556165695E+00	3.7160156250000000E+01
5.7269461378455162E+00	3.7160156250000000E+01
5.7844801619648933E+00	3.7160156250000000E+01
5.8418949916958809E+00	3.7160156250000000E+01
5.8992646113038063E+00	3.7160156250000000E+01
5.9566296339035034E+00	3.7160156250000000E+01
6.0140100792050362E+00	3.7160156250000000E+01
6.0714245885610580E+00	3.7160156250000000E+01
6.1288591921329498E+00	3.7160156250000000E+01
6.1862457692623138E+00	3.7160156250000000E+01
6.2436069697141647E+00	3.7160156250000000E+01
6.3009958565235138E+00	3.7160156250000000E+01
6.3584072440862656E+00	3.7160156250000000E+01
6.4158059880137444E+00	3.7160156250000000E+01
6.4732240736484528E+00	3.7160156250000000E+01
6.5306055769324303E+00	3.7160156250000000E+01
6.5880055129528046E+00	3.7160156250000000E+01
6.6454070135951042E+00	3.7160156250000000E+01
6.7027873620390892E+00	3.7160156250000000E+01
6.7601954787969589E+00	3.7160156250000000E+01
6.8175878077745438E+00	3.7160156250000000E+01
6.8749512881040573E+00	3.7160156250000000E+01
6.9323631897568703E+00	3.7160156250000000E+01
6.9897446185350418E+00	3.7160156250000000E+01
7.0471398010849953E+00	3.7160156250000000E+01
7.1045234799385071E+00	3.7160156250000000E+01
7.1619530096650124E+00	3.7160156250000000E+01
7.2193859443068504E+00	3.7160156250000000E+01
7.2767746001482010E+00	3.7160156250000000E+01
7.3342314213514328E+00	3.7160156250000000E+01
7.3916436582803726E+00	3.7160156250000000E+01
7.4490431323647499E+00	3.7160156250000000E+01
7.5064580738544464E+00	3.7160156250000000E+01
7.5638980120420456E+00	3.7160156250000000E+01
7.6213666945695877E+00	3.7160156250000000E+01
7.6787911355495453E+00	3.7160156250000000E+01
7.7362381219863892E+00	3.7160156250000000E+01
7.7936687916517258E+00	3.7160156250000000E+01
7.8510833084583282E+00	3.7160156250000000E+01
7.9085194841027260E+00	3.7160156250000000E+01
7.9659319072961807E+00	3.7160156250000000E+01
8.0234006941318512E+00	3.7160156250000000E+01
8.0808199122548103E+00	3.7160156250000000E+01
8.1382425948977470E+00	3.7160156250000000E+01
8.1956683099269867E+00	3.7160156250000000E+01
8.2530812099575996E+00	3.7160156250000000E+01
8.3105989769101143E+00	3.7160156250000000E+01
8.3680786937475204E+00	3.7160156250000000E+01
8.4255974292755127E+00	3.7160156250000000E+01
8.4830987304449081E+00	3.7160156250000000E+01
8.5405493825674057E+00	3.7160156250000000E+01
8.5979629755020142E+00	3.7160156250000000E+01
8.6553888022899628E+00	3.7160156250000000E+01
8.7128591164946556E+00	3.7160156250000000E+01
8.7704148292541504E+00	3.7160156250000000E+01
8.8280157223343849E+00	3.7160156250000000E+01
8.8855105862021446E+00	3.7160156250000000E+01
8.9430768042802811E+00	3.7160156250000000E+01
9.0005661770701408E+00	3.7160156250000000E+01
9.0580630674958229E+00	3.7160156250000000E+01
9.1156621277332306E+00	3.7160156250000000E+01
9.1734080389142036E+00	3.7160156250000000E+01
9.2312604859471321E+00	3.7160156250000000E+01
9.2889442145824432E+00	3.7160156250000000E+01
9.3467391431331635E+00	3.7160156250000000E+01
9.4043753445148468E+00	3.7160156250000000E+01
9.4621038585901260E+00	3.7160156250000000E+01
9.5200085267424583E+00	3.7160156250000000E+01
9.5780736729502678E+00	3.7160156250000000E+01
9.6361790001392365E+00	3.7160156250000000E+01
9.6942079216241837E+00	3.7160156250000000E+01
9.7523281350731850E+00	3.7160156250000000E+01
9.8103298097848892E+00	3.7160156250000000E+01
9.8683789297938347E+00	3.7160156250000000E+01
9.9265004023909569E+00	3.7160156250000000E+01
9.9846941977739334E+00	3.7160156250000000E+01
1.0042918264865875E+01	3.7160156250000000E+01
1.0101087510585785E+01	3.7160156250000000E+01
1.0159302197396755E+01	3.7160156250000000E+01
1.0217505201697350E+01	3.7160156250000000E+01
1.0275684081017971E+01	3.7160156250000000E+01
1.0333889864385128E+01	3.7160156250000000E+01
1.0392098791897297E+01	3.7160156250000000E+01
1.0450291268527508E+01	3.7160156250000000E+01
1.0508476622402668E+01	3.7160156250000000E+01
1.0566662043333054E+01	3.7160156250000000E+01
1.0624875031411648E+01	3.7160156250000000E+01
1.0683016680181026E+01	3.7160156250000000E+01
1.0741154991090298E+01	3.7160156250000000E+01
1.0799198240041733E+01	3.7160156250000000E+01
1.0857184939086437E+01	3.7160156250000000E+01
1.0915322534739971E+01	3.7160156250000000E+01
1.0973344251513481E+01	3.7160156250000000E+01
1.1031495794653893E+01	3.7160156250000000E+01
1.1089646279811859E+01	3.7160156250000000E+01
1.1147804513573647E+01	3.7160156250000000E+01
1.1205988131463528E+01	3.7160156250000000E+01
1.1264256961643696E+01	3.7160156250000000E+01
1.1322478055953979E+01	3.7160156250000000E+01
1.1380760997533798E+01	3.7160156250000000E+01
1.1438968151807785E+01	3.7160156250000000E+01
1.1497591078281403E+01	3.7160156250000000E+01
1.1555945977568626E+01	3.7160156250000000E+01
1.1614159494638443E+01	3.7160156250000000E+01
1.1672356538474560E+01	3.7160156250000000E+01
1.1730679713189602E+01	3.7160156250000000E+01
1.1789075449109077E+01	3.7160156250000000E+01
1.1847466021776199E+01	3.7160156250000000E+01
1.1905871689319611E+01	3.7160156250000000E+01
1.1964287467300892E+01	3.7160156250000000E+01
1.2022736981511116E+01	3.7160156250000000E+01
1.2081214353442192E+01	3.7160156250000000E+01
1.2139672629535198E+01	3.7160156250000000E+01
1.2198162913322449E+01	3.7160156250000000E+01
1.2256660491228104E+01	3.7160156250000000E+01
1.2315098516643047E+01	3.7160156250000000E+01
1.2373550608754158E+01	3.7160156250000000E+01
1.2431932896375656E+01	3.7160156250000000E+01
1.2490327417850494E+01	3.7160156250000000E+01
1.2548735640943050E+01	3.7160156250000000E+01
1.2607142113149166E+01	3.7160156250000000E+01
1.2665534809231758E+01	3.7160156250000000E+01
1.2723891288042068E+01	3.7160156250000000E+01
1.2782256901264191E+01	3.7160156250000000E+01
1.2840597458183765E+01	3.7160156250000000E+01
1.2898913145065308E+01	3.7160156250000000E+01
1.2957262560725212E+01	3.7160156250000000E+01
1.3015601590275764E+01	3.7160156250000000E+01
1.3073895610868931E+01	3.7160156250000000E+01
1.3132189735770226E+01	3.7160156250000000E+01
1.3190490216016769E+01	3.7160156250000000E+01
1.3248692750930786E+01	3.7160156250000000E+01
1.3306899100542068E+01	3.7160156250000000E+01
1.3365137979388237E+01	3.7160156250000000E+01
1.3423398971557617E+01	3.7160156250000000E+01
1.3481461577117443E+01	3.7160156250000000E+01
1.3539382204413414E+01	3.7160156250000000E+01
1.3597150713205338E+01	3.7160156250000000E+01
1.3654800392687321E+01	3.7160156250000000E+01
1.3712583392858505E+01	3.7160156250000000E+01
1.3770303472876549E+01	3.7160156250000000E+01
1.3828264072537422E+01	3.7160156250000000E+01
1.3886306844651699E+01	3.7160156250000000E+01
1.3944361291825771E+01	3.7160156250000000E+01
1.4002408035099506E+01	3.7160156250000000E+01
1.4060516998171806E+01	3.7160156250000000E+01
1.4118529595434666E+01	3.7160156250000000E+01
1.4176665320992470E+01	3.7160156250000000E+01
1.4234676331281662E+01	3.7160156250000000E+01
1.4292603671550751E+01	3.7160156250000000E+01
1.4350464135408401E+01	3.7160156250000000E+01
1.4408170923590660E+01	3.7160156250000000E+01
1.4465758547186852E+01	3.7160156250000000E+01
1.4523518860340118E+01	3.7160156250000000E+01
1.4581131145358086E+01	3.7160156250000000E+01
1.4638722270727158E+01	3.7160156250000000E+01
1.4696479879319668E+01	3.7160156250000000E+01
1.4754382662475109E+01	3.7160156250000000E+01
1.4812355719506741E+01	3.7160156250000000E+01
1.4870158366858959E+01	3.7160156250000000E+01
1.4928077496588230E+01	3.7160156250000000E+01
1.4985796861350536E+01	3.7160156250000000E+01
1.5043587371706963E+01	3.7160156250000000E+01
1.5101562544703484E+01	3.7160156250000000E+01
1.5159651741385460E+01	3.7160156250000000E+01
1.5217772670090199E+01	3.7160156250000000E+01
1.5275802783668041E+01	3.7160156250000000E+01
1.5333960883319378E+01	3.7160156250000000E+01
1.5391944967210293E+01	3.7160156250000000E+01
1.5449848234653473E+01	3.7160156250000000E+01
1.5507840320467949E+01	3.7160156250000000E+01
1.5565844930708408E+01	3.7160156250000000E+01
1.5623702935874462E+01	3.7160156250000000E+01
1.5681521654129028E+01	3.7160156250000000E+01
1.5739284843206406E+01	3.7160156250000000E+01
1.5797173798084259E+01	3.7160156250000000E+01
1.5854929842054844E+01	3.7160156250000000E+01
1.5912580572068691E+01	3.7160156250000000E+01
1.5970175527036190E+01	3.7160156250000000E+01
1.6027905471622944E+01	3.7160156250000000E+01
1.6085471510887146E+01	3.7160156250000000E+01
1.6143154658377171E+01	3.7160156250000000E+01
1.6200702667236328E+01	3.7160156250000000E+01
1.6258191086351871E+01	3.7160156250000000E+01
1.6315646827220917E+01	3.7160156250000000E+01
1.6373078688979149E+01	3.7160156250000000E+01
1.6430441029369831E+01	3.7160156250000000E+01
1.6487813554704189E+01	3.7160156250000000E+01
1.6545240424573421E+01	3.7160156250000000E+01
1.6602638758718967E+01	3.7160156250000000E+01
1.6660027779638767E+01	3.7160156250000000E+01
1.6717422947287560E+01	3.7160156250000000E+01
1.6774831257760525E+01	3.7160156250000000E+01
1.6832244381308556E+01	3.7160156250000000E+01
1.6889641061425209E+01	3.7160156250000000E+01
1.6947025448083878E+01	3.7160156250000000E+01
1.7004443384706974E+01	3.7160156250000000E+01
1.7061822794377804E+01	3.7160156250000000E+01
1.7119236260652542E+01	3.7160156250000000E+01
1.7176635496318340E+01	3.7160156250000000E+01
1.7234010271728039E+01	3.7160156250000000E+01
1.7291404157876968E+01	3.7160156250000000E+01
1.7348766498267651E+01	3.7160156250000000E+01
1.7406195938587189E+01	3.7160156250000000E+01
1.7463579148054123E+01	3.7160156250000000E+01
1.7520989507436752E+01	3.7160156250000000E+01
1.7578365243971348E+01	3.7160156250000000E+01
1.7635778658092022E+01	3.7160156250000000E+01
1.7693191543221474E+01	3.7160156250000000E+01
1.7750581040978432E+01	3.7160156250000000E+01
1.7807963915169239E+01	3.7160156250000000E+01
1.7865336567163467E+01	3.7160156250000000E+01
1.7922690875828266E+01	3.7160156250000000E+01
1.7980071432888508E+01	3.7160156250000000E+01
1.8037450097501278E+01	3.7160156250000000E+01
1.8094804987311363E+01	3.7160156250000000E+01
1.8152164392173290E+01	3.7160156250000000E+01
1.8209518790245056E+01	3.7160156250000000E+01
1.8266856230795383E+01	3.7160156250000000E+01
1.8324235990643501E+01	3.7160156250000000E+01
1.8381611675024033E+01	3.7160156250000000E+01
1.8439021579921246E+01	3.7160156250000000E+01
1.8496432401239872E+01	3.7160156250000000E+01
1.8553818218410015E+01	3.7160156250000000E+01
1.8611214190721512E+01	3.7160156250000000E+01
1.8668573476374149E+01	3.7160156250000000E+01
1.8725960113108158E+01	3.7160156250000000E+01
1.8783306822180748E+01	3.7160156250000000E+01
1.8840656422078609E+01	3.7160156250000000E+01
1.8898001275956631E+01	3.7160156250000000E+01
1.8955365136265755E+01	3.7160156250000000E+01
1.9012705996632576E+01	3.7160156250000000E+01
1.9070052668452263E+01	3.7160156250000000E+01
1.9127425663173199E+01	3.7160156250000000E+01
1.9184769630432129E+01	3.7160156250000000E+01
1.9242134608328342E+01	3.7160156250000000E+01
1.9299517095088959E+01	3.7160156250000000E+01
1.9356853365898132E+01	3.7160156250000000E+01
1.9414205789566040E+01	3.7160156250000000E+01
1.9471563786268234E+01	3.7160156250000000E+01
1.9528927676379681E+01	3.7160156250000000E+01
1.9586276337504387E+01	3.7160156250000000E+01
1.9643623486161232E+01	3.7160156250000000E+01
1.9701028920710087E+01	3.7160156250000000E+01
1.9758407957851887E+01	3.7160156250000000E+01
1.9815754279494286E+01	3.7160156250000000E+01
1.9873133197426796E+01	3.7160156250000000E+01
1.9930481255054474E+01	3.7160156250000000E+01
1.9987802155315876E+01	3.7160156250000000E+01
2.0045140415430069E+01	3.7160156250000000E+01
2.0102730803191662E+01	3.7160156250000000E+01
2.0160185888409615E+01	3.7160156250000000E+01
2.0217644758522511E+01	3.7160156250000000E+01
2.0275036998093128E+01	3.7160156250000000E+01
2.0332480087876320E+01	3.7160156250000000E+01
2.0389916956424713E+01	3.7160156250000000E+01
2.0447364702820778E+01	3.7160156250000000E+01
2.0504771985113621E+01	3.7160156250000000E+01
2.0562165319919586E+01	3.7160156250000000E+01
2.0619577161967754E+01	3.7160156250000000E+01
2.0676979556679726E+01	3.7160156250000000E+01
2.0734402231872082E+01	3.7160156250000000E+01
2.0791776143014431E+01	3.7160156250000000E+01
2.0849182635545731E+01	3.7160156250000000E+01
2.0906605146825314E+01	3.7160156250000000E+01
2.0964023858308792E+01	3.7160156250000000E+01
2.1021434344351292E+01	3.7160156250000000E+01
2.1078829482197762E+01	3.7160156250000000E+01
2.1136256702244282E+01	3.7160156250000000E+01
2.1193689942359924E+01	3.7160156250000000E+01
2.1251078821718693E+01	3.7160156250000000E+01
2.1309089213609695E+01	3.7160156250000000E+01
2.1366599775850773E+01	3.7160156250000000E+01
2.1424008272588253E+01	3.7160156250000000E+01
2.1481393516063690E+01	3.7160156250000000E+01
2.1538752511143684E+01	3.7160156250000000E+01
2.1596153378486633E+01	3.7160156250000000E+01
2.1653541810810566E+01	3.7160156250000000E+01
2.1710922099649906E+01	3.7160156250000000E+01
2.1768342636525631E+01	3.7160156250000000E+01
2.1825723990797997E+01	3.7160156250000000E+01
2.1883088983595371E+01	3.7160156250000000E+01
2.1940508566796780E+01	3.7160156250000000E+01
2.1997905865311623E+01	3.7160156250000000E+01
2.2055297717452049E+01	3.7160156250000000E+01
2.2112696923315525E+01	3.7160156250000000E+01
2.2170123666524887E+01	3.7160156250000000E+01
2.2227509625256062E+01	3.7160156250000000E+01
2.2284919515252113E+01	3.7160156250000000E+01
2.2342342384159565E+01	3.7160156250000000E+01
2.2399746879935265E+01	3.7160156250000000E+01
2.2457135699689388E+01	3.7160156250000000E+01
2.2514503404498100E+01	3.7160156250000000E+01
2.2571897022426128E+01	3.7160156250000000E+01
2.2629344135522842E+01	3.7160156250000000E+01
2.2686694696545601E+01	3.7160156250000000E+01
2.2744107984006405E+01	3.7160156250000000E+01
2.2801490999758244E+01	3.7160156250000000E+01
2.2858866699039936E+01	3.7160156250000000E+01
2.2916233442723751E+01	3.7160156250000000E+01
2.2973592869937420E+01	3.7160156250000000E+01
2.3030950926244259E+01	3.7160156250000000E+01
2.3088326759636402E+01	3.7160156250000000E+01
2.3145705841481686E+01	3.7160156250000000E+01
2.3203058220446110E+01	3.7160156250000000E+01
2.3260402612388134E+01	3.7160156250000000E+01
2.3317770056426525E+01	3.7160156250000000E+01
2.3375106774270535E+01	3.7160156250000000E+01
2.3432478249073029E+01	3.7160156250000000E+01
2.3489854000508785E+01	3.7160156250000000E+01
2.3547205463051796E+01	3.7160156250000000E+01
2.3604548513889313E+01	3.7160156250000000E+01
2.3661890119314194E+01	3.7160156250000000E+01
2.3719238668680191E+01	3.7160156250000000E+01
2.3776593744754791E+01	3.7160156250000000E+01
2.3833917245268822E+01	3.7160156250000000E+01
2.3891271449625492E+01	3.7160156250000000E+01
2.3948631979525089E+01	3.7160156250000000E+01
2.4005978889763355E+01	3.7160156250000000E+01
2.4063341565430164E+01	3.7160156250000000E+01
2.4120696619153023E+01	3.7160156250000000E+01
2.4178065650165081E+01	3.7160156250000000E+01
2.4235401101410389E+01	3.7160156250000000E+01
2.4292724289000034E+01	3.7160156250000000E+01
2.4350084304809570E+01	3.7160156250000000E+01
2.4407472498714924E+01	3.7160156250000000E+01
2.4464819811284542E+01	3.7160156250000000E+01
2.4522175818681717E+01	3.7160156250000000E+01
2.4579552553594112E+01	3.7160156250000000E+01
2.4636927880346775E+01	3.7160156250000000E+01
2.4694300256669521E+01	3.7160156250000000E+01
2.4751655831933022E+01	3.7160156250000000E+01
2.4809070028364658E+01	3.7160156250000000E+01
2.4866464428603649E+01	3.7160156250000000E+01
2.4923852942883968E+01	3.7160156250000000E+01
2.4981231406331062E+01	3.7160156250000000E+01
2.5038655452430248E+01	3.7160156250000000E+01
2.5096048571169376E+01	3.7160156250000000E+01
2.5153465643525124E+01	3.7160156250000000E+01
2.5210869409143925E+01	3.7160156250000000E+01
2.5268296338617802E+01	3.7160156250000000E+01
2.5325845099985600E+01	3.7160156250000000E+01
2.5383523993194103E+01	3.7160156250000000E+01
2.5441332675516605E+01	3.7160156250000000E+01
2.5498966760933399E+01	3.7160156250000000E+01
2.5556841604411602E+01	3.7160156250000000E+01
2.5614639423787594E+01	3.7160156250000000E+01
2.5672294281423092E+01	3.7160156250000000E+01
2.5729811705648899E+01	3.7160156250000000E+01
2.5787260651588440E+01	3.7160156250000000E+01
2.5844821400940418E+01	3.7160156250000000E+01
2.5902305640280247E+01	3.7160156250000000E+01
2.5959963031113148E+01	3.7160156250000000E+01
2.6017855532467365E+01	3.7160156250000000E+01
2.6075339376926422E+01	3.7160156250000000E+01
2.6132813535630703E+01	3.7160156250000000E+01
2.6190410614013672E+01	3.7160156250000000E+01
2.6247982576489449E+01	3.7160156250000000E+01
2.6305640630424023E+01	3.7160156250000000E+01
2.6363189496099949E+01	3.7160156250000000E+01
2.6420667834579945E+01	3.7160156250000000E+01
2.6478087231516838E+01	3.7160156250000000E+01
2.6535458624362946E+01	3.7160156250000000E+01
2.6592836014926434E+01	3.7160156250000000E+01
2.6650234021246433E+01	3.7160156250000000E+01
2.6707684144377708E+01	3.7160156250000000E+01
2.6765431411564350E+01	3.7160156250000000E+01
2.6822928830981255E+01	3.7160156250000000E+01
2.6880477219820023E+01	3.7160156250000000E+01
2.6938127957284451E+01	3.7160156250000000E+01
2.6995686039328575E+01	3.7160156250000000E+01
2.7053387567400932E+01	3.7160156250000000E+01
2.7111233301460743E+01	3.7160156250000000E+01
2.7169113069772720E+01	3.7160156250000000E+01
2.7227096907794476E+01	3.7160156250000000E+01
2.7285181105136871E+01	3.7160156250000000E+01
2.7343220353126526E+01	3.7160156250000000E+01
2.7401338621973991E+01	3.7160156250000000E+01
2.7459942787885666E+01	3.7160156250000000E+01
2.7517915338277817E+01	3.7160156250000000E+01
2.7575740657746792E+01	3.7160156250000000E+01
2.7633450105786324E+01	3.7160156250000000E+01
2.7691354304552078E+01	3.7160156250000000E+01
2.7749162949621677E+01	3.7160156250000000E+01
2.7807161860167980E+01	3.7160156250000000E+01
2.7865229986608028E+01	3.7160156250000000E+01
2.7923289023339748E+01	3.7160156250000000E+01
2.7981431275606155E+01	3.7160156250000000E+01
2.8039635047316551E+01	3.7160156250000000E+01
2.8097781136631966E+01	3.7160156250000000E+01
2.8156019471585751E+01	3.7160156250000000E+01
2.8214270107448101E+01	3.7160156250000000E+01
2.8272527791559696E+01	3.7160156250000000E+01
2.8330807432532310E+01	3.7160156250000000E+01
2.8389123015105724E+01	3.7160156250000000E+01
2.8447412513196468E+01	3.7160156250000000E+01
2.8505727179348469E+01	3.7160156250000000E+01
2.8564045242965221E+01	3.7160156250000000E+01
2.8622355997562408E+01	3.7160156250000000E+01
2.8680686347186565E+01	3.7160156250000000E+01
2.8738947652280331E+01	3.7160156250000000E+01
2.8797272607684135E+01	3.7160156250000000E+01
2.8855554021894932E+01	3.7160156250000000E+01
2.8913891367614269E+01	3.7160156250000000E+01
2.8972231850028038E+01	3.7160156250000000E+01
2.9030563317239285E+01	3.7160156250000000E+01
2.9088886193931103E+01	3.7160156250000000E+01
2.9147243849933147E+01	3.7160156250000000E+01
2.9205614946782589E+01	3.7160156250000000E+01
2.9263967320322990E+01	3.7160156250000000E+01
2.9322369165718555E+01	3.7160156250000000E+01
2.9380750812590122E+01	3.7160156250000000E+01
2.9439144298434258E+01	3.7160156250000000E+01
2.9497575566172600E+01	3.7160156250000000E+01
2.9556029163300991E+01	3.7160156250000000E+01
2.9614464446902275E+01	3.7160156250000000E+01
2.9672893263399601E+01	3.7160156250000000E+01
2.9731300428509712E+01	3.7160156250000000E+01
2.9789707630872726E+01	3.7160156250000000E+01
2.9848106719553471E+01	3.7160156250000000E+01
2.9906518101692200E+01	3.7160156250000000E+01
2.9964923411607742E+01	3.7160156250000000E+01
3.0023337811231613E+01	3.7160156250000000E+01
3.0081735089421272E+01	3.7160156250000000E+01
3.0140126302838326E+01	3.7160156250000000E+01
3.0198520287871361E+01	3.7160156250000000E+01
3.0256937198340893E+01	3.7160156250000000E+01
3.0315383635461330E+01	3.7160156250000000E+01
3.0373785465955734E+01	3.7160156250000000E+01
3.0432179838418961E+01	3.7160156250000000E+01
3.0490556202828884E+01	3.7160156250000000E+01
3.0548916943371296E+01	3.7160156250000000E+01
3.0607292465865612E+01	3.7160156250000000E+01
3.0665681257843971E+01	3.7160156250000000E+01
3.0724054969847202E+01	3.7160156250000000E+01
3.0782434679567814E+01	3.7160156250000000E+01
3.0840812571346760E+01	3.7160156250000000E+01
3.0899197727441788E+01	3.7160156250000000E+01
3.0957560829818249E+01	3.7160156250000000E+01
3.1015929803252220E+01	3.7160156250000000E+01
3.1074283003807068E+01	3.7160156250000000E+01
3.1132672630250454E+01	3.7160156250000000E+01
3.1191072002053261E+01	3.7160156250000000E+01
3.1249472349882126E+01	3.7160156250000000E+01
3.1307838290929794E+01	3.7160156250000000E+01
3.1366234727203846E+01	3.7160156250000000E+01
3.1424590617418289E+01	3.7160156250000000E+01
3.1482983961701393E+01	3.7160156250000000E+01
3.1541373312473297E+01	3.7160156250000000E+01
3.1599745765328407E+01	3.7160156250000000E+01
3.1658133104443550E+01	3.7160156250000000E+01
3.1716500766575336E+01	3.7160156250000000E+01
3.1774868562817574E+01	3.7160156250000000E+01
3.1833250120282173E+01	3.7160156250000000E+01
3.1891657762229443E+01	3.7160156250000000E+01
3.1950024507939816E+01	3.7160156250000000E+01
3.2008414864540100E+01	3.7160156250000000E+01
3.2066798366606236E+01	3.7160156250000000E+01
3.2125169031322002E+01	3.7160156250000000E+01
3.2183552734553814E+01	3.7160156250000000E+01
3.2241953618824482E+01	3.7160156250000000E+01
3.2300337649881840E+01	3.7160156250000000E+01
3.2358755603432655E+01	3.7160156250000000E+01
3.2417153373360634E+01	3.7160156250000000E+01
3.2475546412169933E+01	3.7160156250000000E+01
3.2533927790820599E+01	3.7160156250000000E+01
3.2592346489429474E+01	3.7160156250000000E+01
3.2650733344256878E+01	3.7160156250000000E+01
3.2709118887782097E+01	3.7160156250000000E+01
3.2767512157559395E+01	3.7160156250000000E+01
3.2825910791754723E+01	3.7160156250000000E+01
3.2884278200566769E+01	3.7160156250000000E+01
3.2942684233188629E+01	3.7160156250000000E+01
3.3001067854464054E+01	3.7160156250000000E+01
3.3059427782893181E+01	3.7160156250000000E+01
3.3117827877402306E+01	3.7160156250000000E+01
3.3176213212311268E+01	3.7160156250000000E+01
3.3234576113522053E+01	3.7160156250000000E+01
3.3292952150106430E+01	3.7160156250000000E+01
3.3351347386837006E+01	3.7160156250000000E+01
3.3409754216670990E+01	3.7160156250000000E+01
3.3468127526342869E+01	3.7160156250000000E+01
3.3526498228311539E+01	3.7160156250000000E+01
3.3584856949746609E+01	3.7160156250000000E+01
3.3643247470259666E+01	3.7160156250000000E+01
3.3701665431261063E+01	3.7160156250000000E+01
3.3760040588676929E+01	3.7160156250000000E+01
3.3818412877619267E+01	3.7160156250000000E+01
3.3876774087548256E+01	3.7160156250000000E+01
3.3935151405632496E+01	3.7160156250000000E+01
3.3993521563708782E+01	3.7160156250000000E+01
3.4051901012659073E+01	3.7160156250000000E+01
3.4110284380614758E+01	3.7160156250000000E+01
3.4168701708316803E+01	3.7160156250000000E+01
3.4227105163037777E+01	3.7160156250000000E+01
3.4285515479743481E+01	3.7160156250000000E+01
3.4343911424279213E+01	3.7160156250000000E+01
3.4402333654463291E+01	3.7160156250000000E+01
3.4460702255368233E+01	3.7160156250000000E+01
3.4519102215766907E+01	3.7160156250000000E+01
3.4577504344284534E+01	3.7160156250000000E+01
3.4635888136923313E+01	3.7160156250000000E+01
3.4694299273192883E+01	3.7160156250000000E+01
3.4752689927816391E+01	3.7160156250000000E+01
3.4811056204140186E+01	3.7160156250000000E+01
3.4869450278580189E+01	3.7160156250000000E+01
3.4927830830216408E+01	3.7160156250000000E+01
3.4986231781542301E+01	3.7160156250000000E+01
3.5044647566974163E+01	3.7160156250000000E+01
3.5103034473955631E+01	3.7160156250000000E+01
3.5161440789699554E+01	3.7160156250000000E+01
3.5219861254096031E+01	3.7160156250000000E+01
3.5278254389762878E+01	3.7160156250000000E+01
3.5336657397449017E+01	3.7160156250000000E+01
3.5395077370107174E+01	3.7160156250000000E+01
3.5453496411442757E+01	3.7160156250000000E+01
3.5511894248425961E+01	3.7160156250000000E+01
3.5570333667099476E+01	3.7160156250000000E+01
3.5628749482333660E+01	3.7160156250000000E+01
3.5687169179320335E+01	3.7160156250000000E+01
3.5745606958866119E+01	3.7160156250000000E+01
3.5804033361375332E+01	3.7160156250000000E+01
3.5862488582730293E+01	3.7160156250000000E+01
3.5920948207378387E+01	3.7160156250000000E+01
3.5979420885443687E+01	3.7160156250000000E+01
3.6037867799401283E+01	3.7160156250000000E+01
3.6096291981637478E+01	3.7160156250000000E+01
3.6154750555753708E+01	3.7160156250000000E+01
3.6213198162615299E+01	3.7160156250000000E+01
3.6271648578345776E+01	3.7160156250000000E+01
3.6330221578478813E+01	3.7160156250000000E+01
3.6388828389346600E+01	3.7160156250000000E+01
3.6447438850998878E+01	3.7160156250000000E+01
3.6506013154983521E+01	3.7160156250000000E+01
3.6564632117748260E+01	3.7160156250000000E+01
3.6623246781527996E+01	3.7160156250000000E+01
3.6681851156055927E+01	3.7160156250000000E+01
3.6740462839603424E+01	3.7160156250000000E+01
3.6799067109823227E+01	3.7160156250000000E+01
3.6857680812478065E+01	3.7160156250000000E+01
3.6916246749460697E+01	3.7160156250000000E+01
3.6974846184253693E+01	3.7160156250000000E+01
3.7033464953303337E+01	3.7160156250000000E+01
3.7092059880495071E+01	3.7160156250000000E+01
3.7150662988424301E+01	3.7160156250000000E+01
3.7209202550351620E+01	3.7160156250000000E+01
3.7267782114446163E+01	3.7160156250000000E+01
3.7326394416391850E+01	3.7160156250000000E+01
3.7384984150528908E+01	3.7160156250000000E+01
3.7443589702248573E+01	3.7160156250000000E+01
3.7502186462283134E+01	3.7160156250000000E+01
3.7560849502682686E+01	3.7160156250000000E+01
3.7619525752961636E+01	3.7160156250000000E+01
3.7678229600191116E+01	3.7160156250000000E+01
3.7736958101391792E+01	3.7160156250000000E+01
3.7795701719820499E+01	3.7160156250000000E+01
3.7854439742863178E+01	3.7160156250000000E+01
3.7913161233067513E+01	3.7160156250000000E+01
3.7971887439489365E+01	3.7160156250000000E+01
3.8031239770352840E+01	3.7160156250000000E+01
3.8090120770037174E+01	3.7160156250000000E+01
3.8148849166929722E+01	3.7160156250000000E+01
3.8207485862076283E+01	3.7160156250000000E+01
3.8266062639653683E+01	3.7160156250000000E+01
3.8324616029858589E+01	3.7160156250000000E+01
3.8383198052644730E+01	3.7160156250000000E+01
3.8441826559603214E+01	3.7160156250000000E+01
3.8500455133616924E+01	3.7160156250000000E+01
3.8559134863317013E+01	3.7160156250000000E+01
3.8617814987897873E+01	3.7160156250000000E+01
3.8676546864211559E+01	3.7160156250000000E+01
3.8735289871692657E+01	3.7160156250000000E+01
3.8793961606919765E+01	3.7160156250000000E+01
3.8852713495492935E+01	3.7160156250000000E+01
3.8911445155739784E+01	3.7160156250000000E+01
3.8970144368708134E+01	3.7160156250000000E+01
3.9028862521052361E+01	3.7160156250000000E+01
3.9087584435939789E+01	3.7160156250000000E+01
3.9146247550845146E+01	3.7160156250000000E+01
3.9204905241727829E+01	3.7160156250000000E+01
3.9263577908277512E+01	3.7160156250000000E+01
3.9322290174663067E+01	3.7160156250000000E+01
3.9381048135459423E+01	3.7160156250000000E+01
3.9439801163971424E+01	3.7160156250000000E+01
3.9498601697385311E+01	3.7160156250000000E+01
3.9557433351874352E+01	3.7160156250000000E+01
3.9616251438856125E+01	3.7160156250000000E+01
3.9675042554736137E+01	3.7160156250000000E+01
3.9733809746801853E+01	3.7160156250000000E+01
3.9792578011751175E+01	3.7160156250000000E+01
3.9851370252668858E+01	3.7160156250000000E+01
3.9910196334123611E+01	3.7160156250000000E+01
3.9969001121819019E+01	3.7160156250000000E+01
4.0027748972177505E+01	3.7160156250000000E+01
4.0086490616202354E+01	3.7160156250000000E+01
4.0145275086164474E+01	3.7160156250000000E+01
4.0204116560518742E+01	3.7160156250000000E+01
4.0262907721102238E+01	3.7160156250000000E+01
4.0321705982089043E+01	3.7160156250000000E+01
4.0380888327956200E+01	3.7160156250000000E+01
4.0439755007624626E+01	3.7160156250000000E+01
4.0498615242540836E+01	3.7160156250000000E+01
4.0557397864758968E+01	3.7160156250000000E+01
4.0616173908114433E+01	3.7160156250000000E+01
4.0674998790025711E+01	3.7160156250000000E+01
4.0733787834644318E+01	3.7160156250000000E+01
4.0792593248188496E+01	3.7160156250000000E+01
4.0851402804255486E+01	3.7160156250000000E+01
4.0910164028406143E+01	3.7160156250000000E+01
4.0968965180218220E+01	3.7160156250000000E+01
4.1027774520218372E+01	3.7160156250000000E+01
4.1086571224033833E+01	3.7160156250000000E+01
4.1145399138331413E+01	3.7160156250000000E+01
4.1204201050102711E+01	3.7160156250000000E+01
4.1262984573841095E+01	3.7160156250000000E+01
4.1321820855140686E+01	3.7160156250000000E+01
4.1380657233297825E+01	3.7160156250000000E+01
4.1439469583332539E+01	3.7160156250000000E+01
4.1498269259929657E+01	3.7160156250000000E+01
4.1557094231247902E+01	3.7160156250000000E+01
4.1615917317569256E+01	3.7160156250000000E+01
4.1674726389348507E+01	3.7160156250000000E+01
4.1733530245721340E+01	3.7160156250000000E+01
4.1792288422584534E+01	3.7160156250000000E+01
4.1851062007248402E+01	3.7160156250000000E+01
4.1909847967326641E+01	3.7160156250000000E+01
4.1968617431819439E+01	3.7160156250000000E+01
4.2027383461594582E+01	3.7160156250000000E+01
4.2086163945496082E+01	3.7160156250000000E+01
4.2144995689392090E+01	3.7160156250000000E+01
4.2203851856291294E+01	3.7160156250000000E+01
4.2262729324400425E+01	3.7160156250000000E+01
4.2321577928960323E+01	3.7160156250000000E+01
4.2380436971783638E+01	3.7160156250000000E+01
4.2439243555068970E+01	3.7160156250000000E+01
4.2498083353042603E+01	3.7160156250000000E+01
4.2556904189288616E+01	3.7160156250000000E+01
4.2615751534700394E+01	3.7160156250000000E+01
4.2674583353102207E+01	3.7160156250000000E+01
4.2733366250991821E+01	3.7160156250000000E+01
4.2792187526822090E+01	3.7160156250000000E+01
4.2851046718657017E+01	3.7160156250000000E+01
4.2909962698817253E+01	3.7160156250000000E+01
4.2968929737806320E+01	3.7160156250000000E+01
4.3027918472886086E+01	3.7160156250000000E+01
4.3087025225162506E+01	3.7160156250000000E+01
4.3146036177873611E+01	3.7160156250000000E+01
4.3205030217766762E+01	3.7160156250000000E+01
4.3264065615832806E+01	3.7160156250000000E+01
4.3323101162910461E+01	3.7160156250000000E+01
4.3382139258086681E+01	3.7160156250000000E+01
4.3441161416471004E+01	3.7160156250000000E+01
4.3500188544392586E+01	3.7160156250000000E+01
4.3559226907789707E+01	3.7160156250000000E+01
4.3618243850767612E+01	3.7160156250000000E+01
4.3677251756191254E+01	3.7160156250000000E+01
4.3736450165510178E+01	3.7160156250000000E+01
4.3795424290001392E+01	3.7160156250000000E+01
4.3854334950447083E+01	3.7160156250000000E+01
4.3913177676498890E+01	3.7160156250000000E+01
4.3971997529268265E+01	3.7160156250000000E+01
4.4030817270278931E+01	3.7160156250000000E+01
4.4089658178389072E+01	3.7160156250000000E+01
4.4148444913327694E+01	3.7160156250000000E+01
4.4207243859767914E+01	3.7160156250000000E+01
4.4266015134751797E+01	3.7160156250000000E+01
4.4324825569987297E+01	3.7160156250000000E+01
4.4383634321391582E+01	3.7160156250000000E+01
4.4442411370575428E+01	3.7160156250000000E+01
4.4501164801418781E+01	3.7160156250000000E+01
4.4559938758611679E+01	3.7160156250000000E+01
4.4618741042912006E+01	3.7160156250000000E+01
4.4677558466792107E+01	3.7160156250000000E+01
4.4736433386802673E+01	3.7160156250000000E+01
4.4795274436473846E+01	3.7160156250000000E+01
4.4854067355394363E+01	3.7160156250000000E+01
4.4912869170308113E+01	3.7160156250000000E+01
4.4971692055463791E+01	3.7160156250000000E+01
4.5030667230486870E+01	3.7160156250000000E+01
4.5089516006410122E+01	3.7160156250000000E+01
4.5148296751081944E+01	3.7160156250000000E+01
4.5207145422697067E+01	3.7160156250000000E+01
4.5265974387526512E+01	3.7160156250000000E+01
4.5324773222208023E+01	3.7160156250000000E+01
4.5383593104779720E+01	3.7160156250000000E+01
4.5442378431558609E+01	3.7160156250000000E+01
4.5501207031309605E+01	3.7160156250000000E+01
4.5560075864195824E+01	3.7160156250000000E+01
4.5618944808840752E+01	3.7160156250000000E+01
4.5677772454917431E+01	3.7160156250000000E+01
4.5736573480069637E+01	3.7160156250000000E+01
4.5795365020632744E+01	3.7160156250000000E+01
4.5854146659374237E+01	3.7160156250000000E+01
4.5912946335971355E+01	3.7160156250000000E+01
4.5971741072833538E+01	3.7160156250000000E+01
4.6030574724078178E+01	3.7160156250000000E+01
4.6089385069906712E+01	3.7160156250000000E+01
4.6148173481225967E+01	3.7160156250000000E+01
4.6207009494304657E+01	3.7160156250000000E+01
4.6265827901661396E+01	3.7160156250000000E+01
4.6324668325483799E+01	3.7160156250000000E+01
4.6383471801877022E+01	3.7160156250000000E+01
4.6442228764295578E+01	3.7160156250000000E+01
4.6501003392040730E+01	3.7160156250000000E+01
4.6559841223061085E+01	3.7160156250000000E+01
4.6618670947849751E+01	3.7160156250000000E+01
4.6677486315369606E+01	3.7160156250000000E+01
4.6736370772123337E+01	3.7160156250000000E+01
4.6795229114592075E+01	3.7160156250000000E+01
4.6854117207229137E+01	3.7160156250000000E+01
4.6912967696785927E+01	3.7160156250000000E+01
4.6971820779144764E+01	3.7160156250000000E+01
4.7030723519623280E+01	3.7160156250000000E+01
4.7089615657925606E+01	3.7160156250000000E+01
4.7148513145744801E+01	3.7160156250000000E+01
4.7207381866872311E+01	3.7160156250000000E+01
4.7266225464642048E+01	3.7160156250000000E+01
4.7325087711215019E+01	3.7160156250000000E+01
4.7383969336748123E+01	3.7160156250000000E+01
4.7442909911274910E+01	3.7160156250000000E+01
4.7501823551952839E+01	3.7160156250000000E+01
4.7560740903019905E+01	3.7160156250000000E+01
4.7619722612202168E+01	3.7160156250000000E+01
4.7678721323609352E+01	3.7160156250000000E+01
4.7737740166485310E+01	3.7160156250000000E+01
4.7796785339713097E+01	3.7160156250000000E+01
4.7855795063078403E+01	3.7160156250000000E+01
4.7914814941585064E+01	3.7160156250000000E+01
4.7973879635334015E+01	3.7160156250000000E+01
4.8032988674938679E+01	3.7160156250000000E+01
4.8092173002660275E+01	3.7160156250000000E+01
4.8151388578116894E+01	3.7160156250000000E+01
4.8210595339536667E+01	3.7160156250000000E+01
4.8269781425595284E+01	3.7160156250000000E+01
4.8328975699841976E+01	3.7160156250000000E+01
4.8388206191360950E+01	3.7160156250000000E+01
4.8447434745728970E+01	3.7160156250000000E+01
4.8506682656705379E+01	3.7160156250000000E+01
4.8565924428403378E+01	3.7160156250000000E+01
4.8625174187123775E+01	3.7160156250000000E+01
4.8684436075389385E+01	3.7160156250000000E+01
4.8743657208979130E+01	3.7160156250000000E+01
4.8802869848906994E+01	3.7160156250000000E+01
4.8862096630036831E+01	3.7160156250000000E+01
4.8921358764171600E+01	3.7160156250000000E+01
4.8980614341795444E+01	3.7160156250000000E+01
4.9039843253791332E+01	3.7160156250000000E+01
4.9099060654640198E+01	3.7160156250000000E+01
4.9158264555037022E+01	3.7160156250000000E+01
4.9217517986893654E+01	3.7160156250000000E+01
4.9276769161224365E+01	3.7160156250000000E+01
4.9336046345531940E+01	3.7160156250000000E+01
4.9395324438810349E+01	3.7160156250000000E+01
4.9454579770565033E+01	3.7160156250000000E+01
4.9513851270079613E+01	3.7160156250000000E+01
4.9573103800415993E+01	3.7160156250000000E+01
4.9632381848990917E+01	3.7160156250000000E+01
4.9691694445908070E+01	3.7160156250000000E+01
4.9751053720712662E+01	3.7160156250000000E+01
4.9810476623475552E+01	3.7160156250000000E+01
4.9869902312755585E+01	3.7160156250000000E+01
4.9929337270557880E+01	3.7160156250000000E+01
4.9988750673830509E+01	3.7160156250000000E+01
5.0048164121806622E+01	3.7160156250000000E+01
5.0107585005462170E+01	3.7160156250000000E+01
5.0166992694139481E+01	3.7160156250000000E+01
5.0226386815309525E+01	3.7160156250000000E+01
5.0285768650472164E+01	3.7160156250000000E+01
5.0345147751271725E+01	3.7160156250000000E+01
5.0404573336243629E+01	3.7160156250000000E+01
5.0464204415678978E+01	3.7160156250000000E+01
5.0523613095283508E+01	3.7160156250000000E+01
5.0582988321781158E+01	3.7160156250000000E+01
5.0642325043678284E+01	3.7160156250000000E+01
5.0701618105173111E+01	3.7160156250000000E+01
5.0760897234082222E+01	3.7160156250000000E+01
5.0820218279957771E+01	3.7160156250000000E+01
5.0879531145095825E+01	3.7160156250000000E+01
5.0938825592398643E+01	3.7160156250000000E+01
5.0998177275061607E+01	3.7160156250000000E+01
5.1057532019913197E+01	3.7160156250000000E+01
5.1116936422884464E+01	3.7160156250000000E+01
5.1176337838172913E+01	3.7160156250000000E+01
5.1235711328685284E+01	3.7160156250000000E+01
5.1295088402926922E+01	3.7160156250000000E+01
5.1354486815631390E+01	3.7160156250000000E+01
5.1413918122649193E+01	3.7160156250000000E+01
5.1473382107913494E+01	3.7160156250000000E+01
5.1532868422567844E+01	3.7160156250000000E+01
5.1592422939836979E+01	3.7160156250000000E+01
5.1651921197772026E+01	3.7160156250000000E+01
5.1711428895592690E+01	3.7160156250000000E+01
5.1770981602370739E+01	3.7160156250000000E+01
5.1830492556095123E+01	3.7160156250000000E+01
5.1890019893646240E+01	3.7160156250000000E+01
5.1949514105916023E+01	3.7160156250000000E+01
5.2009043179452419E+01	3.7160156250000000E+01
5.2068544909358025E+01	3.7160156250000000E+01
5.2127998195588589E+01	3.7160156250000000E+01
5.2187491960823536E+01	3.7160156250000000E+01
5.2246963985264301E+01	3.7160156250000000E+01
5.2306447945535183E+01	3.7160156250000000E+01
5.2365936979651451E+01	3.7160156250000000E+01
5.2425375416874886E+01	3.7160156250000000E+01
5.2484770186245441E+01	3.7160156250000000E+01
5.2544205002486706E+01	3.7160156250000000E+01
5.2603631831705570E+01	3.7160156250000000E+01
5.2662978447973728E+01	3.7160156250000000E+01
5.2722362086176872E+01	3.7160156250000000E+01
5.2781664393842220E+01	3.7160156250000000E+01
5.2840997509658337E+01	3.7160156250000000E+01
5.2900334559381008E+01	3.7160156250000000E+01
5.2959615260362625E+01	3.7160156250000000E+01
5.3018861927092075E+01	3.7160156250000000E+01
5.3078027643263340E+01	3.7160156250000000E+01
5.3137144587934017E+01	3.7160156250000000E+01
5.3196249015629292E+01	3.7160156250000000E+01
5.3255316346883774E+01	3.7160156250000000E+01
5.3314363017678261E+01	3.7160156250000000E+01
5.3373402841389179E+01	3.7160156250000000E+01
5.3432425275444984E+01	3.7160156250000000E+01
5.3491439677774906E+01	3.7160156250000000E+01
5.3550475418567657E+01	3.7160156250000000E+01
5.3609476670622826E+01	3.7160156250000000E+01
5.3668480269610882E+01	3.7160156250000000E+01
5.3727498777210712E+01	3.7160156250000000E+01
5.3786546632647514E+01	3.7160156250000000E+01
5.3845563210546970E+01	3.7160156250000000E+01
5.3904545217752457E+01	3.7160156250000000E+01
5.3963481150567532E+01	3.7160156250000000E+01
5.4022368706762791E+01	3.7160156250000000E+01
5.4081260606646538E+01	3.7160156250000000E+01
5.4140198066830635E+01	3.7160156250000000E+01
5.4199147626757622E+01	3.7160156250000000E+01
5.4258075401186943E+01	3.7160156250000000E+01
5.4317035354673862E+01	3.7160156250000000E+01
5.4376007385551929E+01	3.7160156250000000E+01
5.4435016863048077E+01	3.7160156250000000E+01
5.4494006194174290E+01	3.7160156250000000E+01
5.4552974216639996E+01	3.7160156250000000E+01
5.4611991226673126E+01	3.7160156250000000E+01
5.4671055451035500E+01	3.7160156250000000E+01
5.4730159081518650E+01	3.7160156250000000E+01
5.4789283201098442E+01	3.7160156250000000E+01
5.4848449274897575E+01	3.7160156250000000E+01
5.4907674677670002E+01	3.7160156250000000E+01
5.4966914042830467E+01	3.7160156250000000E+01
5.5026124618947506E+01	3.7160156250000000E+01
5.5085385836660862E+01	3.7160156250000000E+01
5.5144656032323837E+01	3.7160156250000000E+01
5.5203919447958469E+01	3.7160156250000000E+01
5.5263207264244556E+01	3.7160156250000000E+01
5.5322533726692200E+01	3.7160156250000000E+01
5.5381860829889774E+01	3.7160156250000000E+01
5.5441153161227703E+01	3.7160156250000000E+01
5.5500465579330921E+01	3.7160156250000000E+01
5.5559806011617184E+01	3.7160156250000000E+01
5.5619101479649544E+01	3.7160156250000000E+01
5.5678404569625854E+01	3.7160156250000000E+01
5.5737712301313877E+01	3.7160156250000000E+01
5.5796987004578114E+01	3.7160156250000000E+01
5.5856305450201035E+01	3.7160156250000000E+01
5.5915618635714054E+01	3.7160156250000000E+01
5.5974903993308544E+01	3.7160156250000000E+01
5.6034197002649307E+01	3.7160156250000000E+01
5.6093479141592979E+01	3.7160156250000000E+01
5.6152791522443295E+01	3.7160156250000000E+01
5.6212077803909779E+01	3.7160156250000000E+01
5.6271913409233093E+01	3.7160156250000000E+01
5.6331215180456638E+01	3.7160156250000000E+01
5.6390513211488724E+01	3.7160156250000000E+01
5.6449761264026165E+01	3.7160156250000000E+01
5.6509038016200066E+01	3.7160156250000000E+01
5.6568353176116943E+01	3.7160156250000000E+01
5.6627650424838066E+01	3.7160156250000000E+01
5.6686943739652634E+01	3.7160156250000000E+01
5.6746218189597130E+01	3.7160156250000000E+01
5.6805507950484753E+01	3.7160156250000000E+01
5.6864766888320446E+01	3.7160156250000000E+01
5.6924021705985069E+01	3.7160156250000000E+01
5.6983272962272167E+01	3.7160156250000000E+01
5.7042545765638351E+01	3.7160156250000000E+01
5.7101790383458138E+01	3.7160156250000000E+01
5.7161014609038830E+01	3.7160156250000000E+01
5.7220253929495811E+01	3.7160156250000000E+01
5.7279443152248859E+01	3.7160156250000000E+01
5.7338624842464924E+01	3.7160156250000000E+01
5.7397765994071960E+01	3.7160156250000000E+01
5.7456934668123722E+01	3.7160156250000000E+01
5.7516291931271553E+01	3.7160156250000000E+01
5.7575456351041794E+01	3.7160156250000000E+01
5.7634599618613720E+01	3.7160156250000000E+01
5.7693746075034142E+01	3.7160156250000000E+01
5.7752849638462067E+01	3.7160156250000000E+01
5.7811962984502316E+01	3.7160156250000000E+01
5.7871061012148857E+01	3.7160156250000000E+01
5.7930124960839748E+01	3.7160156250000000E+01
5.7989140130579472E+01	3.7160156250000000E+01
5.8048114962875843E+01	3.7160156250000000E+01
5.8107047975063324E+01	3.7160156250000000E+01
5.8165966525673866E+01	3.7160156250000000E+01
5.8224896319210529E+01	3.7160156250000000E+01
5.8283817090094090E+01	3.7160156250000000E+01
5.8342827558517456E+01	3.7160156250000000E+01
